9370 180 0.00000000 0.00000000
9380 180 0.00000000 0.00000000
9390 180 0.00000000 0.00000000
9400 180 0.00000000 0.00000000
9410 180 0.00000000 0.00000000
9420 180 0.00000000 0.00000000
9430 180 0.00000000 0.00000000
9440 180 0.00000000 0.00000000
9450 180 0.00000000 0.00000000
9460 180 0.00000000 0.00000000
9470 180 0.00000000 0.00000000
9480 180 0.00000000 0.00000000
9490 180 0.00000000 0.00000000
9500 180 0.00000000 0.00000000
9510 180 0.00000000 0.00000000
9520 180 0.00000000 0.00000000
9530 180 0.00000000 0.00000000
9540 180 -0.00000000 0.07280110
9550 180 -0.00274721 0.00961524
9560 180 0.00000000 0.00000000
