1400 40 0.00000000 0.00000000
1410 40 0.00000000 0.00000000
1420 40 0.00000000 0.00000000
1430 40 0.00000000 0.00000000
1440 40 0.00000000 0.00000000
1450 40 0.00000000 0.00000000
1460 40 0.00000000 0.00000000
1470 40 0.00000000 0.00000000
1480 40 0.00000000 0.00000000
1490 40 0.00000000 0.00000000
1500 40 -0.00000000 0.02000000
1510 40 0.04000000 0.11000000
1520 40 0.13000000 0.20000000
1530 40 0.20000000 0.24000000
1540 40 0.20000000 0.25000000
1550 40 0.20000000 0.25000000
1560 40 0.20000000 0.25000000
1570 40 0.20000000 0.25000000
1580 40 0.20000000 0.25000000
1590 40 0.20000000 0.25000000
