16150 362 0.00000000 0.00000000
16160 362 0.00000000 0.00000000
16170 362 0.00000000 0.00000000
16180 362 0.00000000 0.00000000
16190 362 0.00000000 0.00000000
16200 362 0.00000000 0.00000000
16210 362 0.00000000 0.00000000
16220 362 0.00000000 0.00000000
16230 362 0.00000000 0.00000000
16240 362 0.00000000 0.00000000
16250 362 0.00000000 0.00000000
16260 362 -0.00000000 0.07280110
16270 362 0.01923048 0.07829552
16280 362 0.03983456 -0.03021932
16290 362 0.06181225 -0.10714124
16300 362 0.08516355 -0.15247023
16310 362 0.17856873 0.03021932
16320 362 0.20192003 0.13049254
16330 362 0.17032710 0.05906504
16340 362 0.16345907 0.04670259
