1600 41 0.00000000 0.00000000
1610 41 0.00000000 0.00000000
1620 41 0.00000000 0.00000000
1630 41 0.00000000 0.00000000
1640 41 0.00000000 0.00000000
1650 41 0.00000000 0.00000000
1660 41 0.00000000 0.00000000
1670 41 0.00000000 0.00000000
1680 41 0.00000000 0.00000000
1690 41 0.00000000 0.00000000
1700 41 0.00000000 0.00000000
1710 41 0.00000000 0.00000000
1720 41 0.00000000 0.00000000
1730 41 0.00000000 0.00000000
1740 41 0.00000000 0.00000000
1750 41 0.00000000 0.00000000
1760 41 0.00000000 0.00000000
1770 41 0.00000000 0.00000000
1780 41 0.00000000 0.00000000
1790 41 0.00000000 0.00000000
