9510 199 0.00000000 0.00000000
9520 199 0.00000000 0.12529964
9530 199 -0.12609773 0.27294571
9540 199 -0.14205947 0.34397545
9550 199 -0.07901060 0.45810187
9560 199 -0.18515616 0.67358533
9570 199 -0.20351216 0.81165436
9580 199 -0.11173216 0.99840669
9590 199 -0.04070243 1.13966807
9600 199 0.06544312 1.30008353
9610 199 0.07821251 1.31843953
9620 199 0.07821251 1.31843953
9630 199 0.01596174 1.55786560
9640 199 0.00159617 1.58420247
9650 199 0.00159617 1.58420247
9660 199 0.00159617 1.58420247
9670 199 0.00159617 1.58420247
9680 199 0.01356748 1.37430562
9690 199 0.09577043 1.45331622
9700 199 -0.05666417 1.46129709
