6890 144 0.00000000 0.00000000
6900 144 0.00000000 0.00000000
6910 144 0.00000000 0.00000000
6920 144 -0.00000000 0.17492856
6930 144 -0.09775419 0.22123317
6940 144 -0.03429972 0.32927728
6950 144 -0.04458963 0.28811762
6960 144 -0.03601470 0.29326258
6970 144 -0.10289915 0.22980810
6980 144 -0.08917926 0.34299717
6990 144 -0.10804411 0.23838303
7000 144 -0.11147408 0.22466315
7010 144 -0.11147408 0.22466315
7020 144 -0.11147408 0.22466315
7030 144 -0.11147408 0.22466315
7040 144 -0.11147408 0.22466315
7050 144 -0.11147408 0.22466315
7060 144 -0.11147408 0.22466315
7070 144 -0.11147408 0.22466315
7080 144 -0.11147408 0.22466315
