11350 266 0.00000000 0.00000000
11360 266 0.00000000 0.00000000
11370 266 0.00000000 0.00000000
11380 266 0.00000000 0.00000000
11390 266 0.00000000 0.00000000
11400 266 0.00000000 0.00000000
11410 266 0.00000000 0.00000000
11420 266 0.00000000 0.00000000
11430 266 0.00000000 0.00000000
11440 266 0.00000000 0.00000000
11450 266 0.00000000 0.00000000
11460 266 0.00000000 0.00000000
11470 266 0.00000000 0.00000000
11480 266 0.00000000 0.00000000
11490 266 0.00000000 0.00000000
11500 266 0.00000000 0.00000000
11510 266 0.00000000 0.00000000
11520 266 0.00000000 0.00000000
11530 266 0.00000000 0.00000000
11540 266 0.00000000 0.00000000
