15950 361 0.00000000 0.00000000
15960 361 0.00000000 0.00000000
15970 361 0.00000000 0.00000000
15980 361 0.00000000 0.00000000
15990 361 0.00000000 0.00000000
16000 361 0.00000000 0.00000000
16010 361 0.00000000 0.00000000
16020 361 0.00000000 0.00000000
16030 361 0.00000000 0.00000000
16040 361 0.00000000 0.00000000
16050 361 0.00000000 0.00000000
16060 361 0.00000000 0.00000000
16070 361 0.00000000 0.00000000
16080 361 0.00000000 0.00000000
16090 361 0.00000000 0.00000000
16100 361 0.00000000 0.00000000
16110 361 0.00000000 0.00000000
16120 361 0.00000000 0.00000000
16130 361 0.00000000 0.00000000
16140 361 0.00000000 0.00000000
