13130 313 0.00000000 0.00000000
13140 313 0.00000000 0.00000000
13150 313 0.00000000 0.00000000
13160 313 0.00000000 0.00000000
13170 313 0.00000000 0.00000000
13180 313 0.00000000 0.00000000
13190 313 0.00000000 0.00000000
13200 313 0.00000000 0.00000000
13210 313 0.00000000 0.00000000
13220 313 0.00000000 0.00000000
13230 313 0.00000000 0.00000000
13240 313 0.00000000 0.00000000
13250 313 0.00000000 0.00000000
13260 313 0.00000000 0.00000000
13270 313 0.00000000 0.00000000
13280 313 0.00000000 0.00000000
13290 313 0.00000000 0.00000000
13300 313 0.00000000 0.00000000
13310 313 0.00000000 0.00000000
13320 313 0.00000000 0.00000000
