10260 233 0.00000000 0.00000000
10270 233 0.00000000 0.00000000
10280 233 0.00000000 0.00000000
10290 233 0.00000000 0.00000000
10300 233 0.00000000 0.02000000
10310 233 0.00000000 0.02000000
10320 233 0.00000000 0.02000000
10330 233 0.00000000 0.02000000
10340 233 0.00000000 0.02000000
10350 233 0.00000000 0.02000000
10360 233 0.00000000 0.02000000
10370 233 0.00000000 0.02000000
10380 233 0.00000000 0.02000000
10390 233 0.00000000 0.02000000
10400 233 0.00000000 0.02000000
10410 233 0.00000000 0.02000000
10420 233 0.00000000 0.02000000
10430 233 0.00000000 0.02000000
10440 233 0.00000000 0.02000000
10450 233 0.00000000 0.02000000
