13100 304 0.00000000 0.00000000
13110 304 0.00000000 0.00000000
13120 304 0.00000000 0.00000000
13130 304 0.00000000 0.00000000
13140 304 0.00000000 0.00000000
13150 304 0.00000000 0.00000000
13160 304 0.00000000 0.00000000
13170 304 0.00000000 0.00000000
13180 304 0.00000000 0.00000000
13190 304 0.00000000 0.00000000
13200 304 0.00000000 0.00000000
13210 304 0.00000000 0.00000000
13220 304 0.00000000 0.00000000
13230 304 0.00000000 0.00000000
13240 304 0.00000000 0.00000000
13250 304 0.00000000 0.00000000
13260 304 0.00000000 0.00000000
13270 304 0.00000000 0.00000000
13280 304 0.00000000 0.00000000
13290 304 0.00000000 0.00000000
