1200 39 0.00000000 0.00000000
1210 39 -0.00000000 0.11661904
1220 39 0.03601470 0.17321357
1230 39 0.00342997 0.01371989
1240 39 0.00000000 0.00000000
1250 39 0.00000000 0.00000000
1260 39 0.00000000 0.00000000
1270 39 0.01886484 -0.01200490
1280 39 0.05659453 -0.03601470
1290 39 0.08917926 -0.05144958
1300 39 0.10975909 -0.08574929
1310 39 0.09946918 -0.06859943
1320 39 0.04287465 -0.03258473
1330 39 -0.02229482 -0.00171499
1340 39 -0.05487955 0.01371989
1350 39 -0.05487955 0.01371989
1360 39 -0.05487955 0.01371989
1370 39 -0.05487955 0.01371989
1380 39 -0.07717436 0.12862394
1390 39 -0.06345448 0.06688445
