10050 222 0.00000000 0.00000000
10060 222 0.00000000 0.10295630
10070 222 -0.02233957 0.20494132
10080 222 -0.04662172 0.24864918
10090 222 -0.01165543 0.26807490
10100 222 0.02913858 0.25641947
10110 222 0.05633458 0.24864918
10120 222 0.06604744 0.23116604
10130 222 0.09324344 0.22339575
10140 222 0.12529588 0.20688389
10150 222 0.12529588 0.20688389
10160 222 0.12529588 0.20688389
10170 222 0.12529588 0.20688389
10180 222 0.12529588 0.20688389
10190 222 0.12529588 0.20688389
10200 222 0.12529588 0.20688389
10210 222 0.11558302 0.22436703
10220 222 0.12432459 0.33217976
10230 222 0.17094631 0.49535579
10240 222 0.17483146 0.50895379
