9900 335 0.00000000 0.00000000
9910 335 0.00000000 0.00282843
9920 335 -0.00000000 0.00565685
9930 335 -0.00000000 0.00848528
9940 335 0.00070711 0.01202082
9950 335 0.00070711 0.01484924
9960 335 0.00070711 0.01767767
9970 335 0.00070711 0.02050610
9980 335 0.00070711 0.02333452
9990 335 0.00141421 0.02545584
10000 335 0.00141421 0.02828427
10010 335 0.00212132 0.03181981
10020 335 0.00212132 0.03464823
10030 335 0.00212132 0.03747666
10040 335 0.00212132 0.04030509
10050 335 0.00212132 0.04313351
10060 335 0.00212132 0.04596194
10070 335 0.00282843 0.04949747
10080 335 0.00282843 0.05232590
10090 335 0.00353553 0.05444722
