3570 63 0.00000000 0.00000000
3580 63 -0.00000000 0.00300000
3590 63 -0.00000000 0.00600000
3600 63 0.00100000 0.01000000
3610 63 0.00100000 0.01300000
3620 63 0.00100000 0.01600000
3630 63 0.00200000 0.01900000
3640 63 0.00200000 0.02300000
3650 63 0.00300000 0.02600000
3660 63 0.00300000 0.02900000
3670 63 0.00300000 0.03200000
3680 63 0.00400000 0.03600000
3690 63 0.00400000 0.03900000
3700 63 0.00400000 0.04200000
3710 63 0.00500000 0.04600000
3720 63 0.00500000 0.04900000
3730 63 0.00600000 0.05200000
3740 63 0.00600000 0.05500000
3750 63 0.00600000 0.05900000
3760 63 0.00700000 0.06200000
