4170 66 0.00000000 0.00000000
4180 66 0.00000000 0.04130375
4190 66 -0.00099265 0.08248645
4200 66 -0.00099265 0.12379020
4210 66 -0.00099265 0.16509396
4220 66 -0.00099265 0.20639771
4230 66 -0.00198529 0.24758041
4240 66 -0.00186424 0.28789152
4250 66 -0.00317162 0.30687284
4260 66 -0.00699694 0.27215445
4270 66 -0.01070121 0.23644341
4280 66 -0.01452653 0.20172501
4290 66 -0.01735920 0.16712767
4300 66 -0.02118452 0.13240928
4310 66 -0.02488878 0.09669823
4320 66 -0.02871410 0.06197984
4330 66 -0.03253942 0.02726145
4340 66 -0.03537209 -0.00733590
4350 66 -0.03907635 -0.04304694
4360 66 -0.04290167 -0.07776533
