2990 82 0.00000000 0.00000000
3000 82 0.00000000 0.01000000
3010 82 0.00100000 0.02000000
3020 82 0.00200000 0.03000000
3030 82 0.00300000 0.04000000
3040 82 0.00400000 0.05000000
3050 82 0.00500000 0.06000000
3060 82 0.00600000 0.07000000
3070 82 0.00700000 0.08000000
3080 82 0.00700000 0.08900000
3090 82 0.00800000 0.10000000
3100 82 0.00900000 0.10900000
3110 82 0.01000000 0.11900000
3120 82 0.01100000 0.12900000
3130 82 0.01200000 0.13900000
3140 82 0.01300000 0.14900000
3150 82 0.01400000 0.15900000
3160 82 0.01400000 0.16900000
3170 82 0.01500000 0.17900000
3180 82 0.01600000 0.18900000
