5740 128 0.00000000 0.00000000
5750 128 0.00000000 0.15515798
5760 128 -0.00104410 0.30936210
5770 128 -0.00104410 0.46452009
5780 128 -0.00204308 0.61972318
5790 128 -0.00040604 0.76679908
5800 128 0.00550407 0.89766570
5810 128 0.01141417 1.02853231
5820 128 0.01736939 1.16039791
5830 128 0.02327950 1.29126452
5840 128 0.02918960 1.42213114
5850 128 0.02530324 1.51339940
5860 128 -0.01463669 1.44913587
5870 128 -0.05562073 1.38391847
5880 128 -0.09655965 1.31970005
5890 128 -0.13654470 1.25443754
5900 128 -0.17748362 1.19021913
5910 128 -0.19679297 1.07297089
5920 128 -0.19542662 0.90373693
5930 128 -0.19406027 0.73450297
