2350 45 0.00000000 0.00000000
2360 45 0.00000000 0.01204159
2370 45 -0.00456750 0.03072683
2380 45 -0.00805541 0.04849856
2390 45 -0.01162637 0.06726684
2400 45 -0.01611082 0.08495553
2410 45 -0.01968178 0.10372380
2420 45 -0.02424928 0.12240904
2430 45 -0.02773719 0.14018077
2440 45 -0.03130815 0.15894905
2450 45 -0.03479606 0.17672078
2460 45 -0.07166825 0.26998086
2470 45 -0.12880354 0.41373258
2480 45 -0.18593883 0.55748431
2490 45 -0.24307412 0.70123603
2500 45 -0.31548978 0.79956188
2510 45 -0.39056289 0.89365241
2520 45 -0.46455641 0.98682944
2530 45 -0.51413457 1.05193709
2540 45 -0.50815529 1.05243537
