3190 83 0.00000000 0.00000000
3200 83 -0.00000000 0.00806226
3210 83 0.00062017 0.01922538
3220 83 0.00124035 0.03038851
3230 83 0.00186052 0.04155164
3240 83 0.00248069 0.05271476
3250 83 0.00310087 0.06387789
3260 83 0.00359701 0.07603329
3270 83 0.00421718 0.08719642
3280 83 0.00483735 0.09835954
3290 83 0.00545753 0.10952267
3300 83 0.00607770 0.12068580
3310 83 0.00657384 0.13284120
3320 83 0.00719401 0.14400433
3330 83 0.00781419 0.15516745
3340 83 0.00831033 0.16732286
3350 83 0.00893050 0.17848598
3360 83 0.00955067 0.18964911
3370 83 0.01017085 0.20081224
3380 83 0.01079102 0.21197536
