560 306 0.00000000 0.00000000
570 306 0.00000000 0.13879841
580 306 -0.00051153 0.27891529
590 306 -0.00010807 0.41862870
600 306 0.00029539 0.55834211
610 306 0.00069886 0.69805552
620 306 0.00001441 0.89726529
630 306 -0.00118877 1.13495532
640 306 -0.00147696 1.37224190
650 306 0.02014432 1.58238118
660 306 0.07915076 1.75089896
670 306 0.13592374 1.91930866
680 306 0.19273275 2.04070774
690 306 0.24298548 1.97374012
700 306 0.29323822 1.90677249
710 306 0.34349095 1.83980487
720 306 0.31042862 1.65328977
730 306 0.22176046 1.38528239
740 306 0.13217730 1.11767847
750 306 0.10008039 1.08702250
