2650 262 0.00000000 0.00000000
2660 262 -0.00000000 0.11628413
2670 262 0.00210691 0.21389848
2680 262 0.00700869 0.23453758
2690 262 0.01328642 0.25484990
2700 262 0.01903957 0.27601358
2710 262 0.02394136 0.29665268
2720 262 0.03021908 0.31696499
2730 262 0.03512087 0.33760409
2740 262 0.04087402 0.35876777
2750 262 0.04577581 0.37940687
2760 262 0.05205353 0.39971919
2770 262 0.05780668 0.42088287
2780 262 0.06270847 0.44152197
2790 262 0.06846162 0.46268565
2800 262 0.07473934 0.48299796
2810 262 0.07964113 0.50363706
2820 262 0.08539428 0.52480074
2830 262 0.09029607 0.54543984
2840 262 0.15767413 0.83831728
