2750 650 0.00000000 0.00000000
2760 650 -0.00000000 0.00781025
2770 650 -0.00000000 0.01562050
2780 650 0.00076822 0.02407093
2790 650 0.00076822 0.03188118
2800 650 0.00076822 0.03969143
2810 650 0.00076822 0.04750168
2820 650 0.00153644 0.05595212
2830 650 0.00153644 0.06376237
2840 650 0.00153644 0.07157262
2850 650 0.00217663 0.07861464
2860 650 0.00294485 0.08706508
2870 650 0.00294485 0.09487533
2880 650 0.00294485 0.10268558
2890 650 0.02202234 0.16414328
2900 650 0.05415960 0.25991487
2910 650 0.08552864 0.35504627
2920 650 0.18181237 0.50036813
2930 650 0.28488206 0.65004324
2940 650 0.38807978 0.80893701
