584 10 0.00000000 0.00000000
586 10 0.00000000 0.00000000
588 10 0.00000000 0.00000000
590 10 0.00000000 0.00000000
592 10 0.00000000 0.00000000
594 10 0.00000000 0.00000000
596 10 0.00000000 0.00000000
598 10 0.00000000 0.00000000
600 10 0.00000000 0.00000000
602 10 0.00000000 0.00000000
604 10 -0.00000000 0.01414214
606 10 -0.00000000 0.01414214
608 10 -0.00000000 0.01414214
610 10 0.03535534 -0.00707107
612 10 -0.00000000 0.01414214
614 10 -0.00000000 0.01414214
616 10 0.04242641 0.01414214
618 10 0.09899495 0.05656854
620 10 0.31112698 0.08485281
622 10 0.59396970 0.12727922
