747 22 0.00000000 0.00000000
749 22 0.00000000 0.23430749
751 22 -0.07554176 0.44044687
753 22 -0.09986877 0.55183895
755 22 -0.25991487 0.67219362
757 22 -0.35722290 0.80535197
759 22 -0.57616596 0.94875328
761 22 -0.76309980 0.97436066
763 22 -1.02173430 1.00765025
765 22 -1.11392086 0.92826738
767 22 -1.20994852 0.81303419
769 22 -1.30597618 0.69780100
771 22 -1.33926576 0.59537149
773 22 -1.43529342 0.48013830
775 22 -1.45705969 0.40715728
777 22 -1.33030318 0.34057810
779 22 -1.21250925 0.29448482
781 22 -1.02813615 0.21894306
783 22 -0.84120230 0.19333569
785 22 -0.40843765 0.11907430
