4430 106 0.00000000 0.00000000
4440 106 0.00000000 0.00000000
4450 106 0.00000000 0.00000000
4460 106 0.00000000 0.00000000
4470 106 0.00000000 0.00000000
4480 106 0.00000000 0.00000000
4490 106 0.00000000 0.00000000
4500 106 0.00000000 0.00000000
4510 106 0.00000000 0.00000000
4520 106 0.00000000 0.00000000
4530 106 0.00000000 0.00000000
4540 106 0.00000000 0.00000000
4550 106 0.00000000 0.00000000
4560 106 0.00000000 0.00000000
4570 106 0.00000000 0.00000000
4580 106 0.00000000 0.00000000
4590 106 0.00000000 0.00000000
4600 106 0.00000000 0.00000000
4610 106 0.00000000 0.00000000
4620 106 0.00000000 0.00000000
4430 104 -0.03000000 -0.95000000
4440 104 -0.03000000 -0.95000000
4450 104 -0.03000000 -0.95000000
4460 104 -0.03000000 -0.95000000
4470 104 -0.03000000 -0.95000000
4480 104 -0.03000000 -0.93000000
4490 104 -0.03000000 -0.93000000
4500 104 -0.03000000 -0.93000000
4510 104 -0.03000000 -0.95000000
4520 104 -0.03000000 -0.95000000
4530 104 -0.03000000 -0.95000000
4540 104 -0.03000000 -0.95000000
4550 104 -0.03000000 -0.95000000
4560 104 -0.03000000 -0.95000000
4570 104 -0.03000000 -0.95000000
4580 104 -0.03000000 -0.95000000
4590 104 -0.03000000 -0.93000000
4600 104 -0.05000000 -0.93000000
4610 104 -0.07000000 -0.91000000
4620 104 -0.08000000 -0.89000000
4430 108 1.22000000 -1.25000000
4440 108 1.25000000 -1.09000000
4450 108 1.24000000 -0.90000000
4460 108 1.16000000 -0.66000000
4470 108 1.11000000 -0.47000000
4480 108 1.12000000 -0.20000000
4490 108 1.14000000 0.01000000
4500 108 1.09000000 0.24000000
4510 108 0.98000000 0.49000000
4520 108 0.93000000 0.70000000
4530 108 0.92000000 0.95000000
4540 108 0.92000000 1.16000000
4550 108 0.82000000 1.45000000
4560 108 0.68000000 1.73000000
4570 108 0.73000000 2.00000000
4580 108 0.78000000 2.20000000
4590 108 0.74000000 2.51000000
4600 108 0.66000000 2.78000000
4610 108 0.67000000 2.99000000
4620 108 0.73000000 3.24000000
