7370 279 0.00000000 0.00000000
7380 279 -0.00000000 0.04729693
7390 279 -0.00074001 0.09338872
7400 279 -0.00050743 0.13971307
7410 279 -0.01740070 0.12436324
7420 279 -0.03761343 0.09279671
7430 279 -0.05879874 0.06099761
7440 279 -0.07924404 0.03040366
7450 279 -0.10042934 -0.00139544
7460 279 -0.12087464 -0.03198939
7470 279 -0.14205995 -0.06378849
7480 279 -0.16250525 -0.09438244
7490 279 -0.11489117 -0.13440617
7500 279 0.03640828 -0.18665058
7510 279 0.18673515 -0.23912755
7520 279 0.24642189 -0.26084143
7530 279 0.29619256 -0.27978558
7540 279 0.34596323 -0.29872972
7550 279 0.39573389 -0.31767387
7560 279 0.45231261 -0.33499000
7350 274 -0.64832955 0.35494901
7360 274 -0.64689182 0.35323642
7370 274 -0.64448152 0.35175641
7380 274 -0.64207121 0.35027640
7390 274 -0.63966091 0.34879639
7400 274 -0.63701803 0.34634380
7410 274 -0.63460773 0.34486379
7420 274 -0.63317000 0.34315120
7430 274 -0.63075970 0.34167119
7440 274 -0.62834939 0.34019118
7450 274 -0.62593909 0.33871117
7460 274 -0.62352878 0.33723116
7470 274 -0.62111848 0.33575115
7480 274 -0.61870818 0.33427114
7490 274 -0.61727045 0.33255855
7500 274 -0.61486015 0.33107854
7510 274 -0.61221727 0.32862595
7520 274 -0.60980697 0.32714594
7530 274 -0.60739666 0.32566593
7540 274 -0.60595894 0.32395334
7550 275 -0.51724283 0.27113808
7560 275 -0.37067942 0.18280255
7570 275 -0.22532116 0.09520702
7580 275 0.00262173 0.11372830
7590 275 0.23079720 0.13127701
7600 275 0.42901301 0.13652048
7610 275 0.55582884 0.10926712
7620 275 0.68384982 0.08127377
7630 275 0.81066565 0.05402041
7640 275 0.95183759 -0.11066256
7650 275 1.09478554 -0.29137195
7660 275 1.31737925 -0.39237215
7670 275 1.62156387 -0.41319803
7680 275 1.94999953 -0.36344850
7690 275 2.31613320 -0.20906218
7700 275 2.69156980 -0.04628207
7710 275 3.10083522 0.15132059
7720 275 3.50986808 0.34989583
7730 275 3.95294119 0.50931419
7740 275 4.42861684 0.63128827
