9500 352 0.00000000 0.00000000
9510 352 0.00000000 0.01341641
9520 352 -0.00044721 0.02593839
9530 352 -0.00178885 0.03890758
9540 352 -0.00223607 0.05142956
9550 352 -0.00223607 0.06484597
9560 352 -0.00357771 0.07781517
9570 352 -0.00402492 0.09033715
9580 352 -0.00536656 0.10330634
9590 352 -0.00581378 0.11582832
9600 352 -0.00581378 0.12924473
9610 352 -0.00715542 0.14221392
9620 352 -0.00760263 0.15473590
9630 352 -0.00894427 0.16770510
9640 352 0.02951610 0.26027831
9650 352 0.10688405 0.43290276
9660 352 0.18425200 0.60552721
9670 352 0.30365803 0.89129670
9680 352 0.45213295 1.25309249
9690 352 0.60105507 1.61578272
9480 348 -0.51161235 0.32065215
9490 348 -0.50937629 0.33630462
9500 348 -0.50669300 0.35285153
9510 348 -0.50445694 0.36850400
9520 348 -0.50222087 0.38415648
9530 348 -0.49953759 0.40070338
9540 348 -0.49640709 0.41590864
9550 348 -0.49461824 0.43290276
9560 348 -0.49238217 0.44855524
9570 348 -0.49014610 0.46420771
9580 348 -0.48791003 0.47986019
9590 348 -0.48522675 0.49640709
9600 348 -0.47002149 0.52458155
9610 348 -0.43558604 0.57332783
9620 348 -0.40159781 0.62117968
9630 348 -0.36716236 0.66992597
9640 348 -0.33406856 0.71822503
9650 348 -0.29963311 0.76697132
9660 348 -0.16770510 1.03082734
9670 348 -0.03532987 1.29557779
9510 124 -1.56524758 -1.12250612
9520 124 -1.56524758 -1.12250612
9530 124 -1.56480037 -1.12161170
9540 124 -1.56480037 -1.12161170
9550 124 -1.56345873 -1.12116448
9560 124 -1.56301152 -1.12027006
9570 124 -1.56301152 -1.12027006
9580 124 -1.56256430 -1.11937563
9590 124 -1.41632546 -0.93422920
9600 124 -1.25130364 -0.66232333
9610 124 -1.18958816 -0.37565942
9620 124 -1.12831990 -0.08988993
9630 124 -1.00086403 0.28576949
9640 124 -0.87385537 0.66053448
9650 124 -0.68915615 1.09254281
9660 124 -0.49104053 1.53796755
9670 124 -0.31439116 1.93598765
9680 124 -0.15294705 2.30136116
9690 124 0.00804984 2.66584024
9700 124 0.16949395 3.03121375
