6120 136 0.00000000 0.00000000
6130 136 -0.00000000 0.00509902
6140 136 0.00019612 0.00921746
6150 136 0.00117670 0.01451259
6160 136 0.00137281 0.01863103
6170 136 0.00137281 0.02373005
6180 136 0.00156893 0.02784849
6190 136 0.00254951 0.03314363
6200 136 0.00274563 0.03726207
6210 136 0.00274563 0.04236109
6220 136 0.00274563 0.04746010
6230 136 0.00392232 0.05177466
6240 136 0.00392232 0.05687368
6250 136 0.00411844 0.06099212
6260 136 0.00411844 0.06609114
6270 136 0.00431455 0.07020958
6280 136 0.00529514 0.07550471
6290 136 0.00549125 0.07962315
6300 136 0.00549125 0.08472217
6310 136 0.00549125 0.08982119
6000 164 -1.31201694 0.76249953
6010 164 -1.31691985 0.76151895
6020 164 -1.32103829 0.76171507
6030 164 -1.32594119 0.76073449
6040 164 -1.33104021 0.76073449
6050 164 -1.33496253 0.75995002
6060 164 -1.34006155 0.75995002
6070 164 -1.34496445 0.75896944
6080 164 -1.34888678 0.75818498
6090 164 -1.35398580 0.75818498
6100 164 -1.35888870 0.75720440
6110 164 -1.36300714 0.75740051
6120 164 -1.36791004 0.75641993
6130 164 -1.37202848 0.75661605
6140 164 -1.37693138 0.75563547
6150 164 -1.38203040 0.75563547
6160 164 -1.38595273 0.75485100
6170 164 -1.39105175 0.75485100
6180 164 -1.39595465 0.75387042
6190 164 -1.40007309 0.75406654
6010 216 0.24632187 -0.48715248
6020 216 0.24710633 -0.48597578
6030 216 0.24789079 -0.48479909
6040 216 0.24965584 -0.48342627
6050 216 0.25063642 -0.48323016
6060 216 0.25240147 -0.48185734
6070 216 0.25318593 -0.48068065
6080 216 0.25495098 -0.47930783
6090 216 0.25573544 -0.47813114
6100 216 0.25750049 -0.47675832
6110 216 0.25848107 -0.47656221
6120 216 0.26024611 -0.47518940
6130 216 0.26103058 -0.47401270
6140 216 0.26181504 -0.47283600
6150 216 0.26358009 -0.47146319
6160 216 0.26436455 -0.47028649
6170 216 0.26632571 -0.46989426
6180 216 0.26711018 -0.46871756
6190 216 0.26887522 -0.46734475
6200 216 0.26965969 -0.46616805
6030 236 -0.37693521 -0.49146703
6040 236 -0.37811191 -0.49068257
6050 236 -0.37909249 -0.49087869
6060 236 -0.38007307 -0.49107480
6070 236 -0.38026919 -0.49009422
6080 236 -0.38124977 -0.49029034
6090 236 -0.38223035 -0.49048645
6100 236 -0.38242646 -0.48950587
6110 236 -0.38340704 -0.48970199
6120 236 -0.38458374 -0.48891752
6130 236 -0.38458374 -0.48891752
6140 236 -0.38556432 -0.48911364
6150 236 -0.38674102 -0.48832918
6160 236 -0.38772160 -0.48852529
6170 236 -0.38772160 -0.48852529
6180 236 -0.38889830 -0.48774083
6190 236 -0.38987888 -0.48793694
6200 236 -0.38987888 -0.48793694
6210 236 -0.39085946 -0.48813306
6220 236 -0.39203615 -0.48734860
6110 107 -1.35320133 1.30495676
6120 107 -1.35516249 1.30456453
6130 107 -1.35614307 1.30436841
6140 107 -1.35810424 1.30397618
6150 107 -1.36006540 1.30358395
6160 107 -1.36104598 1.30338783
6170 107 -1.36281102 1.30201502
6180 107 -1.36477218 1.30162279
6190 107 -1.36575277 1.30142667
6200 107 -1.36771393 1.30103444
6210 107 -1.35437803 1.30064221
6220 107 -1.32790235 1.30083832
6230 107 -1.30024998 1.30024998
6240 107 -1.27357818 1.29946551
6250 107 -1.24612192 1.29985774
6260 107 -1.21945013 1.29907328
6270 107 -1.19179775 1.29848493
6280 107 -1.16532207 1.29868105
6290 107 -1.13766970 1.29809270
6300 107 -1.11119402 1.29828881
6200 165 -1.40497599 0.75308596
6210 165 -1.40909443 0.75328208
6220 165 -1.41399733 0.75230149
6230 165 -1.41909635 0.75230149
6240 165 -1.42301868 0.75151703
6250 165 -1.42811770 0.75151703
6260 165 -1.43302060 0.75053645
6270 165 -1.43713904 0.75073257
6280 165 -1.44204194 0.74975198
6290 165 -1.44694485 0.74877140
6300 165 -1.45106328 0.74896752
6310 165 -1.31476257 0.74053453
6320 165 -1.17728516 0.73131707
6330 165 -1.02098060 0.74524131
6340 165 -0.82015768 0.81192080
6350 165 -0.61815806 0.87781582
6360 165 -0.41890406 0.97273603
6370 165 -0.22043454 1.09707366
6380 165 -0.02294559 1.22121517
6390 165 0.10766776 1.30240725
6210 217 0.27142473 -0.46479524
6220 217 0.27220920 -0.46361854
6230 217 0.27417036 -0.46322631
6240 217 0.27495482 -0.46204961
6250 217 0.27573929 -0.46087292
6260 217 0.27750433 -0.45950010
6270 217 0.27828880 -0.45832341
6280 217 0.28005384 -0.45695059
6290 217 0.28103442 -0.45675448
6300 217 0.28279947 -0.45538167
6310 217 0.28358393 -0.45420497
6320 217 0.28534898 -0.45283216
6330 217 0.28613344 -0.45165546
6340 217 0.28809460 -0.45126323
6350 217 0.28887907 -0.45008653
6360 217 0.28966353 -0.44890983
6370 217 0.29142858 -0.44753702
6380 217 0.29221304 -0.44636032
6390 217 0.29397809 -0.44498751
6400 217 0.29495867 -0.44479139
6230 237 -0.39203615 -0.48734860
6240 237 -0.39301673 -0.48754471
6250 237 -0.39419343 -0.48676025
6260 237 -0.39419343 -0.48676025
6270 237 -0.39537013 -0.48597578
6280 237 -0.39635071 -0.48617190
6290 237 -0.39733129 -0.48636802
6300 237 -0.39752741 -0.48538743
6310 237 -0.39850799 -0.48558355
6320 237 -0.39948857 -0.48577967
6330 237 -0.39968468 -0.48479909
6340 237 -0.40066526 -0.48499520
6350 237 -0.40164584 -0.48519132
6360 237 -0.40164584 -0.48519132
6370 237 -0.40282254 -0.48440685
6380 237 -0.40380312 -0.48460297
6390 237 -0.40497982 -0.48381851
6400 237 -0.40497982 -0.48381851
6410 237 -0.40596040 -0.48401462
6420 237 -0.40615652 -0.48303404
6310 108 -1.08354165 1.29770047
6320 108 -1.05686985 1.29691600
6330 108 -1.02941359 1.29730823
6340 108 -0.97371661 1.28397234
6350 108 -0.91056722 1.26906751
6360 108 -0.84820228 1.25298599
6370 108 -0.78485677 1.23710058
6380 108 -0.76073449 1.20317249
6390 108 -0.77563931 1.15022113
6400 108 -0.79074026 1.09825036
6410 108 -0.80564508 1.04529900
6420 108 -0.82074603 0.99332822
6430 108 -0.83565085 0.94037687
6440 108 -0.83584697 0.84447608
6450 108 -0.82604116 0.71896175
6460 108 -0.81623535 0.59344742
6470 108 -0.80642955 0.46793310
6480 108 -0.79642762 0.35673525
6490 108 -0.78466066 0.26730629
6500 108 -0.77407039 0.17866180
