9300 332 0.00000000 0.00000000
9310 332 0.00000000 0.00721110
9320 332 0.00000000 0.01442221
9330 332 0.00000000 0.02163331
9340 332 -0.00083205 0.02828971
9350 332 -0.00083205 0.03550081
9360 332 -0.00083205 0.04271192
9370 332 -0.00083205 0.04992302
9380 332 -0.00083205 0.05713412
9390 332 -0.00083205 0.06434522
9400 332 -0.00083205 0.07155633
9410 332 -0.00083205 0.07876743
9420 332 -0.00083205 0.08597853
9430 332 -0.00083205 0.09318963
9440 332 -0.00083205 0.10040074
9450 332 -0.00083205 0.10761184
9460 332 -0.00083205 0.11482294
9470 332 -0.00083205 0.12203404
9480 332 -0.00083205 0.12924515
9490 332 -0.00083205 0.13645625
9110 353 -1.54178920 0.89029381
9120 353 -1.31020186 0.81873749
9130 353 -1.07861453 0.74718116
9140 353 -0.84702720 0.67562484
9150 353 -0.64262018 0.58354461
9160 353 -0.46733492 0.47204987
9170 353 -0.29149495 0.35972308
9180 353 -0.05907557 0.34641027
9190 353 0.22798178 0.43322085
9200 353 0.51642588 0.51975408
9210 353 0.80792084 0.57827495
9220 353 1.10274399 0.60656466
9230 353 1.39756714 0.63485437
9240 353 1.71790651 0.63208087
9250 353 2.05516423 0.60933817
9260 353 2.34887798 0.58520871
9270 353 2.57796916 0.55886045
9280 353 2.80678299 0.53112544
9290 353 2.80317744 0.50949213
9300 353 2.80095864 0.48758147
