5050 173 0.00000000 0.00000000
5060 173 0.00000000 0.00700000
5070 173 0.00000000 0.01400000
5080 173 0.00000000 0.02200000
5090 173 0.00000000 0.02900000
5100 173 0.00000000 0.03600000
5110 173 0.00000000 0.04400000
5120 173 0.00000000 0.05100000
5130 173 0.00000000 0.05800000
5140 173 0.00000000 0.06600000
5150 173 0.00000000 0.07300000
5160 173 0.00000000 0.08000000
5170 173 0.00000000 0.08800000
5180 173 0.00000000 0.09500000
5190 173 0.00000000 0.10200000
5200 173 0.00000000 0.11000000
5210 173 0.00000000 0.11700000
5220 173 0.00000000 0.12400000
5230 173 0.00000000 0.13100000
5240 173 0.00000000 0.13900000
4860 177 -0.49600000 -2.04200000
4870 177 -0.34000000 -2.01900000
4880 177 -0.18400000 -1.99600000
4890 177 -0.01700000 -1.79000000
4900 177 0.15100000 -1.56300000
4910 177 0.22100000 -1.29000000
4920 177 0.27800000 -1.01500000
4930 177 0.32200000 -0.76600000
4940 177 0.36600000 -0.51700000
4950 177 0.38200000 -0.43800000
4960 177 0.38600000 -0.43000000
4970 177 0.39000000 -0.42300000
4980 177 0.39400000 -0.41500000
4990 177 0.39800000 -0.40800000
5000 177 0.40200000 -0.40100000
5010 177 0.40600000 -0.39300000
5020 177 0.41000000 -0.38500000
5030 177 0.41400000 -0.37800000
5040 177 0.41800000 -0.37100000
5050 177 0.42200000 -0.36300000
5060 178 0.42700000 -0.35600000
5070 178 0.43100000 -0.34800000
5080 178 0.43500000 -0.34100000
5090 178 0.43900000 -0.33300000
5100 178 0.44300000 -0.32600000
5110 178 0.44700000 -0.31900000
5120 178 0.45100000 -0.31100000
5130 178 0.45500000 -0.30400000
5140 178 0.45900000 -0.29600000
5150 178 0.46300000 -0.28900000
5160 178 0.46700000 -0.28200000
5170 178 0.47200000 -0.27400000
5180 178 0.47600000 -0.26700000
5190 178 0.48000000 -0.25900000
5200 178 0.48400000 -0.25200000
5210 178 0.48600000 -0.24100000
5220 178 0.48800000 -0.23000000
5230 178 0.49000000 -0.22000000
5240 178 0.49200000 -0.20900000
5250 178 0.49400000 -0.19800000
