5830 235 0.00000000 0.00000000
5840 235 0.00000000 0.03140064
5850 235 -0.00015923 0.06181403
5860 235 0.00082801 0.09305544
5870 235 0.00022293 0.11442443
5880 235 0.00022293 0.11442443
5890 235 -0.00092355 0.11359642
5900 235 -0.00108278 0.11260918
5910 235 -0.00108278 0.11260918
5920 235 -0.00222925 0.11178117
5930 235 -0.00238849 0.11079393
5940 235 -0.00238849 0.11079393
5950 235 -0.00353496 0.10996592
5960 235 -0.00369419 0.10897868
5970 235 -0.00369419 0.10897868
5980 235 -0.00484067 0.10815067
5990 235 -0.00499990 0.10716343
6000 235 -0.00614637 0.10633542
6010 235 -0.00614637 0.10633542
6020 235 -0.00630560 0.10534818
5720 134 -1.72681211 0.64823526
5730 134 -1.64111321 0.63947747
5740 134 -1.42710481 0.61610215
5750 134 -1.23634435 0.60559281
5760 134 -1.08102903 0.61396844
5770 134 -0.92456723 0.62317207
5780 134 -0.75329682 0.62998722
5790 134 -0.58103917 0.63664314
5800 134 -0.40779428 0.64313982
5810 134 -0.34196759 0.63049676
5820 134 -0.30209578 0.61393659
5830 134 -0.26337045 0.59654841
5840 134 -0.22349865 0.57998824
5850 134 -0.21872168 0.57820483
5860 134 -0.22349865 0.57998824
5870 134 -0.22728838 0.58161241
5880 134 -0.23206536 0.58339581
5890 134 -0.23585509 0.58501998
5900 134 -0.24047283 0.58779062
5910 134 -0.24426256 0.58941480
5800 163 -1.48360048 -0.24286132
5810 163 -1.48522465 -0.24665105
5820 163 -1.48602081 -0.25158725
5830 163 -1.48780422 -0.25636423
5840 163 -1.48844115 -0.26031319
5850 163 -1.48923731 -0.26524940
5860 163 -1.49086148 -0.26903913
5870 163 -1.49165764 -0.27397533
5880 163 -1.49344104 -0.27875231
5890 163 -1.49407797 -0.28270127
5900 163 -1.49586138 -0.28747825
5910 163 -1.49665754 -0.29241445
5920 163 -1.49828171 -0.29620418
5930 163 -1.49907787 -0.30114039
5940 163 -1.50070204 -0.30493012
5950 163 -1.50149821 -0.30986633
5960 163 -1.50328161 -0.31464330
5970 163 -1.50391854 -0.31859226
5980 163 -1.50570194 -0.32336924
5990 163 -1.50649810 -0.32830544
5810 215 0.22789347 0.46464026
5820 215 0.19222540 0.55750461
5830 215 0.19397696 0.56836427
5840 215 0.19572851 0.57922392
5850 215 0.19748007 0.59008357
5860 215 0.19939086 0.60193047
5870 215 0.20098318 0.61180288
5880 215 0.20289397 0.62364977
5890 215 0.20464553 0.63450942
5900 215 0.20639709 0.64536907
5910 215 0.20814864 0.65622873
5920 215 0.20990020 0.66708838
5930 215 0.21165176 0.67794803
5940 215 0.21181099 0.67893527
5950 215 0.21114221 0.68106899
5960 215 0.21031421 0.68221546
5970 215 0.20964543 0.68434918
5980 215 0.20881742 0.68549565
5990 215 0.20814864 0.68762936
6000 215 0.20830788 0.68861660
5920 135 -0.24903953 0.59119820
5930 135 -0.25267003 0.59380961
5940 135 -0.25744701 0.59559301
5950 135 -0.26222398 0.59737642
5960 135 -0.26601371 0.59900059
5970 135 -0.27079069 0.60078399
5980 135 -0.27442119 0.60339540
5990 135 -0.27919816 0.60517881
6000 135 -0.28298789 0.60680298
6010 135 -0.28776486 0.60858638
6020 135 -0.29238260 0.61135703
6030 135 -0.29617234 0.61298120
6040 135 -0.30094931 0.61476460
6050 135 -0.30473904 0.61638877
6060 135 -0.30935678 0.61915942
6070 135 -0.31314651 0.62078359
6080 135 -0.31792349 0.62256699
6090 135 -0.32171322 0.62419116
6100 135 -0.32633096 0.62696180
6110 135 -0.33110793 0.62874521
6000 164 -1.50812227 -0.33209517
6010 164 -1.50891844 -0.33703138
6020 164 -1.51054261 -0.34082111
6030 164 -1.51133877 -0.34575732
6040 164 -1.51312217 -0.35053429
6050 164 -1.51375910 -0.35448326
6060 164 -1.51554251 -0.35926023
6070 164 -1.51633867 -0.36419643
6080 164 -1.51697560 -0.36814540
6090 164 -1.51875900 -0.37292237
6100 164 -1.51955516 -0.37785858
6110 164 -1.52117933 -0.38164831
6120 164 -1.52197550 -0.38658451
6130 164 -1.52359967 -0.39037425
6140 164 -1.52439583 -0.39531045
6150 164 -1.52617923 -0.40008743
6160 164 -1.52681616 -0.40403639
6170 164 -1.52859957 -0.40881336
6180 164 -1.52939573 -0.41374957
6190 164 -1.53101990 -0.41753930
6010 216 0.20763910 0.69075032
6020 216 0.20681109 0.69189679
6030 216 0.20598308 0.69304327
6040 216 0.20531431 0.69517698
6050 216 0.20547354 0.69616422
6060 216 0.20480476 0.69829794
6070 216 0.20397675 0.69944441
6080 216 0.20330798 0.70157813
6090 216 0.20247997 0.70272460
6100 216 0.20181119 0.70485831
6110 216 0.20197043 0.70584555
6120 216 0.20130165 0.70797927
6130 216 0.20047364 0.70912574
6140 216 0.19964563 0.71027222
6150 216 0.19897686 0.71240593
6160 216 0.19814885 0.71355240
6170 216 0.19846731 0.71552689
6180 216 0.19763930 0.71667336
6190 216 0.19697053 0.71880708
6200 216 0.19614252 0.71995355
