8920 150 0.00000000 0.00000000
8930 150 0.00000000 0.00000000
8940 150 -0.00000000 0.00100000
8950 150 -0.00000000 0.00100000
8960 150 -0.00000000 0.00200000
8970 150 -0.00000000 0.00300000
8980 150 -0.00000000 0.00300000
8990 150 -0.00000000 0.00400000
9000 150 -0.00000000 0.00400000
9010 150 -0.00000000 0.00500000
9020 150 -0.00000000 0.00500000
9030 150 -0.00000000 0.00600000
9040 150 -0.00000000 0.00700000
9050 150 -0.00000000 0.00700000
9060 150 -0.00000000 0.00800000
9070 150 -0.00000000 0.00800000
9080 150 -0.00000000 0.00900000
9090 150 -0.00000000 0.00900000
9100 150 -0.00000000 0.01000000
9110 150 -0.00000000 0.01100000
8810 230 -0.78800000 -0.40700000
8820 230 -0.78800000 -0.40700000
8830 230 -0.78800000 -0.40700000
8840 230 -0.78800000 -0.40600000
8850 230 -0.78800000 -0.40600000
8860 230 -0.78800000 -0.40600000
8870 230 -0.78800000 -0.40500000
8880 230 -0.78800000 -0.40500000
8890 230 -0.78800000 -0.40500000
8900 230 -0.78800000 -0.40400000
8910 230 -0.78800000 -0.40400000
8920 230 -0.78800000 -0.40400000
8930 230 -0.78800000 -0.40300000
8940 230 -0.78800000 -0.40300000
8950 230 -0.78800000 -0.40300000
8960 230 -0.78800000 -0.40300000
8970 230 -0.78800000 -0.40200000
8980 230 -0.78800000 -0.40200000
8990 230 -0.78800000 -0.40200000
9000 230 -0.78800000 -0.40100000
8830 250 -0.66800000 0.43000000
8840 250 -0.66800000 0.43000000
8850 250 -0.66800000 0.43000000
8860 250 -0.66800000 0.43100000
8870 250 -0.66800000 0.43100000
8880 250 -0.66800000 0.43200000
8890 250 -0.66800000 0.43200000
8900 250 -0.66800000 0.43300000
8910 250 -0.66800000 0.43300000
8920 250 -0.66800000 0.43300000
8930 250 -0.66800000 0.43400000
8940 250 -0.66800000 0.43400000
8950 250 -0.66800000 0.43500000
8960 250 -0.66800000 0.43500000
8970 250 -0.66800000 0.43500000
8980 250 -0.66800000 0.43600000
8990 250 -0.66800000 0.43600000
9000 250 -0.66800000 0.43700000
9010 250 -0.66800000 0.43700000
9020 250 -0.66800000 0.43800000
8910 121 0.16000000 0.42200000
8920 121 0.16000000 0.42200000
8930 121 0.16000000 0.42300000
8940 121 0.16000000 0.42300000
8950 121 0.16000000 0.42400000
8960 121 0.16000000 0.42400000
8970 121 0.16100000 0.42500000
8980 121 0.16100000 0.42500000
8990 121 0.16100000 0.42600000
9000 121 0.16100000 0.42600000
9010 121 0.16100000 0.42700000
9020 121 0.16100000 0.42700000
9030 121 0.16100000 0.42800000
9040 121 0.16100000 0.42900000
9050 121 0.16100000 0.42900000
9060 121 0.16200000 0.43000000
9070 121 0.16200000 0.43000000
9080 121 0.16200000 0.43100000
9090 121 0.16200000 0.43100000
9100 121 0.16200000 0.43200000
9010 231 -0.78800000 -0.40100000
9020 231 -0.78800000 -0.40100000
9030 231 -0.78800000 -0.40000000
9040 231 -0.78800000 -0.40000000
9050 231 -0.78800000 -0.40000000
9060 231 -0.78800000 -0.40000000
9070 231 -0.78800000 -0.39900000
9080 231 -0.78800000 -0.39900000
9090 231 -0.78800000 -0.39900000
9100 231 -0.78800000 -0.39800000
9110 231 -0.78800000 -0.39800000
9120 231 -0.78800000 -0.39800000
9130 231 -0.78800000 -0.39700000
9140 231 -0.78800000 -0.39700000
9150 231 -0.78800000 -0.39700000
9160 231 -0.78800000 -0.39600000
9170 231 -0.78800000 -0.39600000
9180 231 -0.78800000 -0.39600000
9190 231 -0.78800000 -0.39600000
9200 231 -0.78800000 -0.39500000
9030 251 -0.66800000 0.43800000
9040 251 -0.66800000 0.43800000
9050 251 -0.66800000 0.43900000
9060 251 -0.66800000 0.43900000
9070 251 -0.66800000 0.44000000
9080 251 -0.66800000 0.44000000
9090 251 -0.66800000 0.44100000
9100 251 -0.66800000 0.44100000
9110 251 -0.66800000 0.44100000
9120 251 -0.66800000 0.44200000
9130 251 -0.66800000 0.44200000
9140 251 -0.66800000 0.44300000
9150 251 -0.66800000 0.44300000
9160 251 -0.66800000 0.44300000
9170 251 -0.66800000 0.44400000
9180 251 -0.66800000 0.44400000
9190 251 -0.66800000 0.44500000
9200 251 -0.66800000 0.44500000
9210 251 -0.66800000 0.44600000
9220 251 -0.66800000 0.44600000
9080 346 0.84600000 -0.03800000
9090 346 0.86400000 0.25800000
9100 346 0.88100000 0.55400000
9110 346 0.87000000 0.83100000
9120 346 0.85500000 1.10500000
9130 346 0.84100000 1.37900000
9140 346 0.82100000 1.57700000
9150 346 0.79700000 1.72500000
9160 346 0.77300000 1.87200000
9170 346 0.75400000 1.96600000
9180 346 0.73900000 2.02400000
9190 346 0.72400000 2.08200000
9200 346 0.70900000 2.14100000
9210 346 0.69300000 2.19900000
9220 346 0.69500000 2.23200000
9230 346 0.69900000 2.26300000
9240 346 0.70200000 2.29400000
9250 346 0.70600000 2.32500000
9260 346 0.70900000 2.35600000
9270 346 0.71300000 2.38700000
9110 122 0.16200000 0.43200000
9120 122 0.16200000 0.43300000
9130 122 0.16200000 0.43300000
9140 122 0.16200000 0.43400000
9150 122 0.16300000 0.43400000
9160 122 0.16300000 0.43500000
9170 122 0.16300000 0.43500000
9180 122 0.16300000 0.43600000
9190 122 0.16300000 0.43700000
9200 122 0.16300000 0.43700000
9210 122 0.16300000 0.43800000
9220 122 0.16300000 0.43800000
9230 122 0.16300000 0.43900000
9240 122 0.16300000 0.43900000
9250 122 0.16400000 0.44000000
9260 122 0.16400000 0.44000000
9270 122 0.16400000 0.44100000
9280 122 0.16400000 0.44100000
9290 122 0.16400000 0.44200000
9300 122 0.16400000 0.44300000
