9310 123 0.00000000 0.00000000
9320 123 -0.00000000 0.00100000
9330 123 -0.00000000 0.00100000
9340 123 0.00100000 0.00200000
9350 123 0.00100000 0.00200000
9360 123 0.00100000 0.00300000
9370 123 0.00100000 0.00300000
9380 123 0.00100000 0.00400000
9390 123 0.00100000 0.00400000
9400 123 0.00100000 0.00500000
9410 123 0.00100000 0.00600000
9420 123 0.00100000 0.00600000
9430 123 0.00100000 0.00700000
9440 123 0.00100000 0.00700000
9450 123 0.00100000 0.00800000
9460 123 0.00200000 0.00800000
9470 123 0.00200000 0.00900000
9480 123 0.00200000 0.00900000
9490 123 0.00200000 0.01000000
9500 123 0.00200000 0.01000000
9120 151 -0.16400000 -0.43200000
9130 151 -0.16400000 -0.43100000
9140 151 -0.16400000 -0.43100000
9150 151 -0.16400000 -0.43000000
9160 151 -0.16400000 -0.43000000
9170 151 -0.16400000 -0.42900000
9180 151 -0.16400000 -0.42800000
9190 151 -0.16400000 -0.42800000
9200 151 -0.16400000 -0.42700000
9210 151 -0.16400000 -0.42700000
9220 151 -0.16400000 -0.42600000
9230 151 -0.16400000 -0.42600000
9240 151 -0.16400000 -0.42500000
9250 151 -0.16400000 -0.42400000
9260 151 -0.16400000 -0.42400000
9270 151 -0.16400000 -0.42300000
9280 151 -0.16400000 -0.42300000
9290 151 -0.16400000 -0.42200000
9300 151 -0.16400000 -0.42200000
9310 151 -0.16400000 -0.42100000
9210 232 -0.95200000 -0.83800000
9220 232 -0.95200000 -0.83800000
9230 232 -0.95200000 -0.83700000
9240 232 -0.95200000 -0.83700000
9250 232 -0.95200000 -0.83700000
9260 232 -0.95200000 -0.83700000
9270 232 -0.95200000 -0.83600000
9280 232 -0.95200000 -0.83600000
9290 232 -0.95200000 -0.83500000
9300 232 -0.95200000 -0.83500000
9310 232 -0.95200000 -0.83500000
9320 232 -0.95200000 -0.83500000
9330 232 -0.95200000 -0.83400000
9340 232 -0.95200000 -0.83400000
9350 232 -0.95200000 -0.83400000
9360 232 -0.95200000 -0.83300000
9370 232 -0.95200000 -0.83300000
9380 232 -0.95200000 -0.83300000
9390 232 -0.95200000 -0.83300000
9400 232 -0.95200000 -0.83200000
9230 252 -0.83200000 0.00300000
9240 252 -0.83200000 0.00400000
9250 252 -0.83200000 0.00400000
9260 252 -0.83200000 0.00500000
9270 252 -0.83200000 0.00500000
9280 252 -0.83200000 0.00600000
9290 252 -0.83200000 0.00600000
9300 252 -0.83200000 0.00600000
9310 252 -0.83200000 0.00700000
9320 252 -0.83200000 0.00700000
9330 252 -0.83200000 0.00800000
9340 252 -0.83200000 0.00800000
9350 252 -0.83200000 0.00800000
9360 252 -0.83200000 0.00900000
9370 252 -0.83200000 0.00900000
9380 252 -0.83200000 0.01000000
9390 252 -0.83200000 0.01000000
9400 252 -0.83200000 0.01100000
9410 252 -0.83200000 0.01100000
9420 252 -0.83200000 0.01100000
9280 347 0.55000000 1.97000000
9290 347 0.53300000 1.94400000
9300 347 0.51600000 1.91900000
9310 347 0.49900000 1.89400000
9320 347 0.48100000 1.86900000
9330 347 0.46400000 1.84300000
9340 347 0.44700000 1.81800000
9350 347 0.43000000 1.79300000
9360 347 0.41300000 1.76800000
9370 347 0.39600000 1.74200000
9380 347 0.37800000 1.71700000
9390 347 0.36100000 1.69200000
9400 347 0.34400000 1.66700000
9410 347 0.33400000 1.66600000
9420 347 0.32900000 1.68100000
9430 347 0.32400000 1.69600000
9440 347 0.31900000 1.71200000
9450 347 0.31400000 1.72700000
9460 347 0.30900000 1.74200000
9470 347 0.30400000 1.75800000
9300 351 0.98200000 1.52000000
9310 351 0.97700000 1.51800000
9320 351 0.97200000 1.51500000
9330 351 0.96700000 1.51300000
9340 351 0.96200000 1.51100000
9350 351 0.95600000 1.50800000
9360 351 0.95100000 1.50600000
9370 351 0.94600000 1.50400000
9380 351 0.94100000 1.50200000
9390 351 0.93500000 1.49900000
9400 351 0.93000000 1.49700000
9410 351 0.92500000 1.49500000
9420 351 0.92000000 1.49200000
9430 351 0.91500000 1.49000000
9440 351 0.91000000 1.49300000
9450 351 0.91000000 1.53800000
9460 351 0.91000000 1.58400000
9470 351 0.91000000 1.63000000
9480 351 0.91000000 1.67600000
9490 351 0.90700000 1.70400000
9320 152 -0.16400000 -0.42000000
9330 152 -0.16400000 -0.42000000
9340 152 -0.16400000 -0.41900000
9350 152 -0.16400000 -0.41900000
9360 152 -0.16400000 -0.41800000
9370 152 -0.16400000 -0.41800000
9380 152 -0.16400000 -0.41700000
9390 152 -0.16400000 -0.41600000
9400 152 -0.16400000 -0.41600000
9410 152 -0.16400000 -0.41500000
9420 152 -0.16400000 -0.41500000
9430 152 -0.16400000 -0.41400000
9440 152 -0.16400000 -0.41400000
9450 152 -0.16400000 -0.41300000
9460 152 -0.16400000 -0.41200000
9470 152 -0.16400000 -0.41200000
9480 152 -0.16400000 -0.41100000
9490 152 -0.16400000 -0.41100000
9500 152 -0.16400000 -0.41000000
9510 152 -0.16400000 -0.41000000
9410 233 -0.95200000 -0.83200000
9420 233 -0.95200000 -0.83200000
9430 233 -0.95200000 -0.83100000
9440 233 -0.95200000 -0.83100000
9450 233 -0.95200000 -0.83100000
9460 233 -0.95200000 -0.83000000
9470 233 -0.95200000 -0.83000000
9480 233 -0.95200000 -0.83000000
9490 233 -0.95200000 -0.82900000
9500 233 -0.95200000 -0.82900000
9510 233 -0.95200000 -0.82900000
9520 233 -0.95200000 -0.82900000
9530 233 -0.95200000 -0.82800000
9540 233 -0.95200000 -0.82800000
9550 233 -0.95200000 -0.82800000
9560 233 -0.95200000 -0.82700000
9570 233 -0.95200000 -0.86100000
9580 233 -0.95200000 -1.20300000
9590 233 -0.87400000 -1.58900000
9600 233 -0.71800000 -2.01900000
9430 253 -0.83200000 0.01200000
9440 253 -0.83200000 0.01200000
9450 253 -0.83200000 0.01300000
9460 253 -0.83200000 0.01300000
9470 253 -0.83200000 0.01400000
9480 253 -0.83200000 0.01400000
9490 253 -0.83200000 0.01400000
9500 253 -0.83200000 0.01500000
9510 253 -0.83200000 -0.02700000
9520 253 -0.83200000 -0.06900000
9530 253 -0.83200000 -0.11100000
9540 253 -0.83200000 -0.15400000
9550 253 -0.83200000 -0.19600000
9560 253 -0.83200000 -0.27100000
9570 253 -0.83200000 -0.34600000
9580 253 -0.77500000 -0.44400000
9590 253 -0.48900000 -0.63300000
9600 253 -0.19900000 -0.88600000
9610 253 0.10600000 -1.38800000
9620 253 0.32300000 -1.94300000
