5710 105 0.00000000 0.00000000
5720 105 -0.00000000 0.00200000
5730 105 -0.00000000 0.00300000
5740 105 -0.00000000 0.00500000
5750 105 -0.00100000 0.00700000
5760 105 -0.00100000 0.00800000
5770 105 -0.00100000 0.01000000
5780 105 -0.00100000 0.01200000
5790 105 -0.00100000 0.01300000
5800 105 -0.00100000 0.01500000
5810 105 -0.00100000 0.01700000
5820 105 -0.00100000 0.01800000
5830 105 -0.00100000 0.02000000
5840 105 -0.00200000 0.02200000
5850 105 -0.00200000 0.02300000
5860 105 -0.00200000 0.02500000
5870 105 -0.00200000 0.02700000
5880 105 -0.00200000 0.02800000
5890 105 -0.00200000 0.03000000
5900 105 -0.00300000 0.03100000
5520 133 -0.15500000 -0.77400000
5530 133 -0.15600000 -0.77600000
5540 133 -0.15700000 -0.77700000
5550 133 -0.15800000 -0.77800000
5560 133 -0.15900000 -0.78000000
5570 133 -0.16000000 -0.78100000
5580 133 -0.16100000 -0.78200000
5590 133 -0.16200000 -0.78400000
5600 133 -0.16200000 -0.78500000
5610 133 -0.16300000 -0.78600000
5620 133 -0.16400000 -0.78800000
5630 133 -0.16500000 -0.78900000
5640 133 -0.16600000 -0.79100000
5650 133 -0.16700000 -0.79200000
5660 133 -0.16800000 -0.79300000
5670 133 -0.16900000 -0.79500000
5680 133 -0.17000000 -0.79600000
5690 133 -0.17100000 -0.79700000
5700 133 -0.17200000 -0.79900000
5710 133 -0.17300000 -0.80000000
5600 162 -0.59400000 -0.00500000
5610 162 -0.59200000 -0.00200000
5620 162 -0.59000000 -0.00000000
5630 162 -0.58800000 0.00200000
5640 162 -0.58600000 0.00400000
5650 162 -0.58400000 0.00600000
5660 162 -0.58200000 0.00900000
5670 162 -0.58000000 0.01100000
5680 162 -0.57900000 0.01300000
5690 162 -0.57700000 0.01500000
5700 162 -0.57500000 0.01800000
5710 162 -0.57300000 0.02000000
5720 162 -0.57100000 0.02200000
5730 162 -0.56900000 0.02400000
5740 162 -0.56700000 0.02600000
5750 162 -0.56500000 0.02800000
5760 162 -0.56400000 0.03100000
5770 162 -0.56200000 0.03300000
5780 162 -0.56000000 0.03500000
5790 162 -0.55800000 0.03700000
5700 208 -1.81400000 -0.08100000
5710 208 -1.67800000 0.25000000
5720 208 -1.49000000 0.55400000
5730 208 -1.18300000 0.79400000
5740 208 -0.88300000 1.02100000
5750 208 -0.60700000 1.19100000
5760 208 -0.33200000 1.36100000
5770 208 -0.05100000 1.48200000
5780 208 0.23400000 1.57000000
5790 208 0.51900000 1.65800000
5800 208 0.78100000 1.72600000
5810 208 1.01900000 1.77400000
5820 208 1.25800000 1.82100000
5830 208 1.46300000 1.88600000
5840 208 1.61900000 1.97800000
5850 208 1.75600000 2.06000000
5860 208 1.73000000 2.06300000
5870 208 1.70300000 2.06600000
5880 208 1.67600000 2.06900000
5890 208 1.64900000 2.07200000
5720 134 -0.17400000 -0.80100000
5730 134 -0.26000000 -0.80600000
5740 134 -0.47500000 -0.81700000
5750 134 -0.66500000 -0.83700000
5760 134 -0.81700000 -0.87000000
5770 134 -0.97000000 -0.90400000
5780 134 -1.13800000 -0.93800000
5790 134 -1.30700000 -0.97200000
5800 134 -1.47700000 -1.00600000
5810 134 -1.54400000 -1.00400000
5820 134 -1.58600000 -0.99400000
5830 134 -1.62700000 -0.98300000
5840 134 -1.66900000 -0.97300000
5850 134 -1.67400000 -0.97200000
5860 134 -1.66900000 -0.97300000
5870 134 -1.66500000 -0.97400000
5880 134 -1.66000000 -0.97500000
5890 134 -1.65600000 -0.97600000
5900 134 -1.65100000 -0.97800000
5910 134 -1.64700000 -0.97900000
5800 163 -0.55600000 0.04000000
5810 163 -0.55500000 0.04400000
5820 163 -0.55500000 0.04900000
5830 163 -0.55400000 0.05400000
5840 163 -0.55400000 0.05800000
5850 163 -0.55400000 0.06300000
5860 163 -0.55300000 0.06700000
5870 163 -0.55300000 0.07200000
5880 163 -0.55200000 0.07700000
5890 163 -0.55200000 0.08100000
5900 163 -0.55100000 0.08600000
5910 163 -0.55100000 0.09100000
5920 163 -0.55000000 0.09500000
5930 163 -0.55000000 0.10000000
5940 163 -0.54900000 0.10400000
5950 163 -0.54900000 0.10900000
5960 163 -0.54800000 0.11400000
5970 163 -0.54800000 0.11800000
5980 163 -0.54700000 0.12300000
5990 163 -0.54700000 0.12800000
