9100 350 0.00000000 0.00000000
9110 350 -0.00000000 0.36655286
9120 350 0.01225198 0.64828303
9130 350 0.02970104 0.89338001
9140 350 0.04077447 1.12646236
9150 350 0.02143483 1.31242735
9160 350 0.00424768 1.49899798
9170 350 -0.00865087 1.59107202
9180 350 -0.01393796 1.59004897
9190 350 -0.01922506 1.58902593
9200 350 -0.02470039 1.58702076
9210 350 -0.03096961 1.58618595
9220 350 -0.03625671 1.58516291
9230 350 -0.04173204 1.58315774
9240 350 -0.04701914 1.58213470
9250 350 -0.05230623 1.58111165
9260 350 -0.05876369 1.57929472
9270 350 -0.06405079 1.57827168
9280 350 -0.06933788 1.57724864
9290 350 -0.07481322 1.57524347
8910 121 -1.33953394 0.24656198
8920 121 -1.33953394 0.24656198
8930 121 -1.33934570 0.24754411
8940 121 -1.33934570 0.24754411
8950 121 -1.33915746 0.24852623
8960 121 -1.33915746 0.24852623
8970 121 -1.33798710 0.24932011
8980 121 -1.33798710 0.24932011
8990 121 -1.33779886 0.25030223
9000 121 -1.33779886 0.25030223
9010 121 -1.33761062 0.25128436
9020 121 -1.33761062 0.25128436
9030 121 -1.33742238 0.25226648
9040 121 -1.33723414 0.25324860
9050 121 -1.33723414 0.25324860
9060 121 -1.33606378 0.25404249
9070 121 -1.33606378 0.25404249
9080 121 -1.33587554 0.25502461
9090 121 -1.33587554 0.25502461
9100 121 -1.33568730 0.25600673
9080 346 -0.75238807 -0.33434741
9090 346 -0.67899074 -0.04702732
9100 346 -0.60657554 0.24048100
9110 346 -0.56523635 0.51459972
9120 346 -0.52839036 0.78652503
9130 346 -0.49056226 1.05826210
9140 346 -0.47293315 1.25648726
9150 346 -0.46864455 1.40635923
9160 346 -0.46454418 1.55524908
9170 346 -0.46550994 1.65114521
9180 346 -0.46932385 1.71093195
9190 346 -0.47313776 1.77071868
9200 346 -0.47676343 1.83148755
9210 346 -0.48155947 1.89146252
9220 346 -0.47338329 1.92349610
9230 346 -0.46361935 1.95318896
9240 346 -0.45483754 1.98307005
9250 346 -0.44507360 2.01276290
9260 346 -0.43629178 2.04264399
9270 346 -0.42652784 2.07233685
9110 122 -1.33568730 0.25600673
9120 122 -1.33549906 0.25698885
9130 122 -1.33549906 0.25698885
9140 122 -1.33531082 0.25797098
9150 122 -1.33432869 0.25778274
9160 122 -1.33414045 0.25876486
9170 122 -1.33414045 0.25876486
9180 122 -1.33395221 0.25974698
9190 122 -1.33376397 0.26072911
9200 122 -1.33376397 0.26072911
9210 122 -1.33357573 0.26171123
9220 122 -1.33357573 0.26171123
9230 122 -1.33338749 0.26269335
9240 122 -1.33338749 0.26269335
9250 122 -1.33221713 0.26348724
9260 122 -1.33221713 0.26348724
9270 122 -1.33202889 0.26446936
9280 122 -1.33202889 0.26446936
9290 122 -1.33184065 0.26545148
9300 122 -1.33165241 0.26643360
9280 347 -0.42065147 2.09768380
9290 347 -0.44224181 2.07534869
9300 347 -0.46364391 2.05399570
9310 347 -0.48504600 2.03264271
9320 347 -0.50743022 2.01147796
9330 347 -0.52902056 1.98914284
9340 347 -0.55042266 1.96778985
9350 347 -0.57182475 1.94643686
9360 347 -0.59322685 1.92508387
9370 347 -0.61481719 1.90274875
9380 347 -0.63720141 1.88158400
9390 347 -0.65860351 1.86023101
9400 347 -0.68000560 1.83887802
9410 347 -0.69001508 1.83977830
9420 347 -0.69210209 1.85545135
9430 347 -0.69418910 1.87112439
9440 347 -0.69608787 1.88777956
9450 347 -0.69817488 1.90345261
9460 347 -0.70026189 1.91912566
9470 347 -0.70216066 1.93578083
