4770 69 0.00000000 0.00000000
4780 69 0.00000000 0.05724509
4790 69 0.00000000 0.11449017
4800 69 0.00000000 0.17173526
4810 69 -0.00061141 0.23025557
4820 69 -0.00061141 0.28750065
4830 69 -0.00061141 0.34474574
4840 69 0.01170406 0.34359280
4850 69 0.02274431 0.34182846
4860 69 0.03505978 0.34067552
4870 69 0.04704334 0.33857927
4880 69 0.05935881 0.33742634
4890 69 0.07039905 0.33566199
4900 69 0.08238262 0.33356574
4910 69 0.09469808 0.33241281
4920 69 0.10573833 0.33064846
4930 69 0.11805380 0.32949552
4940 69 0.13003736 0.32739927
4950 69 0.14235283 0.32624634
4960 69 0.15339308 0.32448199
4790 187 -0.49424329 -2.34170314
4800 187 -0.30269846 -2.06244773
4810 187 -0.10987842 -1.78258092
4820 187 0.11483955 -1.50545670
4830 187 0.34682452 -1.22876920
4840 187 0.57975281 -0.95241361
4850 187 0.71323151 -0.62728527
4860 187 0.84671021 -0.30215693
4870 187 0.98775289 0.00228841
4880 187 1.14853524 0.25738453
4890 187 1.30964950 0.51342397
4900 187 1.50184067 0.64085849
4910 187 1.70077477 0.73623785
4920 187 1.90098409 0.83222862
4930 187 2.13555444 0.90234818
4940 187 2.44889137 0.91613102
4950 187 2.70966484 0.96430983
4960 187 2.91598823 1.04754841
4970 187 3.10520970 1.09122028
4980 187 3.27855209 1.09277500
