1760 43 0.00000000 0.00000000
1770 43 -0.00000000 0.01780449
1780 43 -0.00078632 0.03499117
1790 43 -0.00140414 0.05358198
1800 43 -0.00140414 0.07138647
1810 43 -0.00140414 0.08919097
1820 43 -0.00202196 0.10778178
1830 43 -0.00202196 0.12558627
1840 43 -0.00280828 0.14277294
1850 43 -0.00342610 0.16136376
1860 43 -0.00342610 0.17916825
1870 43 -0.00342610 0.19697274
1880 43 -0.00404392 0.21556356
1890 43 -0.00404392 0.23336805
1900 43 -0.00404392 0.25117254
1910 43 -0.00544806 0.26914553
1920 43 0.02499369 0.33884704
1930 43 0.12693425 0.52958540
1940 43 0.22808848 0.71970594
1950 43 0.41377194 0.89612208
1620 44 0.56356559 -0.81114353
1630 44 0.58625649 -0.66359651
1640 44 0.60816107 -0.51666731
1650 44 0.63085197 -0.36912029
1660 44 0.62259563 -0.25987821
1670 44 0.60754325 -0.15979112
1680 44 0.60046638 -0.09413354
1690 44 0.60512813 -0.07902499
1700 44 0.60917205 -0.06313013
1710 44 0.61383379 -0.04802158
1720 44 0.61770922 -0.03353086
1730 44 0.62253946 -0.01701818
1740 44 0.62641489 -0.00252745
1750 44 0.63107663 0.01258109
1760 44 0.63512056 0.02847596
1770 44 0.63978230 0.04358450
1780 44 0.64444404 0.05869305
1790 44 0.64848797 0.07458791
1800 44 0.65314971 0.08969646
1810 44 0.65781146 0.10480500
1650 46 0.32357000 -1.00098325
1660 46 0.39040706 -0.84164145
1670 46 0.45803043 -0.68168183
1680 46 0.51599333 -0.53694309
1690 46 0.49161746 -0.52048657
1700 46 0.46864573 -0.50419855
1710 46 0.44567400 -0.48791053
1720 46 0.42191595 -0.47224033
1730 46 0.39832640 -0.45516599
1740 46 0.37456836 -0.43949579
1750 46 0.35159663 -0.42320776
1760 46 0.32783858 -0.40753756
1770 46 0.31256154 -0.38647546
1780 46 0.30340655 -0.36187493
1790 46 0.29486938 -0.33806072
1800 46 0.28492807 -0.31407801
1810 46 0.27639090 -0.29026380
1820 46 0.26723590 -0.26566327
1830 46 0.25729459 -0.24168056
1840 46 0.24875742 -0.21786635
1820 45 0.66185538 0.12069987
1830 45 0.66651712 0.13580841
1840 45 0.67117887 0.15091696
1850 45 0.67522279 0.16681182
1860 45 0.67988454 0.18192036
1870 45 0.68454628 0.19702891
1880 45 0.69078066 0.21337310
1890 45 0.71757165 0.24078191
1900 45 0.74374482 0.26897704
1910 45 0.76974949 0.29576803
1920 45 0.79654048 0.32317684
1930 45 0.82333147 0.35058565
1940 45 0.85012246 0.37799446
1950 45 0.87691344 0.40540327
1960 45 0.90370443 0.43281208
1970 45 1.15729210 0.56974380
1980 45 1.43581729 0.71863880
1990 45 1.79112084 0.78923895
2000 45 2.19843374 0.80659412
2010 45 2.60512882 0.82473561
