7110 160 0.00000000 0.00000000
7120 160 -0.00000000 0.03300000
7130 160 0.03300000 0.10900000
7140 160 0.08900000 0.21500000
7150 160 0.14500000 0.32000000
7160 160 0.21900000 0.39700000
7170 160 0.30600000 0.45400000
7180 160 0.39200000 0.51100000
7190 160 0.47500000 0.54300000
7200 160 0.55000000 0.51500000
7210 160 0.62400000 0.48700000
7220 160 0.69800000 0.45900000
7230 160 0.77200000 0.43100000
7240 160 0.77800000 0.45200000
7250 160 0.76700000 0.48500000
7260 160 0.75500000 0.51900000
7270 160 0.74400000 0.55200000
7280 160 0.73300000 0.58600000
7290 160 0.72100000 0.61900000
7300 160 0.68700000 0.72100000
6940 134 0.46100000 -0.13600000
6950 134 0.46600000 -0.13100000
6960 134 0.47200000 -0.12600000
6970 134 0.47800000 -0.12100000
6980 134 0.48400000 -0.11600000
6990 134 0.48900000 -0.11100000
7000 134 0.49500000 -0.10600000
7010 134 0.50100000 -0.10100000
7020 134 0.50700000 -0.09600000
7030 134 0.51300000 -0.09100000
7040 134 0.51800000 -0.08600000
7050 134 0.52400000 -0.08100000
7060 134 0.53000000 -0.07600000
7070 134 0.53500000 -0.07100000
7080 134 0.54100000 -0.06500000
7090 134 0.54700000 -0.06000000
7100 134 0.55300000 -0.05500000
7110 134 0.55900000 -0.05000000
7120 134 0.56400000 -0.04500000
7130 134 0.57000000 -0.04000000
7080 176 -1.14600000 -1.95800000
7090 176 -1.20700000 -1.79500000
7100 176 -1.26100000 -1.65900000
7110 176 -1.31500000 -1.52300000
7120 176 -1.30300000 -1.28900000
7130 176 -1.24600000 -0.98800000
7140 176 -1.16700000 -0.67600000
7150 176 -1.06600000 -0.35200000
7160 176 -0.96500000 -0.02800000
7170 176 -0.86900000 0.14100000
7180 176 -0.77400000 0.29200000
7190 176 -0.67200000 0.48800000
7200 176 -0.56300000 0.74900000
7210 176 -0.45300000 1.01100000
7220 176 -0.34400000 1.27300000
7230 176 -0.23800000 1.49900000
7240 176 -0.13300000 1.70900000
7250 176 -0.02900000 1.91900000
7260 176 0.10900000 2.16600000
7270 176 0.27900000 2.44900000
7110 165 0.06800000 -1.71600000
7120 165 0.09500000 -1.42700000
7130 165 0.10500000 -1.26900000
7140 165 0.11500000 -1.11100000
7150 165 0.10800000 -0.99200000
7160 165 0.09100000 -0.89800000
7170 165 0.07300000 -0.80500000
7180 165 0.06300000 -0.73200000
7190 165 0.05300000 -0.66200000
7200 165 0.04400000 -0.59200000
7210 165 0.03500000 -0.52200000
7220 165 0.02500000 -0.45200000
7230 165 -0.02700000 -0.28600000
7240 165 -0.09100000 -0.09700000
7250 165 -0.15500000 0.09300000
7260 165 -0.16100000 0.29900000
7270 165 -0.15300000 0.50900000
7280 165 -0.14400000 0.72000000
7290 165 -0.10700000 0.93600000
7300 165 -0.06600000 1.15200000
7140 135 0.57600000 -0.03500000
7150 135 0.58200000 -0.03000000
7160 135 0.58700000 -0.02500000
7170 135 0.59300000 -0.02000000
7180 135 0.59900000 -0.01500000
7190 135 0.60500000 -0.00900000
7200 135 0.61000000 -0.00400000
7210 135 0.61600000 0.00100000
7220 135 0.62200000 0.00600000
7230 135 0.62800000 0.01100000
7240 135 0.63300000 0.01600000
7250 135 0.63900000 0.02100000
7260 135 0.64500000 0.02600000
7270 135 0.65100000 0.03100000
7280 135 0.65600000 0.03600000
7290 135 0.66200000 0.04100000
7300 135 0.66800000 0.04600000
7310 135 0.68600000 0.13900000
7320 135 0.70500000 0.23300000
7330 135 0.72300000 0.32600000
7260 180 -0.30200000 -2.81200000
7270 180 -0.27500000 -2.28300000
7280 180 -0.24700000 -1.75400000
7290 180 -0.27000000 -1.23200000
7300 180 -0.31500000 -0.71200000
7310 180 -0.36000000 -0.19200000
7320 180 -0.37600000 0.28100000
7330 180 -0.36200000 0.70800000
7340 180 -0.34900000 1.13400000
7350 180 -0.33600000 1.56100000
7360 180 -0.18900000 1.84300000
7370 180 -0.02800000 2.10900000
7380 180 0.13400000 2.37600000
7390 180 0.29500000 2.61700000
7400 180 0.45600000 2.83300000
7410 180 0.61800000 3.04900000
7420 180 0.77900000 3.26500000
7430 180 0.93400000 3.40300000
7440 180 1.08900000 3.52200000
7450 180 1.24300000 3.64000000
