2060 365 0.00000000 0.00000000
2070 365 0.00000000 0.15774663
2080 365 -0.00000000 0.31549326
2090 365 -0.06463529 0.42277923
2100 365 -0.14426932 0.51649914
2110 365 -0.22531067 0.61007959
2120 365 -0.30571810 0.70443342
2130 365 -0.38675945 0.79801387
2140 365 -0.43677636 0.88685253
2150 365 -0.48397864 0.97597012
2160 365 -0.53104145 1.06368039
2170 365 -0.57824372 1.15279799
2180 365 -0.62467261 1.24128165
2190 365 -0.63593117 1.24016594
2200 365 -0.64578241 1.23918969
2210 365 -0.65640704 1.23884737
2220 365 -0.66703167 1.23850505
2230 365 -0.67688291 1.23752880
2240 365 -0.68750755 1.23718648
2250 365 -0.69799271 1.23543683
1880 212 -0.96190960 0.76517640
1890 212 -0.95761157 0.77199746
1900 212 -0.95331354 0.77881853
1910 212 -0.94824211 0.78500567
1920 212 -0.94394408 0.79182673
1930 212 -0.93964605 0.79864779
1940 212 -0.93457463 0.80483493
1950 212 -0.93027660 0.81165600
1960 212 -0.92520517 0.81784313
1970 212 -0.92090714 0.82466420
1980 212 -0.91583572 0.83085133
1990 212 -0.91153768 0.83767240
2000 212 -0.90723965 0.84449346
2010 212 -0.90216823 0.85068060
2020 212 -0.89787020 0.85750167
2030 212 -0.89357217 0.86432273
2040 212 -0.88850074 0.87050987
2050 212 -0.88420271 0.87733093
2060 212 -0.87913129 0.88351807
2070 212 -0.87483326 0.89033913
1880 346 0.46807972 -0.42116905
1890 346 0.44290010 -0.41087406
1900 346 0.41758102 -0.39917175
1910 346 0.39162801 -0.38824284
1920 346 0.36644839 -0.37794785
1930 346 0.34049538 -0.36701893
1940 346 0.24358048 -0.40007193
1950 346 0.14603164 -0.43389833
1960 346 0.04911674 -0.46695133
1970 346 -0.04779817 -0.50000434
1980 346 -0.14534700 -0.53383073
1990 346 -0.20668587 -0.51717110
2000 346 -0.25308940 -0.47913543
2010 346 -0.29949292 -0.44109975
2020 346 -0.34512306 -0.40369800
2030 346 -0.39152658 -0.36566232
2040 346 -0.43793011 -0.32762665
2050 346 -0.44844064 -0.27892830
2060 346 -0.37822678 -0.20588712
2070 346 -0.30815238 -0.13143862
1920 570 -0.36523125 3.24095667
1930 570 -0.48836542 3.07811326
1940 570 -0.61304637 2.91653770
1950 570 -0.74321713 2.75299697
1960 570 -0.87697593 2.58981123
1970 570 -1.01010080 2.42739889
1980 570 -1.16003744 2.26971565
1990 570 -1.32228496 2.11436527
2000 570 -1.48312516 1.95915434
2010 570 -1.64473876 1.80457735
2020 570 -1.80258682 1.61200272
2030 570 -1.96043488 1.41942808
2040 570 -2.11891687 1.22608006
2050 570 -2.25768370 1.04889719
2060 570 -2.32103846 0.93532266
2070 570 -2.38439322 0.82174813
2080 570 -2.44760851 0.70676628
2090 570 -2.50871917 0.58488729
2100 570 -2.54941734 0.39326355
2110 570 -2.58934212 0.20100588
1920 573 0.07518386 3.04158633
1930 573 -0.07659118 2.87377292
1940 573 -0.24623030 2.71413718
1950 573 -0.41509602 2.55386752
1960 573 -0.58396175 2.39359785
1970 573 -0.74234231 2.23507783
1980 573 -0.88474789 2.08027262
1990 573 -1.02856079 1.92532795
2000 573 -1.17096636 1.77052274
2010 573 -1.30761587 1.60065541
2020 573 -1.43710200 1.41586541
2030 573 -1.56658812 1.23107541
2040 573 -1.69748156 1.04614595
2050 573 -1.82112287 0.86690916
2060 573 -1.92138492 0.70988520
2070 573 -2.02242035 0.55349518
2080 573 -2.12268240 0.39647122
2090 573 -2.15814433 0.31692594
2100 573 -2.18663305 0.24588798
2110 573 -2.21448785 0.17562340
1930 398 1.26779252 -0.18061875
1940 398 1.17123261 -0.13121041
1950 398 1.07403878 -0.08257546
1960 398 0.99886760 -0.03388979
1970 398 0.94585854 0.01343927
1980 398 0.89207610 0.06140226
1990 398 0.83829365 0.10936525
2000 398 0.78528459 0.15669431
2010 398 0.73150215 0.20465730
2020 398 0.67849309 0.25198636
2030 398 0.63657777 0.35228644
2040 398 0.60730298 0.50428969
2050 398 0.57725480 0.65692686
2060 398 0.54628108 0.79739262
2070 398 0.50297112 0.83289258
2080 398 0.45888777 0.86902648
2090 398 0.41480442 0.90516037
2100 398 0.37149446 0.94066034
2110 398 0.32741111 0.97679423
2120 398 0.28332776 1.01292812
1950 336 -0.87720415 0.44102368
1960 336 -0.87706468 0.43961636
1970 336 -0.87833254 0.43806957
1980 336 -0.87882700 0.43588886
1990 336 -0.87932147 0.43370815
2000 336 -0.87995539 0.43293476
2010 336 -0.88044986 0.43075405
2020 336 -0.88094432 0.42857333
2030 336 -0.88080486 0.42716601
2040 336 -0.88207271 0.42561923
2050 336 -0.88256718 0.42343852
2060 336 -0.88306164 0.42125780
2070 336 -0.88369557 0.42048441
2080 336 -0.88419003 0.41830370
2090 336 -0.88468450 0.41612299
2100 336 -0.88454503 0.41471567
2110 336 -0.88581289 0.41316888
2120 336 -0.88630735 0.41098817
2130 336 -0.88680182 0.40880746
2140 336 -0.88743574 0.40803407
2040 516 -1.86931407 -0.31030773
2050 516 -1.86608104 -0.31425077
2060 516 -1.86207462 -0.31882773
2070 516 -1.85947551 -0.32354415
2080 516 -1.85624248 -0.32748718
2090 516 -1.85286998 -0.33283753
2100 516 -1.84963695 -0.33678057
2110 516 -1.84703785 -0.34149699
2120 516 -1.84303142 -0.34607395
2130 516 -1.83979839 -0.35001698
2140 516 -1.83719928 -0.35473340
2150 516 -1.83319286 -0.35931036
2160 516 -1.83059376 -0.36402679
2170 516 -1.82736072 -0.36796982
2180 516 -1.82398823 -0.37332017
2190 516 -1.82075519 -0.37726320
2200 516 -1.81752216 -0.38120624
2210 516 -1.81414966 -0.38655659
2220 516 -1.81091663 -0.39049962
2230 516 -1.80768360 -0.39444265
2060 376 0.04966192 1.32729299
2070 376 0.02478658 1.36319867
2080 376 -0.00072268 1.39833096
2090 376 -0.02637140 1.43487057
2100 376 -0.05188066 1.47000286
2110 376 -0.07752939 1.50654246
2120 376 -0.10303865 1.54167475
2130 376 -0.12868737 1.57821436
2140 376 -0.15419664 1.61334665
2150 376 -0.24517798 1.68533550
2160 376 -0.35325001 1.76486810
2170 376 -0.46146152 1.84580803
2180 376 -0.50871451 1.87807496
2190 376 -0.51666396 1.87941889
2200 376 -0.52320610 1.88090228
2210 376 -0.52974823 1.88238567
2220 376 -0.53692430 1.88309567
2230 376 -0.54423983 1.88521299
2240 376 -0.55141589 1.88592299
2250 376 -0.55795803 1.88740638
2080 213 -0.87053522 0.89716020
2090 213 -0.86546380 0.90334734
2100 213 -0.86116577 0.91016840
2110 213 -0.85609435 0.91635554
2120 213 -0.85179631 0.92317660
2130 213 -0.84749828 0.92999767
2140 213 -0.84242686 0.93618480
2150 213 -0.83812883 0.94300587
2160 213 -0.83305740 0.94919301
2170 213 -0.81182082 0.93566498
2180 213 -0.78995030 0.92291035
2190 213 -0.76794032 0.90874840
2200 213 -0.74606981 0.89599377
2210 213 -0.72405983 0.88183182
2220 213 -0.70282325 0.86830380
2230 213 -0.68017934 0.85491524
2240 213 -0.65894275 0.84138722
2250 213 -0.63707224 0.82863259
2260 213 -0.61506226 0.81447064
2270 213 -0.59319174 0.80171601
2080 347 -0.24174209 -0.06303780
2090 347 -0.19371570 -0.01706534
2100 347 -0.14632325 0.02813372
2110 347 -0.09907026 0.07474011
2120 347 -0.05167781 0.11993917
2130 347 -0.00365143 0.16591162
2140 347 0.05395995 0.22988763
2150 347 0.19967463 0.46602580
2160 347 0.34602323 0.70293735
2170 347 0.39836033 0.92769017
2180 347 0.35781429 1.14323835
2190 347 0.31663433 1.35801314
2200 347 0.34817859 1.38387740
2210 347 0.39853783 1.36328742
2220 347 0.44826314 1.34192405
2230 347 0.49798844 1.32056068
2240 347 0.54834768 1.29997070
2250 347 0.53817948 1.25917110
2260 347 0.38739337 1.17459243
2270 347 0.23583388 1.09064769
2130 399 0.24001780 1.04842809
2140 399 0.19066017 1.08759216
2150 399 0.09383402 1.15402781
2160 399 -0.00221875 1.21982953
2170 399 -0.09827151 1.28563125
2180 399 -0.19573160 1.35129351
2190 399 -0.20332605 1.35622547
2200 399 -0.21155444 1.36038403
2210 399 -0.21914889 1.36531599
2220 399 -0.22815067 1.37010849
2230 399 -0.23574513 1.37504045
2240 399 -0.24397351 1.37919902
2250 399 -0.25156797 1.38413098
2260 399 -0.25979635 1.38828954
2270 399 -0.26816420 1.39385543
2280 399 -0.27639259 1.39801400
2290 399 -0.28462097 1.40217256
2300 399 -0.29221543 1.40710452
2310 399 -0.29980989 1.41203648
2320 399 -0.30881166 1.41682898
2150 337 -0.88793021 0.40585336
2160 337 -0.88842467 0.40367264
2170 337 -0.88891914 0.40149193
2180 337 -0.88955306 0.40071854
2190 337 -0.89004753 0.39853783
2200 337 -0.89054199 0.39635711
2210 337 -0.89117592 0.39558372
2220 337 -0.89167038 0.39340301
2230 337 -0.89216485 0.39122230
2240 337 -0.89343270 0.38967551
2250 337 -0.89329324 0.38826819
2260 337 -0.89378770 0.38608748
2270 337 -0.89428217 0.38390677
2280 337 -0.89555002 0.38235999
2290 337 -0.89541056 0.38095267
2300 337 -0.89590502 0.37877195
2310 337 -0.89717288 0.37722517
2320 337 -0.89703341 0.37581785
2330 337 -0.89752788 0.37363714
2340 337 -0.89802234 0.37145642
2240 517 -1.80508449 -0.39915908
2250 517 -1.80107807 -0.40373604
2260 517 -1.79847897 -0.40845246
2270 517 -1.79524593 -0.41239549
2280 517 -1.79123951 -0.41697245
2290 517 -1.78864040 -0.42168888
2300 517 -1.78540737 -0.42563191
2310 517 -1.78203487 -0.43098226
2320 517 -1.77880184 -0.43492529
2330 517 -1.77620274 -0.43964172
2340 517 -1.77219631 -0.44421868
2350 517 -1.76896328 -0.44816171
2360 517 -1.76636417 -0.45287813
2370 517 -1.76235775 -0.45745509
2380 517 -1.75975865 -0.46217151
2390 517 -1.75652561 -0.46611455
2400 517 -1.75251919 -0.47069151
2410 517 -1.74992008 -0.47540793
2420 517 -1.74668705 -0.47935096
2430 517 -1.74331455 -0.48470131
