2590 624 0.00000000 0.00000000
2600 624 0.00000000 0.13729530
2610 624 -0.00006555 0.27558845
2620 624 -0.01225825 0.32389309
2630 624 -0.02799804 0.34991729
2640 624 -0.04373784 0.37594149
2650 624 -0.05947764 0.40196568
2660 624 -0.07521743 0.42798988
2670 624 -0.08995938 0.45407963
2680 624 -0.10569917 0.48010383
2690 624 -0.12143897 0.50612802
2700 624 -0.13518307 0.53228333
2710 624 -0.14226998 0.56388674
2720 624 -0.14935689 0.59549015
2730 624 -0.15644381 0.62709356
2740 624 -0.16353072 0.65869697
2750 624 -0.16961979 0.69036594
2760 624 -0.17670670 0.72196935
2770 624 -0.18379362 0.75357276
2780 624 -0.19081498 0.78417832
2410 579 -1.10104277 0.39166672
2420 579 -1.10449518 0.39845500
2430 579 -1.10794760 0.40524329
2440 579 -1.11033661 0.41109928
2450 579 -1.11378902 0.41788757
2460 579 -1.11724143 0.42467586
2470 579 -1.11963044 0.43053185
2480 579 -1.12308286 0.43732013
2490 579 -1.12653527 0.44410842
2500 579 -1.12892428 0.44996441
2510 579 -1.13237669 0.45675270
2520 579 -1.20363914 0.50418331
2530 579 -1.37708281 0.61204570
2540 579 -1.54807191 0.71305426
2550 579 -1.69849220 0.76029550
2560 579 -1.84891250 0.80753673
2570 579 -1.98716923 0.91370206
2580 579 -2.11332795 1.07978931
2590 579 -2.23948668 1.24587657
2600 579 -2.37330043 1.40645016
2540 609 -0.01852212 0.17516258
2550 609 0.01380965 0.24743745
2560 609 0.04507802 0.32064462
2570 609 0.05977626 0.38675031
2580 609 0.03621391 0.44032097
2590 609 0.01171926 0.49282822
2600 609 -0.01184309 0.54639888
2610 609 -0.03633773 0.59890614
2620 609 -0.06089793 0.65241125
2630 609 -0.08439473 0.70498406
2640 609 -0.10895493 0.75848917
2650 609 -0.13218952 0.80707059
2660 609 -0.15031833 0.83895077
2670 609 -0.16838158 0.86983311
2680 609 -0.18744268 0.90064990
2690 609 -0.20557149 0.93253009
2700 609 -0.22363475 0.96341242
2710 609 -0.24269585 0.99422921
2720 609 -0.26082466 1.02610940
2730 609 -0.27888791 1.05699174
2550 627 0.46922946 0.07291582
2560 627 0.46930229 0.14808227
2570 627 0.46937513 0.22324872
2580 627 0.47044581 0.29848072
2590 627 0.47051865 0.37364716
2600 627 0.46099174 0.42713770
2610 627 0.43653351 0.44858053
2620 627 0.41107743 0.46995781
2630 627 0.38661920 0.49140064
2640 627 0.36222652 0.51184563
2650 627 0.33677044 0.53322291
2660 627 0.31231222 0.55466574
2670 627 0.28785399 0.57610857
2680 627 0.26239791 0.59748585
2690 627 0.23502625 0.63276746
2700 627 0.19912553 0.72160517
2710 627 0.16216141 0.81137518
2720 627 0.12619514 0.90121073
2730 627 0.10789881 0.96615105
2740 627 0.13138833 0.97470924
2570 613 1.46809102 0.97733861
2580 613 1.43776223 0.98135914
2590 613 1.40936359 0.98650863
2600 613 1.37896925 0.99152701
2610 613 1.34957276 0.99661094
2620 613 1.32024182 1.00069702
2630 613 1.07281165 1.09067097
2640 613 0.80476898 1.18931236
2650 613 0.58002713 1.28478540
2660 613 0.35628313 1.38032400
2670 613 0.20683883 1.47372850
2680 613 0.07648477 1.56638280
2690 613 -0.04230298 1.65077753
2700 613 -0.06185208 1.65851268
2710 613 -0.08133563 1.66524999
2720 613 -0.10081918 1.67198729
2730 613 -0.11930488 1.67879014
2740 613 -0.13885399 1.68652529
2750 613 -0.15833754 1.69326260
2760 613 -0.17782109 1.69999990
2710 638 0.70740221 0.10860532
2720 638 0.75006208 0.40503935
2730 638 0.79231407 0.69242719
2740 638 0.82837503 0.90625096
2750 638 0.86450154 1.11907689
2760 638 0.89832644 1.29066324
2770 638 0.93040328 1.44309380
2780 638 0.96347798 1.59558992
2790 638 0.95724324 1.75151659
2800 638 0.94701711 1.90718106
2810 638 0.93672542 2.06384338
2820 638 0.95199907 2.24323043
2830 638 1.00508901 2.45717075
2840 638 1.05711556 2.67204336
2850 638 1.11501994 2.84320726
2860 638 1.17418439 3.01044532
2870 638 1.23235098 3.17761783
2880 638 1.25117172 3.24199002
2890 638 1.25959153 3.28162721
2900 638 1.26707904 3.32020100
2750 628 0.15494339 0.98226959
2760 628 0.17943076 0.99089334
2770 628 0.20298582 0.99845368
2780 628 0.22747319 1.00707743
2790 628 0.25096270 1.01563562
2800 628 0.27451777 1.02319597
2810 628 0.29900513 1.03181972
2820 628 0.32249465 1.04037791
2830 628 0.34704756 1.04800381
2840 628 0.37053708 1.05656201
2850 628 0.39508999 1.06418791
2860 628 0.50836408 1.12474351
2870 628 0.68153825 1.21929882
2880 628 0.85477797 1.31285628
2890 628 0.97211629 1.31154524
2900 628 1.07493117 1.28723268
2910 628 1.17880945 1.26198783
2920 628 1.28162433 1.23767527
2930 628 1.29039375 1.22622550
2940 628 1.27495258 1.21719387
