3980 463 0.00000000 0.00000000
3990 463 -0.00000000 0.02830194
4000 463 -0.00000000 0.05660389
4010 463 0.00000000 0.08490583
4020 463 -0.00084800 0.11267777
4030 463 -0.00031800 0.14013172
4040 463 -0.00031800 0.16843366
4050 463 0.00996398 0.19726561
4060 463 0.03741793 0.22503755
4070 463 0.06434187 0.25365749
4080 463 0.09126582 0.28227744
4090 463 0.11818976 0.31089738
4100 463 0.14511371 0.33951732
4110 463 0.17203766 0.36813726
4120 463 0.20468559 0.39325921
4130 463 0.26245548 0.40460119
4140 463 0.31884736 0.41626117
4150 463 0.37661725 0.42760314
4160 463 0.43300913 0.43926312
4170 463 0.49077902 0.45060510
3790 677 0.58840482 0.08119584
3800 677 0.40173920 0.02702995
3810 677 0.21507357 -0.02713595
3820 677 0.02194196 -0.08416383
3830 677 -0.17850364 -0.14458371
3840 677 -0.37894924 -0.20500359
3850 677 -0.52660695 -0.26309147
3860 677 -0.66175668 -0.32043736
3870 677 -0.79637641 -0.37863124
3880 677 -0.85319229 -0.39527321
3890 677 -0.85817428 -0.38541523
3900 677 -0.86368627 -0.37470925
3910 677 -0.86919826 -0.36400327
3920 677 -0.87418025 -0.35414529
3930 677 -0.87969224 -0.34343931
3940 677 -0.88520423 -0.33273333
3950 677 -0.89018622 -0.32287535
3960 677 -0.89569821 -0.31216938
3970 677 -0.90121020 -0.30146340
3980 677 -0.90619219 -0.29160542
3910 644 1.41753516 1.96025408
3920 644 1.36432327 1.86803426
3930 644 1.31058138 1.77666245
3940 644 1.30241940 1.75387249
3950 644 1.30729539 1.74984450
3960 644 1.31047538 1.74475651
3970 644 1.31503337 1.73935052
3980 644 1.31906136 1.73479253
3990 644 1.32308935 1.73023454
4000 644 1.32711735 1.72567655
4010 644 1.33167534 1.72027056
4020 644 1.33570333 1.71571257
4030 644 1.33973132 1.71115458
4040 644 1.34375931 1.70659659
4050 644 1.34778730 1.70203860
4060 644 1.35234530 1.69663261
4070 644 1.35552529 1.69154462
4080 644 1.35955328 1.68698663
4090 644 1.36358127 1.68242864
4100 644 1.36760926 1.67787064
3930 890 1.26139748 -0.40502519
3940 890 1.13684773 -0.42272715
3950 890 1.01176798 -0.43958112
3960 890 0.88637023 -0.45781308
3970 890 0.76182048 -0.47551505
3980 890 0.64299471 -0.48728103
3990 890 0.52480495 -0.49629101
4000 890 0.40714519 -0.50614899
4010 890 0.28863742 -0.51653697
4020 890 0.21231758 -0.51706697
4030 890 0.19578161 -0.50381699
4040 890 0.18009364 -0.49003702
4050 890 0.16408767 -0.47763504
4060 890 0.14839970 -0.46385507
4070 890 0.13186374 -0.45060510
4080 890 0.11532777 -0.43735513
4090 890 0.10016980 -0.42442315
4100 890 0.08363383 -0.41117318
4110 890 0.06794586 -0.39739321
4120 890 0.05193990 -0.38499123
3950 455 0.47148706 0.19090562
3960 455 0.51738497 0.25143150
3970 455 0.56413087 0.31248738
3980 455 0.60843878 0.36612327
3990 455 0.64426671 0.35785528
4000 455 0.67956464 0.35043530
4010 455 0.71539257 0.34216732
4020 455 0.75122050 0.33389933
4030 455 0.78704843 0.32563135
4040 455 0.82234636 0.31821136
4050 455 0.84810430 0.31662137
4060 455 0.86623027 0.31969536
4070 455 0.88488623 0.32192136
4080 455 0.90386019 0.32552535
4090 455 0.92198616 0.32859934
4100 455 0.94149012 0.33135534
4110 455 0.95961608 0.33442933
4120 455 0.97827204 0.33665533
4130 455 0.99724601 0.34025932
4140 455 1.01537197 0.34333331
3970 459 0.61723677 -0.16493567
3980 459 0.58352883 -0.09402181
3990 459 0.54982090 -0.02310795
4000 459 0.51473497 -0.02734795
4010 459 0.47911904 -0.04960790
4020 459 0.44350311 -0.07186786
4030 459 0.40703919 -0.09465781
4040 459 0.37142326 -0.11691777
4050 459 0.33580733 -0.13917772
4060 459 0.36866726 -0.06911186
4070 459 0.41965316 0.02289595
4080 459 0.46926106 0.11522177
4090 459 0.51971696 0.20807758
4100 459 0.55056290 0.27570545
4110 459 0.50540699 0.24040752
4120 459 0.46056908 0.20648759
4130 459 0.41573117 0.17256765
4140 459 0.37089326 0.13864772
4150 459 0.39421321 0.13907172
4160 459 0.44604711 0.15613769
3980 442 1.13377373 2.08596983
3990 442 1.08289383 2.04473591
4000 442 0.98707003 1.98484603
4010 442 0.89209422 1.92548615
4020 442 0.79711841 1.86612627
4030 442 0.70214260 1.80676639
4040 442 0.57844084 1.74242452
4050 442 0.43576513 1.67447865
4060 442 0.29340741 1.60791078
4070 442 0.15073170 1.53996492
4080 442 0.03497993 1.50063900
4090 442 -0.06932386 1.47318505
4100 442 -0.17224966 1.44541311
4110 442 -0.27655345 1.41795916
4120 442 -0.37566325 1.38785522
4130 442 -0.45166510 1.35096730
4140 442 -0.52766694 1.31407937
4150 442 -0.60313879 1.27634345
4160 442 -0.67914064 1.23945552
4170 442 -0.75514249 1.20256759
3990 475 1.70871658 -0.89432021
4000 475 1.56858486 -0.83803432
4010 475 1.42845314 -0.78174844
4020 475 1.28832142 -0.72546255
4030 475 1.20140160 -0.68073064
4040 475 1.11532977 -0.63546873
4050 475 1.02840994 -0.59073682
4060 475 0.97774204 -0.54929090
4070 475 0.94975810 -0.51017698
4080 475 0.92230416 -0.47191106
4090 475 0.89569821 -0.43311513
4100 475 0.86824426 -0.39484921
4110 475 0.84079032 -0.35658329
4120 475 0.81333637 -0.31831736
4130 475 0.78673043 -0.27952144
4140 475 0.75482449 -0.26998146
4150 475 0.72291855 -0.26044148
4160 475 0.69154262 -0.25174950
4170 475 0.65963668 -0.24220952
4180 475 0.62857874 -0.23213954
3990 678 -0.91170418 -0.28089944
4000 678 -0.91721617 -0.27019346
4010 678 -0.92219816 -0.26033548
4020 678 -0.92771014 -0.24962950
4030 678 -0.93269213 -0.23977152
4040 678 -0.93820412 -0.22906554
4050 678 -0.94371611 -0.21835956
4060 678 -0.94869810 -0.20850158
4070 678 -0.95336209 -0.19726561
4080 678 -0.95633009 -0.18496963
4090 678 -0.93820412 -0.15359369
4100 678 -0.91923016 -0.12168776
4110 678 -0.90110420 -0.09031182
4120 678 -0.88213024 -0.05840588
4130 678 -0.86400427 -0.02702995
4140 678 -0.84556031 0.00572399
4150 678 -0.82605635 0.03678193
4160 678 -0.80846038 0.06900586
4170 678 -0.83792832 0.15200370
4180 678 -0.88700623 0.25694349
4080 709 3.58936482 1.34004932
4090 709 3.41425317 1.36739727
4100 709 3.23967152 1.39389721
4110 709 3.06074388 1.37640725
4120 709 2.88096824 1.35838728
4130 709 2.70257059 1.34004932
4140 709 2.38584323 1.25058550
4150 709 2.06996386 1.16165168
4160 709 1.78641443 1.08702783
4170 709 1.55289689 1.03423993
4180 709 1.31884936 0.98230004
4190 709 1.17193366 0.99661001
4200 709 1.06169388 1.04091792
4210 709 0.95113610 1.08384783
4220 709 0.90831218 1.10896978
4230 709 0.89379021 1.12465775
4240 709 0.87873824 1.14119372
4250 709 0.86421627 1.15688169
4260 709 0.84916430 1.17341765
4270 709 0.83496033 1.19048362
4090 712 3.83093834 1.44032512
4100 712 3.62010476 1.41350717
4110 712 3.37450325 1.32722335
4120 712 3.12148176 1.22450955
4130 712 2.85372629 1.13027574
4140 712 2.55268689 1.05533389
4150 712 2.25302549 0.98007404
4160 712 2.02067396 0.91032618
4170 712 1.80634239 0.84004832
4180 712 1.60663879 0.79542241
4190 712 1.46502307 0.84842230
4200 712 1.32393735 0.90057420
4210 712 1.18285163 0.95272609
4220 712 1.03593593 0.95760208
4230 712 0.88902022 0.96247808
4240 712 0.74263451 0.96650607
4250 712 0.62508075 0.97912004
4260 712 0.62433875 1.01992996
4270 712 0.62359675 1.06073988
4280 712 0.62285475 1.10154980
4110 645 1.37216726 1.67246466
4120 645 1.37619525 1.66790666
4130 645 1.38022324 1.66334867
4140 645 1.38425123 1.65879068
4150 645 1.38827922 1.65423269
4160 645 1.39283721 1.64882670
4170 645 1.39686521 1.64426871
4180 645 1.40089320 1.63971072
4190 645 1.40407319 1.63462273
4200 645 1.40863118 1.62921674
4210 645 1.41265917 1.62465875
4220 645 1.41668717 1.62010076
4230 645 1.42071516 1.61554277
4240 645 1.42474315 1.61098478
4250 645 1.42930114 1.60557879
4260 645 1.43332913 1.60102080
4270 645 1.43735713 1.59646281
4280 645 1.44138512 1.59190482
4290 645 1.44456511 1.58681683
4300 645 1.44997110 1.58194084
4130 891 0.03625193 -0.37121126
4140 891 0.01971596 -0.35796128
4150 891 0.00455799 -0.34502931
4160 891 -0.01112998 -0.33124934
4170 891 -0.02766594 -0.31799936
4180 891 -0.04367191 -0.30559739
4190 891 -0.05935988 -0.29181742
4200 891 -0.07589585 -0.27856744
4210 891 -0.09105382 -0.26563547
4220 891 -0.15486569 -0.24655551
4230 891 -0.21729957 -0.22779354
4240 891 -0.28111144 -0.20871358
4250 891 -0.34492331 -0.18963362
4260 891 -0.40820518 -0.17140166
4270 891 -0.48314703 -0.17224966
4280 891 -0.56307087 -0.18210764
4290 891 -0.64299471 -0.19196562
4300 891 -0.72291855 -0.20182360
4310 891 -0.80284239 -0.21168158
4320 891 -0.80411439 -0.17945764
