1880 767 0.00000000 0.00000000
1890 767 -0.00000000 0.20364675
1900 767 -0.00070711 0.40800061
1910 767 0.00000000 0.61235447
1920 767 0.01909188 0.74599765
1930 767 0.04596194 0.84923524
1940 767 0.07353911 0.95317994
1950 767 0.12727922 1.04368961
1960 767 0.20011122 1.12500689
1970 767 0.27294322 1.20632417
1980 767 0.34860364 1.27915617
1990 767 0.44335595 1.27208510
2000 767 0.53740115 1.26572114
2010 767 0.63215346 1.25865007
2020 767 0.72619866 1.25228611
2030 767 0.82377940 1.23955819
2040 767 0.94540177 1.17167594
2050 767 1.06702413 1.10379369
2060 767 1.18793939 1.03520433
2070 767 1.30956176 0.96732208
1690 846 2.65235754 0.90721800
1700 846 2.64740779 0.85984185
1710 846 2.64245804 0.81246569
1720 846 2.63680119 0.76579664
1730 846 2.63185144 0.71842049
1740 846 2.62690169 0.67104434
1750 846 2.55972655 0.70710678
1760 846 2.42961890 0.82590072
1770 846 2.30021836 0.94398755
1780 846 2.15384726 1.07055967
1790 846 1.99121270 1.20490996
1800 846 1.82787103 1.33289628
1810 846 1.66382226 1.39653589
1820 846 1.49835927 1.46017550
1830 846 1.35128106 1.51815826
1840 846 1.36471609 1.52876486
1850 846 1.37815112 1.53795725
1860 846 1.39158615 1.54856385
1870 846 1.40431407 1.55846335
1880 846 1.41774910 1.56906995
1840 764 -0.14283557 -0.25597265
1850 764 -0.18031223 -0.08555992
1860 764 -0.21778889 0.08485281
1870 764 -0.25455844 0.25455844
1880 764 -0.24465895 0.42002143
1890 764 -0.18738330 0.58194888
1900 764 -0.12940054 0.74458344
1910 764 -0.07141778 0.90580379
1920 764 -0.00777817 1.03591143
1930 764 0.06363961 1.13278506
1940 764 0.13505740 1.23107291
1950 764 0.21213203 1.32228968
1960 764 0.33870415 1.36400898
1970 764 0.46598337 1.40643539
1980 764 0.58760574 1.41633488
1990 764 0.69720729 1.35340238
2000 764 0.80751594 1.29117698
2010 764 0.91782460 1.22753737
2020 764 1.02742615 1.16460487
2030 764 1.16106933 1.08611602
1890 847 1.43118413 1.57967655
1900 847 1.44391205 1.58957604
1910 847 1.45663997 1.59947554
1920 847 1.47007500 1.61008214
1930 847 1.48351003 1.62068874
1940 847 1.53230039 1.51250140
1950 847 1.58109076 1.40289985
1960 847 1.62988113 1.29471252
1970 847 1.65604408 1.20915260
1980 847 1.66594358 1.13985613
1990 847 1.67513596 1.06985256
2000 847 1.68503546 1.00055610
2010 847 1.69422785 0.92630988
2020 847 1.69422785 0.81600123
2030 847 1.69564206 0.70569257
2040 847 1.69634917 0.59467680
2050 847 1.70129892 0.48224682
2060 847 1.74018979 0.35001786
2070 847 1.77908066 0.21778889
2080 847 1.81867864 0.08626703
2030 235 2.26557013 0.29839906
2040 235 2.06404469 0.16192745
2050 235 1.88514668 0.04666905
2060 235 1.75716035 -0.01767767
2070 235 1.62775981 -0.08202439
2080 235 1.56129177 -0.10606602
2090 235 1.55563492 -0.08909545
2100 235 1.54997806 -0.07212489
2110 235 1.54361410 -0.05444722
2120 235 1.53795725 -0.03747666
2130 235 1.53159329 -0.02121320
2140 235 1.52593643 -0.00424264
2150 235 1.52027958 0.01272792
2160 235 1.51391562 0.03040559
2170 235 1.53512882 0.08980256
2180 235 1.59523290 0.21213203
2190 235 1.65533697 0.33446151
2200 235 1.65392276 0.47164022
2210 235 1.65180144 0.60811183
2220 235 1.64968012 0.74458344
