2480 215 0.00000000 0.00000000
2490 215 -0.00000000 0.00400000
2500 215 -0.00100000 0.00800000
2510 215 -0.00100000 0.01300000
2520 215 -0.00200000 0.01700000
2530 215 -0.00200000 0.02200000
2540 215 -0.00200000 0.02600000
2550 215 -0.00300000 0.03000000
2560 215 -0.00300000 0.03400000
2570 215 -0.00400000 0.03900000
2580 215 -0.00400000 0.04300000
2590 215 -0.00400000 0.04700000
2600 215 -0.00500000 0.05200000
2610 215 -0.00500000 0.05600000
2620 215 -0.00600000 0.06000000
2630 215 -0.00600000 0.06500000
2640 215 -0.00600000 0.06900000
2650 215 -0.00700000 0.07300000
2660 215 -0.00700000 0.07800000
2670 215 -0.00800000 0.08200000
2330 400 0.21800000 -0.73700000
2340 400 0.22700000 -0.73500000
2350 400 0.23600000 -0.73300000
2360 400 0.24500000 -0.73200000
2370 400 0.25500000 -0.73000000
2380 400 0.26400000 -0.72900000
2390 400 0.27300000 -0.72700000
2400 400 0.28200000 -0.72600000
2410 400 0.29100000 -0.72400000
2420 400 0.30100000 -0.72300000
2430 400 0.31000000 -0.72100000
2440 400 0.31900000 -0.72000000
2450 400 0.32800000 -0.71800000
2460 400 0.33800000 -0.71700000
2470 400 0.34700000 -0.71500000
2480 400 0.35600000 -0.71400000
2490 400 0.36500000 -0.71200000
2500 400 0.37400000 -0.71100000
2510 400 0.38300000 -0.70900000
2520 400 0.39300000 -0.70800000
2350 338 0.00200000 0.44600000
2360 338 0.00100000 0.44700000
2370 338 -0.00000000 0.44900000
2380 338 -0.00000000 0.45100000
2390 338 -0.00100000 0.45300000
2400 338 -0.00200000 0.45400000
2410 338 -0.00300000 0.45600000
2420 338 -0.00300000 0.45800000
2430 338 -0.00400000 0.45900000
2440 338 -0.00500000 0.46100000
2450 338 -0.00500000 0.46300000
2460 338 -0.00600000 0.46500000
2470 338 -0.00700000 0.46600000
2480 338 -0.00800000 0.46800000
2490 338 -0.00800000 0.47000000
2500 338 -0.00900000 0.47100000
2510 338 -0.01000000 0.47300000
2520 338 -0.01000000 0.47500000
2530 338 -0.01100000 0.47700000
2540 338 -0.01200000 0.47800000
2440 518 0.10800000 1.64300000
2450 518 0.10300000 1.64400000
2460 518 0.09800000 1.64600000
2470 518 0.09200000 1.64700000
2480 518 0.08700000 1.64900000
2490 518 0.08200000 1.65000000
2500 518 0.07600000 1.65100000
2510 518 0.07100000 1.65300000
2520 518 0.06600000 1.65400000
2530 518 0.06000000 1.65600000
2540 518 0.05500000 1.65700000
2550 518 0.05000000 1.65900000
2560 518 0.04400000 1.66000000
2570 518 0.03900000 1.66100000
2580 518 0.03400000 1.66300000
2590 518 0.02800000 1.66400000
2600 518 0.02300000 1.66500000
2610 518 0.01800000 1.66700000
2620 518 0.01200000 1.66800000
2630 518 0.00700000 1.67000000
2460 367 0.55400000 -0.20100000
2470 367 0.56100000 -0.19400000
2480 367 0.56900000 -0.18600000
2490 367 0.57600000 -0.17900000
2500 367 0.58400000 -0.17200000
2510 367 0.59100000 -0.16500000
2520 367 0.59900000 -0.15800000
2530 367 0.60600000 -0.15100000
2540 367 0.61400000 -0.14300000
2550 367 0.62200000 -0.13600000
2560 367 0.62900000 -0.12900000
2570 367 0.63700000 -0.12200000
2580 367 0.64400000 -0.11500000
2590 367 0.65200000 -0.10700000
2600 367 0.67400000 -0.09500000
2610 367 0.69800000 -0.08300000
2620 367 0.72200000 -0.07000000
2630 367 0.74600000 -0.05800000
2640 367 0.76900000 -0.04500000
2650 367 0.79300000 -0.03200000
2460 378 0.83200000 -0.87300000
2470 378 0.83800000 -0.86900000
2480 378 0.84400000 -0.86600000
2490 378 0.85000000 -0.86200000
2500 378 0.85600000 -0.85900000
2510 378 0.86300000 -0.85600000
2520 378 0.86900000 -0.85200000
2530 378 0.87500000 -0.84900000
2540 378 0.88100000 -0.84600000
2550 378 0.88800000 -0.84200000
2560 378 0.89400000 -0.83900000
2570 378 0.90000000 -0.83500000
2580 378 0.90600000 -0.83200000
2590 378 0.91300000 -0.82900000
2600 378 0.91900000 -0.82500000
2610 378 0.92500000 -0.82200000
2620 378 0.93200000 -0.81800000
2630 378 0.93800000 -0.81500000
2640 378 0.94400000 -0.81100000
2650 378 0.95000000 -0.80800000
2480 349 -0.21600000 -0.52600000
2490 349 -0.20800000 -0.53600000
2500 349 -0.20100000 -0.54600000
2510 349 -0.19300000 -0.55700000
2520 349 -0.18500000 -0.56700000
2530 349 -0.15500000 -0.57500000
2540 349 -0.11400000 -0.58300000
2550 349 -0.07400000 -0.59100000
2560 349 -0.03400000 -0.59800000
2570 349 0.00600000 -0.60600000
2580 349 0.04700000 -0.61300000
2590 349 0.08700000 -0.62100000
2600 349 0.12700000 -0.62800000
2610 349 0.16500000 -0.62800000
2620 349 0.19800000 -0.61400000
2630 349 0.23100000 -0.60000000
2640 349 0.26400000 -0.58700000
2650 349 0.29700000 -0.57300000
2660 349 0.33000000 -0.55900000
2670 349 0.36400000 -0.54600000
2530 401 0.40200000 -0.70600000
2540 401 0.41100000 -0.70500000
2550 401 0.42000000 -0.70300000
2560 401 0.42900000 -0.70100000
2570 401 0.43900000 -0.70000000
2580 401 0.44800000 -0.69800000
2590 401 0.45700000 -0.69700000
2600 401 0.49100000 -0.67700000
2610 401 0.54900000 -0.63900000
2620 401 0.60700000 -0.60100000
2630 401 0.66500000 -0.56300000
2640 401 0.72300000 -0.52500000
2650 401 0.78100000 -0.48800000
2660 401 0.83900000 -0.45000000
2670 401 0.89700000 -0.41200000
2680 401 0.95500000 -0.37400000
2690 401 1.01300000 -0.33600000
2700 401 1.07100000 -0.29800000
2710 401 1.13800000 -0.25500000
2720 401 1.21900000 -0.20300000
2550 339 -0.01300000 0.48000000
2560 339 -0.01300000 0.48200000
2570 339 -0.01400000 0.48300000
2580 339 -0.01500000 0.48500000
2590 339 -0.01500000 0.48700000
2600 339 -0.01600000 0.48900000
2610 339 -0.01700000 0.49000000
2620 339 -0.01800000 0.49200000
2630 339 -0.01800000 0.49400000
2640 339 -0.01900000 0.49500000
2650 339 -0.02000000 0.49700000
2660 339 -0.02000000 0.49900000
2670 339 -0.02100000 0.50100000
2680 339 -0.02200000 0.50200000
2690 339 -0.02300000 0.50400000
2700 339 -0.02300000 0.50600000
2710 339 -0.02400000 0.50800000
2720 339 -0.02500000 0.50900000
2730 339 -0.02500000 0.51100000
2740 339 -0.02600000 0.51300000
2660 368 0.81700000 -0.02000000
2670 368 0.84100000 -0.00700000
2680 368 0.86500000 0.00600000
2690 368 0.88900000 0.01800000
2700 368 0.91300000 0.03100000
2710 368 0.93700000 0.04300000
2720 368 0.96000000 0.05600000
2730 368 0.98400000 0.06900000
2740 368 1.00800000 0.08100000
2750 368 1.11400000 0.13200000
2760 368 1.22800000 0.18700000
2770 368 1.34300000 0.24100000
2780 368 1.45700000 0.29600000
2790 368 1.57200000 0.35100000
2800 368 1.63200000 0.38100000
2810 368 1.68700000 0.40900000
2820 368 1.74200000 0.43700000
2830 368 1.79600000 0.46500000
2840 368 1.85100000 0.49300000
2850 368 1.90600000 0.52100000
2660 379 0.95700000 -0.80500000
2670 379 0.96300000 -0.80100000
2680 379 1.07800000 -0.66100000
2690 379 1.19300000 -0.52100000
2700 379 1.30000000 -0.41400000
2710 379 1.38800000 -0.38700000
2720 379 1.47600000 -0.36000000
2730 379 1.56500000 -0.33200000
2740 379 1.65300000 -0.30500000
2750 379 1.74200000 -0.27800000
2760 379 1.78800000 -0.27300000
2770 379 1.82900000 -0.27000000
2780 379 1.87000000 -0.26700000
2790 379 1.91200000 -0.26400000
2800 379 1.95300000 -0.26200000
2810 379 1.99500000 -0.25900000
2820 379 2.03600000 -0.25600000
2830 379 2.08000000 -0.24300000
2840 379 2.12700000 -0.21600000
2850 379 2.17500000 -0.18900000
