2990 555 0.00000000 0.00000000
3000 555 -0.00000000 0.00943398
3010 555 -0.00000000 0.01886796
3020 555 0.00784398 0.03084594
3030 555 0.02830194 0.04716991
3040 555 0.04822990 0.06434187
3050 555 0.06868786 0.08066584
3060 555 0.08914582 0.09698981
3070 555 0.10875578 0.11278377
3080 555 0.12868374 0.12995574
3090 555 0.14914170 0.14627971
3100 555 0.16959966 0.16260367
3110 555 0.18920962 0.17839764
3120 555 0.20913758 0.19556961
3130 555 0.22959554 0.21189358
3140 555 0.25005350 0.22821754
3150 555 0.27051146 0.24454151
3160 555 0.28959142 0.26118348
3170 555 0.29870740 0.26923946
3180 555 0.30273539 0.27411545
2980 412 -2.58342683 0.07875784
2990 412 -2.26966746 0.03900792
3000 412 -1.95675609 -0.00127200
3010 412 -1.68984862 -0.06794586
3020 412 -1.44382311 -0.14649171
3030 412 -1.19832760 -0.22418955
3040 412 -0.95876808 -0.30559739
3050 412 -0.73606253 -0.39400121
3060 412 -0.51282697 -0.48325303
3070 412 -0.29012142 -0.57165686
3080 412 -0.08850982 -0.66970666
3090 412 0.09709581 -0.77422245
3100 412 0.28270143 -0.87873824
3110 412 0.46915506 -0.98272403
3120 412 0.63218274 -1.07186986
3130 412 0.79277241 -1.15900168
3140 412 0.95336209 -1.24613351
3150 412 1.11479977 -1.33273533
3160 412 1.27772144 -1.40661719
3170 412 1.44053712 -1.47466905
2980 416 -2.36019128 -0.31238138
2990 416 -2.05374589 -0.39325921
3000 416 -1.76171648 -0.47371305
3010 416 -1.52957694 -0.55268289
3020 416 -1.29796740 -0.63080474
3030 416 -1.06667587 -0.71030458
3040 416 -0.84174432 -0.79849640
3050 416 -0.61967476 -0.88965622
3060 416 -0.39760520 -0.98081604
3070 416 -0.19715961 -1.06190588
3080 416 -0.02024596 -1.13175974
3090 416 0.15751568 -1.20108360
3100 416 0.33442933 -1.27093746
3110 416 0.48420703 -1.36718527
3120 416 0.61649477 -1.48261903
3130 416 0.74878250 -1.59805280
3140 416 0.88138824 -1.71210858
3150 416 1.04579391 -1.77327045
3160 416 1.21401557 -1.82733035
3170 416 1.38276723 -1.88223824
3020 421 -1.03699593 0.33654933
3030 421 -0.87577025 0.22387155
3040 421 -0.75090250 0.13917772
3050 421 -0.62603475 0.05448389
3060 421 -0.50063700 -0.03105794
3070 421 -0.35605329 -0.12465575
3080 421 -0.20680559 -0.22005556
3090 421 -0.05617989 -0.31577337
3100 421 0.09306781 -0.41117318
3110 421 0.24284551 -0.50742099
3120 421 0.39209322 -0.60282079
3130 421 0.47487905 -0.72207056
3140 421 0.55713489 -0.84047232
3150 421 0.63992072 -0.95972208
3160 421 0.72270655 -1.07897184
3170 421 0.80549239 -1.19822160
3180 421 0.88774822 -1.31662337
3190 421 1.02809194 -1.40343719
3200 421 1.17384165 -1.48569303
3210 421 1.32043936 -1.56741887
3130 821 1.88266223 1.23680553
3140 821 1.70076660 1.08066784
3150 821 1.51971896 0.92506015
3160 821 1.33782332 0.76892246
3170 821 1.13652973 0.55702889
3180 821 0.91689817 0.28768342
3190 821 0.69726661 0.01833796
3200 821 0.47933104 -0.24051352
3210 821 0.26234948 -0.47636305
3220 821 0.04674591 -0.71253057
3230 821 -0.13811772 -0.89410821
3240 821 -0.29118142 -1.02279195
3250 821 -0.44424511 -1.15147570
3260 821 -0.58808682 -1.27793344
3270 821 -0.64532671 -1.37502925
3280 821 -0.70341459 -1.47265505
3290 821 -0.78715443 -1.58395483
3300 821 -0.87820824 -1.69864660
3310 821 -0.96926206 -1.81333837
3320 821 -1.01537197 -1.98484603
3160 823 1.69928260 0.73775852
3170 823 1.46597707 0.48463103
3180 823 1.23320153 0.23065554
3190 823 1.00191000 -0.02003396
3200 823 0.77093646 -0.26934546
3210 823 0.54028092 -0.51727897
3220 823 0.32912934 -0.73415453
3230 823 0.12317175 -0.94424611
3240 823 -0.08246784 -1.15295969
3250 823 -0.18337963 -1.21602957
3260 823 -0.28344343 -1.27856944
3270 823 -0.38350723 -1.34110932
3280 823 -0.47360705 -1.45166710
3290 823 -0.56020888 -1.57536885
3300 823 -0.64649271 -1.69769260
3310 823 -0.73362453 -1.82054636
3320 823 -0.91265817 -1.92654615
3330 823 -1.13228974 -2.02607995
3340 823 -1.35054330 -2.12593175
3350 823 -1.55787888 -2.30740339
