2050 203 0.00000000 0.00000000
2060 203 0.00000000 0.25109759
2070 203 -0.04726449 0.48994496
2080 203 -0.09387983 0.72955300
2090 203 -0.14237492 0.88531315
2100 203 -0.19008944 1.03120464
2110 203 -0.23921376 1.17698461
2120 203 -0.26650594 1.20816372
2130 203 -0.29379812 1.23934284
2140 203 -0.32109030 1.27052195
2150 203 -0.34838247 1.30170106
2160 203 -0.37491399 1.33223102
2170 203 -0.40220617 1.36341014
2180 203 -0.42949835 1.39458925
2190 203 -0.40724405 1.43607113
2200 203 -0.38487825 1.47614320
2210 203 -0.36186329 1.51697593
2220 203 -0.34025814 1.55769715
2230 203 -0.31789234 1.59776921
2240 203 -0.24659735 1.68285167
1940 219 -1.03458181 0.06783418
1950 219 -1.03231974 0.07510626
1960 219 -1.03081833 0.08302748
1970 219 -1.02931693 0.09094870
1980 219 -1.02640571 0.09898144
1990 219 -1.02555345 0.10614200
2000 219 -1.02340289 0.11482388
2010 219 -1.02114082 0.12209595
2020 219 -1.01963941 0.13001718
2030 219 -1.01737734 0.13728925
2040 219 -1.01587594 0.14521047
2050 219 -1.01437453 0.15313170
2060 219 -1.01211246 0.16040377
2070 219 -1.01061105 0.16832499
2080 219 -1.00910964 0.17624622
2090 219 -1.00684757 0.18351829
2100 219 -1.00534617 0.19143951
2110 219 -1.00384476 0.19936073
2120 219 -1.00093354 0.20739347
2130 219 -0.99943213 0.21531469
1950 599 0.75512473 2.66717016
1960 599 0.78207043 2.59553267
1970 599 0.80966528 2.52465585
1980 599 0.83596182 2.45225770
1990 599 0.86355667 2.38138088
2000 599 0.89050237 2.30974339
2010 599 0.91744807 2.23810590
2020 599 0.93803767 2.24682761
2030 599 0.95938794 2.25490017
2040 599 0.97997754 2.26362188
2050 599 1.00132781 2.27169444
2060 599 1.02191741 2.28041615
2070 599 1.04315617 2.28989852
2080 599 1.06450643 2.29797107
2090 599 1.08509604 2.30669278
2100 599 1.10568564 2.31541449
2110 599 1.12703590 2.32348705
2120 599 1.14762551 2.33220876
2130 599 1.16518044 2.28961974
2140 599 1.17817937 2.19701829
1960 225 -1.56949734 -0.45113535
1970 225 -1.54338000 -0.44055779
1980 225 -1.51802333 -0.42933108
1990 225 -1.49266665 -0.41810437
2000 225 -1.46730998 -0.40687766
2010 225 -1.46831357 -0.39418937
2020 225 -1.47213679 -0.38172409
2030 225 -1.47736981 -0.36937033
2040 225 -1.48119303 -0.35690506
2050 225 -1.48501624 -0.34443978
2060 225 -1.49024927 -0.33208602
2070 225 -1.49407248 -0.31962075
2080 225 -1.49865636 -0.30650633
2090 225 -1.50247957 -0.29404105
2100 225 -1.50695193 -0.28233644
2110 225 -1.51153581 -0.26922202
2120 225 -1.51535902 -0.25675674
2130 225 -1.52059205 -0.24440298
2140 225 -1.52441526 -0.23193771
2150 225 -1.52823848 -0.21947244
1970 229 -1.13382211 -0.83871773
1980 229 -1.11273469 -0.80938650
1990 229 -1.09088661 -0.78070442
2000 229 -1.06903853 -0.75202235
2010 229 -1.07314451 -0.70907889
2020 229 -1.08463406 -0.66246354
2030 229 -1.09612362 -0.61584820
2040 229 -1.10620337 -0.56912135
2050 229 -1.11704377 -0.52174535
2060 229 -1.12853333 -0.47513001
2070 229 -1.14002289 -0.42851467
2080 229 -1.13802366 -0.39998393
2090 229 -1.11817481 -0.39983259
2100 229 -1.09832595 -0.39968125
2110 229 -1.07847709 -0.39952992
2120 229 -1.05938890 -0.39872943
2130 229 -1.03954004 -0.39857810
2140 229 -1.01969119 -0.39842676
2150 229 -0.99984233 -0.39827543
2160 229 -0.97999347 -0.39812409
2000 562 -2.09334944 0.98848021
2010 562 -2.10386726 0.98693898
2020 562 -2.11514574 0.98604690
2030 562 -2.12501442 0.98526632
2040 562 -2.13629290 0.98437424
2050 562 -2.14757138 0.98348216
2060 562 -2.15808921 0.98194092
2070 562 -2.16871854 0.98180950
2080 562 -2.17923636 0.98026827
2090 562 -2.19051485 0.97937618
2100 562 -2.20179333 0.97848410
2110 562 -2.21166200 0.97770353
2120 562 -2.22294049 0.97681144
2130 562 -2.23345831 0.97527021
2140 562 -2.24408764 0.97513879
2150 562 -2.25536613 0.97424670
2160 562 -2.26588395 0.97270547
2170 562 -2.27716243 0.97181339
2180 562 -2.28703110 0.97103281
2190 562 -2.29830959 0.97014073
2020 198 0.53959100 -0.99292072
2030 198 0.55314350 -0.68897117
2040 198 0.60116865 -0.42627251
2050 198 0.64778399 -0.16368536
2060 198 0.69516000 0.09825264
2070 198 0.66278613 0.37303424
2080 198 0.61163868 0.65200546
2090 198 0.55348201 0.91198008
2100 198 0.47346532 1.09858481
2110 198 0.40107513 1.26947853
2120 198 0.38647125 1.30166124
2130 198 0.37186737 1.33384394
2140 198 0.35726348 1.36602665
2150 198 0.34265960 1.39820935
2160 198 0.32805572 1.43039206
2170 198 0.31345183 1.46257477
2180 198 0.29884795 1.49475747
2190 198 0.28424407 1.52694018
2200 198 0.26964018 1.55912289
2210 198 0.25503630 1.59130559
2030 586 0.32158811 2.01435625
2040 586 0.32171953 2.00372691
2050 586 0.32185096 1.99309758
2060 586 0.32122172 1.98311740
2070 586 0.32135314 1.97248806
2080 586 0.32148457 1.96185873
2090 586 0.32161599 1.95122940
2100 586 0.37486222 1.90578890
2110 586 0.55225938 1.77937590
2120 586 0.72520409 1.65544798
2130 586 0.86503419 1.54663372
2140 586 1.00486428 1.43781945
2150 586 1.07075500 1.31322646
2160 586 1.02432683 1.16485387
2170 586 0.97865933 1.01583213
2180 586 0.94721339 0.91120349
2190 586 0.94602660 0.90827236
2200 586 0.94483981 0.90534122
2210 586 0.94430217 0.90317075
2220 586 0.94387604 0.89959047
2050 396 -0.44854273 0.97174967
2060 396 -0.49335400 1.17958121
2070 396 -0.53892592 1.38806191
2080 396 -0.57398400 1.49948870
2090 396 -0.60891066 1.60028616
2100 396 -0.64383732 1.70108363
2110 396 -0.67876398 1.80188109
2120 396 -0.64990667 1.84955976
2130 396 -0.62181003 1.89788759
2140 396 -0.59230357 1.94632692
2150 396 -0.56344627 1.99400559
2160 396 -0.53470047 2.04309408
2170 396 -0.50584317 2.09077275
2180 396 -0.47774652 2.13910057
2190 396 -0.36172390 2.20573204
2200 396 -0.11733685 2.29954019
2210 396 0.12812548 2.39768928
2220 396 0.37508922 2.50375959
2230 396 0.62216447 2.60842009
2240 396 0.86847906 2.71372974
2060 193 0.39543589 1.01793490
2070 193 0.24522338 1.21317373
2080 193 0.11867099 1.35141082
2090 193 -0.00712074 1.48899876
2100 193 -0.13302398 1.62799651
2110 193 -0.19586409 1.69608557
2120 193 -0.21814626 1.71773054
2130 193 -0.23901862 1.73948702
2140 193 -0.26054013 1.76048284
2150 193 -0.28206165 1.78147866
2160 193 -0.30293401 1.80323514
2170 193 -0.32445552 1.82423097
2180 193 -0.34608855 1.84663660
2190 193 -0.36761006 1.86763242
2200 193 -0.29004659 1.96314110
2210 193 -0.20241134 2.06583026
2220 193 -0.11412694 2.16928007
2230 193 0.04608567 2.21529007
2240 193 0.22509177 2.24789094
2250 193 0.40548776 2.28982285
2140 220 -0.99793072 0.22323591
2150 220 -0.99566865 0.23050799
2160 220 -0.99416725 0.23842921
2170 220 -0.99266584 0.24635043
2180 220 -0.99040377 0.25362251
2190 220 -0.98890236 0.26154373
2200 220 -0.98664029 0.26881580
2210 220 -0.98513888 0.27673702
2220 220 -0.98363748 0.28465825
2230 220 -0.98072626 0.29269098
2240 220 -0.97987400 0.29985154
2250 220 -0.97772344 0.30853343
2260 220 -0.92052655 0.39250078
2270 220 -0.78168811 0.59216020
2280 220 -0.67331590 0.83622467
2290 220 -0.60836107 1.14494926
2300 220 -0.51845579 1.45210075
2310 220 -0.32483386 1.74830431
2320 220 -0.12347390 2.02738704
2330 220 0.15403971 2.15076934
2150 600 1.19193896 2.10376770
2160 600 1.20493789 2.01116625
2170 600 1.21296664 1.90965990
2180 600 1.17147679 1.73472393
2190 600 1.12998695 1.55978797
2200 600 1.09645019 1.41881887
2210 600 1.08962416 1.41544170
2220 600 1.08344727 1.41282519
2230 600 1.07586058 1.41009716
2240 600 1.06979521 1.40607084
2250 600 1.06296918 1.40269367
2260 600 1.05538249 1.39996564
2270 600 1.04855646 1.39658847
2280 600 1.04173043 1.39321130
2290 600 1.03490439 1.38983412
2300 600 1.02807836 1.38645695
2310 600 1.02125233 1.38307978
2320 600 1.01507545 1.38046327
2330 600 1.00824942 1.37708609
2340 600 1.00142339 1.37370892
2160 226 -1.53282235 -0.20635801
2170 226 -1.53729472 -0.19465340
2180 226 -1.54187859 -0.18153898
2190 226 -1.54570181 -0.16907371
2200 226 -1.55017417 -0.15736909
2210 226 -1.55475805 -0.14425467
2220 226 -1.55858126 -0.13178940
2230 226 -1.56316514 -0.11867497
2240 226 -1.56763750 -0.10697036
2250 226 -1.57146072 -0.09450509
2260 226 -1.49572124 0.04199961
2270 226 -1.40041567 0.20913383
2280 226 -1.36290834 0.47029125
2290 226 -1.33933583 0.75517252
2300 226 -1.17439598 1.07322416
2310 226 -0.97400775 1.40046346
2320 226 -0.78509316 1.66650345
2330 226 -0.59842072 1.91605184
2340 226 -0.41504580 2.13554817
2350 226 -0.23268642 2.32304499
2210 578 -0.45194380 3.14907840
2220 578 -0.45431738 3.14321614
2230 578 -0.45657945 3.13594407
2240 578 -0.45884152 3.12867200
2250 578 -0.46045444 3.12216058
2260 578 -0.46347717 3.11553766
2270 578 -0.46573924 3.10826559
2280 578 -0.46811282 3.10240333
2290 578 -0.47037488 3.09513125
2300 578 -0.47263695 3.08785918
2310 578 -0.47424987 3.08134777
2320 578 -0.47727260 3.07472484
2330 578 -0.47953467 3.06745277
2340 578 -0.48114759 3.06094136
2350 578 -0.48417032 3.05431844
2360 578 -0.48643239 3.04704636
2370 578 -0.48804530 3.04053495
2380 578 -0.49106803 3.03391203
2390 578 -0.49333010 3.02663995
2400 578 -0.49494302 3.02012854
2230 587 0.94268925 0.89665934
2240 587 0.94215161 0.89448887
2250 587 0.94172548 0.89090859
2260 587 0.94053869 0.88797746
2270 587 0.93935190 0.88504633
2280 587 0.93957493 0.88222671
2290 587 0.93838814 0.87929557
2300 587 0.93720135 0.87636444
2310 587 0.93666371 0.87419397
2320 587 0.93623758 0.87061369
2330 587 0.93505079 0.86768256
2340 587 0.93462466 0.86410228
2350 587 0.93408702 0.86193181
2360 587 0.93290023 0.85900068
2370 587 0.93171344 0.85606954
2380 587 0.93193646 0.85324992
2390 587 0.93074967 0.85031879
2400 587 0.92956288 0.84738766
2410 587 0.92913675 0.84380738
2420 587 0.92859911 0.84163691
