2370 612 0.00000000 0.00000000
2380 612 -0.00000000 0.19375242
2390 612 0.00070193 0.38821709
2400 612 0.00070193 0.58196951
2410 612 0.16419924 0.75499444
2420 612 0.39636150 0.91791370
2430 612 0.62922569 1.08154520
2440 612 0.73819981 1.26477905
2450 612 0.81531885 1.45273025
2460 612 0.89315014 1.63997952
2470 612 0.91868788 1.72572813
2480 612 0.89334626 1.70998639
2490 612 0.86800465 1.69424465
2500 612 0.84337528 1.67780098
2510 612 0.81803366 1.66205925
2520 612 0.79269204 1.64631751
2530 612 0.76806267 1.62987384
2540 612 0.74272105 1.61413210
2550 612 0.71737943 1.59839036
2560 612 0.69203781 1.58264862
2230 779 0.69344166 2.16533038
2240 779 0.56777614 1.94378992
2250 779 0.44352478 1.72225978
2260 779 0.31785926 1.50071933
2270 779 0.14322402 1.30357082
2280 779 -0.03140090 1.10500814
2290 779 -0.19899622 0.91215377
2300 779 -0.31170708 0.75647055
2310 779 -0.42371600 0.60149959
2320 779 -0.54005003 0.45781106
2330 779 -0.67156839 0.35997486
2340 779 -0.80450092 0.26212834
2350 779 -0.88104190 0.18873571
2360 779 -0.93361415 0.12541779
2370 779 -0.98618640 0.06209987
2380 779 -1.02348141 -0.05979796
2390 779 -1.04477663 -0.24239181
2400 779 -1.06607185 -0.42498566
2410 779 -1.05820614 -0.63070180
2420 779 -1.03682834 -0.84692620
2340 608 0.07892547 -0.44703442
2350 608 -0.02407196 -0.28656158
2360 608 -0.12635713 -0.12679067
2370 608 -0.22935456 0.03368216
2380 608 -0.34570923 0.18345061
2390 608 -0.47542116 0.32251468
2400 608 -0.60583502 0.46086650
2410 608 -0.68590627 0.58049340
2420 608 -0.69078879 0.66814133
2430 608 -0.69568164 0.75720345
2440 608 -0.65488731 0.78720049
2450 608 -0.42853658 0.58378626
2460 608 -0.22597911 0.34625632
2470 608 -0.05911668 0.05825992
2480 608 0.06830366 -0.15436194
2490 608 0.15485742 -0.29020541
2500 608 0.18619638 -0.32109018
2510 608 0.16231023 -0.24560209
2520 608 0.13772215 -0.17082625
2530 608 0.11383600 -0.09533816
2540 609 0.08924792 -0.02056232
2550 609 0.06536176 0.05492577
2560 609 0.04006144 0.13040353
2570 609 0.00710185 0.18956150
2580 609 -0.04611039 0.21392249
2590 609 -0.09931231 0.23686930
2600 609 -0.15252455 0.26123029
2610 609 -0.20572646 0.28417710
2620 609 -0.25964063 0.30782583
2630 609 -0.31214062 0.33148489
2640 609 -0.36605478 0.35513363
2650 609 -0.41570578 0.37598498
2660 609 -0.45044083 0.38775258
2670 609 -0.48446363 0.39881825
2680 609 -0.51918836 0.40917166
2690 609 -0.55392341 0.42093926
2700 609 -0.58794621 0.43200493
2710 609 -0.62267093 0.44235835
2720 609 -0.65740598 0.45412594
2730 609 -0.69142879 0.46519161
2550 627 0.52161413 0.22725910
2560 627 0.47170508 0.28346485
2570 627 0.42179602 0.33967060
2580 627 0.37258890 0.39658860
2590 627 0.32267984 0.45279435
2600 627 0.28000683 0.48642489
2610 627 0.24748078 0.48618748
2620 627 0.21425281 0.48523781
2630 627 0.18172676 0.48500040
2640 627 0.14991297 0.48406105
2650 627 0.11668499 0.48311139
2660 627 0.08415895 0.48287397
2670 627 0.05163290 0.48263655
2680 627 0.01840493 0.48168689
2690 627 -0.02549646 0.48985195
2700 627 -0.11136893 0.53235980
2710 627 -0.19865558 0.57485734
2720 627 -0.28524031 0.61806712
2730 627 -0.34207573 0.65442280
2740 627 -0.33021523 0.67643026
