1860 364 0.00000000 0.00000000
1870 364 -0.00000000 0.06306346
1880 364 -0.00348855 0.13243802
1890 364 -0.01915531 0.22613729
1900 364 -0.03616992 0.31940842
1910 364 -0.05183667 0.41310768
1920 364 -0.06839143 0.50726681
1930 364 -0.08962401 0.55542465
1940 364 -0.11371086 0.59154699
1950 364 -0.13733785 0.62855733
1960 364 -0.16142470 0.66467967
1970 364 -0.18551155 0.70080202
1980 364 -0.20913854 0.73781235
1990 364 -0.23233739 0.77347484
2000 364 -0.25596439 0.81048518
2010 364 -0.28005124 0.84660753
2020 364 -0.23975849 0.94398563
2030 364 -0.19223493 1.04662827
2040 364 -0.14471137 1.14927091
2050 364 -0.09672796 1.25280154
1680 211 0.62981003 2.33827956
1690 211 0.61566555 2.35010892
1700 211 0.60148936 2.35970243
1710 211 0.58777301 2.37018393
1720 211 0.57405667 2.38066544
1730 211 0.55945233 2.39160680
1740 211 0.54573599 2.40208831
1750 211 0.53201965 2.41256981
1760 211 0.51830331 2.42305132
1770 211 0.51478304 2.42712658
1780 211 0.52234685 2.42433574
1790 211 0.52945081 2.42065690
1800 211 0.53701462 2.41786606
1810 211 0.54411857 2.41418723
1820 211 0.55168238 2.41139639
1830 211 0.55878634 2.40771756
1840 211 0.56635015 2.40492672
1850 211 0.57391396 2.40213588
1860 211 0.58101791 2.39845704
1870 211 0.58858172 2.39566620
1680 345 -0.30788035 -0.26398805
1690 345 -0.30826092 -0.22775471
1700 345 -0.30729364 -0.19109323
1710 345 -0.30721435 -0.15397189
1720 345 -0.30624707 -0.11731040
1730 345 -0.30662764 -0.08107706
1740 345 -0.30566036 -0.04441558
1750 345 -0.30558108 -0.00729424
1760 345 -0.30461380 0.02936724
1770 345 -0.30761078 0.16492910
1780 345 -0.30971976 0.30003111
1790 345 -0.31136890 0.43602111
1800 345 -0.31095661 0.52815053
1810 345 -0.30564450 0.55580521
1820 345 -0.30079225 0.58257190
1830 345 -0.29459215 0.60976673
1840 345 -0.28928004 0.63742142
1850 345 -0.28442778 0.66418810
1860 345 -0.27911567 0.69184279
1870 345 -0.27380356 0.71949747
1730 397 -2.56359229 -2.67357674
1740 397 -2.18391125 -2.45578025
1750 397 -1.80511821 -2.23752391
1760 397 -1.46546035 -2.00350567
1770 397 -1.18805723 -1.74400516
1780 397 -0.90976613 -1.48496451
1790 397 -0.75076756 -1.28013908
1800 397 -0.67141892 -1.10951730
1810 397 -0.59118228 -0.93935537
1820 397 -0.53990060 -0.85555090
1830 397 -0.49472389 -0.79223373
1840 397 -0.44865918 -0.72937641
1850 397 -0.40394231 -0.66694723
1860 397 -0.35876560 -0.60363006
1870 397 -0.30369409 -0.53642791
1880 397 -0.20766384 -0.45102187
1890 397 -0.11298143 -0.36604398
1900 397 -0.01829903 -0.28106609
1910 397 0.07684323 -0.19520020
1920 397 0.10427591 -0.09003629
1750 335 0.33364804 2.23826919
1760 335 0.33141220 2.23830091
1770 335 0.32963621 2.23922062
1780 335 0.32828836 2.23879248
1790 335 0.32651237 2.23971218
1800 335 0.32427653 2.23974390
1810 335 0.32204069 2.23977561
1820 335 0.32069284 2.23934747
1830 335 0.31891685 2.24026718
1840 335 0.31668101 2.24029890
1850 335 0.31533316 2.23987076
1860 335 0.31355717 2.24079046
1870 335 0.31132133 2.24082218
1880 335 0.30908548 2.24085389
1890 335 0.30773763 2.24042575
1900 335 0.30596165 2.24134546
1910 335 0.30372580 2.24137717
1920 335 0.30148996 2.24140889
1930 335 0.30060196 2.24186874
1940 335 0.29836612 2.24190046
1860 375 0.53382735 -0.55009668
1870 375 0.51559175 -0.51137378
1880 375 0.49735615 -0.47265088
1890 375 0.47823256 -0.43346813
1900 375 0.54242187 -0.32256397
1910 375 0.61433356 -0.20327143
1920 375 0.68667339 -0.08532675
1930 375 0.75947308 0.03350593
1940 375 0.83871072 0.22783399
1950 375 0.92357761 0.47217517
1960 375 1.00709666 0.71608821
1970 375 1.05747449 0.89382980
1980 375 1.09865523 1.05381151
1990 375 1.14029582 1.21468121
2000 375 1.17627545 1.32330195
2010 375 1.20670512 1.35596746
2020 375 1.23578693 1.38820483
2030 375 1.26621660 1.42087034
2040 375 1.29575827 1.45399570
2050 375 1.32572808 1.48577322
1880 212 0.59568568 2.39198737
1890 212 0.60324949 2.38919653
1900 212 0.61081330 2.38640569
1910 212 0.61791725 2.38272686
1920 212 0.62548106 2.37993602
1930 212 0.63304487 2.37714518
1940 212 0.64014883 2.37346634
1950 212 0.64771264 2.37067550
1960 212 0.65481659 2.36699667
1970 212 0.66238040 2.36420583
1980 212 0.66948436 2.36052700
1990 212 0.67704817 2.35773616
2000 212 0.68461198 2.35494532
2010 212 0.69171593 2.35126648
2020 212 0.69927974 2.34847564
2030 212 0.70684355 2.34568480
2040 212 0.71394751 2.34200597
2050 212 0.72151131 2.33921513
2060 212 0.72861527 2.33553630
2070 212 0.73617908 2.33274546
1880 346 -0.26849145 0.74715215
1890 346 -0.26363920 0.77391884
1900 346 -0.25743909 0.80111367
1910 346 -0.25212698 0.82876835
1920 346 -0.24727473 0.85553504
1930 346 -0.24196262 0.88318973
1940 346 -0.29438600 0.97114874
1950 346 -0.34769738 1.05956761
1960 346 -0.40012077 1.14752663
1970 346 -0.45254415 1.23548565
1980 346 -0.50585553 1.32390452
1990 346 -0.50227184 1.38736441
2000 346 -0.47468058 1.44064407
2010 346 -0.44708933 1.49392374
2020 346 -0.41995793 1.54631541
2030 346 -0.39236667 1.59959507
2040 346 -0.36477542 1.65287474
2050 346 -0.31931328 1.67325104
2060 346 -0.23330467 1.61970180
2070 346 -0.14594822 1.56658071
1930 398 0.13259659 0.01466776
1940 398 0.16091727 0.11937182
1950 398 0.18834996 0.22453573
1960 398 0.22039704 0.30816577
1970 398 0.25571068 0.36983381
1980 398 0.29148416 0.43238985
1990 398 0.32725765 0.49494588
2000 398 0.36257129 0.55661392
2010 398 0.39834478 0.61916996
2020 398 0.43365841 0.68083800
2030 398 0.52309214 0.74263290
2040 398 0.66572624 0.80277866
2050 398 0.80882019 0.86381242
2060 398 0.93981523 0.92322876
2070 398 0.96556706 0.97295645
2080 398 0.99177876 1.02357213
2090 398 1.01799045 1.07418781
2100 398 1.04374229 1.12391550
2110 398 1.06995398 1.17453118
2120 398 1.09616567 1.22514686
1950 336 0.29613028 2.24193217
1960 336 0.29478243 2.24150403
1970 336 0.29300644 2.24242374
1980 336 0.29077060 2.24245545
1990 336 0.28853475 2.24248717
2000 336 0.28764676 2.24294702
2010 336 0.28541092 2.24297874
2020 336 0.28317507 2.24301045
2030 336 0.28182723 2.24258231
2040 336 0.28005124 2.24350202
2050 336 0.27781539 2.24353373
2060 336 0.27557955 2.24356545
2070 336 0.27469156 2.24402530
2080 336 0.27245571 2.24405701
2090 336 0.27021987 2.24408873
2100 336 0.26887202 2.24366059
2110 336 0.26709603 2.24458030
2120 336 0.26486019 2.24461201
2130 336 0.26262435 2.24464373
2140 336 0.26173635 2.24510358
