1460 535 0.00000000 0.00000000
1470 535 -0.00000000 0.00721110
1480 535 0.00055470 0.01359015
1490 535 0.00055470 0.02080126
1500 535 0.00055470 0.02801236
1510 535 0.03383671 0.04659482
1520 535 0.06656402 0.06600932
1530 535 0.10012339 0.08597853
1540 535 0.13285070 0.10539304
1550 535 0.16557801 0.12480754
1560 535 0.19886002 0.14339000
1570 535 0.23158733 0.16280451
1580 535 0.26431464 0.18221901
1590 535 0.29759666 0.20080147
1600 535 0.35223462 0.24684159
1610 535 0.42046275 0.31035476
1620 535 0.48924557 0.37303588
1630 535 0.55802840 0.43571700
1640 535 0.64317488 0.49368317
1650 535 0.79349863 0.53140279
1400 532 -0.08431443 0.55553225
1410 532 -0.08098623 0.56135660
1420 532 -0.07738068 0.56856770
1430 532 -0.07405248 0.57439205
1440 532 -0.07044692 0.58160316
1450 532 -0.06767342 0.58825956
1460 532 -0.06351317 0.59463861
1470 532 -0.05935292 0.60101766
1480 532 -0.05657942 0.60767406
1490 532 -0.05297387 0.61488517
1500 532 -0.04964567 0.62070952
1510 532 -0.04604012 0.62792062
1520 532 -0.04271192 0.63374497
1530 532 -0.03910636 0.64095608
1540 532 -0.03633286 0.64761248
1550 532 -0.03217261 0.65399153
1560 532 -0.02856706 0.66120263
1570 532 -0.02523886 0.66702699
1580 532 0.06517727 0.73331366
1590 532 0.17805876 0.81457724
1530 389 -1.01343726 -1.14074095
1540 389 -0.95574844 -0.90998567
1550 389 -0.89861432 -0.67839834
1560 389 -0.84148020 -0.44681101
1570 389 -0.80570204 -0.16335921
1580 389 -0.80209648 0.20080147
1590 389 -0.75522432 0.53251219
1600 389 -0.60406851 0.79072513
1610 389 -0.45429946 1.04921542
1620 389 -0.23269673 1.37121889
1630 389 -0.00249615 1.70015610
1640 389 0.22493093 2.00440916
1650 389 0.45124861 2.29229856
1660 389 0.66314408 2.57658241
1670 389 0.81707339 2.84866286
1680 389 0.97710440 3.04669083
1690 389 1.14767471 3.13516551
1700 389 1.34542533 3.22613634
1710 389 1.58283701 3.32071272
1720 389 1.80804529 3.44080532
1600 392 -2.67143615 -1.56342250
1610 392 -2.36080404 -1.14601061
1620 392 -2.04933987 -0.72804401
1630 392 -1.64135788 -0.37553203
1640 392 -1.22339128 -0.03078586
1650 392 -0.82678064 0.23241938
1660 392 -0.44459221 0.44154136
1670 392 -0.05269652 0.64872188
1680 392 0.35251197 0.85396095
1690 392 0.75744312 1.05781327
1700 392 1.12520935 1.22006308
1710 392 1.47772132 1.36373043
1720 392 1.80499444 1.51100333
1730 392 2.03658177 1.67741339
1740 392 2.26040330 1.81581109
1750 392 2.42764541 1.70015610
1760 392 2.61097382 1.64690488
1770 392 2.86003421 1.83938585
1780 392 3.08690659 2.05072663
1790 392 3.26413330 2.30588872
