3930 890 0.00000000 0.00000000
3940 890 0.00000000 0.12580143
3950 890 0.00091414 0.25200826
3960 890 0.00050874 0.37872383
3970 890 0.00050874 0.50452526
3980 890 0.00558022 0.62382438
3990 890 0.01329079 0.74210603
4000 890 0.02008721 0.85998227
4010 890 0.02647824 0.97877265
4020 890 0.03669275 1.05440772
4030 890 0.05213772 1.06891471
4040 890 0.06798810 1.08250756
4050 890 0.08251893 1.09660915
4060 890 0.09836931 1.11020200
4070 890 0.11381429 1.12470899
4080 890 0.12925926 1.13921598
4090 890 0.14419550 1.15240343
4100 890 0.15964047 1.16691042
4110 890 0.17549085 1.18050327
4120 890 0.19002169 1.19460485
3750 454 -2.03643153 0.18643667
3760 454 -1.99539861 0.32824746
3770 454 -1.95477109 0.47097239
3780 454 -1.91465231 0.61237777
3790 454 -1.87402479 0.75510270
3800 454 -1.83339727 0.89782763
3810 454 -1.71199961 0.97682514
3820 454 -1.51064260 0.99392351
3830 454 -1.30928559 1.01102189
3840 454 -1.10884271 1.02771486
3850 454 -0.82361543 1.04809619
3860 454 -0.53970769 1.06898625
3870 454 -0.31056880 1.03823938
3880 454 -0.11933092 0.97208751
3890 454 0.07190697 0.90593564
3900 454 0.22306583 0.87342409
3910 454 0.35748401 0.85646085
3920 454 0.49190220 0.83949761
3930 454 0.59381678 0.80702580
3940 454 0.64728199 0.75306775
3770 458 -2.09504771 0.02260706
3780 458 -2.08417343 0.16088847
3790 458 -2.07238501 0.29957529
3800 458 -2.06191613 0.43877084
3810 458 -2.03896727 0.56709212
3820 458 -1.90978750 0.60140810
3830 458 -1.78152187 0.63531869
3840 458 -1.65325624 0.66922927
3850 458 -1.52539600 0.70405400
3860 458 -1.39713037 0.73796458
3870 458 -1.26886474 0.77187516
3880 458 -1.14059911 0.80578575
3890 458 -0.87103938 0.78749502
3900 458 -0.60239378 0.76879889
3910 458 -0.33283405 0.75050816
3920 458 -0.13975199 0.70486480
3930 458 -0.02446713 0.63237755
3940 458 0.09132647 0.56120983
3950 458 0.17884534 0.55626553
3960 458 0.25379680 0.57965954
3780 462 -2.09942763 1.01176115
3790 462 -1.97727481 1.14578983
3800 462 -1.85420785 1.28022391
3810 462 -1.73337456 1.41476133
3820 462 -1.61030760 1.54919542
3830 462 -1.36109740 1.60392452
3840 462 -1.07920871 1.63923414
3850 462 -0.79732003 1.67454375
3860 462 -0.53524828 1.68793788
3870 462 -0.35061604 1.61448084
3880 462 -0.16649254 1.53970427
3890 462 0.00839418 1.46848886
3900 462 0.09303551 1.42069926
3910 462 0.17818557 1.37422920
3920 462 0.26282690 1.32643960
3930 462 0.34797696 1.27996954
3940 462 0.43353243 1.23258534
3950 462 0.49483539 1.20288775
3960 462 0.52285574 1.19890528
3970 462 0.55087609 1.19492282
3790 677 0.57608248 0.59787873
3800 677 0.54872190 0.79030898
3810 677 0.52136132 0.98273922
3820 677 0.49207707 1.18197384
3830 677 0.46046376 1.38892697
3840 677 0.42885045 1.59588010
3850 677 0.39211796 1.75024241
3860 677 0.35436004 1.89211679
3870 677 0.31568798 2.03358577
3880 677 0.30720636 2.09217811
3890 677 0.31766729 2.09572338
3900 677 0.32904236 2.09967405
3910 677 0.34041743 2.10362472
3920 677 0.35087836 2.10716999
3930 677 0.36225343 2.11112066
3940 677 0.37362850 2.11507133
3950 677 0.38408943 2.11861660
3960 677 0.39546450 2.12256727
3970 677 0.40683957 2.12651794
3980 677 0.41730050 2.13006321
3950 455 0.70115260 0.69819556
3960 455 0.75461781 0.64423751
3970 455 0.80848842 0.58936532
3980 455 0.85535593 0.53795096
3990 455 0.84212874 0.50364292
4000 455 0.82981568 0.46974029
4010 455 0.81658849 0.43543225
4020 455 0.80336129 0.40112421
4030 455 0.79013410 0.36681618
4040 455 0.77782104 0.33291354
4050 455 0.77262237 0.30763561
4060 455 0.77311521 0.28925744
4070 455 0.77269391 0.27047387
4080 455 0.77359216 0.25118156
4090 455 0.77408500 0.23280339
4100 455 0.77406910 0.21310568
4110 455 0.77456194 0.19472751
4120 455 0.77414064 0.17594394
4130 455 0.77503888 0.15665164
4140 455 0.77553172 0.13827347
3970 459 0.32834285 0.60396769
3980 459 0.40329430 0.62736170
3990 459 0.47824575 0.65075571
4000 459 0.47898501 0.68608918
4010 459 0.46195818 0.72448302
4020 459 0.44493135 0.76287686
4030 459 0.42749911 0.80218483
4040 459 0.41047228 0.84057867
4050 459 0.39344545 0.87897251
4060 459 0.45819034 0.83658031
4070 459 0.54210830 0.77315496
4080 459 0.62653500 0.71104915
4090 459 0.71136711 0.64802920
4100 459 0.77398166 0.60797401
4110 459 0.74538898 0.65764753
4120 459 0.71811584 0.70681231
4130 459 0.69084270 0.75597709
4140 459 0.66356956 0.80514188
4150 459 0.66070791 0.78199429
4160 459 0.67031034 0.72827471
3980 463 0.57849104 1.19185449
3990 463 0.60651138 1.18787202
4000 463 0.63453173 1.18388956
4010 463 0.66255208 1.17990709
4020 463 0.69016703 1.17683876
4030 463 0.71727324 1.17245089
4040 463 0.74529359 1.16846843
4050 463 0.77239185 1.15423170
4060 463 0.79602433 1.12314303
4070 463 0.82057095 1.09245975
4080 463 0.84511757 1.06177648
4090 463 0.86966419 1.03109320
4100 463 0.89421082 1.00040993
4110 463 0.91875744 0.96972665
4120 463 0.93903542 0.93386855
4130 463 0.94213555 0.87507749
4140 463 0.94574441 0.81760596
4150 463 0.94884453 0.75881490
4160 463 0.95245340 0.70134337
4170 463 0.95555352 0.64255231
3990 475 -0.54737056 -0.37401800
4000 475 -0.47192627 -0.24320073
4010 475 -0.39648198 -0.11238346
4020 475 -0.32103768 0.01843381
4030 475 -0.26452004 0.09819443
4040 475 -0.20759700 0.17704091
4050 475 -0.15107936 0.25680153
4060 475 -0.10291616 0.30113330
4070 475 -0.06025369 0.32333496
4080 475 -0.01850535 0.34513121
4090 475 0.02364838 0.36601333
4100 475 0.06539671 0.38780958
4110 475 0.10714505 0.40960583
4120 475 0.14889338 0.43140209
4130 475 0.19104711 0.45228420
4140 475 0.20498177 0.48253028
4150 475 0.21891643 0.51277636
4160 475 0.23193695 0.54261704
4170 475 0.24587161 0.57286312
4180 475 0.26021167 0.60219506
3990 678 0.42867557 2.13401388
4000 678 0.44005064 2.13796455
4010 678 0.45051157 2.14150982
4020 678 0.46188664 2.14546049
4030 678 0.47234757 2.14900576
4040 678 0.48372264 2.15295643
4050 678 0.49509771 2.15690711
4060 678 0.50555864 2.16045237
4070 678 0.51733911 2.16348891
4080 678 0.52993038 2.16469716
4090 678 0.55844357 2.14233652
4100 678 0.58736216 2.11906175
4110 678 0.61587535 2.09670111
4120 678 0.64479394 2.07342634
4130 678 0.67330713 2.05106570
4140 678 0.70313986 2.02819633
4150 678 0.73114431 2.00451615
4160 678 0.76057164 1.98256092
4170 678 0.84689021 2.00005674
4180 678 0.95769181 2.03387989
