2860 369 0.00000000 0.00000000
2870 369 0.00000000 0.06171710
2880 369 0.00108560 0.14981262
2890 369 0.00184714 0.25490506
2900 369 0.00306236 0.36088866
2910 369 0.00338642 0.46732594
2920 369 0.00414796 0.57241837
2930 369 0.00536318 0.67840197
2940 369 -0.03099627 0.78331618
2950 369 -0.07762841 0.89009372
2960 369 -0.12382306 0.99552642
2970 369 -0.16956404 1.10185028
2980 369 -0.21575869 1.20728298
2990 369 -0.24216953 1.26561365
3000 369 -0.25495367 1.29119814
3010 369 -0.26817529 1.31812747
3020 369 -0.28185059 1.34416563
3030 369 -0.29463473 1.36975011
3040 369 -0.30785635 1.39667944
3050 369 -0.32153165 1.42271761
2670 254 1.31968295 -1.98585168
2680 254 1.23486042 -1.71824350
2690 254 1.15003790 -1.45063532
2700 254 1.02577735 -1.13265212
2710 254 0.88379077 -0.79217920
2720 254 0.74180418 -0.45170628
2730 254 0.56144897 -0.22186721
2740 254 0.38154744 0.00886302
2750 254 0.15642343 0.23231812
2760 254 -0.17479759 0.44133638
2770 254 -0.50647230 0.64946348
2780 254 -0.86538420 0.86360187
2790 254 -1.24215176 1.08234191
2800 254 -1.61802816 1.30062826
2810 254 -1.93622200 1.57931927
2820 254 -2.21389222 1.89573079
2830 254 -2.49245361 2.21259599
2840 254 -2.75375884 2.50384430
2850 254 -3.00889074 2.78297279
2860 254 -3.27829745 3.06712420
2680 257 1.75029297 -1.62493062
2690 257 1.67520842 -1.30953989
2700 257 1.61117430 -1.01211825
2710 257 1.59132567 -0.78880898
2720 257 1.57103956 -0.56415486
2730 257 1.55297325 -0.34175295
2740 257 1.53843919 -0.12563780
2750 257 1.52390513 0.09047736
2760 257 1.50802622 0.30615504
2770 257 1.36738448 0.52363124
2780 257 1.14221187 0.74037832
2790 257 0.91660177 0.95847024
2800 257 0.65534515 1.19470948
2810 257 0.39408853 1.43094872
2820 257 0.12118198 1.66414180
2830 257 -0.16873769 1.89477481
2840 257 -0.45820367 2.12629899
2850 257 -0.73169353 2.34071284
2860 257 -0.98784621 2.54068984
2870 257 -1.24445258 2.73977568
2680 350 0.25424074 -1.88331932
2690 350 0.25762716 -1.84801305
2700 350 0.26012241 -1.81225311
2710 350 0.26261767 -1.77649316
2720 350 0.26017102 -1.68211089
2730 350 0.25354401 -1.54744804
2740 350 0.24646331 -1.41367635
2750 350 0.24027378 -1.28035835
2760 350 0.24479441 -1.15024854
2770 350 0.26002519 -1.02334691
2780 350 0.27658463 -0.89824381
2790 350 0.29136173 -0.77223335
2800 350 0.30698139 -0.65338459
2810 350 0.31770775 -0.59263967
2820 350 0.32798043 -0.53278592
2830 350 0.33870680 -0.47204100
2840 350 0.34897948 -0.41218725
2850 350 0.35970584 -0.35144233
2860 350 0.36997852 -0.29158857
2870 350 0.38114236 -0.23218850
2690 260 1.93499057 -2.11955856
2700 260 1.85326282 -1.79517518
2710 260 1.78499972 -1.46418100
2720 260 1.71044988 -1.13671906
2730 260 1.56907900 -0.83471198
2740 260 1.42725444 -0.53359607
2750 260 1.28309665 -0.24588001
2760 260 1.13333264 0.00878201
2770 260 0.98356863 0.26344402
2780 260 0.83469578 0.51765235
2790 260 0.59999582 0.71568500
2800 260 0.36484218 0.91282648
2810 260 0.12968854 1.10996796
2820 260 -0.15452768 1.32535399
2830 260 -0.44409088 1.54346211
2840 260 -0.70657893 1.73319884
2850 260 -0.95129232 1.90715388
2860 260 -1.18168229 2.08279403
2870 260 -1.39146209 2.26365153
2880 260 -1.60035072 2.44405535
2730 402 0.32483706 -0.90485462
2740 402 0.31613606 -0.80953257
2750 402 0.30654391 -0.71375684
2760 402 0.29917156 -0.62023333
2770 402 0.31044882 -0.54518119
2780 402 0.32261725 -0.47058273
2790 402 0.33389451 -0.39553060
2800 402 0.34517178 -0.32047846
2810 402 0.35644904 -0.24542632
2820 402 0.37764252 -0.15971263
2830 402 0.39974337 -0.07221662
2840 402 0.42318906 0.01571688
2850 402 0.44574359 0.10410405
2860 402 0.48192481 0.22146214
2870 402 0.53262389 0.36733744
2880 402 0.58243181 0.51366642
2890 402 0.63313089 0.65954172
2900 402 0.66971718 0.77108294
2910 402 0.69763489 0.85898403
2920 402 0.72509892 0.94599395
2810 623 1.75726024 -0.29314406
2820 623 1.44624432 -0.01137448
2830 623 1.14323265 0.26407594
2840 623 0.91047705 0.48356131
2850 623 0.67726776 0.70215552
2860 623 0.39737773 0.95910215
2870 623 0.09658588 1.23230036
2880 623 -0.20420598 1.50549856
2890 623 -0.46755278 1.82359518
2900 623 -0.71963852 2.15279084
2910 623 -0.97261542 2.48244018
2920 623 -1.19746398 2.80562453
2930 623 -1.40400318 3.12509841
2940 623 -1.59312420 3.44131549
2950 623 -1.63708285 3.73188327
2960 623 -1.68149518 4.02155989
2970 623 -1.72545382 4.31212768
2980 623 -1.74802455 4.59180707
2990 623 -1.76926664 4.86968793
3000 623 -1.78916388 5.14800627
2860 380 0.75293561 -0.08819274
2870 380 0.75065100 -0.03316747
2880 380 0.74791270 0.02096664
2890 380 0.74562808 0.07599191
2900 380 0.73072135 0.17896176
2910 380 0.69710019 0.35317604
2920 380 0.66437020 0.52693665
2930 380 0.64533172 0.67689510
2940 380 0.64356560 0.80347267
2950 380 0.64179947 0.93005023
2960 380 0.63580438 1.02848325
2970 380 0.61725198 1.06037069
2980 380 0.60004443 1.09269560
2990 380 0.58194572 1.12547420
3000 380 0.56428448 1.15690796
3010 380 0.54707694 1.18923287
3020 380 0.52897822 1.22201147
3030 380 0.51131699 1.25344523
3040 380 0.49410944 1.28577014
3050 380 0.47601073 1.31854874
2860 874 2.06576471 -0.36604120
2870 874 2.07469254 -0.43005912
2880 874 2.04045568 -0.40253028
2890 874 2.00487397 -0.37543892
2900 874 1.97018342 -0.34880124
2910 874 1.93460170 -0.32170988
2920 874 1.89901999 -0.29461853
2930 874 1.86478312 -0.26708969
2940 874 1.82920141 -0.23999833
2950 874 1.79451086 -0.21336065
2960 874 1.70520011 -0.07139027
2970 874 1.60312143 0.09840061
2980 874 1.51176911 0.26721931
2990 874 1.44723270 0.43360757
3000 874 1.38314997 0.60088698
3010 874 1.32190276 0.78916545
3020 874 1.27084721 1.02611762
3030 874 1.21979167 1.26306979
3040 874 1.16873612 1.50002196
3050 874 1.19038328 1.58662681
2880 351 0.39186873 -0.17144358
2890 351 0.40214141 -0.11158983
2900 351 0.40876842 0.00061571
2910 351 0.41421262 0.13474386
2920 351 0.42054798 0.26841833
2930 351 0.42553849 0.40165532
2940 351 0.43098269 0.53578347
2950 351 0.39510932 0.64606085
2960 351 0.34935214 0.75014870
2970 351 0.30359497 0.85423656
2980 351 0.25829148 0.95921557
2990 351 0.23330650 1.02916377
3000 351 0.22910994 1.06720834
3010 351 0.22535085 1.10390806
3020 351 0.22159176 1.14060777
3030 351 0.21783267 1.17730749
3040 351 0.21363610 1.21535205
3050 351 0.20987702 1.25205177
3060 351 0.20522676 1.28920517
3070 351 0.20146768 1.32590489
2930 403 0.75301663 1.03389504
2940 403 0.76826362 1.10131558
2950 403 0.76450453 1.13801530
2960 403 0.76030796 1.17605986
2970 403 0.75654888 1.21275958
2980 403 0.75278979 1.24945930
2990 403 0.74903070 1.28615901
3000 403 0.74527161 1.32285873
3010 403 0.74151252 1.35955845
3020 403 0.73775344 1.39625817
3030 403 0.73399435 1.43295788
3040 403 0.72979778 1.47100245
3050 403 0.72603869 1.50770216
3060 403 0.74577390 1.63904341
3070 403 0.76917099 1.78198597
3080 403 0.79122322 1.92449105
3090 403 0.81146073 2.06343148
3100 403 0.83168203 2.20013591
3110 403 0.85055848 2.33640285
3120 403 0.87045573 2.49010418
3050 264 1.74444370 -2.37041287
3060 264 1.60718837 -1.99419621
3070 264 1.46993305 -1.61797955
3080 264 1.35532948 -1.26339385
3090 264 1.26337764 -0.93043910
3100 264 1.17187950 -0.59659320
3110 264 1.09570936 -0.30758090
3120 264 1.02655510 -0.03785013
3130 264 0.95740084 0.23188064
3140 264 0.90075527 0.49973187
3150 264 0.85750956 0.76524987
3160 264 0.81291899 1.03033039
3170 264 0.78075611 1.28235132
3180 264 0.79514434 1.47813175
3190 264 0.80864141 1.67436587
3200 264 0.82302964 1.87014631
3210 264 0.92714990 2.04380969
3220 264 1.04108916 2.21471857
3230 264 1.15548210 2.38651862
3240 264 1.27599975 2.53949082
