1880 212 0.00000000 0.00000000
1890 212 0.00000000 0.00806226
1900 212 0.00000000 0.01612452
1910 212 0.00099228 0.02406274
1920 212 0.00099228 0.03212500
1930 212 0.00099228 0.04018725
1940 212 0.00198456 0.04812548
1950 212 0.00198456 0.05618773
1960 212 0.00297683 0.06412596
1970 212 0.00297683 0.07218822
1980 212 0.00396911 0.08012644
1990 212 0.00396911 0.08818870
2000 212 0.00396911 0.09625095
2010 212 0.00496139 0.10418918
2020 212 0.00496139 0.11225143
2030 212 0.00496139 0.12031369
2040 212 0.00595367 0.12825192
2050 212 0.00595367 0.13631417
2060 212 0.00694595 0.14425240
2070 212 0.00694595 0.15231465
1750 335 0.23492179 -0.19262594
1760 335 0.23566600 -0.19473453
1770 335 0.23541793 -0.19671909
1780 335 0.23628617 -0.19783540
1790 335 0.23603810 -0.19981996
1800 335 0.23678231 -0.20192855
1810 335 0.23752652 -0.20403714
1820 335 0.23839476 -0.20515345
1830 335 0.23814669 -0.20713801
1840 335 0.23889090 -0.20924660
1850 335 0.23975914 -0.21036291
1860 335 0.23951107 -0.21234747
1870 335 0.24025528 -0.21445606
1880 335 0.24099949 -0.21656465
1890 335 0.24186773 -0.21768096
1900 335 0.24161966 -0.21966551
1910 335 0.24236387 -0.22177411
1920 335 0.24310808 -0.22388270
1930 335 0.24298405 -0.22487497
1940 335 0.24372825 -0.22698356
1840 515 -0.29607091 -1.35272282
1850 515 -0.29123356 -1.35433527
1860 515 -0.28639620 -1.35594772
1870 515 -0.28069060 -1.35867648
1880 515 -0.27585325 -1.36028893
1890 515 -0.27113993 -1.36289366
1900 515 -0.26531030 -1.36463015
1910 515 -0.26047294 -1.36624260
1920 515 -0.25575962 -1.36884733
1930 515 -0.24992999 -1.37058382
1940 515 -0.24521667 -1.37318855
1950 515 -0.24037932 -1.37480100
1960 515 -0.23467372 -1.37752976
1970 515 -0.22983636 -1.37914221
1980 515 -0.22499901 -1.38075467
1990 515 -0.21929341 -1.38348343
2000 515 -0.21445606 -1.38509588
2010 515 -0.20974274 -1.38770061
2020 515 -0.20490538 -1.38931306
2030 515 -0.19907575 -1.39104955
1860 364 2.45030618 0.26915537
1870 364 2.39114161 0.24732526
1880 364 2.32726373 0.22003762
1890 364 2.24478063 0.17290442
1900 364 2.16316577 0.12465491
1910 364 2.08068267 0.07752171
1920 364 1.99807554 0.02939623
1930 364 1.96024495 -0.00719401
1940 364 1.93469379 -0.04229584
1950 364 1.90815036 -0.07727364
1960 364 1.88259920 -0.11237547
1970 364 1.85704805 -0.14747730
1980 364 1.83050461 -0.18245509
1990 364 1.80507749 -0.21656465
2000 364 1.77853406 -0.25154244
2010 364 1.75298290 -0.28664427
2020 364 1.64767741 -0.28255113
2030 364 1.53492984 -0.27349659
2040 364 1.42218227 -0.26444205
2050 364 1.30844242 -0.25526348
1860 375 2.78160296 0.96040095
1870 375 2.75158655 0.92988841
1880 375 2.72157015 0.89937586
1890 375 2.69142971 0.86787104
1900 375 2.56516235 0.88970115
1910 375 2.42835203 0.91587248
1920 375 2.29265803 0.94291205
1930 375 2.15597176 0.97007566
1940 375 1.94622902 0.97714564
1950 375 1.68761660 0.97218425
1960 375 1.42987242 0.96610655
1970 375 1.24568084 0.95184255
1980 375 1.08133482 0.93509786
1990 375 0.91599651 0.91847721
2000 375 0.80163649 0.91463213
2010 375 0.76045696 0.93187296
2020 375 0.72014567 0.94799748
2030 375 0.67896614 0.96523830
2040 375 0.63766257 0.98148685
2050 375 0.59747532 0.99860365
1880 346 1.84228791 -0.24137159
1890 346 1.81549641 -0.24608491
1900 346 1.78783666 -0.24968192
1910 346 1.76005288 -0.25427121
1920 346 1.73326138 -0.25898453
1930 346 1.70547760 -0.26357381
1940 346 1.64110357 -0.34320411
1950 346 1.57660551 -0.42382669
1960 346 1.51223148 -0.50345699
1970 346 1.44785746 -0.58308729
1980 346 1.38335939 -0.66370986
1990 346 1.32258237 -0.68231507
2000 346 1.26304570 -0.67487299
2010 346 1.20350903 -0.66743091
2020 346 1.14496463 -0.66011286
2030 346 1.08542796 -0.65267077
2040 346 1.02589129 -0.64522869
2050 346 0.99103753 -0.60963072
2060 346 1.01150326 -0.51040293
2070 346 1.03110075 -0.41005883
1920 570 -0.81503224 2.41272366
1930 570 -0.83239710 2.20930669
1940 570 -0.85174652 2.00613780
1950 570 -0.87469295 1.79837962
1960 570 -0.90086428 1.58900898
1970 570 -0.92691157 1.38063063
1980 570 -0.96970356 1.16729089
1990 570 -1.02415480 0.94936186
2000 570 -1.07748974 0.73230107
2010 570 -1.13181695 0.51536432
2020 570 -1.16270160 0.26828713
2030 570 -1.19358625 0.02120994
2040 570 -1.22459493 -0.22685953
2050 570 -1.24754136 -0.45074223
2060 570 -1.24059542 -0.58060659
2070 570 -1.23364947 -0.71047096
2080 570 -1.22583528 -0.84145164
2090 570 -1.21256357 -0.97714564
2100 570 -1.14484060 -1.16096512
2110 570 -1.07612536 -1.34490863
1920 573 -0.33613413 2.47883417
1930 573 -0.37508104 2.25594375
1940 573 -0.43350140 2.03044861
1950 573 -0.49092948 1.80482942
1960 573 -0.54835756 1.57921024
1970 573 -0.59784742 1.36066104
1980 573 -0.63580205 1.15377110
1990 573 -0.67487299 0.94601292
2000 573 -0.71282762 0.73912298
2010 573 -0.73788264 0.52255834
2020 573 -0.74892173 0.29718722
2030 573 -0.75996082 0.07181611
2040 573 -0.77211622 -0.15442324
2050 573 -0.78117076 -0.37198017
2060 573 -0.78228707 -0.55828034
2070 573 -0.78439566 -0.74445648
2080 573 -0.78551197 -0.93075665
2090 573 -0.77310850 -1.01696079
2100 573 -0.75934065 -1.09224987
2110 573 -0.74544875 -1.16654668
1930 398 2.39064547 0.38847679
1940 398 2.28261122 0.37880208
1950 398 2.17445293 0.36813509
1960 398 2.08489985 0.36925140
1970 398 2.01482023 0.38103470
1980 398 1.94374833 0.39294204
1990 398 1.87267642 0.40484937
2000 398 1.80259680 0.41663267
2010 398 1.73152489 0.42854001
2020 398 1.66144527 0.44032331
2030 398 1.57251237 0.50283681
2040 398 1.46671074 0.61583246
2050 398 1.35991683 0.72895214
2060 398 1.25882852 0.83128079
2070 398 1.20326096 0.83822674
2080 398 1.14670112 0.84529672
2090 398 1.09014128 0.85236670
2100 398 1.03457372 0.85931264
2110 398 0.97801388 0.86638262
2120 398 0.92145404 0.87345260
1950 336 0.24447246 -0.22909215
1960 336 0.24534071 -0.23020847
1970 336 0.24509264 -0.23219302
1980 336 0.24583684 -0.23430161
1990 336 0.24658105 -0.23641020
2000 336 0.24645702 -0.23740248
2010 336 0.24720123 -0.23951107
2020 336 0.24794543 -0.24161966
2030 336 0.24881368 -0.24273598
2040 336 0.24856561 -0.24472053
2050 336 0.24930982 -0.24682912
2060 336 0.25005402 -0.24893771
2070 336 0.24992999 -0.24992999
2080 336 0.25067420 -0.25203858
2090 336 0.25141841 -0.25414717
2100 336 0.25228665 -0.25526348
2110 336 0.25203858 -0.25724804
2120 336 0.25278279 -0.25935663
2130 336 0.25352700 -0.26146522
2140 336 0.25340296 -0.26245750
2040 516 -0.19436243 -1.39365428
2050 516 -0.18952507 -1.39526673
2060 516 -0.18369544 -1.39700322
2070 516 -0.17898212 -1.39960795
2080 516 -0.17414477 -1.40122040
2090 516 -0.16843917 -1.40394916
2100 516 -0.16360181 -1.40556161
2110 516 -0.15888850 -1.40816634
2120 516 -0.15305886 -1.40990283
2130 516 -0.14822151 -1.41151528
2140 516 -0.14350819 -1.41412001
2150 516 -0.13767856 -1.41585650
2160 516 -0.13296524 -1.41846122
2170 516 -0.12812788 -1.42007368
2180 516 -0.12242228 -1.42280244
2190 516 -0.11758493 -1.42441489
2200 516 -0.11274757 -1.42602734
2210 516 -0.10704198 -1.42875611
2220 516 -0.10220462 -1.43036856
2230 516 -0.09736727 -1.43198101
2060 365 1.22174214 -0.13457769
2070 365 1.13764659 -0.00111631
2080 365 1.05355104 0.13234506
2090 365 0.94167171 0.18865683
2100 365 0.82433485 0.22549515
2110 365 0.70588167 0.26146522
2120 365 0.58755254 0.29842757
2130 365 0.46909937 0.33439764
2140 365 0.37942225 0.38289523
2150 365 0.29197777 0.43312929
2160 365 0.20540152 0.48224705
2170 365 0.11795703 0.53248112
2180 365 0.03150482 0.58259115
2190 365 0.02257432 0.57564520
2200 365 0.01476013 0.56956750
2210 365 0.00595367 0.56361383
2220 365 -0.00285280 0.55766017
2230 365 -0.01066699 0.55158246
2240 365 -0.01947345 0.54562880
2250 365 -0.02741168 0.53855882
2060 376 0.55617175 1.01485220
2070 376 0.51598450 1.03196899
2080 376 0.47567321 1.04809351
2090 376 0.43449368 1.06533434
2100 376 0.39418239 1.08145885
2110 376 0.35300285 1.09869968
2120 376 0.31269157 1.11482419
2130 376 0.27151203 1.13206502
2140 376 0.23120075 1.14818954
2150 376 0.11584844 1.16059301
2160 376 -0.01798504 1.17026772
2170 376 -0.15268676 1.18105874
2180 376 -0.20986677 1.18316733
2190 376 -0.21730886 1.18006646
2200 376 -0.22363463 1.17783384
2210 376 -0.22996040 1.17560121
2220 376 -0.23641020 1.17237631
2230 376 -0.24372825 1.17026772
2240 376 -0.25017806 1.16704282
2250 376 -0.25650383 1.16481019
