3410 584 0.00000000 0.00000000
3420 584 0.00000000 0.00894427
3430 584 -0.00581378 0.02057183
3440 584 -0.01118034 0.03130495
3450 584 -0.01699412 0.04293251
3460 584 -0.02280789 0.05456006
3470 584 -0.02862167 0.06618761
3480 584 -0.03398823 0.07692074
3490 584 -0.03980201 0.08854829
3500 584 -0.04561579 0.10017585
3510 584 -0.05098235 0.11090897
3520 584 -0.05679613 0.12253653
3530 584 -0.06260990 0.13416408
3540 584 -0.06797647 0.14489720
3550 584 -0.07379024 0.15652476
3560 584 -0.07960402 0.16815231
3570 584 -0.08497058 0.17888544
3580 584 -0.09078436 0.19051299
3590 584 -0.09615092 0.20124612
3600 584 -0.10196470 0.21287367
3340 433 -0.67529253 -1.31480797
3350 433 -0.68960336 -1.31525518
3360 433 -0.70436141 -1.31480797
3370 433 -0.71777782 -1.31480797
3380 433 -0.73208866 -1.31525518
3390 433 -0.74639949 -1.31570240
3400 433 -0.79514577 -1.35237391
3410 433 -0.86759438 -1.41543103
3420 433 -0.93914855 -1.47804093
3430 433 -1.01070273 -1.54065084
3440 433 -1.08404576 -1.59297483
3450 433 -1.16633306 -1.60281353
3460 433 -1.24817315 -1.61354665
3470 433 -1.33046045 -1.62338535
3480 433 -1.41230053 -1.63411848
3490 433 -1.50710982 -1.63680176
3500 433 -1.61131058 -1.63411848
3510 433 -1.71416971 -1.63188241
3520 433 -1.81837048 -1.62919913
3530 433 -1.90468270 -1.56614201
3590 472 0.92617936 3.15419749
3600 472 0.90337146 2.84427847
3610 472 0.88011636 2.53525387
3620 472 0.85730846 2.22533485
3630 472 0.81258710 2.05092155
3640 472 0.76562968 1.89216072
3650 472 0.71777782 1.73295268
3660 472 0.67082039 1.57419186
3670 472 0.64264594 1.35774048
3680 472 0.61715476 1.13592253
3690 472 0.59121637 0.91276295
3700 472 0.57690554 0.70883355
3710 472 0.60507999 0.58093046
3720 472 0.63459609 0.45258016
3730 472 0.66366498 0.32512428
3740 472 0.64532922 0.17173002
3750 472 0.55722814 -0.01878297
3760 472 0.46957428 -0.21019039
3770 472 0.38594533 -0.40070338
3780 472 0.31841608 -0.59211080
