3950 455 0.00000000 0.00000000
3960 455 0.00000000 0.07596052
3970 455 0.00035545 0.15285573
3980 455 0.00325169 0.22236552
3990 455 0.03679543 0.23742598
4000 455 0.06940448 0.25284188
4010 455 0.10294822 0.26790234
4020 455 0.13649196 0.28296280
4030 455 0.17003571 0.29802325
4040 455 0.20264475 0.31343916
4050 455 0.22412960 0.32773606
4060 455 0.23671508 0.34113776
4070 455 0.25023527 0.35418401
4080 455 0.26317620 0.36852040
4090 455 0.27576169 0.38192210
4100 455 0.28963732 0.39590305
4110 455 0.30222280 0.40930475
4120 455 0.31574298 0.42235100
4130 455 0.32868392 0.43668740
4140 455 0.34126940 0.45008910
3770 458 2.46177896 -1.48822054
3780 458 2.35672438 -1.57879391
3790 458 2.25073510 -1.66901183
3800 458 2.14532508 -1.76051990
3810 458 2.03870390 -1.83551939
3820 458 1.92278841 -1.76897166
3830 458 1.80780762 -1.70277937
3840 458 1.69282684 -1.63658709
3850 458 1.57749060 -1.57132950
3860 458 1.46250981 -1.50513722
3870 458 1.34752902 -1.43894494
3880 458 1.23254824 -1.37275265
3890 458 1.05394229 -1.17002891
3900 458 0.87627103 -0.96766062
3910 458 0.69766509 -0.76493688
3920 458 0.59263684 -0.59661259
3930 458 0.56176554 -0.46397789
3940 458 0.52960409 -0.33192244
3950 458 0.47091571 -0.26680967
3960 458 0.40120844 -0.23067247
3780 462 1.76866887 -2.19394244
3790 462 1.58756162 -2.20317092
3800 462 1.40551968 -2.21204395
3810 462 1.22499168 -2.22256257
3820 462 1.04294973 -2.23143560
3830 462 0.82740354 -2.09490415
3840 462 0.60231292 -1.92157726
3850 462 0.37722229 -1.74825037
3860 462 0.18163384 -1.57330421
3870 462 0.10218467 -1.39117012
3880 462 0.02402564 -1.20845677
3890 462 -0.05007865 -1.03477443
3900 462 -0.07656609 -0.94125216
3910 462 -0.10434368 -0.84830914
3920 462 -0.13083113 -0.75478687
3930 462 -0.15860872 -0.66184384
3940 462 -0.18603086 -0.56796613
3950 462 -0.20867420 -0.50372222
3960 462 -0.22577519 -0.48117103
3970 462 -0.24287618 -0.45861984
3790 677 0.15945126 -0.01677187
3800 677 0.04344362 -0.17272131
3810 677 -0.07256401 -0.32867075
3820 677 -0.19199448 -0.49080762
3830 677 -0.31520323 -0.66006661
3840 677 -0.43841198 -0.82932559
3850 677 -0.52096802 -0.96483020
3860 677 -0.59400597 -1.09218584
3870 677 -0.66610922 -1.21989693
3880 677 -0.70132488 -1.26748744
3890 677 -0.71125109 -1.26264282
3900 677 -0.72211200 -1.25744275
3910 677 -0.73297290 -1.25224268
3920 677 -0.74289911 -1.24739806
3930 677 -0.75376002 -1.24219799
3940 677 -0.76462092 -1.23699792
3950 677 -0.77454713 -1.23215329
3960 677 -0.78540804 -1.22695322
3970 677 -0.79626895 -1.22175315
3980 677 -0.80619515 -1.21690853
3910 644 -0.31528222 1.98146363
3920 644 -0.30195951 1.87582980
3930 644 -0.28957149 1.77055143
3940 644 -0.28230456 1.74746048
3950 644 -0.27598549 1.74719719
3960 644 -0.27037731 1.74506450
3970 644 -0.26347899 1.74351106
3980 644 -0.25751536 1.74231307
3990 644 -0.25155174 1.74111508
4000 644 -0.24558812 1.73991709
4010 644 -0.23868979 1.73836365
4020 644 -0.23272617 1.73716566
4030 644 -0.22676255 1.73596767
4040 644 -0.22079892 1.73476968
4050 644 -0.21483530 1.73357169
4060 644 -0.20793698 1.73201825
4070 644 -0.20232880 1.72988556
4080 644 -0.19636517 1.72868757
4090 644 -0.19040155 1.72748958
4100 644 -0.18443793 1.72629159
3930 890 0.98948775 0.00244864
3940 890 0.90094175 -0.08691357
3950 890 0.81146105 -0.17592034
3960 890 0.72255960 -0.26621725
3970 890 0.63401360 -0.35557947
3980 890 0.54644179 -0.43675322
3990 890 0.45771148 -0.51534668
4000 890 0.36991586 -0.59429559
4010 890 0.28176481 -0.67417920
4020 890 0.22127285 -0.72071654
4030 890 0.20009079 -0.72015045
4040 890 0.17926418 -0.71864967
4050 890 0.15901682 -0.71843904
4060 890 0.13819021 -0.71693826
4070 890 0.11700816 -0.71637217
4080 890 0.09582610 -0.71580609
4090 890 0.07593419 -0.71466076
4100 890 0.05475213 -0.71409467
4110 890 0.03392552 -0.71259389
4120 890 0.01367816 -0.71238326
3970 459 0.33114572 -0.19546997
3980 459 0.26143846 -0.15933278
3990 459 0.19173119 -0.12319558
4000 459 0.16633642 -0.14777414
4010 459 0.15140761 -0.18703138
4020 459 0.13647880 -0.22628862
4030 459 0.12119454 -0.26648055
4040 459 0.10626573 -0.30573779
4050 459 0.09133693 -0.34499502
4060 459 0.07518380 -0.26931097
4070 459 0.06021549 -0.16519108
4080 459 0.04395705 -0.06165045
4090 459 0.02805405 0.04282488
4100 459 0.01176927 0.11534940
4110 459 -0.00288308 0.05993903
4120 459 -0.01811467 0.00581881
4130 459 -0.03334627 -0.04830141
4140 459 -0.04857787 -0.10242163
4150 459 -0.03025256 -0.08799308
4160 459 0.00073723 -0.04307501
3980 442 -0.61734704 1.91017660
3990 442 -0.63297358 1.84657777
4000 442 -0.67313919 1.74095710
4010 442 -0.71294934 1.63627114
4020 442 -0.75275950 1.53158517
4030 442 -0.79256965 1.42689921
4040 442 -0.85225856 1.30088637
4050 442 -0.92488840 1.16053714
4060 442 -0.99809748 1.02147805
4070 442 -1.07072732 0.88112882
4080 442 -1.13919711 0.77985252
4090 442 -1.20571851 0.69495315
4100 442 -1.27094976 0.61063303
4110 442 -1.33747117 0.52573366
4120 442 -1.39825274 0.44186114
4130 442 -1.43652263 0.36654569
4140 442 -1.47479251 0.29123025
4150 442 -1.51212769 0.21555936
4160 442 -1.55039758 0.14024391
4170 442 -1.58866746 0.06492847
3980 463 -0.26033262 -0.43700335
3990 463 -0.27743361 -0.41445216
4000 463 -0.29453460 -0.39190097
4010 463 -0.31163559 -0.36934978
4020 463 -0.32909202 -0.34773329
4030 463 -0.34525832 -0.32553755
4040 463 -0.36235931 -0.30298636
4050 463 -0.37158779 -0.27380014
4060 463 -0.36649303 -0.23508266
4070 463 -0.36233298 -0.19600973
4080 463 -0.35817292 -0.15693680
4090 463 -0.35401287 -0.11786386
4100 463 -0.34985281 -0.07879093
4110 463 -0.34569275 -0.03971800
4120 463 -0.33485818 0.00002633
4130 463 -0.29567993 0.04397021
4140 463 -0.25779182 0.08733485
4150 463 -0.21861358 0.13127873
4160 463 -0.18072547 0.17464336
4170 463 -0.14154722 0.21858725
3990 475 1.64156336 -0.11713980
4000 475 1.49589558 -0.15696313
4010 475 1.35022779 -0.19678645
4020 475 1.20456001 -0.23660977
4030 475 1.10827314 -0.25348696
4040 475 1.01234173 -0.26942945
4050 475 0.91605486 -0.28630664
4060 475 0.85063930 -0.28389749
4070 475 0.80470754 -0.26964008
4080 475 0.75971048 -0.25573813
4090 475 0.71506886 -0.24090147
4100 475 0.67007180 -0.22699951
4110 475 0.62507474 -0.21309755
4120 475 0.58007768 -0.19919559
4130 475 0.53543607 -0.18435894
4140 475 0.50424881 -0.19603606
4150 475 0.47306156 -0.20771318
4160 475 0.44280900 -0.21974574
4170 475 0.41162174 -0.23142286
4180 475 0.38078994 -0.24216528
3990 678 -0.81705606 -1.21170846
4000 678 -0.82791697 -1.20650839
4010 678 -0.83784318 -1.20166377
4020 678 -0.84870408 -1.19646370
4030 678 -0.85863029 -1.19161908
4040 678 -0.86949120 -1.18641901
4050 678 -0.88035210 -1.18121894
4060 678 -0.89027831 -1.17637431
4070 678 -0.90078377 -1.17023955
4080 678 -0.91057833 -1.16223539
4090 678 -0.91509384 -1.12628250
4100 678 -0.91925389 -1.08939492
4110 678 -0.92376940 -1.05344203
4120 678 -0.92792945 -1.01655444
4130 678 -0.93244496 -0.98060155
4140 678 -0.93753971 -0.94335852
4150 678 -0.94076507 -0.90682638
4160 678 -0.94621527 -0.87051805
4170 678 -1.01984563 -0.82219031
4180 678 -1.12235941 -0.76822806
4080 709 1.78999574 2.79957287
4090 709 1.63394098 2.71555554
4100 709 1.47882092 2.63118276
4110 709 1.34681813 2.50913251
4120 709 1.21445989 2.38614756
4130 709 1.08339180 2.26374186
4140 709 0.88507824 2.00107909
4150 709 0.68712013 1.73935101
4160 709 0.50627618 1.50856005
4170 709 0.35210398 1.32539910
4180 709 0.19699708 1.14259361
4190 709 0.07128704 1.06522446
4200 709 -0.04332514 1.03391873
4210 709 -0.15735807 1.00132284
4220 709 -0.20666000 0.99546454
4230 709 -0.22771041 0.99919016
4240 709 -0.24969551 1.00327123
4250 709 -0.27074592 1.00699684
4260 709 -0.29273103 1.01107791
4270 709 -0.31436069 1.01609368
4090 712 1.92189321 3.02544021
4100 712 1.77010382 2.87667872
4110 712 1.62654240 2.65952643
4120 712 1.48699622 2.42479922
4130 712 1.33058601 2.18792616
4140 712 1.13599807 1.94631379
4150 712 0.94270028 1.70528067
4160 712 0.79970494 1.50931044
4170 712 0.67138828 1.32380617
4180 712 0.53922751 1.16758027
4190 712 0.39436278 1.12424197
4200 712 0.25043274 1.08054821
4210 712 0.10650270 1.03685446
4220 712 -0.01350702 0.95196826
4230 712 -0.13351673 0.86708205
4240 712 -0.25259175 0.78184040
4250 712 -0.35388122 0.72086135
4260 712 -0.37913118 0.75293064
4270 712 -0.40438114 0.78499993
4280 712 -0.42963110 0.81706923
4110 645 -0.17753960 1.72473815
4120 645 -0.17157598 1.72354016
4130 645 -0.16561236 1.72234217
4140 645 -0.15964873 1.72114418
4150 645 -0.15368511 1.71994619
4160 645 -0.14678679 1.71839275
4170 645 -0.14082316 1.71719476
4180 645 -0.13485954 1.71599677
4190 645 -0.12925136 1.71386408
4200 645 -0.12235304 1.71231064
4210 645 -0.11638941 1.71111265
4220 645 -0.11042579 1.70991466
4230 645 -0.10446217 1.70871667
4240 645 -0.09849854 1.70751868
4250 645 -0.09160022 1.70596524
4260 645 -0.08563660 1.70476725
4270 645 -0.07967297 1.70356926
4280 645 -0.07370935 1.70237127
4290 645 -0.06810117 1.70023858
4300 645 -0.06084740 1.69961984
4130 891 -0.00714845 -0.71088248
4140 891 -0.02833051 -0.71031640
4150 891 -0.04822242 -0.70917106
4160 891 -0.06904903 -0.70767028
4170 891 -0.09023109 -0.70710420
4180 891 -0.11047845 -0.70689357
4190 891 -0.13130506 -0.70539279
4200 891 -0.15248712 -0.70482670
4210 891 -0.17237903 -0.70368137
4220 891 -0.23475354 -0.72703561
4230 891 -0.29583791 -0.74981060
4240 891 -0.35821242 -0.77316484
4250 891 -0.42058693 -0.79651908
4260 891 -0.48202674 -0.82022876
4270 891 -0.54122855 -0.86618685
4280 891 -0.59895591 -0.92233444
4290 891 -0.65668327 -0.97848203
4300 891 -0.71441063 -1.03462962
4310 891 -0.77213799 -1.09077721
4320 891 -0.79262231 -1.06586954
