3320 829 0.00000000 0.00000000
3330 829 0.00000000 0.25112746
3340 829 0.00078048 0.50288010
3350 829 0.00156096 0.75463273
3360 829 0.01440304 0.94814005
3370 829 0.02724911 1.13524424
3380 829 0.04150084 1.32219313
3390 829 0.05253906 1.40278567
3400 829 0.06284060 1.41231868
3410 829 0.07251696 1.42263217
3420 829 0.08141284 1.43232048
3430 829 0.09171438 1.44185348
3440 829 0.10139074 1.45216697
3450 829 0.11169229 1.46169998
3460 829 0.12136865 1.47201347
3470 829 0.13088971 1.48092130
3480 829 0.14056607 1.49123478
3490 829 0.15086761 1.50076779
3500 829 0.15976349 1.51045610
3510 829 0.16943985 1.52076959
3130 821 -0.89060353 -0.34054420
3140 821 -0.72813623 -0.16427913
3150 821 -0.56644941 0.01136076
3160 821 -0.40398211 0.18762584
3170 821 -0.22874440 0.42152698
3180 821 -0.04198665 0.71462516
3190 821 0.14477111 1.00772334
3200 821 0.33106694 1.29020141
3210 821 0.51909497 1.54972301
3220 821 0.70571733 1.80939991
3230 821 0.86816871 2.01127748
3240 821 1.00519872 2.15691667
3250 821 1.14222874 2.30255586
3260 821 1.27035890 2.44490987
3270 821 1.31589752 2.54801289
3280 821 1.36221663 2.65174110
3290 821 1.43242003 2.77203858
3300 821 1.50949244 2.89655702
3310 821 1.58656486 3.02107546
3320 821 1.61238044 3.19678703
3160 823 -0.76661072 0.17646816
3170 823 -0.56438273 0.45505179
3180 823 -0.36277992 0.73441591
3190 823 -0.16226820 1.01034352
3200 823 0.03808823 1.28486547
3210 823 0.23828936 1.55798177
3220 823 0.42273753 1.79797942
3230 823 0.60281740 2.03063418
3240 823 0.78274197 2.26188329
3250 823 0.87561911 2.33627977
3260 823 0.96771577 2.41005108
3270 823 1.05981243 2.48382238
3280 823 1.13641894 2.60412384
3290 823 1.20802003 2.73707227
3300 823 1.27946583 2.86861503
3310 823 1.35169210 3.00078298
3320 823 1.51715787 3.12691813
3330 823 1.72369841 3.25136091
3340 823 1.92883329 3.37595900
3350 823 2.11361595 3.58034923
3190 556 0.56298105 0.79433767
3200 556 0.55939323 0.78761997
3210 556 0.55596071 0.78230792
3220 556 0.55252819 0.77699588
3230 556 0.54909567 0.77168384
3240 556 0.54566315 0.76637179
3250 556 0.54223063 0.76105975
3260 556 0.53942329 0.75496723
3270 556 0.53599077 0.74965518
3280 556 0.53255825 0.74434314
3290 556 0.52912573 0.73903109
3300 556 0.52491273 0.73309387
3310 556 0.52148021 0.72778183
3320 556 0.51804769 0.72246978
3330 556 0.51524035 0.71637726
3340 556 0.51180783 0.71106522
3350 556 0.50837531 0.70575317
3360 556 0.50494279 0.70044113
3370 556 0.50151027 0.69512909
3380 556 0.49870293 0.68903656
3260 371 1.09617643 2.02094588
3270 371 0.99494895 2.06414306
3280 371 0.89277772 2.11811566
3290 371 0.78920084 2.17224355
3300 371 0.67813373 2.21652783
3310 371 0.54615294 2.23893478
3320 371 0.41495263 2.26196691
3330 371 0.27875486 2.28483976
3340 371 0.12194206 2.30785596
3350 371 -0.03487074 2.33087216
3360 371 -0.19230872 2.35466884
3370 371 -0.33601264 2.39331057
3380 371 -0.46645238 2.44898350
3390 371 -0.59689212 2.50465642
3400 371 -0.72670668 2.55954887
3410 371 -0.85308473 2.61335023
3420 371 -0.94524909 2.64843202
3430 371 -1.03741344 2.68351381
3440 371 -1.12957780 2.71859559
3450 371 -1.22174215 2.75367738
3260 382 0.54689758 2.54831553
3270 382 0.40670184 2.47060997
3280 382 0.23603154 2.42615047
3290 382 0.05067148 2.39683070
3300 382 -0.13406340 2.36673045
3310 382 -0.29258449 2.37428438
3320 382 -0.43269263 2.40683757
3330 382 -0.57420643 2.43954606
3340 382 -0.71431456 2.47209925
3350 382 -0.83849055 2.50075800
3360 382 -0.95220173 2.52754918
3370 382 -1.06450725 2.55418506
3380 382 -1.17759325 2.58019575
3390 382 -1.29130444 2.60698693
3400 382 -1.38018361 2.63316885
3410 382 -1.46703193 2.65841500
3420 382 -1.55388026 2.68366114
3430 382 -1.64135377 2.70968777
3440 382 -1.72742162 2.73555909
3450 382 -1.81489513 2.76158572
3280 353 1.07163511 2.80976444
3290 353 0.97965791 2.79502690
3300 353 0.87428114 2.72983690
3310 353 0.77031003 2.66449159
3320 353 0.66633892 2.59914629
3330 353 0.56174264 2.53458147
3340 353 0.44541525 2.49905767
3350 353 0.31517063 2.49210503
3360 353 0.18633168 2.48499708
3370 353 0.05624236 2.47945010
3380 353 -0.06916408 2.47765420
3390 353 -0.15899496 2.52741777
3400 353 -0.24898114 2.57577569
3410 353 -0.33881202 2.62553926
3420 353 -0.42879819 2.67389718
3430 353 -0.52613124 2.73302651
3440 353 -0.64081404 2.81541496
3450 353 -0.75487166 2.89702292
3460 353 -0.86955446 2.97941136
3470 353 -0.98439256 3.06039414
3280 810 -0.45054014 3.23048705
3290 810 -0.35836782 3.18259902
3300 810 -0.31163060 3.11625422
3310 810 -0.26348772 3.04975413
3320 810 -0.21675049 2.98340933
3330 810 -0.16923279 2.91768971
3340 810 -0.10719656 2.86103721
3350 810 -0.01112981 2.82908132
3360 810 0.08493695 2.79712544
3370 810 0.18162888 2.76438907
3380 810 0.27410384 2.73211861
3390 810 0.33722318 2.69170885
3400 810 0.39971734 2.65207957
3410 810 0.46283668 2.61166981
3420 810 0.52533085 2.57204053
3430 810 0.62957273 2.45310093
3440 810 0.75148294 2.30090730
3450 810 0.87401833 2.14793318
3460 810 0.99139299 2.00620038
3470 810 1.10032572 1.87820561
3300 816 -0.64985725 3.04264220
3310 816 -0.57298394 2.98506188
3320 816 -0.49673581 2.92826203
3330 816 -0.42877032 2.88020277
3340 816 -0.37346374 2.84634745
3350 816 -0.31737668 2.81311732
3360 816 -0.26269529 2.78004248
3370 816 -0.20660823 2.74681234
3380 816 -0.13536951 2.70906259
3390 816 -0.05569682 2.67038103
3400 816 0.02319539 2.63107430
3410 816 0.10224290 2.59317323
3420 816 0.18348452 2.54293579
3430 816 0.27349857 2.44975602
3440 816 0.36413780 2.35579576
3450 816 0.45415185 2.26261598
3460 816 0.57045136 2.09183418
3470 816 0.69801607 1.88779437
3480 816 0.82558077 1.68375455
3490 816 0.95031823 1.50563783
3390 557 0.49527041 0.68372452
3400 557 0.49105741 0.67778729
3410 557 0.48762489 0.67247525
3420 557 0.48419237 0.66716321
3430 557 0.48075985 0.66185116
3440 557 0.47795252 0.65575864
3450 557 0.47452000 0.65044660
3460 557 0.47108748 0.64513455
3470 557 0.46765496 0.63982251
3480 557 0.46422244 0.63451047
3490 557 0.46000944 0.62857324
3500 557 0.45657692 0.62326120
3510 557 0.45376958 0.61716867
3520 557 0.45033706 0.61185663
3530 557 0.44690454 0.60654459
3540 557 0.44347202 0.60123254
3550 557 0.44003950 0.59592050
3560 557 0.43723216 0.58982798
3570 557 0.43379964 0.58451593
3580 557 0.43036712 0.57920389
3420 287 2.79451322 0.34859987
3430 287 2.69677799 0.55218972
3440 287 2.59966794 0.75499908
3450 287 2.50255789 0.95780845
3460 287 2.38359041 1.14951588
3470 287 2.25229055 1.33262608
3480 287 2.11958503 1.51589159
3490 287 1.98765999 1.69978227
3500 287 1.82892785 1.79557426
3510 287 1.66770294 1.88168193
3520 287 1.50725852 1.96841478
3530 287 1.34603362 2.05452245
3540 287 1.15888960 2.13139975
3550 287 0.94598178 2.20045233
3560 287 0.73369914 2.26872444
3570 287 0.52141650 2.33699654
3580 287 0.31959866 2.40340107
3590 287 0.13449346 2.46653634
3600 287 -0.05076705 2.52826595
3610 287 -0.23587226 2.59140122
3480 811 1.20941375 1.75161651
3490 811 1.31912696 1.62424692
3500 811 1.49051802 1.51425098
3510 811 1.68892324 1.41051880
3520 811 1.88732847 1.30678661
3530 811 1.92591843 1.28260367
3540 811 1.94748119 1.26528179
3550 811 1.96919924 1.24936557
3560 811 1.99091730 1.23344935
3570 811 2.01185488 1.21690795
3580 811 2.03357293 1.20099173
3590 811 2.05684398 1.19913212
3600 811 2.08244851 1.21195429
3610 811 2.10789774 1.22337080
3620 811 2.13350227 1.23619298
3630 811 2.15910679 1.24901515
3640 811 2.18455602 1.26043167
3650 811 2.21016055 1.27325384
3660 811 2.23576508 1.28607601
3670 811 2.26121431 1.29749253
3500 817 1.07395664 1.33689085
3510 817 1.19727250 1.18454192
3520 817 1.32197014 1.07045642
3530 817 1.44526211 0.95652623
3540 817 1.56933457 0.84322122
3550 817 1.57948081 0.85134856
3560 817 1.58962705 0.85947591
3570 817 1.59899281 0.86697808
3580 817 1.60991954 0.87573060
3590 817 1.61928530 0.88323277
3600 817 1.62943154 0.89136012
3610 817 1.63957778 0.89948746
3620 817 1.64972402 0.90761481
3630 817 1.65987027 0.91574216
3640 817 1.67001651 0.92386950
3650 817 1.68016275 0.93199685
3660 817 1.69030899 0.94012420
3670 817 1.70045523 0.94825155
3680 817 1.71060148 0.95637889
3690 817 1.72074772 0.96450624
