1580 322 0.00000000 0.00000000
1590 322 0.00000000 0.00300000
1600 322 -0.00100000 0.00600000
1610 322 -0.00100000 0.00900000
1620 322 -0.00200000 0.01200000
1630 322 -0.00200000 0.01500000
1640 322 -0.00300000 0.01900000
1650 322 -0.00300000 0.02200000
1660 322 -0.00300000 0.02500000
1670 322 -0.00400000 0.02800000
1680 322 -0.00400000 0.03100000
1690 322 -0.00500000 0.03400000
1700 322 -0.00500000 0.03700000
1710 322 -0.00600000 0.04000000
1720 322 -0.00600000 0.04400000
1730 322 -0.00700000 0.04700000
1740 322 -0.00700000 0.05000000
1750 322 -0.00700000 0.05300000
1760 322 -0.00800000 0.05600000
1770 322 -0.00800000 0.05900000
1410 341 3.07800000 -2.77100000
1420 341 2.91600000 -2.51600000
1430 341 2.75500000 -2.25700000
1440 341 2.59500000 -1.99800000
1450 341 2.43400000 -1.73800000
1460 341 2.27300000 -1.47800000
1470 341 2.11400000 -1.21800000
1480 341 1.95400000 -0.95700000
1490 341 1.79600000 -0.70300000
1500 341 1.64900000 -0.50800000
1510 341 1.50300000 -0.31300000
1520 341 1.35600000 -0.11800000
1530 341 1.15300000 0.03200000
1540 341 0.93600000 0.17100000
1550 341 0.71900000 0.30900000
1560 341 0.46400000 0.41700000
1570 341 0.19300000 0.51000000
1580 341 -0.07700000 0.60400000
1590 341 -0.23100000 0.72100000
1600 341 -0.37100000 0.84000000
1410 756 -0.11600000 1.83000000
1420 756 -0.22600000 1.66700000
1430 756 -0.33500000 1.50500000
1440 756 -0.48300000 1.34300000
1450 756 -0.64100000 1.18100000
1460 756 -0.79900000 1.01900000
1470 756 -0.85500000 0.79700000
1480 756 -0.91100000 0.57400000
1490 756 -0.96700000 0.35100000
1500 756 -0.86200000 0.14200000
1510 756 -0.75700000 -0.06700000
1520 756 -0.62000000 -0.27800000
1530 756 -0.46200000 -0.49100000
1540 756 -0.30400000 -0.70400000
1550 756 -0.08100000 -0.96400000
1560 756 0.15800000 -1.23600000
1570 756 0.39800000 -1.50700000
1580 756 0.65400000 -1.74900000
1590 756 0.91200000 -1.98800000
1600 756 1.17000000 -2.22700000
1450 759 -0.26400000 1.68100000
1460 759 -0.38400000 1.51700000
1470 759 -0.50400000 1.35300000
1480 759 -0.62900000 1.12200000
1490 759 -0.75400000 0.89100000
1500 759 -0.87900000 0.66000000
1510 759 -0.93300000 0.40600000
1520 759 -0.97000000 0.14600000
1530 759 -0.91800000 -0.10700000
1540 759 -0.77800000 -0.35400000
1550 759 -0.63800000 -0.60200000
1560 759 -0.45700000 -0.88600000
1570 759 -0.26700000 -1.17800000
1580 759 -0.07700000 -1.47000000
1590 759 0.17800000 -1.78900000
1600 759 0.46100000 -2.11800000
1610 759 0.74400000 -2.44700000
1620 759 1.06100000 -2.71500000
1630 759 1.38600000 -2.96900000
1640 759 1.71100000 -3.22200000
1470 864 -0.24800000 0.92300000
1480 864 -0.23200000 0.92200000
1490 864 -0.21600000 0.92000000
1500 864 -0.20000000 0.91800000
1510 864 -0.18300000 0.91600000
1520 864 -0.16700000 0.91400000
1530 864 -0.15000000 0.91200000
1540 864 -0.13400000 0.91000000
1550 864 -0.11800000 0.90800000
1560 864 -0.10200000 0.90700000
1570 864 -0.08500000 0.90500000
1580 864 -0.06900000 0.90300000
1590 864 -0.05300000 0.90100000
1600 864 -0.03600000 0.89900000
1610 864 -0.02000000 0.89800000
1620 864 -0.00400000 0.89600000
1630 864 0.01300000 0.89400000
1640 864 0.02900000 0.89200000
1650 864 0.04500000 0.89000000
1660 864 0.06100000 0.88800000
1490 845 -1.43100000 1.11900000
1500 845 -1.43400000 1.11200000
1510 845 -1.43800000 1.10600000
1520 845 -1.44200000 1.09900000
1530 845 -1.44500000 1.09200000
1540 845 -1.44900000 1.08500000
1550 845 -1.45300000 1.07900000
1560 845 -1.45600000 1.07200000
1570 845 -1.46000000 1.06500000
1580 845 -1.46400000 1.05900000
1590 845 -1.46800000 1.05200000
1600 845 -1.47100000 1.04500000
1610 845 -1.38200000 1.00500000
1620 845 -1.25300000 0.95100000
1630 845 -1.12400000 0.89800000
1640 845 -1.03500000 0.89000000
1650 845 -0.97200000 0.91400000
1660 845 -0.90800000 0.93800000
1670 845 -0.84500000 0.96200000
1680 845 -0.83800000 0.99400000
1610 342 -0.51100000 0.96000000
1620 342 -0.48000000 1.12000000
1630 342 -0.42900000 1.28400000
1640 342 -0.37800000 1.44900000
1650 342 -0.32300000 1.47500000
1660 342 -0.26900000 1.50200000
1670 342 -0.21400000 1.52800000
1680 342 -0.16000000 1.55500000
1690 342 -0.10500000 1.58200000
1700 342 -0.07900000 1.60200000
1710 342 -0.07200000 1.61700000
1720 342 -0.06500000 1.63300000
1730 342 -0.05800000 1.64900000
1740 342 -0.05100000 1.66500000
1750 342 -0.04400000 1.68100000
1760 342 -0.03700000 1.69700000
1770 342 -0.03000000 1.71300000
1780 342 -0.02300000 1.72800000
1790 342 -0.01600000 1.74400000
1800 342 -0.00900000 1.76000000
1670 865 0.07800000 0.88600000
1680 865 0.09400000 0.88500000
1690 865 0.11000000 0.88300000
1700 865 0.12700000 0.88100000
1710 865 0.14300000 0.87900000
1720 865 0.15900000 0.87700000
1730 865 0.23000000 0.84600000
1740 865 0.38100000 0.77200000
1750 865 0.53200000 0.69700000
1760 865 0.69100000 0.61400000
1770 865 0.88100000 0.49400000
1780 865 1.07000000 0.37500000
1790 865 1.25700000 0.25100000
1800 865 1.43500000 0.10900000
1810 865 1.61200000 -0.03200000
1820 865 1.79000000 -0.17400000
1830 865 2.03000000 -0.31700000
1840 865 2.27100000 -0.46000000
1850 865 2.51100000 -0.60400000
1860 865 2.76500000 -0.70300000
1690 385 2.83300000 -2.82100000
1700 385 2.54700000 -2.56100000
1710 385 2.27700000 -2.28800000
1720 385 2.00600000 -2.01500000
1730 385 1.81000000 -1.72700000
1740 385 1.62200000 -1.43700000
1750 385 1.43900000 -1.15000000
1760 385 1.29900000 -0.88500000
1770 385 1.15800000 -0.62000000
1780 385 1.01000000 -0.37500000
1790 385 0.85100000 -0.16100000
1800 385 0.69100000 0.05300000
1810 385 0.53800000 0.24700000
1820 385 0.39100000 0.42000000
1830 385 0.24500000 0.59400000
1840 385 0.11000000 0.74700000
1850 385 0.02200000 0.82000000
1860 385 -0.06600000 0.89300000
1870 385 -0.15300000 0.96600000
1880 385 -0.15800000 0.96400000
1690 846 -0.86700000 1.03100000
1700 846 -0.89700000 1.06800000
1710 846 -0.92700000 1.10500000
1720 846 -0.95600000 1.14200000
1730 846 -0.98600000 1.17900000
1740 846 -1.01600000 1.21600000
1750 846 -0.94300000 1.23800000
1760 846 -0.76700000 1.24600000
1770 846 -0.59200000 1.25400000
1780 846 -0.39900000 1.26800000
1790 846 -0.18900000 1.28800000
1800 846 0.01700000 1.31300000
1810 846 0.17800000 1.38400000
1820 846 0.34000000 1.45600000
1830 846 0.48500000 1.51900000
1840 846 0.48300000 1.50200000
1850 846 0.48000000 1.48600000
1860 846 0.47800000 1.46900000
1870 846 0.47600000 1.45300000
1880 846 0.47400000 1.43600000
