2210 578 0.00000000 0.00000000
2220 578 -0.00000000 0.00632456
2230 578 -0.00063246 0.01391402
2240 578 -0.00126491 0.02150349
2250 578 -0.00221359 0.02814427
2260 578 -0.00189737 0.03541751
2270 578 -0.00252982 0.04300698
2280 578 -0.00252982 0.04933153
2290 578 -0.00316228 0.05692100
2300 578 -0.00379473 0.06451046
2310 578 -0.00474342 0.07115125
2320 578 -0.00442719 0.07842449
2330 578 -0.00505964 0.08601395
2340 578 -0.00600833 0.09265474
2350 578 -0.00569210 0.09992797
2360 578 -0.00632456 0.10751744
2370 578 -0.00727324 0.11415822
2380 578 -0.00695701 0.12143146
2390 578 -0.00758947 0.12902093
2400 578 -0.00853815 0.13566171
2030 586 -1.14284715 0.76147646
2040 586 -1.14695811 0.77127952
2050 586 -1.15106907 0.78108258
2060 586 -1.15423135 0.79056942
2070 586 -1.15834231 0.80037248
2080 586 -1.16245327 0.81017554
2090 586 -1.16656423 0.81997860
2100 586 -1.23297206 0.84211454
2110 586 -1.44484466 0.89271098
2120 586 -1.65165762 0.94267497
2130 586 -1.82210439 0.99105782
2140 586 -1.99255115 1.03944067
2150 586 -2.10038482 1.13019804
2160 586 -2.11303393 1.28514964
2170 586 -2.12663173 1.44041747
2180 586 -2.13675101 1.54919983
2190 586 -2.13675101 1.55236210
2200 586 -2.13675101 1.55552438
2210 586 -2.13706724 1.55773798
2220 586 -2.13801593 1.56121648
2050 203 -1.60074495 2.74928420
2060 203 -1.50650908 2.51654056
2070 203 -1.37306096 2.31288988
2080 203 -1.23992907 2.10829052
2090 203 -1.13652259 1.98211564
2100 203 -1.03754330 1.86479514
2110 203 -0.93729910 1.74810709
2120 203 -0.90030045 1.72944965
2130 203 -0.86330180 1.71079221
2140 203 -0.82630315 1.69213478
2150 203 -0.78930450 1.67347734
2160 203 -0.75325454 1.65513613
2170 203 -0.71625589 1.63647869
2180 203 -0.67925724 1.61782125
2190 203 -0.68431689 1.57101954
2200 203 -0.69000899 1.52548274
2210 203 -0.69601731 1.47899726
2220 203 -0.70076073 1.43314424
2230 203 -0.70645283 1.38760744
2240 203 -0.74060543 1.28198736
2050 396 -0.82029483 2.01690069
2060 396 -0.70076073 1.84107805
2070 396 -0.58027795 1.66493919
2080 396 -0.50596443 1.57481427
2090 396 -0.43576186 1.49449242
2100 396 -0.36555930 1.41417057
2110 396 -0.29535673 1.33384872
2120 396 -0.30421111 1.27882509
2130 396 -0.31211681 1.22348523
2140 396 -0.32128741 1.16751291
2150 396 -0.33014179 1.11248928
2160 396 -0.33836371 1.05620074
2170 396 -0.34721809 1.00117711
2180 396 -0.35512378 0.94583725
2190 396 -0.43765923 0.84053340
2200 396 -0.62897703 0.66186471
2210 396 -0.81966237 0.47876884
2220 396 -1.00876657 0.28776727
2230 396 -1.19850323 0.09803061
2240 396 -1.38729121 -0.09202228
2060 193 -1.58524979 1.65734972
2070 193 -1.37274473 1.53275598
2080 193 -1.20356288 1.45211790
2090 193 -1.03532971 1.37179605
2100 193 -0.86646408 1.29020929
2110 193 -0.78266372 1.25068081
2120 193 -0.75388699 1.23898039
2130 193 -0.72637518 1.22664750
2140 193 -0.69854714 1.21526330
2150 193 -0.67071909 1.20387911
2160 193 -0.64320728 1.19154622
2170 193 -0.61537923 1.18016202
2180 193 -0.58691873 1.16751291
2190 193 -0.55909069 1.15612871
2200 193 -0.59514066 1.03849198
2210 193 -0.63783140 0.91041974
2220 193 -0.68083838 0.78139881
2230 193 -0.81207290 0.67862479
2240 193 -0.96575960 0.58122663
2250 193 -1.11723270 0.47465788
2080 567 0.83863604 0.24855502
2090 567 0.86456671 0.26310150
2100 567 0.89018116 0.27669930
2110 567 0.91579561 0.29029709
2120 567 0.94172629 0.30484357
2130 567 0.96734074 0.31844136
2140 567 0.99295519 0.33203915
2150 567 1.01856963 0.34563695
2160 567 1.06284152 0.38674656
2170 567 1.17984580 0.53537361
2180 567 1.29685007 0.68400066
2190 567 1.38823989 0.95817013
2200 567 1.46255342 1.31708865
2210 567 1.57671164 1.67853698
2220 567 1.75348296 2.04441251
2230 567 1.93847621 2.40649330
2240 567 2.19651806 2.74738683
2250 567 2.45550860 3.08796414
2260 567 2.68603864 3.39059411
2270 567 2.89032178 3.65559298
2090 387 2.32364162 2.24015749
2100 387 2.09469272 2.03397699
2110 387 1.87712802 1.81451492
2120 387 1.76233734 1.47014288
2130 387 1.66810147 1.14632565
2140 387 1.62129976 0.86994258
2150 387 1.57449805 0.59988407
2160 387 1.51757705 0.39749830
2170 387 1.46128851 0.19384762
2180 387 1.46445078 0.07368107
2190 387 1.47298893 -0.03668242
2200 387 1.48152708 -0.14704591
2210 387 1.48785164 -0.23875196
2220 387 1.49291128 -0.31844136
2230 387 1.49828716 -0.39718207
2240 387 1.50334680 -0.47687147
2250 387 1.49860338 -0.51639994
2260 387 1.48911655 -0.52904905
2270 387 1.47836481 -0.54233062
2280 387 1.46792929 -0.55466350
2160 778 3.12306542 -0.18720684
2170 778 2.86344242 -0.23558969
2180 778 2.60413565 -0.28302385
2190 778 2.34356397 -0.33109047
2200 778 2.18070667 -0.20301823
2210 778 2.02828489 -0.05628854
2220 778 1.87586311 0.09044114
2230 778 1.69782688 0.19511253
2240 778 1.51599591 0.29472428
2250 778 1.33511363 0.39401980
2260 778 1.17162387 0.46011140
2270 778 1.02647533 0.49268286
2280 778 0.88227547 0.52493809
2290 778 0.73712692 0.55750955
2300 778 0.62296870 0.58818364
2310 778 0.58027795 0.61506300
2320 778 0.53695475 0.64320728
2330 778 0.49426400 0.67008664
2340 778 0.45188948 0.69791468
2350 778 0.40919873 0.72479404
2230 779 3.14077417 -0.04553680
2240 779 2.88652705 -0.03035787
2250 779 2.63291238 -0.01644384
2260 779 2.37866526 -0.00126491
2270 779 2.12473436 0.06862143
2280 779 1.86953855 0.13787531
2290 779 1.62256467 0.20333445
2300 779 1.43314424 0.23590591
2310 779 1.24467249 0.26816115
2320 779 1.06442266 0.30927076
2330 779 0.91864166 0.38421674
2340 779 0.77222820 0.46042763
2350 779 0.67261646 0.49679382
2360 779 0.59261083 0.51608371
2370 779 0.51260521 0.53537361
2380 779 0.38674656 0.51513503
2390 779 0.21345374 0.45378684
2400 779 0.04016093 0.39243866
2410 779 -0.14103758 0.29472428
2420 779 -0.32571460 0.18024983
2290 606 -0.80669703 -0.14957573
2300 606 -0.78424486 -0.01581139
2310 606 -0.76274137 0.11826918
2320 606 -0.74028920 0.25203353
2330 606 -0.71151247 0.41109610
2340 606 -0.66249717 0.62771212
2350 606 -0.60873845 0.85539611
2360 606 -0.52873282 1.12703576
2370 606 -0.44841097 1.39962409
2380 606 -0.36492684 1.58050637
2390 606 -0.28207517 1.75000446
2400 606 -0.20681296 1.91887008
2410 606 -0.21313751 2.08014624
2420 606 -0.21977830 2.24047372
2430 606 -0.25171730 2.47353359
2440 606 -0.28397253 2.70564477
2450 606 -0.29883524 2.98677125
2460 606 -0.30800584 3.28813631
2470 606 -0.28776727 3.61764564
2480 606 -0.22230812 3.98794836
2340 608 0.52493809 -0.64510464
2350 608 0.62360115 -0.48193112
2360 608 0.72194799 -0.31970627
2370 608 0.82061105 -0.15653274
2380 608 0.90377896 0.01391402
2390 608 0.97145170 0.19163403
2400 608 1.03817576 0.36967026
2410 608 1.11027569 0.49426400
2420 608 1.18680281 0.53727097
2430 608 1.26459484 0.58091041
2440 608 1.30949918 0.55750955
2450 608 1.22664750 0.26468264
2460 608 1.10268622 -0.02181972
2470 608 0.91769298 -0.29851901
2480 608 0.78297995 -0.50659688
2490 608 0.69917959 -0.64415596
2500 608 0.68526557 -0.68589802
2510 608 0.74250279 -0.63119062
2520 608 0.79879134 -0.57616699
2530 608 0.85602856 -0.52145959
