1400 532 0.00000000 0.00000000
1410 532 0.00000000 0.00670820
1420 532 -0.00044721 0.01475805
1430 532 -0.00044721 0.02146625
1440 532 -0.00089443 0.02951610
1450 532 -0.00178885 0.03667151
1460 532 -0.00134164 0.04427415
1470 532 -0.00089443 0.05187678
1480 532 -0.00178885 0.05903219
1490 532 -0.00223607 0.06708204
1500 532 -0.00223607 0.07379024
1510 532 -0.00268328 0.08184009
1520 532 -0.00268328 0.08854829
1530 532 -0.00313050 0.09659814
1540 532 -0.00402492 0.10375355
1550 532 -0.00357771 0.11135619
1560 532 -0.00402492 0.11940603
1570 532 -0.00402492 0.12611423
1580 532 0.04159086 0.22852615
1590 532 0.09928142 0.35508759
1260 534 0.41322536 -0.56438356
1270 534 0.41054208 -0.55856978
1280 534 0.40696437 -0.55230879
1290 534 0.40338666 -0.54604780
1300 534 0.40070338 -0.54023402
1310 534 0.39757289 -0.53307861
1320 534 0.39399518 -0.52681762
1330 534 0.39131190 -0.52100384
1340 534 0.38773419 -0.51474285
1350 534 0.38415648 -0.50848186
1360 534 0.38147320 -0.50266808
1370 534 0.37789549 -0.49640709
1380 534 0.37521221 -0.49059331
1390 534 0.37163450 -0.48433232
1400 534 0.36805679 -0.47807133
1410 534 0.36492629 -0.47091592
1420 534 0.36224301 -0.46510214
1430 534 0.35866530 -0.45884115
1440 534 0.35508759 -0.45258016
1450 534 0.35240431 -0.44676638
1460 383 -0.53486746 -3.01958620
1470 383 -0.55007272 -2.73694720
1480 383 -0.56572520 -2.45520264
1490 383 -0.58227210 -2.17301086
1500 383 -0.62878232 -1.85012264
1510 383 -0.68334237 -1.51650130
1520 383 -0.73790243 -1.18287996
1530 383 -0.80453726 -0.84433927
1540 383 -0.88637735 -0.49819595
1550 383 -0.96911186 -0.15160541
1560 383 -1.05139916 0.19364349
1570 383 -1.02546077 0.55409764
1580 383 -0.98834205 0.91455180
1590 383 -0.94988168 1.27545317
1600 383 -0.87340815 1.68778411
1610 383 -0.77233788 2.13365606
1620 383 -0.67082039 2.58042245
1630 383 -0.52950090 2.94803202
1640 383 -0.36984564 3.28299500
1650 383 -0.21063760 3.61706356
1460 535 0.34882660 -0.44050539
1470 535 0.34524890 -0.43424440
1480 535 0.34256561 -0.42843062
1490 535 0.33898791 -0.42216963
1500 535 0.33541020 -0.41590864
1510 535 0.35508759 -0.38326205
1520 535 0.37387057 -0.35016825
1530 535 0.39310075 -0.31618001
1540 535 0.41188372 -0.28308621
1550 535 0.43066669 -0.24999240
1560 535 0.45034409 -0.21734581
1570 535 0.46912706 -0.18425200
1580 535 0.48791003 -0.15115820
1590 535 0.50758743 -0.11851160
1600 535 0.53218418 -0.05142956
1610 535 0.55991142 0.03756594
1620 535 0.58853309 0.12611423
1630 535 0.61715476 0.21466253
1640 535 0.66232333 0.30723574
1650 535 0.77412673 0.41456700
1530 389 0.03488266 -1.93375159
1540 389 -0.02951610 -1.70477823
1550 389 -0.09480928 -1.47535765
1560 389 -0.16010247 -1.24593708
1570 389 -0.26966980 -0.98208106
1580 389 -0.44721360 -0.66411219
1590 389 -0.57109176 -0.35285153
1600 389 -0.56796127 -0.05366563
1610 389 -0.56617241 0.24507305
1620 389 -0.53352582 0.63459609
1630 389 -0.49685430 1.03440505
1640 389 -0.45034409 1.41140611
1650 389 -0.39667846 1.77364912
1660 389 -0.35374595 2.12560622
1670 389 -0.35508759 2.43820852
1680 389 -0.31439116 2.68954256
1690 389 -0.21019039 2.85098667
1700 389 -0.08362894 3.02808326
1710 389 0.07557910 3.22798773
1720 389 0.21153203 3.44399190
