3330 668 0.00000000 0.00000000
3340 668 0.00000000 0.00989949
3350 668 -0.00000000 0.02121320
3360 668 0.00070711 0.03181981
3370 668 0.00070711 0.04313351
3380 668 0.00000000 0.05374012
3390 668 0.00070711 0.06434672
3400 668 0.00070711 0.07566043
3410 668 0.00000000 0.08626703
3420 668 0.00070711 0.09687363
3430 668 0.00070711 0.10818734
3440 668 0.00000000 0.11879394
3450 668 0.00070711 0.12940054
3460 668 -0.01909188 0.26940768
3470 668 -0.03818377 0.41012193
3480 668 -0.05444722 0.53527983
3490 668 -0.05444722 0.60316208
3500 668 -0.05444722 0.67104434
3510 668 -0.05444722 0.73892659
3520 668 -0.07000357 0.77711035
3190 674 -1.31168308 0.52962298
3200 674 -1.25299322 0.60386919
3210 674 -1.19430335 0.67811540
3220 674 -1.14197745 0.76579664
3230 674 -1.11369318 0.90580379
3240 674 -1.08470180 1.04651804
3250 674 -1.05641753 1.18652518
3260 674 -1.09672262 1.21693077
3270 674 -1.13844192 1.24875058
3280 674 -1.18016122 1.27915617
3290 674 -1.22117341 1.31026887
3300 674 -1.26218560 1.34138156
3310 674 -1.30319780 1.37249426
3320 674 -1.39229325 1.46724657
3330 674 -1.55351360 1.66099383
3340 674 -1.71331973 1.85474109
3350 674 -1.87100454 2.04778124
3360 674 -2.02798225 2.24152850
3370 674 -2.14748329 2.41476966
3380 674 -2.22880057 2.56821183
3370 892 -0.55649304 3.93787766
3380 892 -0.54942197 3.62250804
3390 892 -0.54305801 3.30643131
3400 892 -0.61730422 3.04268048
3410 892 -0.69155043 2.77892965
3420 892 -0.69791439 2.57316158
3430 892 -0.68660068 2.38082853
3440 892 -0.67528698 2.18849549
3450 892 -0.66397327 1.99616244
3460 892 -0.63003214 1.77695934
3470 892 -0.58619152 1.54502832
3480 892 -0.54164379 1.31380440
3490 892 -0.38254477 1.24097240
3500 892 -0.22273864 1.16884751
3510 892 -0.08343860 1.11864293
3520 892 0.00919239 1.11652161
3530 892 0.10111627 1.11510739
3540 892 0.19374726 1.11298607
3550 892 0.25455844 1.09884394
3560 892 0.18879751 1.03873986
3380 439 -0.35921024 1.85403398
3390 439 -0.33304729 1.88019693
3400 439 -0.30688434 1.90635988
3410 439 -0.28072139 1.93252283
3420 439 -0.26375083 1.95373604
3430 439 -0.26092240 1.97070660
3440 439 -0.25809398 1.98626295
3450 439 -0.25526555 2.00181930
3460 439 -0.25314423 2.01808275
3470 439 -0.24960869 2.03434621
3480 439 -0.24678027 2.04990256
3490 439 -0.24465895 2.06616601
3500 439 -0.24183052 2.08172236
3510 439 -0.23829499 2.09798582
3520 439 -0.23617366 2.11424928
3530 439 -0.23334524 2.12980562
3540 439 -0.23051681 2.14536197
3550 439 -0.22768838 2.16233254
3560 439 -0.22485996 2.17788889
3570 439 -0.22203153 2.19344524
