2010 577 0.00000000 0.00000000
2020 577 -0.00000000 0.00670820
2030 577 0.00044721 0.01431084
2040 577 0.00178885 0.02146625
2050 577 0.00178885 0.02817446
2060 577 0.00223607 0.03577709
2070 577 0.00357771 0.04293251
2080 577 0.00402492 0.05053514
2090 577 0.00402492 0.05724334
2100 577 0.00536656 0.06439876
2110 577 0.00581378 0.07200139
2120 577 0.00581378 0.07870959
2130 577 0.00715542 0.08586501
2140 577 0.00760263 0.09346764
2150 577 0.00760263 0.10017585
2160 577 0.00894427 0.10733126
2170 577 0.00939149 0.11493389
2180 577 0.00939149 0.12164210
2190 577 0.01073313 0.12879752
2200 577 0.01118034 0.13640015
1830 585 -1.07286542 0.27145865
1840 585 -1.04156046 0.41233094
1850 585 -1.01025551 0.55320322
1860 585 -0.99549746 0.66321776
1870 585 -0.98878926 0.75936869
1880 585 -0.98073941 0.85596682
1890 585 -0.97716171 0.91678787
1900 585 -0.97984499 0.92707378
1910 585 -0.98252827 0.93735970
1920 585 -0.98431712 0.94719840
1930 585 -0.98700041 0.95748431
1940 585 -0.98968369 0.96777022
1950 585 -0.99236697 0.97805613
1960 585 -0.99415582 0.98789483
1970 585 -0.99683910 0.99818075
1980 585 -0.99952239 1.00846666
1990 585 -1.00220567 1.01875257
2000 585 -1.00488895 1.02903848
2010 585 -1.00757223 1.03932440
2020 585 -1.00936109 1.04916310
1950 599 -1.27590039 0.32154658
1960 599 -1.31928011 0.38460369
1970 599 -1.36310704 0.44676638
1980 599 -1.40603954 0.51071793
1990 599 -1.44986648 0.57288062
2000 599 -1.49324620 0.63593773
2010 599 -1.53662591 0.69899485
2020 599 -1.55451446 0.68557844
2030 599 -1.57329743 0.67260925
2040 599 -1.59118597 0.65919284
2050 599 -1.60996894 0.64622365
2060 599 -1.62785749 0.63280724
2070 599 -1.64619325 0.61849640
2080 599 -1.66497622 0.60552721
2090 599 -1.68286476 0.59211080
2100 599 -1.70075330 0.57869439
2110 599 -1.71953627 0.56572520
2120 599 -1.73742482 0.55230879
2130 599 -1.76470485 0.58942752
2140 599 -1.79958751 0.67618696
2050 396 -0.51519006 2.25663980
2060 396 -0.42172242 2.06567960
2070 396 -0.32736035 1.87427218
2080 396 -0.26653930 1.77454355
2090 396 -0.20840154 1.68510083
2100 396 -0.15026377 1.59565811
2110 396 -0.09212600 1.50621539
2120 396 -0.10867290 1.45299697
2130 396 -0.12432538 1.39933134
2140 396 -0.14131950 1.34521850
2150 396 -0.15786640 1.29200008
2160 396 -0.17396609 1.23744002
2170 396 -0.19051299 1.18422160
2180 396 -0.20616547 1.13055597
2190 396 -0.30276360 1.03798276
2200 396 -0.51742613 0.88816620
2210 396 -0.73208866 0.73387751
2220 396 -0.94630397 0.57153898
2230 396 -1.16096649 0.41054208
2240 396 -1.37473459 0.24909797
2060 193 -1.32330503 2.00888347
2070 193 -1.13055597 1.85548921
2080 193 -0.97447842 1.75173565
2090 193 -0.81929531 1.64842931
2100 193 -0.66366498 1.54378133
2110 193 -0.58629702 1.49279898
2120 193 -0.55946421 1.47714651
2130 193 -0.53397303 1.46104682
2140 193 -0.50803464 1.44584155
2150 193 -0.48209626 1.43063629
2160 193 -0.45660508 1.41453660
2170 193 -0.43066669 1.39933134
2180 193 -0.40428109 1.38278444
2190 193 -0.37834270 1.36757918
2200 193 -0.43066669 1.25622299
2210 193 -0.49104053 1.13547532
2220 193 -0.55186158 1.01383322
2230 193 -0.69631157 0.93065149
2240 193 -0.86222781 0.85596682
2250 193 -1.02724963 0.77189067
2090 387 2.62872151 2.03303301
2100 387 2.37291534 1.86130298
2110 387 2.12650065 1.67481492
2120 387 1.96416211 1.35013784
2130 387 1.82507868 1.04290210
2140 387 1.73966089 0.77591559
2150 387 1.65513752 0.51519006
2160 387 1.57016693 0.32288822
2170 387 1.48564356 0.12924473
2180 387 1.47177994 0.00983870
2190 387 1.46462453 -0.10062306
2200 387 1.45746911 -0.21108482
2210 387 1.45076090 -0.30276360
2220 387 1.44449991 -0.38236762
2230 387 1.43868614 -0.46107722
2240 387 1.43242515 -0.54068124
2250 387 1.42213923 -0.57914161
2260 387 1.41095889 -0.59032195
2270 387 1.39843691 -0.60194950
2280 387 1.38636215 -0.61268263
2160 778 3.07682954 -0.48299068
2170 778 2.81297352 -0.49417102
2180 778 2.54956471 -0.50445694
2190 778 2.28481426 -0.51519006
2200 778 2.14170591 -0.36537351
2210 778 2.01156675 -0.19856284
2220 778 1.88142760 -0.03175217
2230 778 1.71998349 0.09704535
2240 778 1.55406724 0.22137073
2250 778 1.38904543 0.34524890
2260 778 1.23654559 0.43379719
2270 778 1.09746216 0.48656839
2280 778 0.95927316 0.53889238
2290 778 0.82018973 0.59166359
2300 778 0.71151683 0.63817380
2310 778 0.67305646 0.67082039
2320 778 0.63414888 0.70480863
2330 778 0.59568851 0.73745522
2340 778 0.55767535 0.77099624
2350 778 0.51921498 0.80364283
