3710 643 0.00000000 0.00000000
3720 643 0.00000000 0.02441311
3730 643 -0.00057346 0.04800699
3740 643 -0.00057346 0.07242010
3750 643 0.00024577 0.09625975
3760 643 -0.01433656 0.15041098
3770 643 -0.06226163 0.27550769
3780 643 -0.11018669 0.40060441
3790 643 -0.18391757 0.48883569
3800 643 -0.28288078 0.54102076
3810 643 -0.38299092 0.59156737
3820 643 -0.41657943 0.59066621
3830 643 -0.42378867 0.56641695
3840 643 -0.43042445 0.54298692
3850 643 -0.43763369 0.51873765
3860 643 -0.44426947 0.49530762
3870 643 -0.45090525 0.47187759
3880 643 -0.45893372 0.44820178
3890 643 -0.46475027 0.42419829
3900 643 -0.47277874 0.40052249
3590 676 0.50587571 0.59189506
3600 676 0.49162108 0.57501889
3610 676 0.47793990 0.55896194
3620 676 0.46368527 0.54208576
3630 676 0.44943063 0.52520958
3640 676 0.43599523 0.50775994
3650 676 0.42174059 0.49088377
3660 676 0.40748596 0.47400759
3670 676 0.39323132 0.45713141
3680 676 0.37897669 0.44025523
3690 676 0.36472205 0.42337906
3700 676 0.35104088 0.40732211
3710 676 0.34268471 0.23495571
3720 676 0.33432855 0.06258932
3730 676 0.30852274 -0.15737445
3740 676 0.25551844 -0.45106910
3750 676 0.16220792 -0.73607988
3760 676 -0.02531427 -1.00396872
3770 676 -0.20210451 -1.26350139
3780 676 -0.35849589 -1.50435558
3780 441 -0.42796676 0.83422386
3790 441 -0.51750880 0.77605840
3800 441 -0.58935544 0.72747795
3810 441 -0.59459853 0.71650024
3820 441 -0.60066084 0.70609599
3830 441 -0.60647739 0.69429905
3840 441 -0.61172048 0.68332134
3850 441 -0.61753702 0.67152441
3860 441 -0.62359934 0.66112016
3870 441 -0.62941588 0.64932322
3880 441 -0.63465897 0.63834551
3890 441 -0.64047552 0.62654857
3900 441 -0.64571860 0.61557087
3910 441 -0.65235438 0.60434739
3920 441 -0.65759746 0.59336968
3930 441 -0.66341401 0.58157274
3940 441 -0.68487789 0.54044730
3950 441 -0.71191254 0.48613222
3960 441 -0.73976642 0.43239061
3970 441 -0.76680108 0.37807553
