2280 214 0.00000000 0.00000000
2290 214 -0.00000000 0.00583095
2300 214 0.00291548 0.00874643
2310 214 0.00634545 0.01080441
2320 214 0.01011842 0.01423438
2330 214 0.01354839 0.01629237
2340 214 0.01697836 0.01835035
2350 214 0.02075133 0.02178032
2360 214 0.02418130 0.02383830
2370 214 0.02761127 0.02589629
2380 214 0.03052675 0.02881176
2390 214 0.03481421 0.03138424
2400 214 0.03772969 0.03429972
2410 214 0.04201715 0.03687220
2420 214 0.04493263 0.03978767
2430 214 0.04836260 0.04184565
2440 214 0.05265007 0.04441813
2450 214 0.05556554 0.04733361
2460 214 0.05899551 0.04939159
2470 214 0.06242548 0.05144958
2130 399 -0.85166197 0.02778277
2140 399 -0.81839125 -0.02572479
2150 399 -0.74962032 -0.12090650
2160 399 -0.68136388 -0.21523072
2170 399 -0.61310744 -0.30955495
2180 399 -0.54347902 -0.40422217
2190 399 -0.53799106 -0.41142511
2200 399 -0.53164561 -0.41811355
2210 399 -0.52615766 -0.42531649
2220 399 -0.51929772 -0.43286243
2230 399 -0.51380976 -0.44006537
2240 399 -0.50746431 -0.44675381
2250 399 -0.50197636 -0.45395675
2260 399 -0.49563091 -0.46064520
2270 399 -0.48962846 -0.46870563
2280 399 -0.48328301 -0.47539408
2290 399 -0.47693757 -0.48208252
2300 399 -0.47144961 -0.48928546
2310 399 -0.46596166 -0.49648840
2320 399 -0.45910171 -0.50403434
2150 337 0.42685998 0.25261742
2160 337 0.42806047 0.25450390
2170 337 0.42926096 0.25639038
2180 337 0.43011845 0.25690488
2190 337 0.43131894 0.25879136
2200 337 0.43251943 0.26067785
2210 337 0.43337692 0.26119235
2220 337 0.43457741 0.26307883
2230 337 0.43577790 0.26496531
2240 337 0.43749289 0.26599431
2250 337 0.43783589 0.26736629
2260 337 0.43903638 0.26925278
2270 337 0.44023687 0.27113926
2280 337 0.44195185 0.27216825
2290 337 0.44229485 0.27354024
2300 337 0.44349534 0.27542673
2310 337 0.44521033 0.27645572
2320 337 0.44555332 0.27782771
2330 337 0.44675381 0.27971419
2340 337 0.44795430 0.28160068
2240 517 1.56166612 0.70142921
2250 517 1.55943663 0.70708867
2260 517 1.55857914 0.71240512
2270 517 1.55686416 0.71720708
2280 517 1.55463467 0.72286654
2290 517 1.55377718 0.72818299
2300 517 1.55206220 0.73298495
2310 517 1.55069021 0.73915890
2320 517 1.54897522 0.74396086
2330 517 1.54811773 0.74927732
2340 517 1.54588825 0.75493677
2350 517 1.54417326 0.75973873
2360 517 1.54331577 0.76505519
2370 517 1.54108629 0.77071464
2380 517 1.54022879 0.77603110
2390 517 1.53851381 0.78083306
2400 517 1.53628433 0.78649251
2410 517 1.53542683 0.79180897
2420 517 1.53371185 0.79661093
2430 517 1.53233986 0.80278488
2260 366 -0.02143732 -0.46767664
2270 366 -0.01183340 -0.47007762
2280 366 -0.00171499 -0.47333609
2290 366 0.00788893 -0.47573708
2300 366 0.01886484 -0.47848105
2310 366 0.02846877 -0.48088203
2320 366 0.03858718 -0.48414051
2330 366 0.04819110 -0.48654149
2340 366 0.05830952 -0.48979996
2350 366 0.06842794 -0.49305843
2360 366 0.07888935 -0.49494492
2370 366 0.08900777 -0.49820339
2380 366 0.09861169 -0.50060437
2390 366 0.10873010 -0.50386284
2400 366 0.11833402 -0.50626382
2410 366 0.12845244 -0.50952230
2420 366 0.13891385 -0.51140878
2430 366 0.14903227 -0.51466725
2440 366 0.15863619 -0.51706823
2450 366 0.16875461 -0.52032671
2260 377 -0.37746839 -1.03465096
2270 377 -0.37043694 -1.03859543
2280 377 -0.36477749 -1.04219690
2290 377 -0.35826054 -1.04528388
2300 377 -0.35260109 -1.04888535
2310 377 -0.34642714 -1.05334431
2320 377 -0.33991020 -1.05643128
2330 377 -0.33425074 -1.06003275
2340 377 -0.32773380 -1.06311973
2350 377 -0.32155985 -1.06757869
2360 377 -0.31590039 -1.07118016
2370 377 -0.30938345 -1.07426714
2380 377 -0.30372399 -1.07786861
2390 377 -0.29755005 -1.08232757
2400 377 -0.29103310 -1.08541455
2410 377 -0.28537365 -1.08901602
2420 377 -0.27885670 -1.09210299
2430 377 -0.27268275 -1.09656195
2440 377 -0.26616580 -1.09964893
2450 377 -0.26050635 -1.10325040
2280 348 -0.69148230 0.01543487
2290 348 -0.63574526 0.03721519
2300 348 -0.59252761 0.05848102
2310 348 -0.54930997 0.07974684
2320 348 -0.50609232 0.10101267
2330 348 -0.46236019 0.12142100
2340 348 -0.42943246 0.13651287
2350 348 -0.43389142 0.12450797
2360 348 -0.43835038 0.11250307
2370 348 -0.44280935 0.10049817
2380 348 -0.44778281 0.08935076
2390 348 -0.45309926 0.07683137
2400 348 -0.45755823 0.06482647
2410 348 -0.46201719 0.05282156
2420 348 -0.46647615 0.04081666
2430 348 -0.47230710 0.02915476
2440 348 -0.47676607 0.01714986
2450 348 -0.48122503 0.00514496
2460 348 -0.48568399 -0.00685994
2470 348 -0.49151495 -0.01852185
2330 400 -0.45361376 -0.51123728
2340 400 -0.44726831 -0.51792573
2350 400 -0.44092286 -0.52461417
2360 400 -0.43543491 -0.53181711
2370 400 -0.42857496 -0.53936305
2380 400 -0.42308701 -0.54656599
2390 400 -0.41674156 -0.55325444
2400 400 -0.41125361 -0.56045738
2410 400 -0.40490816 -0.56714582
2420 400 -0.39890571 -0.57520625
2430 400 -0.39256026 -0.58189470
2440 400 -0.38707231 -0.58909764
2450 400 -0.38072686 -0.59578608
2460 400 -0.37472441 -0.60384652
2470 400 -0.36837896 -0.61053496
2480 400 -0.36289101 -0.61773790
2490 400 -0.35654556 -0.62442635
2500 400 -0.35105760 -0.63162929
2510 400 -0.34471216 -0.63831773
2520 400 -0.33870971 -0.64637817
2350 338 0.44966929 0.28262967
2360 338 0.45001229 0.28400166
2370 338 0.45121278 0.28588814
2380 338 0.45292776 0.28691713
2390 338 0.45412825 0.28880362
2400 338 0.45447125 0.29017561
2410 338 0.45567174 0.29206209
2420 338 0.45738673 0.29309108
2430 338 0.45772972 0.29446307
2440 338 0.45893021 0.29634956
2450 338 0.46064520 0.29737855
2460 338 0.46184569 0.29926503
2470 338 0.46218869 0.30063702
2480 338 0.46338918 0.30252350
2490 338 0.46510416 0.30355250
2500 338 0.46544716 0.30492448
2510 338 0.46664765 0.30681097
2520 338 0.46836264 0.30783996
2530 338 0.46956313 0.30972644
2540 338 0.46990612 0.31109843
2390 552 -1.73144972 -1.70709692
2400 552 -1.62580659 -1.62271961
2410 552 -1.53062487 -1.57144154
2420 552 -1.45259302 -1.57127004
2430 552 -1.37541865 -1.57161303
2440 552 -1.29790129 -1.57058404
2450 552 -1.21986944 -1.57041254
2460 552 -1.14269507 -1.57075554
2470 552 -0.99211932 -1.59236436
2480 552 -0.73298495 -1.64913039
2490 552 -0.47350759 -1.70452444
2500 552 -0.20579830 -1.66285028
2510 552 0.06242548 -1.61037171
2520 552 0.33013478 -1.55703565
2530 552 0.60470401 -1.52290744
2540 552 0.89059215 -1.53096787
2550 552 1.17733779 -1.53851381
2560 552 1.46374042 -1.54743173
2570 552 1.73419369 -1.48895072
2580 552 2.00361797 -1.42292376
2440 518 1.53062487 0.80758684
2450 518 1.52890989 0.81238880
2460 518 1.52805239 0.81770525
2470 518 1.52582291 0.82336471
2480 518 1.52496542 0.82868116
2490 518 1.52325043 0.83348312
2500 518 1.52102095 0.83914258
2510 518 1.52016346 0.84445903
2520 518 1.51844847 0.84926099
2530 518 1.51707648 0.85543494
2540 518 1.51536150 0.86023690
2550 518 1.51450401 0.86555336
2560 518 1.51227452 0.87121281
2570 518 1.51055954 0.87601477
2580 518 1.50970205 0.88133123
2590 518 1.50747256 0.88699068
2600 518 1.50575758 0.89179264
2610 518 1.50490008 0.89710910
2620 518 1.50267060 0.90276855
2630 518 1.50181311 0.90808501
2460 367 0.17887302 -0.52358518
2470 367 0.18847695 -0.52598616
2480 367 0.19945285 -0.52873014
2490 367 0.20905678 -0.53113112
2500 367 0.21917519 -0.53438959
2510 367 0.22877911 -0.53679057
2520 367 0.23889753 -0.54004904
2530 367 0.24850145 -0.54245002
2540 367 0.25947736 -0.54519400
2550 367 0.26959578 -0.54845248
2560 367 0.27919970 -0.55085346
2570 367 0.28931811 -0.55411193
2580 367 0.29892203 -0.55651291
2590 367 0.30989794 -0.55925689
2600 367 0.33150677 -0.57194778
2610 367 0.35414458 -0.58635366
2620 367 0.37763988 -0.60024505
2630 367 0.40027770 -0.61465093
2640 367 0.42325851 -0.62768482
2650 367 0.44675381 -0.64157621
2460 378 -0.25433240 -1.10770936
2470 378 -0.24781546 -1.11079634
2480 378 -0.24215600 -1.11439781
2490 378 -0.23563906 -1.11748478
2500 378 -0.22997960 -1.12108625
2510 378 -0.22380565 -1.12554521
2520 378 -0.21728871 -1.12863219
2530 378 -0.21162925 -1.13223366
2540 378 -0.20596980 -1.13583513
2550 378 -0.19893836 -1.13977960
2560 378 -0.19327891 -1.14338107
2570 378 -0.18676196 -1.14646804
2580 378 -0.18110251 -1.15006951
2590 378 -0.17492856 -1.15452848
2600 378 -0.16841161 -1.15761545
2610 378 -0.16275216 -1.16121692
2620 378 -0.15572072 -1.16516139
2630 378 -0.15006126 -1.16876286
2640 378 -0.14354432 -1.17184983
2650 378 -0.13788486 -1.17545130
