680 731 0.00000000 0.00000000
690 731 -0.00000000 0.02729469
700 731 -0.00113575 0.05374672
710 731 -0.00212496 0.08118796
720 731 -0.00311416 0.10862920
730 731 -0.00941575 0.17527220
740 731 -0.02300814 0.28141007
750 731 -0.03561132 0.38740139
760 731 -0.04905716 0.49452846
770 731 -0.13735273 0.62184261
780 731 -0.24598193 0.75520189
790 731 -0.35362192 0.88841462
800 731 -0.44254032 1.03199567
810 731 -0.48848332 1.19953743
820 731 -0.53541553 1.36722573
830 731 -0.58135854 1.53476749
840 731 -0.56633730 1.64980819
850 731 -0.52526704 1.74279331
860 731 -0.48419678 1.83577844
870 731 -0.44312651 1.92876357
630 833 0.17959538 0.35248617
640 833 0.08540123 0.43316121
650 833 -0.00864637 0.51482545
660 833 -0.10284052 0.59550048
670 833 -0.21619591 0.52636615
680 833 -0.32955130 0.45723182
690 833 -0.44276014 0.38908670
700 833 -0.44569112 0.39659731
710 833 -0.43513961 0.41323059
720 833 -0.42557731 0.43001041
730 833 -0.41502581 0.44664368
740 833 -0.40561006 0.46243430
750 833 -0.39604776 0.47921412
760 833 -0.38549625 0.49584739
770 833 -0.37608050 0.51163801
780 833 -0.36651820 0.52841783
790 833 -0.35596670 0.54505111
800 833 -0.34655095 0.56084173
810 833 -0.33698865 0.57762155
820 833 -0.32643714 0.59425482
640 495 -1.35447600 1.62504147
650 495 -1.23848273 1.63009739
660 495 -1.12150027 1.63500677
670 495 -0.95121072 1.58349492
680 495 -0.76784171 1.51791439
690 495 -0.58348349 1.45218732
700 495 -0.40011448 1.38660679
710 495 -0.20124795 1.30963211
720 495 0.02143274 1.21598752
730 495 0.24425998 1.12333212
740 495 0.46694067 1.02968753
750 495 0.67481995 0.89072276
760 495 0.87782648 0.73933800
770 495 1.08196876 0.58879588
780 495 1.31410184 0.43612882
790 495 1.56616554 0.28151998
800 495 1.81738658 0.12804689
810 495 2.11466054 -0.00798690
820 495 2.45600901 -0.12628831
830 495 2.79721093 -0.24557892
830 834 -0.31687484 0.61103464
840 834 -0.30646989 0.62667871
850 834 -0.29690759 0.64345853
860 834 -0.28734529 0.66023836
870 834 -0.27778299 0.67701818
880 834 -0.26737803 0.69266225
890 834 -0.25781573 0.70944207
900 834 -0.24726423 0.72607534
910 834 -0.23784848 0.74186596
920 834 -0.22828618 0.75864578
930 834 -0.23619980 0.75981817
940 834 -0.24510264 0.76113711
950 834 -0.25301626 0.76230950
960 834 -0.26191909 0.76362844
970 834 -0.26983272 0.76480083
980 834 -0.27873555 0.76611976
990 834 -0.28664918 0.76729215
1000 834 -0.29555201 0.76861109
1010 834 -0.30346564 0.76978348
1020 834 -0.31236847 0.77110242
