2930 403 0.00000000 0.00000000
2940 403 0.00000000 0.06912308
2950 403 -0.01176163 0.10408969
2960 403 -0.02424661 0.14027153
2970 403 -0.03600823 0.17523814
2980 403 -0.04776986 0.21020476
2990 403 -0.05953149 0.24517137
3000 403 -0.07129312 0.28013799
3010 403 -0.08305475 0.31510460
3020 403 -0.09481638 0.35007121
3030 403 -0.10657801 0.38503783
3040 403 -0.11906298 0.42121966
3050 403 -0.13082461 0.45618628
3060 403 -0.14054640 0.58864566
3070 403 -0.14925550 0.73322834
3080 403 -0.15917983 0.87708767
3090 403 -0.17008791 1.01706986
3100 403 -0.18051858 1.15486754
3110 403 -0.19216447 1.29194188
3120 403 -0.20666036 1.44624635
2740 250 -0.14362786 2.26798347
2750 250 -0.13244491 2.27546289
2760 250 -0.11622746 2.26618957
2770 250 -0.09378923 2.23264072
2780 250 -0.07038170 2.19884593
2790 250 -0.04672824 2.16602042
2800 250 -0.02332072 2.13222563
2810 250 -0.00088248 2.09867678
2820 250 0.02252504 2.06488199
2830 250 0.04617850 2.03205648
2840 250 0.06958602 1.99826169
2850 250 0.12198531 1.86322720
2860 250 0.20386823 1.62889157
2870 250 0.29059759 1.39332625
2880 250 0.39574337 1.15308811
2890 250 0.50185843 0.91260403
2900 250 0.64068327 0.66278877
2910 250 0.91325504 0.37491096
2920 250 1.18582681 0.08703316
2930 250 1.49540504 -0.22983641
2830 796 -1.47123077 2.00439568
2840 796 -1.42412638 2.01926770
2850 796 -1.38068214 2.02784660
2860 796 -1.35587132 1.97925212
2870 796 -1.33106051 1.93065764
2880 796 -1.30600375 1.88303245
2890 796 -1.28119294 1.83443797
2900 796 -1.14921097 1.84634427
2910 796 -1.01722900 1.85825057
2920 796 -0.89462161 1.89420093
2930 796 -0.79050299 1.98333180
2940 796 -0.68638436 2.07246267
2950 796 -0.58520252 2.15408519
2960 796 -0.51188403 2.17468612
2970 796 -0.43784219 2.19407184
2980 796 -0.36452369 2.21467277
2990 796 -0.29023592 2.23502777
3000 796 -0.21716336 2.25465941
3010 796 -0.18530714 2.27855881
3020 796 -0.21794458 2.30850540
2860 369 -0.50641552 -1.17452813
2870 369 -0.52002892 -1.11433115
2880 369 -0.53840195 -1.02816601
2890 369 -0.56084018 -0.92549408
2900 369 -0.58303248 -0.82185286
2910 369 -0.60619406 -0.71796571
2920 369 -0.62863230 -0.61529378
2930 369 -0.65082460 -0.51165256
2940 369 -0.70943021 -0.41734252
2950 369 -0.77846648 -0.32348096
2960 369 -0.84677941 -0.23083463
2970 369 -0.91484641 -0.13721900
2980 369 -0.98315933 -0.04457267
2990 369 -1.02178609 0.00649566
3000 369 -1.03989871 0.02863009
3010 369 -1.05873467 0.05197974
3020 369 -1.07781658 0.07436011
3030 369 -1.09592920 0.09649454
3040 369 -1.11476516 0.11984420
3050 369 -1.13384707 0.14222457
2860 380 0.24742822 -1.09446803
2870 380 0.23306254 -1.04130200
2880 380 0.21845092 -0.98910525
2890 380 0.20408524 -0.93593922
2900 380 0.16683285 -0.83879366
2910 380 0.09561206 -0.67628643
2920 380 0.02536056 -0.51402514
2930 380 -0.02628644 -0.37195971
2940 380 -0.05592922 -0.24888938
2950 380 -0.08557200 -0.12581905
2960 380 -0.11313154 -0.03113287
2970 380 -0.13826062 -0.00412308
2980 380 -0.16217449 0.02361006
2990 380 -0.18705764 0.05158914
3000 380 -0.21121744 0.07835299
3010 380 -0.23513131 0.10608613
3020 380 -0.26001446 0.13406521
3030 380 -0.28417426 0.16082906
3040 380 -0.30808813 0.18856220
3050 380 -0.33297128 0.21654128
2860 783 0.00098375 1.31721564
2870 783 0.02926664 1.35956039
2880 783 0.05779546 1.40287444
2890 783 0.08632428 1.44618848
2900 783 0.11582239 1.48925658
2910 783 0.14994992 1.53837187
2920 783 0.20939461 1.61407741
2930 783 0.26883930 1.68978295
2940 783 0.32731470 1.76573443
2950 783 0.35707322 1.81389490
2960 783 0.34254840 1.82170705
2970 783 0.32802358 1.82951921
2980 783 0.31349877 1.83733136
2990 783 0.29800467 1.84538945
3000 783 0.28347985 1.85320160
3010 783 0.26895503 1.86101375
3020 783 0.25346093 1.86907184
3030 783 0.23893612 1.87688400
3040 783 0.22441130 1.88469615
3050 783 0.20988648 1.89250830
2860 874 1.58920873 -1.07589247
2870 874 1.61203757 -1.13636432
2880 874 1.57257174 -1.11706541
2890 874 1.53189068 -1.09848985
2900 874 1.49217891 -1.08016022
2910 874 1.45149785 -1.06158466
2920 874 1.41081679 -1.04300910
2930 874 1.37135096 -1.02371019
2940 874 1.33066990 -1.00513463
2950 874 1.29095813 -0.98680501
2960 874 1.17253169 -0.86803136
2970 874 1.03551522 -0.72493878
2980 874 0.90917536 -0.58042843
2990 874 0.80952702 -0.43237368
3000 874 0.71012462 -0.28334965
3010 874 0.60885598 -0.11321834
3020 874 0.50679166 0.10663588
3030 874 0.40472734 0.32649009
3040 874 0.30266302 0.54634430
3050 874 0.30467393 0.63559090
2880 351 -0.08638215 -1.25531156
2890 351 -0.08956488 -1.19466612
2900 351 -0.10785110 -1.08376249
2910 351 -0.13212664 -0.95173712
2920 351 -0.15543289 -0.81995769
2930 351 -0.17995437 -0.68890161
2940 351 -0.20422991 -0.55687624
2950 351 -0.26354440 -0.45722790
2960 351 -0.33113398 -0.36579679
2970 351 -0.39872356 -0.27436567
2980 351 -0.46606720 -0.18196527
2990 351 -0.50586578 -0.11925105
3000 351 -0.51835076 -0.08306922
3010 351 -0.53011238 -0.04810260
3020 351 -0.54187401 -0.01313599
3030 351 -0.55363564 0.02183062
3040 351 -0.56612062 0.05801246
3050 351 -0.57788225 0.09297908
3060 351 -0.59061316 0.12819163
3070 351 -0.60237479 0.16315824
2930 885 0.58624414 1.18419205
2940 885 0.59527152 1.13031713
2950 885 0.60429889 1.07644222
2960 885 0.61357221 1.02353659
2970 885 0.62163030 0.96990761
2980 885 0.63065767 0.91603269
2990 885 0.68754171 0.81493766
3000 885 0.75481302 0.70192186
3010 885 0.82305362 0.58866012
3020 885 0.89123635 0.45890606
3030 885 0.96498885 0.25758401
3040 885 1.03752613 0.05553861
3050 885 1.11030934 -0.14553750
3060 885 1.15815154 -0.33512686
3070 885 1.19606941 -0.51910304
3080 885 1.23277206 -0.70380256
3090 885 1.31005450 -0.86681614
3100 885 1.41261069 -1.01560870
3110 885 1.51492095 -1.16537055
3120 885 1.59035162 -1.30315376
3050 264 1.71792117 -3.10177157
3060 264 1.50106161 -2.76509675
3070 264 1.28420206 -2.42842193
3080 264 1.09420763 -2.10784882
3090 264 0.93107832 -1.80337743
3100 264 0.76819495 -1.49793675
3110 264 0.63015133 -1.23284439
3120 264 0.50320386 -0.98501110
3130 264 0.37625639 -0.73717781
3140 264 0.26192410 -0.48841864
3150 264 0.16117627 -0.23897952
3160 264 0.05921322 0.00973626
3170 264 -0.02774761 0.24845537
3180 264 -0.05689851 0.44258735
3190 264 -0.08701869 0.63696526
3200 264 -0.11616959 0.83109724
3210 264 -0.05292010 1.02344979
3220 264 0.02051413 1.21528152
3230 264 0.09419430 1.40808254
3240 264 0.17800133 1.58387043
3060 370 -1.15171375 0.16532828
3070 370 -1.17079565 0.18770865
3080 370 -1.18987756 0.21008902
3090 370 -1.20774424 0.23319274
3100 370 -1.22682614 0.25557311
3110 370 -1.24566211 0.27892276
3120 370 -1.26474401 0.30130313
3130 370 -1.28285663 0.32343756
3140 370 -1.35581345 0.40591363
3150 370 -1.48289113 0.54751612
3160 370 -1.60996880 0.68911861
3170 370 -1.73704647 0.83072110
3180 370 -1.84097703 0.93343643
3190 370 -1.94298348 1.03153681
3200 370 -2.04595922 1.12988312
3210 370 -2.14821161 1.22701421
3220 370 -2.23583791 1.27607164
3230 370 -2.31938454 1.31274535
3240 370 -2.40317710 1.34844978
3250 370 -2.48672373 1.38512349
3060 381 -0.35713108 0.24330514
3070 381 -0.46522812 0.33366569
3080 381 -0.58275761 0.43157800
3090 381 -0.70028710 0.52949031
3100 381 -0.85479410 0.66464054
3110 381 -1.01051633 0.79906742
3120 381 -1.16526928 0.93324836
3130 381 -1.33338968 1.05947249
3140 381 -1.50175603 1.18472732
3150 381 -1.64979631 1.29657130
3160 381 -1.70730243 1.35862004
3170 381 -1.76577783 1.42091472
3180 381 -1.82425324 1.48320940
3190 381 -1.88200530 1.54428886
3200 381 -1.93870127 1.62986085
3210 381 -1.99410968 1.73677160
3220 381 -2.04927215 1.84465163
3230 381 -2.10540391 1.95277761
3240 381 -2.18753277 2.04789779
3250 381 -2.33428550 2.11195744
3060 784 0.19439238 1.90056639
3070 784 0.17986757 1.90837854
3080 784 0.16534275 1.91619069
3090 784 0.15106387 1.92497213
3100 784 0.13532383 1.93206094
3110 784 0.12079902 1.93987309
3120 784 0.10627420 1.94768524
3130 784 0.09174939 1.95549739
3140 784 0.07747051 1.96427883
3150 784 0.06173047 1.97136763
3160 784 0.04720565 1.97917979
3170 784 0.03268084 1.98699194
3180 784 0.01840196 1.99577338
3190 784 0.00266192 2.00286218
3200 784 -0.01186290 2.01067433
3210 784 -0.02638771 2.01848648
3220 784 -0.04066659 2.02726792
3230 784 -0.05616069 2.03532601
3240 784 -0.07093145 2.04216888
3250 784 -0.07958268 2.06499772
3060 875 0.30571555 0.72508345
3070 875 0.30797239 0.81529933
3080 875 0.30901401 0.90479188
3090 875 0.29874248 0.88057420
3100 875 0.28648898 0.84447917
3110 875 0.27423547 0.80838413
3120 875 0.26270531 0.77107387
3130 875 0.25045181 0.73497884
3140 875 0.23916759 0.69863786
3150 875 0.22691408 0.66254283
3160 875 0.21441464 0.62547851
3170 875 0.29813487 0.50003560
3180 875 0.40627531 0.35292120
3190 875 0.51344646 0.20605274
3200 875 0.62061761 0.05918429
3210 875 0.70112618 -0.15210549
3220 875 0.77894389 -0.36993433
3230 875 0.85554638 -0.58848652
3240 875 0.95165032 -0.77897283
3250 875 1.08920207 -0.90775760
3080 352 -0.61389048 0.19909414
3090 352 -0.62662140 0.23430669
3100 352 -0.63838302 0.26927331
3110 352 -0.65014465 0.30423992
3120 352 -0.66166034 0.34017582
3130 352 -0.67439126 0.37538837
3140 352 -0.83273201 0.52389160
3150 352 -0.99228798 0.67167147
3160 352 -1.15184395 0.81945135
3170 352 -1.29081346 0.88978965
3180 352 -1.42573221 0.93949808
3190 352 -1.55968169 0.98896058
3200 352 -1.65267523 1.09818604
3210 352 -1.72665920 1.23353881
3220 352 -1.80088912 1.36792229
3230 352 -1.85916198 1.48794009
3240 352 -1.87875023 1.57338189
3250 352 -1.89833848 1.65882368
3260 352 -1.91768079 1.74523477
3270 352 -1.93726904 1.83067656
3110 640 1.07809145 0.34959380
3120 640 0.97850098 0.44501779
3130 640 0.87794122 0.54068772
3140 640 0.77835075 0.63611171
3150 640 0.71672155 0.69817492
3160 640 0.69377697 0.72566212
3170 640 0.67083239 0.75314932
3180 640 0.64788781 0.78063653
3190 640 0.62421988 0.80933895
3200 640 0.60127530 0.83682615
3210 640 0.57833072 0.86431335
3220 640 0.55441686 0.89204649
3230 640 0.51891497 0.93510013
3240 640 0.47544179 0.98739815
3250 640 0.43124526 1.04091139
3260 640 0.38680279 1.09345535
3270 640 0.34357555 1.14672265
3280 640 0.28605497 1.20464831
3290 640 0.19777765 1.27553636
3300 640 0.11022368 1.34520918
3120 880 0.56434118 1.92327950
3130 880 0.52031826 1.81890047
3140 880 0.49569551 1.64460267
3150 880 0.47586133 1.45258287
3160 880 0.45602714 1.26056307
3170 880 0.43911528 1.07192853
3180 880 0.42172601 0.88547850
3190 880 0.40409080 0.69805919
3200 880 0.40899509 0.50595258
3210 880 0.50162696 0.29365012
3220 880 0.59547406 0.08207100
3230 880 0.68835186 -0.12926218
3240 880 0.78500554 -0.30131760
3250 880 0.88242597 -0.46221900
3260 880 0.98081569 -0.62336633
3270 880 1.07823612 -0.78426773
3280 880 1.17060758 -0.93253948
3290 880 1.21850765 -0.96739036
3300 880 1.26543843 -1.00199530
3310 880 1.31333849 -1.03684618
