2340 608 0.00000000 0.00000000
2350 608 0.00000000 0.19068298
2360 608 0.00022026 0.38039052
2370 608 0.00022026 0.57107351
2380 608 -0.01680276 0.75996294
2390 608 -0.05084880 0.94705882
2400 608 -0.08587027 1.13393443
2410 608 -0.08863927 1.27785918
2420 608 -0.04540521 1.35425824
2430 608 -0.00141596 1.43185299
2440 608 0.04911817 1.43506251
2450 608 0.12973365 1.14161210
2460 608 0.17189788 0.83230290
2470 608 0.15676281 0.49980338
2480 608 0.14914808 0.25204137
2490 608 0.14861316 0.09096774
2500 608 0.15830463 0.04804834
2510 608 0.17897769 0.12447886
2520 608 0.19867531 0.20068912
2530 608 0.21934836 0.27711964
2160 778 1.98637547 1.73615912
2170 778 1.78924199 1.56042241
2180 778 1.59188825 1.38566114
2190 778 1.39377933 1.20970417
2200 778 1.18815007 1.23503417
2210 778 0.98179710 1.28172948
2220 778 0.77544413 1.32842478
2230 778 0.56893383 1.32587605
2240 778 0.36179421 1.31703415
2250 778 0.15563004 1.30841251
2260 778 -0.01847045 1.28037645
2270 778 -0.15953180 1.23314622
2280 778 -0.29961772 1.18613626
2290 778 -0.44067907 1.13890603
2300 778 -0.55423928 1.10608716
2310 778 -0.60467902 1.10699967
2320 778 -0.65631447 1.10866736
2330 778 -0.70675420 1.10957987
2340 778 -0.75741421 1.11146782
2350 778 -0.80785394 1.11238033
2210 578 -0.78299593 0.28042356
2220 578 -0.78626838 0.28583568
2230 578 -0.79073653 0.29200298
2240 578 -0.79520468 0.29817029
2250 578 -0.79945257 0.30336215
2260 578 -0.80294527 0.30974972
2270 578 -0.80741342 0.31591702
2280 578 -0.81068587 0.32132915
2290 578 -0.81515402 0.32749645
2300 578 -0.81962217 0.33366375
2310 578 -0.82387006 0.33885562
2320 578 -0.82736276 0.34524318
2330 578 -0.83183091 0.35141049
2340 578 -0.83607880 0.35660235
2350 578 -0.83957151 0.36298992
2360 578 -0.84403966 0.36915722
2370 578 -0.84828755 0.37434908
2380 578 -0.85178026 0.38073665
2390 578 -0.85624840 0.38690395
2400 578 -0.86049629 0.39209582
2230 779 1.92822660 1.86655356
2240 779 1.70280533 1.74799028
2250 779 1.47857976 1.62867182
2260 779 1.25315850 1.51010853
2270 779 0.99970116 1.43852375
2280 779 0.74548865 1.36574327
2290 779 0.50027537 1.29396969
2300 779 0.32132915 1.22383233
2310 779 0.14335836 1.15391524
2320 779 -0.03215809 1.09582930
2330 779 -0.19568605 1.08453307
2340 779 -0.36040972 1.07399201
2350 779 -0.46446725 1.05357068
2360 779 -0.54291158 1.02868120
2370 779 -0.62135592 1.00379172
2380 779 -0.71858536 0.92135123
2390 779 -0.83513483 0.77918857
2400 779 -0.95168429 0.63702591
2410 779 -1.05618234 0.45965297
2420 779 -1.15498508 0.26613806
2370 612 0.17504446 0.41884178
2380 612 0.27969984 0.58189776
2390 612 0.38533066 0.74517399
2400 612 0.48998604 0.90822997
2410 612 0.72103970 0.96552926
2420 612 1.00442104 0.97723455
2430 612 1.28877782 0.98916011
2440 612 1.47946081 1.08450160
2450 612 1.64588363 1.20101960
2460 612 1.81252671 1.31656216
2470 612 1.88033559 1.37493129
2480 612 1.85050598 1.37537181
2490 612 1.82067636 1.37581233
2500 612 1.79106701 1.37527742
2510 612 1.76123739 1.37571794
2520 612 1.73140778 1.37615846
2530 612 1.70179842 1.37562354
2540 612 1.67196881 1.37606406
2550 612 1.64213919 1.37650458
2560 612 1.61230958 1.37694510
2410 579 -0.86398900 0.39848338
2420 579 -0.86845715 0.40465069
2430 579 -0.87292530 0.41081799
2440 579 -0.87619775 0.41623012
2450 579 -0.88066590 0.42239742
2460 579 -0.88513404 0.42856472
2470 579 -0.88840649 0.43397685
2480 579 -0.89287464 0.44014415
2490 579 -0.89734279 0.44631146
2500 579 -0.90061524 0.45172358
2510 579 -0.90508339 0.45789089
2520 579 -0.98286694 0.49363608
2530 579 -1.17100119 0.57315025
2540 579 -1.35564273 0.64627686
2550 579 -1.51158743 0.66949865
2560 579 -1.66753213 0.69272044
2570 579 -1.82064490 0.77604198
2580 579 -1.97114600 0.92043872
2590 579 -2.12164711 1.06483545
2600 579 -2.27885044 1.20259289
