3480 354 0.00000000 0.00000000
3490 354 0.00000000 0.17758941
3500 354 0.00088406 0.35471146
3510 354 0.00176812 0.53183350
3520 354 0.02093593 0.64725705
3530 354 0.04333592 0.74739815
3540 354 0.06708733 0.84795595
3550 354 0.09037138 0.94762968
3560 354 0.11323873 1.04865485
3570 354 0.13602725 1.10673826
3580 354 0.15834840 1.16393762
3590 354 0.18113692 1.22202104
3600 354 0.20257401 1.27968776
3610 354 0.22536253 1.33777118
3620 354 0.24414744 1.39684002
3630 354 0.24691787 1.45985053
3640 354 0.25057237 1.52239367
3650 354 0.25334280 1.58540418
3660 354 0.25564587 1.64753063
3670 354 0.25841630 1.71054115
3290 854 -0.07526350 1.04085033
3300 854 -0.06762790 0.96328940
3310 854 -0.05999231 0.88572847
3320 854 -0.05324079 0.80863491
3330 854 -0.04513783 0.73195804
3340 854 -0.03094779 0.64753860
3350 854 0.00862664 0.53838795
3360 854 0.04778438 0.43058873
3370 854 0.08735881 0.32143808
3380 854 0.12693324 0.21228743
3390 854 0.16754377 0.10937589
3400 854 0.21162861 0.02159476
3410 854 0.25524607 -0.06707044
3420 854 0.29933090 -0.15485157
3430 854 0.34341574 -0.24263271
3440 854 0.36556233 -0.33125848
3450 854 0.33535783 -0.42048677
3460 854 0.30557002 -0.51106650
3470 854 0.27536551 -0.60029479
3480 854 0.23979470 -0.66971897
3390 447 -0.71745830 -2.52321909
3400 447 -0.61074023 -2.23576952
3410 447 -0.52367423 -1.94697979
3420 447 -0.43614086 -1.65730599
3430 447 -0.40371213 -1.37130358
3440 447 -0.37081602 -1.08441711
3450 447 -0.38946578 -0.84154228
3460 447 -0.44142271 -0.62743605
3470 447 -0.49202820 -0.41291313
3480 447 -0.67743903 -0.10676312
3490 447 -0.86196579 0.19891951
3500 447 -1.01560108 0.48600870
3510 447 -1.16127980 0.76889155
3520 447 -1.30337161 1.05214042
3530 447 -1.43959031 1.33794011
3540 447 -1.57580902 1.62373980
3550 447 -1.70693733 1.91702868
3560 447 -1.83068907 2.21999156
3570 447 -1.95355676 2.52248707
3580 447 -2.07730850 2.82544994
3460 372 -0.38513557 0.02036157
3470 372 -0.38857609 0.12511444
3480 372 -0.38745553 0.25347232
3490 372 -0.38721903 0.38229756
3500 372 -0.38609846 0.51065544
3510 372 -0.38497790 0.63901331
3520 372 -0.38562546 0.76830593
3530 372 -0.38804115 0.89853329
3540 372 -0.38957277 1.02829327
3550 372 -0.39110439 1.15805326
3560 372 -0.39377347 1.27710315
3570 372 -0.39880755 1.35102647
3580 372 -0.40472570 1.42541717
3590 372 -0.41064385 1.49980786
3600 372 -0.41656199 1.57419856
3610 372 -0.42159608 1.64812189
3620 372 -0.42049241 1.71653813
3630 372 -0.41897205 1.78360293
3640 372 -0.41698431 1.85155180
3650 372 -0.41634801 1.91908398
3490 855 0.18275864 -0.65992672
3500 855 0.12572258 -0.65013447
3510 855 0.06821916 -0.64122628
3520 855 0.01118310 -0.63143403
3530 855 -0.04632033 -0.62252584
3540 855 -0.10335639 -0.61273359
3550 855 -0.18961153 -0.51057660
3560 855 -0.28925148 -0.36740929
3570 855 -0.38847473 -0.22559340
3580 855 -0.50790753 -0.10702778
3590 855 -0.63518426 0.00097979
3600 855 -0.76246099 0.10898735
3610 855 -0.88973772 0.21699492
3620 855 -1.06309265 0.26565773
3630 855 -1.25577305 0.29060291
3640 855 -1.44892082 0.31466403
3650 855 -1.64118454 0.33825777
3660 855 -1.83433231 0.36231889
3670 855 -2.02701271 0.38726407
3680 855 -2.21220393 0.40711886
3620 288 -0.15088737 -0.85455544
3630 288 -0.15697445 -0.66922345
3640 288 -0.16306152 -0.48389146
3650 288 -0.16826453 -0.29902683
3660 288 -0.17393492 -0.11504627
3670 288 -0.18271359 0.05021696
3680 288 -0.19314777 0.20165053
3690 288 -0.20358195 0.35308411
3700 288 -0.21401613 0.50451768
3710 288 -0.22445032 0.65595126
3720 288 -0.22816675 0.78799742
3730 288 -0.22719823 0.90964881
3740 288 -0.22669707 1.03041615
3750 288 -0.22619591 1.15118348
3760 288 -0.22569476 1.27195082
3770 288 -0.23557710 1.36879780
3780 288 -0.25106789 1.45503605
3790 288 -0.26520725 1.54169099
3800 288 -0.28069804 1.62792924
3810 288 -0.29483739 1.71458418
