3120 426 0.00000000 0.00000000
3130 426 0.00000000 0.08955445
3140 426 -0.03403516 0.29561903
3150 426 -0.06755666 0.50036596
3160 426 -0.07313986 0.70158432
3170 426 -0.05027109 0.89795647
3180 426 -0.02700033 1.09524426
3190 426 0.00835246 1.24791115
3200 426 0.05094107 1.37228241
3210 426 0.09484732 1.49716732
3220 426 0.13743594 1.62153858
3230 426 0.15892007 1.67544991
3240 426 0.16528491 1.68248474
3250 426 0.17256540 1.68911758
3260 426 0.17893024 1.69615240
3270 426 0.18661272 1.70370088
3280 426 0.19297756 1.71073571
3290 426 0.20025805 1.71736854
3300 426 0.20662289 1.72440337
3310 426 0.21390338 1.73103621
3010 582 1.03007720 0.20195534
3020 582 1.01582889 0.20930283
3030 582 1.00158057 0.21665031
3040 582 0.98824790 0.22359581
3050 582 0.97399959 0.23094329
3060 582 0.95975127 0.23829078
3070 582 0.94590495 0.24655390
3080 582 0.93165663 0.25390139
3090 582 0.91740832 0.26124887
3100 582 0.90316001 0.26859636
3110 582 0.88891169 0.27594384
3120 582 0.87466338 0.28329133
3130 582 0.86041506 0.29063881
3140 582 0.84616675 0.29798630
3150 582 0.84089621 0.29593168
3160 582 0.84225851 0.28659658
3170 582 0.84362081 0.27726148
3180 582 0.84406747 0.26832837
3190 582 0.84542977 0.25899326
3200 582 0.84719406 0.25057381
3020 651 2.03243942 0.76119052
3030 651 2.02437729 0.77019063
3040 651 2.01671714 0.78010638
3050 651 2.00957065 0.78870450
3060 651 2.00191051 0.79862026
3070 651 1.99384837 0.80762037
3080 651 1.98618823 0.81753612
3090 651 1.97852809 0.82745188
3100 651 1.97138160 0.83605000
3110 651 1.96372145 0.84596575
3120 651 1.94147800 0.86992883
3130 651 1.79361266 1.03313679
3140 651 1.64442968 1.19583110
3150 651 1.46121154 1.34070386
3160 651 1.26229346 1.47717948
3170 651 1.06297339 1.61273946
3180 651 0.83080179 1.76053781
3190 651 0.56577868 1.92057452
3200 651 0.29966126 2.07563102
3210 651 0.01768756 2.18959520
3140 432 0.32337867 0.42811942
3150 432 0.32228437 0.60224811
3160 432 0.36476132 0.72885265
3170 432 0.40632262 0.85585917
3180 432 0.44444468 0.98000711
3190 432 0.44038011 1.07025387
3200 432 0.43631555 1.16050064
3210 432 0.43133534 1.25114940
3220 432 0.42767276 1.34231182
3230 432 0.42883407 1.39968473
3240 432 0.44046944 1.40877417
3250 432 0.45118918 1.41826560
3260 432 0.46190891 1.42775704
3270 432 0.47262865 1.43724847
3280 432 0.48386204 1.44542227
3290 432 0.49458177 1.45491370
3300 432 0.50530151 1.46440513
3310 432 0.51602124 1.47389656
3320 432 0.52765662 1.48298600
3330 432 0.53797437 1.49156179
3170 276 -3.69788425 1.08722679
3180 276 -3.31204079 1.06308505
3190 276 -2.92912292 1.03476709
3200 276 -2.54660704 1.00553347
3210 276 -2.16368918 0.97721551
3220 276 -1.82655351 0.96899704
3230 276 -1.53560204 0.97996244
3240 276 -1.24465056 0.99092784
3250 276 -0.95369909 1.00189323
3260 276 -0.66234563 1.01377427
3270 276 -0.39042168 0.92169621
3280 276 -0.11901139 0.83093579
3290 276 0.12676087 0.75143109
3300 276 0.26683207 0.71723960
3310 276 0.40730526 0.68396376
3320 276 0.54869410 0.65028592
3330 276 0.67424900 0.63775723
3340 276 0.78660522 0.64740499
3350 276 0.89896144 0.65705276
3360 276 1.01091567 0.66578487
3170 278 -3.74056219 1.74376589
3180 278 -3.38017810 1.73626208
3190 278 -3.01023558 1.72565401
3200 278 -2.61436470 1.70693913
3210 278 -2.21849382 1.68822426
3220 278 -1.82353859 1.66991138
3230 278 -1.51358191 1.63212432
3240 278 -1.26164581 1.58158523
3250 278 -1.00970970 1.53104615
3260 278 -0.78354563 1.47653183
3270 278 -0.55789521 1.42333515
3280 278 -0.35732450 1.32545057
3290 278 -0.16966214 1.20811413
3300 278 -0.00931277 1.09075537
3310 278 0.10860432 0.97127499
3320 278 0.21966524 0.86354165
3330 278 0.28110272 0.86168803
3340 278 0.34254020 0.85983441
3350 278 0.40397768 0.85798079
3360 278 0.46409753 0.85561351
3210 583 0.84764071 0.24164069
3220 583 0.84900301 0.23230559
3230 583 0.85036531 0.22297049
3240 583 0.85081197 0.21403738
3250 583 0.85217427 0.20470227
3260 583 0.85353657 0.19536717
3270 583 0.85398322 0.18643406
3280 583 0.85534552 0.17709896
3290 583 0.85670782 0.16776385
3300 583 0.85715448 0.15883074
3310 583 0.85851678 0.14949564
3320 583 0.85987908 0.14016053
3330 583 0.86032573 0.13122742
3340 583 0.86209002 0.12280796
3350 583 0.86345232 0.11347286
3360 583 0.86389898 0.10453975
3370 583 0.86526128 0.09520465
3380 583 0.86662358 0.08586954
3390 583 0.86707023 0.07693643
3400 583 0.86843253 0.06760133
