490 840 0.00000000 0.00000000
500 840 0.00000000 0.01788854
510 840 -0.00134164 0.03532987
520 840 -0.00178885 0.05232399
530 840 -0.00313050 0.06976532
540 840 -0.00402492 0.08810108
550 840 -0.00447214 0.10509519
560 840 -0.00581378 0.12253653
570 840 -0.00626099 0.13953064
580 840 -0.00760263 0.15697197
590 840 -0.00760263 0.17486052
600 840 -0.00894427 0.19230185
610 840 -0.01028591 0.20974318
620 840 0.00581378 0.23299828
630 840 0.06037384 0.26832816
640 840 0.11493389 0.30365803
650 840 0.16949395 0.33898791
660 840 0.22450122 0.37521221
670 840 0.26609209 0.40472830
680 840 0.25670060 0.41501422
400 82 -0.02504396 2.81878729
410 82 0.04472136 2.72576686
420 82 0.11493389 2.63364086
430 82 0.18604086 2.52094304
440 82 0.26519766 2.32595791
450 82 0.34435447 2.13097278
460 82 0.42306406 1.93509323
470 82 0.50132644 1.74055531
480 82 0.61849640 1.55898659
490 82 0.79156806 1.39977855
500 82 0.96419251 1.23967609
510 82 1.13681696 1.07957362
520 82 1.31972732 0.90202982
530 82 1.51471245 0.69720600
540 82 1.71103922 0.49282938
550 82 1.90736598 0.28845277
560 82 2.10235111 0.08362894
570 82 2.27765884 -0.14042507
580 82 2.44983608 -0.36626793
590 82 2.62290774 -0.59255801
400 87 0.14087228 2.44178623
410 87 0.10420077 2.29912509
420 87 0.06887089 2.15691117
430 87 0.08184009 2.02408873
440 87 0.14221392 1.90110499
450 87 0.20348219 1.77767404
460 87 0.26475045 1.65424309
470 87 0.32601871 1.53081214
480 87 0.46912706 1.38099558
490 87 0.62117968 1.22894296
500 87 0.77412673 1.07644312
510 87 0.92886264 0.90963245
520 87 1.08941232 0.72090832
530 87 1.25040921 0.53307861
540 87 1.41006447 0.34480168
550 87 1.58626662 0.14936934
560 87 1.77007141 -0.04874628
570 87 1.95253456 -0.24730912
580 87 2.13499770 -0.44139982
590 87 2.31388314 -0.61804919
450 726 0.29158326 -0.13908343
460 726 0.28532227 0.08318173
470 726 0.27816686 0.30589410
480 726 0.19990448 0.49148774
490 726 0.09078436 0.66232333
500 726 0.01431084 0.84925862
510 726 -0.01341641 1.05989622
520 726 -0.03622430 1.27142825
530 726 -0.02057183 1.49503505
540 726 -0.00536656 1.71774742
550 726 0.01073313 1.93106831
560 726 0.02772724 2.14394198
570 726 0.04427415 2.35592122
580 726 0.11001454 2.58131687
590 726 0.17575494 2.80671253
600 726 0.24104813 3.03121375
610 726 0.34167119 3.24811234
620 726 0.44229425 3.46501094
630 726 0.54336452 3.68056789
640 726 0.67216203 3.91356617
650 838 0.37029286 1.97489524
660 838 0.38460369 1.86264463
670 838 0.39980895 1.74994680
680 838 0.41501422 1.63724897
690 838 0.38683976 1.46909666
700 838 0.35821809 1.30004992
710 838 0.33004363 1.13189761
720 838 0.33004363 0.96419251
730 838 0.44944966 0.79827627
740 838 0.56751405 0.63191281
750 838 0.68692008 0.46599657
760 838 0.78083494 0.28263899
770 838 0.86535831 0.09167879
780 838 0.94943446 -0.10017585
790 838 1.04156046 -0.27593079
800 838 1.14889173 -0.41680307
810 838 1.25667020 -0.55678093
820 838 1.36400147 -0.69765321
830 838 1.50442654 -0.84165599
840 838 1.66631786 -0.98968369
