3530 669 0.00000000 0.00000000
3540 669 -0.00000000 0.03423449
3550 669 0.00011684 0.06747582
3560 669 0.00023368 0.10071716
3570 669 -0.00075947 0.13483480
3580 669 -0.02260878 0.21785051
3590 669 -0.07816679 0.37342463
3600 669 -0.13284850 0.53010874
3610 669 -0.19547541 0.56603742
3620 669 -0.25944599 0.57059423
3630 669 -0.32440972 0.57503420
3640 669 -0.37564461 0.57404105
3650 669 -0.40982068 0.56498585
3660 669 -0.44300359 0.55604750
3670 669 -0.47706281 0.54599915
3680 669 -0.51112204 0.53595080
3690 669 -0.54430495 0.52701245
3700 669 -0.57836418 0.51696410
3710 669 -0.61154709 0.50802574
3720 669 -0.69625699 0.49201849
3370 892 1.57659737 2.74904087
3380 892 1.38673035 2.49713114
3390 892 1.19587017 2.24510457
3400 892 0.97416390 2.08409733
3410 892 0.75245763 1.92309009
3420 892 0.61995966 1.76552967
3430 892 0.50966152 1.60756030
3440 892 0.39936338 1.44959094
3450 892 0.28906525 1.29162157
3460 892 0.17987710 1.09854141
3470 892 0.07057211 0.88933716
3480 892 -0.03773972 0.68024974
3490 892 0.04200443 0.52450036
3500 892 0.12274173 0.36886782
3510 892 0.20096695 0.24314664
3520 892 0.27235695 0.18408339
3530 892 0.34363011 0.12601329
3540 892 0.41502011 0.06695003
3550 892 0.45398667 0.01816881
3560 892 0.36512890 0.01174255
3380 439 0.44019940 0.99122272
3390 439 0.47694597 0.99554585
3400 439 0.51369254 0.99986898
3410 439 0.55043912 1.00419210
3420 439 0.57690366 1.01032627
3430 439 0.58963936 1.02189355
3440 439 0.60149874 1.03235084
3450 439 0.61335813 1.04280813
3460 439 0.62510067 1.05425858
3470 439 0.63795321 1.06483271
3480 439 0.64981260 1.07529000
3490 439 0.66155514 1.08674044
3500 439 0.67341453 1.09719774
3510 439 0.68626707 1.10777187
3520 439 0.69800961 1.11922231
3530 439 0.70986900 1.12967960
3540 439 0.72172839 1.14013689
3550 439 0.73446408 1.15170418
3560 439 0.74632347 1.16216147
3570 439 0.75818286 1.17261876
3530 888 -1.77814853 0.28217161
3540 888 -1.77499381 0.30670827
3550 888 -1.77195594 0.33223809
3560 888 -1.76880123 0.35677475
3570 888 -1.76564651 0.38131141
3580 888 -1.76249180 0.40584807
3590 888 -1.75846078 0.43149473
3600 888 -1.75530606 0.45603139
3610 888 -1.75215135 0.48056805
3620 888 -1.74911348 0.50609786
3630 888 -1.74595876 0.53063453
3640 888 -1.74280405 0.55517119
3650 888 -1.73976618 0.58070100
3660 888 -1.73661146 0.60523766
3670 888 -1.73246360 0.62989117
3680 888 -1.72930888 0.65442783
3690 888 -1.72627101 0.67995764
3700 888 -1.72311630 0.70449430
3710 888 -1.71996158 0.72903096
3720 888 -1.71692371 0.75456078
3560 686 -1.37083994 -0.57813049
3570 686 -1.38340037 -0.53127715
3580 686 -1.39596081 -0.48442381
3590 686 -1.40863808 -0.43657732
3600 686 -1.42020536 -0.38960714
3610 686 -1.42038063 -0.31108982
3620 686 -1.37247571 -0.10206083
3630 686 -1.32346081 0.10609185
3640 686 -1.27304381 0.26809224
3650 686 -1.22093262 0.42425057
3660 686 -1.16981457 0.58029206
3670 686 -1.07961313 0.72079366
3680 686 -0.97977228 0.85638792
3690 686 -0.87893828 0.99209903
3700 686 -0.82904707 1.06442377
3710 686 -0.78330372 1.12921224
3720 686 -0.73855353 1.19388387
3730 686 -0.69281018 1.25867234
3740 686 -0.64805998 1.32334397
3750 686 -0.64175055 1.33818281
