3680 812 0.00000000 0.00000000
3690 812 0.00000000 0.02863564
3700 812 0.00300325 0.08143697
3710 812 0.02800705 0.36087893
3720 812 0.05224259 0.63913356
3730 812 0.07941152 0.87506332
3740 812 0.10853607 1.06845867
3750 812 0.13863841 1.26206354
3760 812 0.17467742 1.38023795
3770 812 0.21972617 1.38477775
3780 812 0.26673053 1.38973660
3790 812 0.31198881 1.39329860
3800 812 0.35801537 1.39804792
3810 812 0.40404193 1.40279725
3820 812 0.45027801 1.40656877
3830 812 0.49630457 1.41131810
3840 812 0.52920064 1.48688826
3850 812 0.55455365 1.61197712
3860 812 0.57913840 1.73587866
3870 812 0.60372315 1.85978019
3500 817 -0.56684603 -1.07257941
3510 817 -0.37540628 -1.03053390
3520 817 -0.21756104 -0.97011968
3530 817 -0.06048406 -0.91089279
3540 817 0.09638338 -0.85068810
3550 817 0.09365950 -0.83797667
3560 817 0.09093562 -0.82526524
3570 817 0.08842128 -0.81353161
3580 817 0.08548787 -0.79984237
3590 817 0.08297352 -0.78810875
3600 817 0.08024964 -0.77539731
3610 817 0.07752576 -0.76268588
3620 817 0.07480188 -0.74997445
3630 817 0.07207801 -0.73726302
3640 817 0.06935413 -0.72455159
3650 817 0.06663025 -0.71184016
3660 817 0.06390637 -0.69912873
3670 817 0.06118249 -0.68641729
3680 817 0.05845862 -0.67370586
3690 817 0.05573474 -0.66099443
3520 830 -1.14018746 -1.78553705
3530 830 -1.14507647 -1.77226688
3540 830 -1.16072131 -1.70403024
3550 830 -1.20304618 -1.50651415
3560 830 -1.24558059 -1.30802026
3570 830 -1.23712958 -1.08019230
3580 830 -1.20807488 -0.83874494
3590 830 -1.17783285 -0.59806586
3600 830 -1.09849117 -0.36220595
3610 830 -0.94525556 -0.13710187
3620 830 -0.79125168 0.08918955
3630 830 -0.69368097 0.34020540
3640 830 -0.65156562 0.61615521
3650 830 -0.61042808 0.89189549
3660 830 -0.56607775 1.20514148
3670 830 -0.52165759 1.54192456
3680 830 -0.48233596 1.87863781
3690 830 -0.50028562 2.21535106
3700 830 -0.51704795 2.55129603
3710 830 -0.53401980 2.88821880
3620 654 0.70031606 2.58307461
3630 654 0.72629766 2.60500532
3640 654 0.75130147 2.62672650
3650 654 0.77749261 2.64767941
3660 654 0.80347421 2.66961012
3670 654 0.82945582 2.69154083
3680 654 0.85543743 2.71347154
3690 654 0.88162856 2.73442445
3700 654 0.89322251 2.74713588
3710 654 0.89880995 2.75446940
3720 654 0.90439739 2.76180292
3730 654 0.90900703 2.76892691
3740 654 0.91557227 2.77646995
3750 654 0.92115972 2.78380347
3760 654 0.92576936 2.79092746
3770 654 0.93212507 2.79944831
3780 654 0.93771252 2.80678183
3790 654 0.94232216 2.81390582
3800 654 0.94888740 2.82144887
3810 654 0.95447484 2.82878238
3700 818 0.05301086 -0.64828300
3710 818 0.05028698 -0.63557157
3720 818 0.04756310 -0.62286014
3730 818 0.04483922 -0.61014871
3740 818 0.04211535 -0.59743728
3750 818 0.03960100 -0.58570365
3760 818 0.03687712 -0.57299221
3770 818 0.03415324 -0.56028078
3780 818 0.03142936 -0.54756935
3790 818 0.07466220 -0.49637441
3800 818 0.14932440 -0.42003598
3810 818 0.22419612 -0.34467535
3820 818 0.29885832 -0.26833692
3830 818 0.38672085 -0.19632876
3840 818 0.50391746 -0.13235254
3850 818 0.62209186 -0.06816680
3860 818 0.73928847 -0.00419058
3870 818 0.87604112 0.09261186
3880 818 1.04191832 0.23963143
3890 818 1.20702724 0.38546368
3790 474 2.05478193 4.24680541
3800 474 1.83226204 3.89640293
3810 474 1.63293003 3.54278768
3820 474 1.53026078 3.17715942
3830 474 1.42738200 2.81250896
3840 474 1.38833974 2.55562630
3850 474 1.41257527 2.40434629
3860 474 1.43660128 2.25404409
3870 474 1.38582539 2.15214311
3880 474 1.28594986 2.08369694
3890 474 1.18607433 2.01525078
3900 474 1.05435037 1.83770979
3910 474 0.87212991 1.49492021
3920 474 0.68557918 1.16756593
3930 474 0.47996130 0.90055602
3940 474 0.27455295 0.63256832
3950 474 0.10476454 0.42743934
3960 474 -0.04127723 0.26421618
3970 474 -0.18731901 0.10099302
3980 474 -0.31115070 -0.03701681
3820 655 0.95908448 2.83590637
3830 655 0.96446240 2.84421769
3840 655 0.97102764 2.85176074
3850 655 0.97563728 2.85888473
3860 655 0.98122472 2.86621825
3870 655 0.98778997 2.87376129
3880 655 0.99239961 2.88088528
3890 655 0.99777752 2.88919660
3900 655 1.00434277 2.89673965
3910 655 1.00895241 2.90386364
3920 655 1.01453985 2.91119716
3930 655 1.02110509 2.91874021
3940 655 1.02550520 2.92684200
3950 655 1.03109265 2.93417552
3960 655 1.03668009 2.94150903
3970 655 1.03898491 2.94507103
3980 655 1.03605150 2.94444244
3990 655 1.03234982 2.94262652
4000 655 1.02843861 2.94178841
4010 655 1.02571473 2.94018202
