1680 565 0.00000000 0.00000000
1690 565 0.00000000 0.01941649
1700 565 0.00082404 0.03939950
1710 565 0.00164808 0.05938252
1720 565 0.00108156 0.07962305
1730 565 0.00190560 0.09960607
1740 565 0.00272964 0.11958908
1750 565 0.00272964 0.13900557
1760 565 0.00355368 0.15898859
1770 565 0.00381119 0.17979565
1780 565 0.00463524 0.19977866
1790 565 0.01050653 0.21595049
1800 565 0.03898748 0.22218230
1810 565 0.06803496 0.22759008
1820 565 0.09651591 0.23382190
1830 565 0.12499686 0.24005371
1840 565 0.15404434 0.24546149
1850 565 0.18252529 0.25169331
1860 565 0.21157276 0.25710108
1870 565 0.24005371 0.26333290
1520 545 1.46483753 -0.15548641
1530 545 1.34653601 -0.24288636
1540 545 1.22823449 -0.33028630
1550 545 1.09494571 -0.41706822
1560 545 0.94002583 -0.50415915
1570 545 0.78510594 -0.59125008
1580 545 0.62961953 -0.67751697
1590 545 0.47469965 -0.76460790
1600 545 0.37710219 -0.76738904
1610 545 0.27893819 -0.76934614
1620 545 0.18216477 -0.77156075
1630 545 0.08400077 -0.77351785
1640 545 -0.02714188 -0.77954366
1650 545 -0.25947020 -0.82641104
1660 545 -0.49236505 -0.87245439
1670 545 -0.71537140 -0.89228290
1680 545 -0.91679814 -0.84994774
1690 545 -1.11848240 -0.80900316
1700 545 -1.31934262 -0.76749205
1710 545 -1.50768771 -0.65063260
1520 860 -3.55388681 -2.65202443
1530 860 -3.26495711 -2.48979117
1540 860 -2.97824202 -2.26961747
1550 860 -2.69013636 -2.04970128
1560 860 -2.40342128 -1.82952758
1570 860 -2.14333304 -1.60945688
1580 860 -1.92681603 -1.38778961
1590 860 -1.71029901 -1.16612233
1600 860 -1.49321547 -0.94527909
1610 860 -1.31465588 -0.74606696
1620 860 -1.14377019 -0.55334415
1630 860 -0.97427507 -0.36036383
1640 860 -0.80477994 -0.16738352
1650 860 -0.64393726 -0.00947648
1660 860 -0.48252805 0.14760651
1670 860 -0.32250941 0.30494701
1680 860 -0.17315181 0.43190097
1690 860 -0.05047257 0.48469116
1700 860 0.07220667 0.53748135
1710 860 0.19406187 0.58970500
1530 543 1.56979987 -0.64883001
1540 543 1.45721514 -0.70924258
1550 543 1.34545445 -0.76908863
1560 543 1.23312724 -0.82811063
1570 543 1.12136655 -0.88795668
1580 543 1.00878182 -0.94836925
1590 543 0.94785422 -0.87739864
1600 543 0.88636009 -0.80560399
1610 543 0.82543249 -0.73463338
1620 543 0.76368085 -0.66422929
1630 543 0.60932750 -0.63564534
1640 543 0.44451912 -0.61303569
1650 543 0.27914420 -0.58960200
1660 543 0.07370025 -0.55730985
1670 543 -0.22439692 -0.50498319
1680 543 -0.52249408 -0.45265653
1690 543 -0.82141529 -0.40089640
1700 543 -1.04210402 -0.27229435
1710 543 -1.22885252 -0.11186369
1720 543 -1.41616755 0.04939101
1590 548 1.86707299 -0.48814183
1600 548 1.75381873 -0.54052000
1610 548 1.66976645 -0.57888945
1620 548 1.65761183 -0.58239163
1630 548 1.64545721 -0.58589381
1640 548 1.63330260 -0.58939599
1650 548 1.62171451 -0.59372221
1660 548 1.60955989 -0.59722438
1670 548 1.59740527 -0.60072656
1680 548 1.58607469 -0.60366221
1690 548 1.57392008 -0.60716439
1700 548 1.56176546 -0.61066657
1710 548 1.54961084 -0.61416875
1720 548 1.53745622 -0.61767092
1730 548 1.52586813 -0.62199714
1740 548 1.51371351 -0.62549932
1750 548 1.50155889 -0.62900150
1760 548 1.48940428 -0.63250368
1770 548 1.47724966 -0.63600586
1780 548 1.46509504 -0.63950804
1600 329 -0.07019807 1.67131153
1610 329 -0.06921952 1.68047900
1620 329 -0.06906501 1.68907993
1630 329 -0.06891051 1.69768087
1640 329 -0.06875600 1.70628181
1650 329 -0.06860149 1.71488275
1660 329 -0.06844698 1.72348368
1670 329 -0.06772595 1.73126058
1680 329 -0.06674740 1.74042805
1690 329 -0.06659289 1.74902898
1700 329 -0.06643838 1.75762992
1710 329 -0.06628387 1.76623086
1720 329 -0.06612936 1.77483180
1730 329 -0.06597486 1.78343273
1740 329 -0.06499631 1.79260020
1750 329 -0.06484180 1.80120114
1760 329 -0.06468729 1.80980208
1770 329 -0.06453278 1.81840301
1780 329 -0.06437828 1.82700395
1790 329 -0.06283320 1.83534738
1730 390 2.22244107 0.44060492
1740 390 2.06283445 0.64275270
1750 390 1.76890900 0.73313980
1760 390 1.45963576 0.81054824
1770 390 1.12131505 0.80488295
1780 390 0.77841060 0.78999869
1790 390 0.44230450 0.82347540
1800 390 0.10686794 0.86833418
1810 390 -0.15785553 0.97272999
1820 390 -0.39239846 1.10030198
1830 390 -0.51059698 1.23868952
1840 390 -0.55035700 1.38124877
1850 390 -0.57924997 1.50094086
1860 390 -0.58877795 1.58540516
1870 390 -0.59856345 1.66847889
1880 390 -0.60402273 1.73996452
1890 390 -0.59459775 1.75979303
1900 390 -0.58491526 1.78101211
1910 390 -0.57466624 1.80140715
1920 390 -0.56441722 1.82180219
1790 549 1.45294042 -0.64301021
1800 549 1.44078580 -0.64651239
1810 549 1.42863118 -0.65001457
1820 549 1.41704309 -0.65434079
1830 549 1.40488848 -0.65784297
1840 549 1.39273386 -0.66134515
1850 549 1.38057924 -0.66484732
1860 549 1.36590099 -0.66644391
1870 549 1.34926565 -0.66695893
1880 549 1.33206377 -0.66664992
1890 549 1.31625247 -0.66659841
1900 549 1.29961712 -0.66711344
1910 549 1.28298177 -0.66762847
1920 549 1.26717047 -0.66757696
1930 549 1.25053512 -0.66809199
1940 549 1.23472382 -0.66804049
1950 549 1.21808847 -0.66855551
1960 549 1.20145313 -0.66907054
1970 549 1.18564182 -0.66901904
1980 549 1.16900647 -0.66953406
1800 561 1.93474743 -0.35181440
1810 561 1.92362287 -0.34975429
1820 561 1.91388887 -0.34795170
1830 561 1.90276431 -0.34589160
1840 561 1.89220627 -0.34465553
1850 561 1.88108170 -0.34259543
1860 561 1.87078118 -0.33996880
1870 561 1.86022314 -0.33873273
1880 561 1.84909858 -0.33667263
1890 561 1.83936458 -0.33487004
1900 561 1.82824001 -0.33280993
1910 561 1.81768198 -0.33157387
1920 561 1.80655741 -0.32951376
1930 561 1.79625689 -0.32688713
1940 561 1.78569885 -0.32565107
1950 561 1.77457428 -0.32359096
1960 561 1.76484029 -0.32178837
1970 561 1.75371572 -0.31972827
1980 561 1.74259116 -0.31766816
1990 561 1.73203312 -0.31643210
1870 866 -1.44063129 0.42211548
1880 866 -1.18971053 0.52666579
1890 866 -0.94182842 0.63034057
1900 866 -0.72433285 0.72525990
1910 866 -0.50683729 0.82017923
1920 866 -0.28851768 0.91566509
1930 866 -0.07406077 0.99029238
1940 866 0.13555490 1.03489365
1950 866 0.34599460 1.08006145
1960 866 0.55561027 1.12466272
1970 866 0.76198127 1.22164215
1980 866 0.96716771 1.32387485
1990 866 1.17317819 1.42667408
2000 866 1.37738608 1.53915581
2010 866 1.57850381 1.69320014
2020 866 1.77905501 1.84806852
2030 866 1.97878217 2.00237037
2040 866 2.20369412 2.14122144
2050 866 2.43870057 2.27245011
2060 866 2.67453107 2.40424532
