600 42 0.00000000 0.00000000
610 42 0.00000000 0.03130495
620 42 0.00089443 0.06216269
630 42 0.00134164 0.09212600
640 42 0.00223607 0.12298374
650 42 0.00223607 0.15428869
660 42 0.00313050 0.18514643
670 42 0.00357771 0.21510974
680 42 0.01162755 0.26922258
690 42 0.04919350 0.41143651
700 42 0.08810108 0.55409764
710 42 0.12611423 0.69720600
720 42 0.14981655 0.72001389
730 42 0.17441330 0.74237457
740 42 0.19901005 0.76473525
750 42 0.22360680 0.78709593
760 42 0.24865076 0.81035104
770 42 0.27235308 0.83315893
780 42 0.29694983 0.85551961
790 42 0.32154658 0.87788029
440 176 0.05634891 3.47350800
450 176 0.14355556 3.16493062
460 176 0.23165664 2.85590602
470 176 0.31886329 2.54732864
480 176 0.41143651 2.24277618
490 176 0.51295399 1.94269586
500 176 0.61447148 1.64261554
510 176 0.71509454 1.34298243
520 176 0.79782905 1.09254281
530 176 0.88056357 0.84210320
540 176 0.96240366 0.59211080
550 176 1.01651650 0.37834270
560 176 1.02814406 0.21824023
570 176 1.04021882 0.05679613
580 176 1.06213229 -0.09615092
590 176 1.12340055 -0.22405401
600 176 1.18466881 -0.35195710
610 176 1.24727872 -0.47941297
620 176 1.40514512 -0.61089377
630 176 1.58760826 -0.74237457
600 30 0.52994811 -0.74461064
610 30 0.53442025 -0.73119423
620 30 0.53978681 -0.71822503
630 30 0.56125306 -0.60373835
640 30 0.60105507 -0.38773419
650 30 0.63951544 -0.17217723
660 30 0.66053448 0.00178885
670 30 0.65516792 0.11180340
680 30 0.64935414 0.22315958
690 30 0.64398758 0.33317413
700 30 0.65024857 0.33898791
710 30 0.65785120 0.33183249
720 30 0.66590104 0.32557150
730 30 0.67395089 0.31931051
740 30 0.68155352 0.31215509
750 30 0.68960336 0.30589410
760 30 0.69854764 0.29918590
770 30 0.70659748 0.29292491
780 30 0.71464733 0.28666391
790 30 0.72269717 0.28040292
600 36 0.12119488 -0.57824718
610 36 0.13684736 -0.57377504
620 36 0.15339426 -0.56975012
630 36 0.16904674 -0.56527798
640 36 0.18469921 -0.56080585
650 36 0.22584287 -0.44050539
660 36 0.28398063 -0.24149534
670 36 0.34122397 -0.04203808
680 36 0.37252893 0.07647352
690 36 0.36403187 0.07513188
700 36 0.35419317 0.07334303
710 36 0.34569611 0.07200139
720 36 0.33585741 0.07021253
730 36 0.32736035 0.06887089
740 36 0.31841608 0.06663483
750 36 0.30857738 0.06484597
760 36 0.30008032 0.06350433
770 36 0.29113605 0.06126826
780 36 0.28174457 0.06037384
790 36 0.27280029 0.05813777
780 180 1.70925036 2.47040790
790 180 1.63903783 2.34787138
800 180 1.56927251 2.22622928
810 180 1.49950719 2.10458718
820 180 1.50666260 1.82150097
830 180 1.54870068 1.46954387
840 180 1.58984433 1.11803399
850 180 1.66542343 0.77502116
860 180 1.74100253 0.43200833
870 180 1.75039401 0.15115820
880 180 1.60326074 0.01565248
890 180 1.45702189 -0.12030046
900 180 1.31838568 -0.20303497
910 180 1.18645767 -0.24999240
920 180 1.05363523 -0.29650261
930 180 0.95211774 -0.45034409
940 180 0.85373075 -0.61581312
950 180 0.75534376 -0.78128215
960 180 0.67439810 -0.97000629
970 180 0.61223541 -1.18153832
