2030 586 0.00000000 0.00000000
2040 586 0.00000000 0.01063015
2050 586 0.00000000 0.02126029
2060 586 0.00075258 0.03123193
2070 586 0.00075258 0.04186208
2080 586 0.00075258 0.05249222
2090 586 0.00075258 0.06312237
2100 586 -0.05192779 0.10921769
2110 586 -0.22774852 0.23781424
2120 586 -0.39914786 0.36387083
2130 586 -0.53762198 0.47440553
2140 586 -0.67609609 0.58494024
2150 586 -0.74044140 0.71033833
2160 586 -0.69218241 0.85812558
2170 586 -0.64467601 1.00657133
2180 586 -0.61193892 1.11080320
2190 586 -0.61071599 1.11371944
2200 586 -0.60949305 1.11663567
2210 586 -0.60892862 1.11879933
2220 586 -0.60845826 1.12237407
1950 599 -0.44157438 -0.64740410
1960 599 -0.46763234 -0.57543896
1970 599 -0.49434882 -0.50422639
1980 599 -0.51974828 -0.43150866
1990 599 -0.54646475 -0.36029609
2000 599 -0.57252272 -0.28833095
2010 599 -0.59858069 -0.21636580
2020 599 -0.61927655 -0.22483229
2030 599 -0.64072498 -0.23264027
2040 599 -0.66142084 -0.24110676
2050 599 -0.68286928 -0.24891474
2060 599 -0.70356514 -0.25738123
2070 599 -0.72491950 -0.26660029
2080 599 -0.74636794 -0.27440828
2090 599 -0.76706380 -0.28287477
2100 599 -0.78775966 -0.29134125
2110 599 -0.80920809 -0.29914924
2120 599 -0.82990395 -0.30761572
2130 599 -0.84693100 -0.26481292
2140 599 -0.85878408 -0.17205785
2020 198 -0.18080655 3.00974235
2030 198 -0.19811581 2.70598358
2040 198 -0.24938510 2.44389874
2050 198 -0.29924331 2.18190798
2060 198 -0.34985409 1.92057572
2070 198 -0.32087989 1.64541487
2080 198 -0.27318534 1.36583263
2090 198 -0.21824724 1.10515888
2100 198 -0.14054370 0.91757914
2110 198 -0.07027185 0.74580350
2120 198 -0.05606696 0.71344271
2130 198 -0.04186208 0.68108191
2140 198 -0.02765719 0.64872111
2150 198 -0.01345231 0.61636031
2160 198 0.00075258 0.58399952
2170 198 0.01495746 0.55163872
2180 198 0.02916235 0.51927792
2190 198 0.04336723 0.48691712
2200 198 0.05757212 0.45455632
2210 198 0.07177700 0.42219553
2050 203 0.34646750 2.01022642
2060 203 0.34336312 1.75914802
2070 203 0.38767107 1.51973456
2080 203 0.43132052 1.27956853
2090 203 0.47788620 1.12322072
2100 203 0.52379338 0.97675048
2110 203 0.57111164 0.83037431
2120 203 0.59801626 0.79886016
2130 203 0.62492087 0.76734601
2140 203 0.65182549 0.73583186
2150 203 0.67873011 0.70431771
2160 203 0.70488215 0.67346207
2170 203 0.73178676 0.64194792
2180 203 0.75869138 0.61043377
2190 203 0.73592594 0.56923020
2200 203 0.71306642 0.52943770
2210 203 0.68954840 0.48889264
2220 203 0.66744146 0.44844164
2230 203 0.64458194 0.40864915
2240 203 0.57224050 0.32445463
2050 396 0.78296198 1.03300559
2060 396 0.82520035 0.82463591
2070 396 0.86819129 0.61560774
2080 396 0.90186910 0.50375603
2090 396 0.93554690 0.40253446
2100 396 0.96922471 0.30131289
2110 396 1.00290252 0.20009133
2120 396 0.97345795 0.15277307
2130 396 0.94476597 0.10479630
2140 396 0.91466290 0.05672547
2150 396 0.88521834 0.00940721
2160 396 0.85586785 -0.03932213
2170 396 0.82642328 -0.08664039
2180 396 0.79773130 -0.13461716
2190 396 0.68089376 -0.19980911
2200 396 0.43536562 -0.29058868
2210 396 0.18870861 -0.38569556
2220 396 -0.05954763 -0.48870449
2230 396 -0.30789794 -0.59030234
2240 396 -0.55549567 -0.69255870
2060 193 -0.06152314 0.99725819
2070 193 0.08626410 0.80017717
2080 193 0.21109776 0.66038605
2090 193 0.33517885 0.52125343
2100 193 0.45935400 0.38070974
2110 193 0.52134751 0.31184897
2120 193 0.54336037 0.28993017
2130 193 0.56396216 0.26791730
2140 193 0.58522245 0.24665701
2150 193 0.60648274 0.22539672
2160 193 0.62708453 0.20338385
2170 193 0.64834482 0.18212356
2180 193 0.66969919 0.15945219
2190 193 0.69095948 0.13819190
2200 193 0.61222114 0.04364945
2210 193 0.52332302 -0.05794841
2220 193 0.43376639 -0.16029884
2230 193 0.27299720 -0.20432457
2240 193 0.09360173 -0.23470986
2250 193 -0.08729890 -0.27440828
2140 220 1.34156203 1.77466992
2150 220 1.33921023 1.76742637
2160 220 1.33761100 1.75952431
2170 220 1.33601178 1.75162226
2180 220 1.33365998 1.74437871
2190 220 1.33206075 1.73647665
2200 220 1.32970895 1.72923310
2210 220 1.32810972 1.72133104
2220 220 1.32651050 1.71342899
2230 220 1.32350019 1.70543286
2240 220 1.32255947 1.69828338
2250 220 1.32030174 1.68962875
2260 220 1.26207112 1.60637495
2270 220 1.12077484 1.40844728
2280 220 1.00939349 1.16574130
2290 220 0.94062680 0.85784336
2300 220 0.84693100 0.55182686
2310 220 0.64966183 0.25803973
2320 220 0.44486690 -0.01853220
2330 220 0.16584909 -0.13847411
2150 600 -0.87138974 -0.07864426
2160 600 -0.88324282 0.01411081
2170 600 -0.89001601 0.11570867
2180 600 -0.84636657 0.29011832
2190 600 -0.80271712 0.46452796
2200 600 -0.76744008 0.60507166
2210 600 -0.76057282 0.60836419
2220 600 -0.75436406 0.61090413
2230 600 -0.74674423 0.61353815
2240 600 -0.74062954 0.61748918
2250 600 -0.73376228 0.62078170
2260 600 -0.72614244 0.62341572
2270 600 -0.71927518 0.62670824
2280 600 -0.71240791 0.63000077
2290 600 -0.70554065 0.63329329
2300 600 -0.69867339 0.63658581
2310 600 -0.69180613 0.63987833
2320 600 -0.68559737 0.64241828
2330 600 -0.67873011 0.64571080
2340 600 -0.67186284 0.64900333
2210 578 0.75944396 -1.14419879
2220 578 0.76188983 -1.13836632
2230 578 0.76424163 -1.13112277
2240 578 0.76659344 -1.12387922
2250 578 0.76828673 -1.11738825
2260 578 0.77139111 -1.11080320
2270 578 0.77374291 -1.10355965
2280 578 0.77618879 -1.09772718
2290 578 0.77854059 -1.09048363
2300 578 0.78089239 -1.08324008
2310 578 0.78258569 -1.07674911
2320 578 0.78569007 -1.07016406
2330 578 0.78804187 -1.06292051
2340 578 0.78973517 -1.05642954
2350 578 0.79283955 -1.04984449
2360 578 0.79519135 -1.04260094
2370 578 0.79688465 -1.03610996
2380 578 0.79998903 -1.02952492
2390 578 0.80234083 -1.02228137
2400 578 0.80403413 -1.01579039
