2670 792 0.00000000 0.00000000
2680 792 -0.00000000 0.08183520
2690 792 -0.00183295 0.15538546
2700 792 -0.00635423 0.15131630
2710 792 -0.00949469 0.14694166
2720 792 -0.01401597 0.14287250
2730 792 -0.01853726 0.13880335
2740 792 -0.02252087 0.13389104
2750 792 -0.02704215 0.12982189
2760 792 -0.03102577 0.12490957
2770 792 -0.03554705 0.12084042
2780 792 -0.04006833 0.11677127
2790 792 -0.04405195 0.11185896
2800 792 -0.04857323 0.10778980
2810 792 -0.05309451 0.10372065
2820 792 -0.05707813 0.09880834
2830 792 -0.06075625 0.09527685
2840 792 -0.06527753 0.09120770
2850 792 -0.06979881 0.08713854
2860 792 -0.07378243 0.08222623
2860 874 -0.53155610 -0.76592957
2870 874 -0.47186296 -0.79072330
2880 874 -0.51295775 -0.80625452
2890 874 -0.55435803 -0.82316656
2900 874 -0.59491514 -0.83954093
2910 874 -0.63631542 -0.85645297
2920 874 -0.67771570 -0.87336500
2930 874 -0.71881049 -0.88889622
2940 874 -0.76021076 -0.90580826
2950 874 -0.80076788 -0.92218263
2960 874 -0.96842190 -0.92709494
2970 874 -1.16652736 -0.92889123
2980 874 -1.35835190 -0.92193823
2990 874 -1.53447416 -0.89311201
3000 874 -1.71113408 -0.86344262
3010 874 -1.90444942 -0.82067374
3020 874 -2.13453379 -0.74442294
3030 874 -2.36461815 -0.66817213
3040 874 -2.59470252 -0.59192132
3050 874 -2.65834261 -0.52931990
