880 732 0.00000000 0.00000000
890 732 -0.00000000 0.05800000
900 732 0.00141379 0.11596552
910 732 0.00210345 0.17324138
920 732 0.00282759 0.23193103
930 732 -0.06382759 0.25406897
940 732 -0.17558621 0.25396552
950 732 -0.28806897 0.25317241
960 732 -0.31524138 0.24110345
970 732 -0.25641379 0.21703448
980 732 -0.19831034 0.19227586
990 732 -0.12824138 0.16510345
1000 732 -0.01244828 0.12762069
1010 732 0.10334483 0.09013793
1020 732 0.21982759 0.05193103
1030 732 0.36500000 0.00100000
1040 732 0.62627586 -0.10368966
1050 732 0.88751724 -0.20979310
1060 732 1.15865517 -0.40313793
1070 732 1.43896552 -0.68441379
830 834 -1.12706897 0.68317241
840 834 -1.12113793 0.66534483
850 834 -1.11379310 0.64748276
860 834 -1.10644828 0.62962069
870 834 -1.09910345 0.61175862
880 834 -1.09317241 0.59393103
890 834 -1.08582759 0.57606897
900 834 -1.07920690 0.55751724
910 834 -1.07255172 0.54037931
920 834 -1.06520690 0.52251724
930 834 -1.05941379 0.52803448
940 834 -1.05289655 0.53424138
950 834 -1.04710345 0.53975862
960 834 -1.04058621 0.54596552
970 834 -1.03479310 0.55148276
980 834 -1.02827586 0.55768966
990 834 -1.02248276 0.56320690
1000 834 -1.01596552 0.56941379
1010 834 -1.01017241 0.57493103
1020 834 -1.00365517 0.58113793
840 510 2.43572414 2.25068966
850 510 2.24913793 2.02465517
860 510 2.06255172 1.79862069
870 510 1.87096552 1.57058621
880 510 1.63386207 1.33234483
890 510 1.39672414 1.09268966
900 510 1.23282759 0.86893103
910 510 1.11731034 0.65672414
920 510 1.00248276 0.44379310
930 510 0.86251724 0.24420690
940 510 0.68482759 0.06393103
950 510 0.50713793 -0.11634483
960 510 0.34248276 -0.28420690
970 510 0.19520690 -0.43551724
980 510 0.04865517 -0.58613793
990 510 -0.04020690 -0.69148276
1000 510 -0.06993103 -0.75017241
1010 510 -0.09965517 -0.80886207
1020 510 -0.12941379 -0.86896552
1030 510 -0.15913793 -0.92765517
970 526 1.66827586 3.43931034
980 526 1.55737931 3.12655172
990 526 1.44575862 2.81310345
1000 526 1.33555172 2.49962069
1010 526 1.21713793 2.16865517
1020 526 1.09868966 1.83627586
1030 526 0.97951724 1.50320690
1040 526 0.75548276 1.22079310
1050 526 0.52024138 0.94289655
1060 526 0.25486207 0.70534483
1070 526 -0.05434483 0.52686207
1080 526 -0.34003448 0.32658621
1090 526 -0.61748276 0.11620690
1100 526 -0.86741379 -0.09696552
1110 526 -1.01717241 -0.32106897
1120 526 -1.16696552 -0.54658621
1130 526 -1.34675862 -0.66810345
1140 526 -1.53300000 -0.76400000
1150 526 -1.76596552 -0.83258621
1160 526 -2.06727586 -0.86131034
990 528 1.44586207 3.33934483
1000 528 1.23724138 3.02189655
1010 528 1.02789655 2.70375862
1020 528 0.82720690 2.39248276
1030 528 0.62796552 2.08258621
1040 528 0.42941379 1.77196552
1050 528 0.26696552 1.49158621
1060 528 0.11320690 1.21948276
1070 528 -0.04324138 0.95310345
1080 528 -0.21382759 0.71606897
1090 528 -0.38441379 0.47903448
1100 528 -0.59193103 0.29382759
1110 528 -0.80013793 0.10934483
1120 528 -1.05086207 -0.04934483
1130 528 -1.34693103 -0.18217241
1140 528 -1.62817241 -0.31606897
1150 528 -1.89531034 -0.45172414
1160 528 -2.17648276 -0.58279310
1170 528 -2.48720690 -0.70748276
1180 528 -2.79865517 -0.83286207
1030 835 -0.99786207 0.58665517
1040 835 -0.99134483 0.59286207
1050 835 -0.98555172 0.59837931
1060 835 -0.97903448 0.60458621
1070 835 -0.97324138 0.61010345
1080 835 -0.96744828 0.61562069
1090 835 -0.96093103 0.62182759
1100 835 -0.95441379 0.62803448
1110 835 -0.94862069 0.63355172
1120 835 -0.94282759 0.63906897
1130 835 -0.93631034 0.64527586
1140 835 -0.93051724 0.65079310
1150 835 -0.92400000 0.65700000
1160 835 -0.91820690 0.66251724
1170 835 -0.87610345 0.67775862
1180 835 -0.68886207 0.72765517
1190 835 -0.50231034 0.77827586
1200 835 -0.31665517 0.82113793
1210 835 -0.13537931 0.80044828
1220 835 0.04520690 0.78048276
