3500 817 0.00000000 0.00000000
3510 817 -0.00000000 0.19600255
3520 817 -0.02514763 0.36313303
3530 817 -0.04930038 0.52925842
3540 817 -0.07445311 0.69538891
3550 817 -0.08745294 0.69545523
3560 817 -0.10045277 0.69552156
3570 817 -0.11245262 0.69558278
3580 817 -0.12645244 0.69565421
3590 817 -0.13845228 0.69571543
3600 817 -0.15145211 0.69578176
3610 817 -0.16445194 0.69584809
3620 817 -0.17745177 0.69591441
3630 817 -0.19045160 0.69598074
3640 817 -0.20345143 0.69604706
3650 817 -0.21645126 0.69611339
3660 817 -0.22945110 0.69617971
3670 817 -0.24245093 0.69624604
3680 817 -0.25545076 0.69631237
3690 817 -0.26845059 0.69637869
3320 829 1.67587615 0.36345445
3330 829 1.51787820 0.16825801
3340 829 1.35888027 -0.02693332
3350 829 1.19988234 -0.22212466
3360 829 1.06815446 -0.36445444
3370 829 0.94045205 -0.50180469
3380 829 0.81175474 -0.63814986
3390 829 0.75246980 -0.69384811
3400 829 0.73846488 -0.69477667
3410 829 0.72445486 -0.69670522
3420 829 0.71144482 -0.69863887
3430 829 0.69743990 -0.69956743
3440 829 0.68342988 -0.70149597
3450 829 0.66942496 -0.70242453
3460 829 0.65541494 -0.70435308
3470 829 0.64241001 -0.70528674
3480 829 0.62839998 -0.70721529
3490 829 0.61439506 -0.70814384
3500 829 0.60138503 -0.71007749
3510 829 0.58737501 -0.71200604
3390 557 0.86074390 0.14361038
3400 557 0.86775401 0.14557464
3410 557 0.87376414 0.14754400
3420 557 0.87977426 0.14951336
3430 557 0.88578439 0.15148272
3440 557 0.89179962 0.15445207
3450 557 0.89780974 0.15642143
3460 557 0.90381987 0.15839080
3470 557 0.90983000 0.16036016
3480 557 0.91584012 0.16232952
3490 557 0.92285023 0.16429378
3500 557 0.92886036 0.16626314
3510 557 0.93487559 0.16923249
3520 557 0.94088571 0.17120185
3530 557 0.94689584 0.17317122
3540 557 0.95290596 0.17514058
3550 557 0.95891609 0.17710994
3560 557 0.96493132 0.18007929
3570 557 0.97094144 0.18204865
3580 557 0.97695157 0.18401801
3410 285 -1.11317939 2.12370705
3420 285 -1.13867906 1.82983333
3430 285 -1.16417362 1.53695959
3440 285 -1.19255081 1.26710086
3450 285 -1.22092288 0.99824211
3460 285 -1.25030005 0.72838848
3470 285 -1.24433585 0.52535541
3480 285 -1.23433598 0.32930184
3490 285 -1.22433611 0.13324827
3500 285 -1.21433113 -0.06180532
3510 285 -1.12643942 -0.27925657
3520 285 -1.03854771 -0.49670782
3530 285 -0.94965601 -0.71416417
3540 285 -0.85459602 -0.89865157
3550 285 -0.75546466 -1.06915955
3560 285 -0.65632819 -1.23866755
3570 285 -0.55819682 -1.40917043
3580 285 -0.44215241 -1.59676493
3590 285 -0.32412333 -1.78736959
3600 285 -0.20609426 -1.97797426
3420 287 -0.71556722 1.85067489
3430 287 -0.76768899 1.63093796
3440 287 -0.81980566 1.41220101
3450 287 -0.87192233 1.19346406
3460 287 -0.90006482 0.96960473
3470 287 -0.91321260 0.74466888
3480 287 -0.92536551 0.51872794
3490 287 -0.93851840 0.29279211
3500 287 -0.87540697 0.11846785
3510 287 -0.80426504 -0.04989731
3520 287 -0.73412310 -0.21825736
3530 287 -0.66298117 -0.38662252
3540 287 -0.56588549 -0.56412021
3550 287 -0.44384116 -0.75174532
3560 287 -0.32179173 -0.93837044
3570 287 -0.19974230 -1.12499556
3580 287 -0.08465196 -1.30358507
3590 287 0.01950485 -1.46911863
3600 287 0.12466674 -1.63365731
3610 287 0.22882355 -1.79919087
3480 811 -0.36621462 -0.23713467
3490 811 -0.37135741 -0.06910624
3500 811 -0.43537188 0.12422287
3510 811 -0.52432481 0.32967938
3520 811 -0.61327773 0.53513589
3530 811 -0.62805815 0.57821186
3540 811 -0.63392032 0.60524212
3550 811 -0.64078758 0.63127750
3560 811 -0.64765484 0.65731287
3570 811 -0.65352211 0.68334315
3580 811 -0.66038936 0.70937852
3590 811 -0.67730751 0.72546505
3600 811 -0.70527653 0.73160782
3610 811 -0.73224047 0.73874549
3620 811 -0.76020949 0.74488826
3630 811 -0.78817852 0.75103104
3640 811 -0.81514245 0.75816870
3650 811 -0.84311148 0.76431148
3660 811 -0.87108050 0.77045426
3670 811 -0.89804443 0.77759192
3520 830 0.57337009 -0.71293460
3530 830 0.55936007 -0.71486314
3540 830 0.48935588 -0.71550599
3550 830 0.28735850 -0.71447539
3560 830 0.08436115 -0.71343969
3570 830 -0.13635027 -0.65631289
3580 830 -0.36594422 -0.57614046
3590 830 -0.59453308 -0.49497315
3600 830 -0.80788234 -0.36688298
3610 830 -0.99487481 -0.16892637
3620 830 -1.18286216 0.03003532
3630 830 -1.40710414 0.17918134
3640 830 -1.66759564 0.27951167
3650 830 -1.92809225 0.37884201
3660 830 -2.22453227 0.48935588
3670 830 -2.54394648 0.60498702
3680 830 -2.86438619 0.71562334
3690 830 -3.19711145 0.77032161
3700 830 -3.52883162 0.82601476
3710 830 -3.86155178 0.88171301
3550 828 -1.17215821 -0.22402259
3560 828 -0.94535504 -0.06717770
3570 828 -0.71656210 0.08765702
3580 828 -0.46509089 0.17937522
3590 828 -0.19882904 0.23001741
3600 828 0.01859159 0.31190921
3610 828 0.12439124 0.46837146
3620 828 0.23018578 0.62383372
3630 828 0.41530072 0.84189210
3640 828 0.63455807 1.08777666
3650 828 0.85281033 1.33266633
3660 828 1.06732284 1.62857574
3670 828 1.27894254 1.94550019
3680 828 1.51751596 2.25328700
3690 828 1.81598147 2.53976796
3700 828 2.11544696 2.82624383
3710 828 2.43702951 3.13560715
3720 828 2.79177489 3.47680169
3730 828 3.14752536 3.81899111
3740 828 3.58583598 4.07475819
3590 558 0.98396168 0.18598227
3600 558 0.98997181 0.18795164
3610 558 0.99598193 0.18992100
3620 558 1.00199206 0.19189036
3630 558 1.00800729 0.19485971
3640 558 1.01401741 0.19682907
3650 558 1.02002754 0.19879843
3660 558 1.02603767 0.20076780
3670 558 1.03204779 0.20273716
3680 558 1.03805792 0.20470652
3690 558 1.04506803 0.20667078
3700 558 1.05108326 0.20964013
3710 558 1.05709338 0.21160949
3720 558 1.15813799 0.22009407
3730 558 1.35322218 0.23609897
3740 558 1.54930126 0.25109877
3750 558 1.74538545 0.26709856
3760 558 1.94450020 0.28908297
3770 558 2.15472706 0.33301097
3780 558 2.36595900 0.37793386
3680 812 -0.92601346 0.78373470
3690 812 -0.95398248 0.78987747
3700 812 -1.00491039 0.80413749
3710 812 -1.27248344 0.88850374
3720 812 -1.53906160 0.97186490
3730 812 -1.76367092 1.04901186
3740 812 -1.94631650 1.11894462
3750 812 -2.12895698 1.18987737
3760 812 -2.23664946 1.25042760
3770 812 -2.23141994 1.29540151
3780 812 -2.22618021 1.34237539
3790 812 -2.21995070 1.38734419
3800 812 -2.21471607 1.43331808
3810 812 -2.20948145 1.47929197
3820 812 -2.20324683 1.52526076
3830 812 -2.19801221 1.57123465
3840 812 -2.26476644 1.61957586
3850 812 -2.38150472 1.67117213
3860 812 -2.49724811 1.72176330
3870 812 -2.61299150 1.77235448
