3970 459 0.00000000 0.00000000
3980 459 0.00000000 0.07851751
3990 459 0.00000000 0.15703503
4000 459 -0.03350845 0.16826819
4010 459 -0.07523162 0.16345398
4020 459 -0.11695480 0.15863977
4030 459 -0.15967138 0.15371093
4040 459 -0.20139456 0.14889672
4050 459 -0.24311773 0.14408250
4060 459 -0.18336036 0.19325625
4070 459 -0.09781257 0.25446552
4080 459 -0.01337281 0.31655358
4090 459 0.07206036 0.37875626
4100 459 0.12895212 0.42659272
4110 459 0.07301556 0.41409869
4120 459 0.01795778 0.40271270
4130 459 -0.03710000 0.39132670
4140 459 -0.09215778 0.37994071
4150 459 -0.07091411 0.37031228
4160 459 -0.01677333 0.36347305
3780 462 -1.11261801 -2.19600687
3790 462 -1.20416446 -2.03946855
3800 462 -1.29582554 -1.88193681
3810 462 -1.38825078 -1.72650652
3820 462 -1.47991186 -1.56897479
3830 462 -1.45790403 -1.31477673
3840 462 -1.40762225 -1.03517032
3850 462 -1.35734048 -0.75556391
3860 462 -1.29204295 -0.50140406
3870 462 -1.16691163 -0.34704359
3880 462 -1.04067228 -0.19356191
3890 462 -0.92058442 -0.04783646
3900 462 -0.84974672 0.01872194
3910 462 -0.78001705 0.08615912
3920 462 -0.70917936 0.15271752
3930 462 -0.63944969 0.22015470
3940 462 -0.56872662 0.28770651
3950 462 -0.52211281 0.33737696
3960 462 -0.50996266 0.36293813
3970 462 -0.49781250 0.38849931
3790 677 0.07962555 0.23467376
3800 677 -0.11221700 0.26588972
3810 677 -0.30405955 0.29710569
3820 677 -0.50297059 0.32851269
3830 677 -0.70994352 0.35999612
3840 677 -0.91691645 0.39147954
3850 677 -1.07521234 0.40240704
3860 677 -1.22189299 0.40863494
3870 677 -1.36845902 0.41386945
3880 677 -1.42691731 0.42323041
3890 677 -1.42718477 0.43427254
3900 677 -1.42756685 0.44630807
3910 677 -1.42794893 0.45834360
3920 677 -1.42821639 0.46938572
3930 677 -1.42859847 0.48142125
3940 677 -1.42898055 0.49345678
3950 677 -1.42924800 0.50449891
3960 677 -1.42963008 0.51653444
3970 677 -1.43001216 0.52856997
3980 677 -1.43027962 0.53961209
3910 644 1.63515111 1.57581403
3920 644 1.54750187 1.51536892
3930 644 1.45973802 1.45591721
3940 644 1.44258261 1.43883822
3950 644 1.44525717 1.43310701
3960 644 1.44594491 1.42714656
3970 644 1.44774069 1.42030732
3980 644 1.44942185 1.41446149
3990 644 1.45110300 1.40861566
4000 644 1.45278415 1.40276983
4010 644 1.45457993 1.39593060
4020 644 1.45626108 1.39008477
4030 644 1.45794224 1.38423894
4040 644 1.45962339 1.37839311
4050 644 1.46130454 1.37254728
4060 644 1.46310032 1.36570804
4070 644 1.46378807 1.35974758
4080 644 1.46546922 1.35390176
4090 644 1.46715037 1.34805593
4100 644 1.46883153 1.34221010
3930 890 0.47870848 -0.49338037
3940 890 0.35862063 -0.45589829
3950 890 0.23841814 -0.41742279
3960 890 0.11733688 -0.38005533
3970 890 -0.00275098 -0.34257325
3980 890 -0.11512081 -0.30218736
3990 890 -0.22573308 -0.25958540
4000 890 -0.33623072 -0.21797685
4010 890 -0.44772177 -0.17648292
4020 890 -0.51687831 -0.14419713
4030 890 -0.52612466 -0.12513132
4040 890 -0.53437759 -0.10595088
4050 890 -0.54350931 -0.08787848
4060 890 -0.55176225 -0.06869805
4070 890 -0.56100859 -0.04963224
4080 890 -0.57025494 -0.03056643
4090 890 -0.57839325 -0.01237940
4100 890 -0.58763959 0.00668641
4110 890 -0.59589253 0.02586684
4120 890 -0.60502425 0.04393924
3950 455 0.02112904 0.38395255
3960 455 0.08856623 0.41891291
3970 455 0.15699682 0.45398788
3980 455 0.22004008 0.48340807
3990 455 0.24884894 0.46055967
4000 455 0.27754317 0.43870467
4010 455 0.30635203 0.41585626
4020 455 0.33516089 0.39300786
4030 455 0.36396975 0.37015945
4040 455 0.39266399 0.34830446
4050 455 0.41524494 0.33581043
4060 455 0.43293526 0.33080518
4070 455 0.45074020 0.32480651
4080 455 0.46942393 0.31991589
4090 455 0.48711425 0.31491063
4100 455 0.50591260 0.30902660
4110 455 0.52360293 0.30402134
4120 455 0.54140787 0.29802268
4130 455 0.56009160 0.29313205
4140 455 0.57778192 0.28812680
3980 442 1.43283956 1.81117553
3990 442 1.36918497 1.79577769
4000 442 1.25692976 1.78282517
4010 442 1.14566796 1.76998727
4020 442 1.03440616 1.75714937
4030 442 0.92314436 1.74431147
4040 442 0.78379965 1.73930621
4050 442 0.62577121 1.73919159
4060 442 0.46862156 1.74018500
4070 442 0.31059312 1.74007038
4080 442 0.18916799 1.75424556
4090 442 0.08317889 1.77422836
4100 442 -0.02170216 1.79333238
4110 442 -0.12769126 1.81331518
4120 442 -0.23012700 1.82867481
4130 442 -0.31460497 1.82798707
4140 442 -0.39908294 1.82729932
4150 442 -0.48344628 1.82561817
4160 442 -0.56792425 1.82493042
4170 442 -0.65240221 1.82424268
3980 463 -0.48665575 0.41394586
3990 463 -0.47450560 0.43950704
4000 463 -0.46235544 0.46506821
4010 463 -0.45020529 0.49062939
4020 463 -0.43904854 0.51607594
4030 463 -0.42678376 0.54064371
4040 463 -0.41463361 0.56620489
4050 463 -0.39296965 0.58783063
4060 463 -0.35625173 0.60112703
4070 463 -0.31964843 0.61541684
4080 463 -0.28304513 0.62970664
4090 463 -0.24644183 0.64399645
4100 463 -0.20983853 0.65828625
4110 463 -0.17323524 0.67257606
4120 463 -0.13296397 0.68124928
4130 463 -0.07591937 0.66669202
4140 463 -0.01998280 0.65301354
4150 463 0.03706179 0.63845628
4160 463 0.09299836 0.62477780
4170 463 0.15004296 0.61022054
3990 475 0.67265247 -1.12732810
4000 475 0.57025494 -1.01633376
4010 475 0.46785740 -0.90533941
4020 475 0.36545986 -0.79434507
4030 475 0.30616099 -0.71662992
4040 475 0.24785553 -0.63880015
4050 475 0.18855666 -0.56108501
4060 475 0.16058838 -0.50190076
4070 475 0.15210619 -0.45456100
4080 475 0.14373863 -0.40821466
4090 475 0.13636448 -0.36175368
4100 475 0.12799692 -0.31540734
4110 475 0.11962936 -0.26906099
4120 475 0.11126180 -0.22271464
4130 475 0.10388765 -0.17625367
4140 475 0.07916705 -0.15394018
4150 475 0.05444645 -0.13162668
4160 475 0.02984048 -0.11030660
4170 475 0.00511988 -0.08799311
4180 475 -0.01860731 -0.06556499
3990 678 -1.43066170 0.55164762
4000 678 -1.43104378 0.56368316
4010 678 -1.43131124 0.57472528
4020 678 -1.43169332 0.58676081
4030 678 -1.43196077 0.59780293
4040 678 -1.43234285 0.60983846
4050 678 -1.43272493 0.62187399
4060 678 -1.43299239 0.63291612
4070 678 -1.43238106 0.64506627
4080 678 -1.42978291 0.65744568
4090 678 -1.39994244 0.67800160
4100 678 -1.36910855 0.69867215
4110 678 -1.33926808 0.71922807
4120 678 -1.30843419 0.73989862
4130 678 -1.27859372 0.76045454
4140 678 -1.24787446 0.78211850
4150 678 -1.21692595 0.80179564
4160 678 -1.18720009 0.82334497
4170 678 -1.17818300 0.91095599
4180 678 -1.17745705 1.02680276
4080 709 3.33040346 0.08329352
4090 709 3.18399026 0.18316932
4100 709 3.03769169 0.28205172
4110 709 2.86858293 0.34306996
4120 709 2.69848075 0.40397356
4130 709 2.52948661 0.46399839
4140 709 2.20502397 0.51917079
4150 709 1.88155473 0.57445782
4160 709 1.59342793 0.62878965
4170 709 1.35986221 0.68136391
4180 709 1.12618186 0.73493157
4190 709 0.99963685 0.81092736
4200 709 0.91909431 0.89827093
4210 709 0.83767298 0.98450646
4220 709 0.80978111 1.02558010
4230 709 0.80340037 1.04598319
4240 709 0.79690501 1.06737969
4250 709 0.79052426 1.08778278
4260 709 0.78402890 1.10917928
4270 709 0.77852694 1.13069041
4090 712 3.59163180 0.07014995
4100 712 3.38970233 0.13644090
4110 712 3.13084289 0.16395068
4120 712 2.85822855 0.17980702
4130 712 2.57594758 0.20964749
4140 712 2.27188803 0.27120064
4150 712 1.96893651 0.33187500
4160 712 1.72914288 0.36863113
4170 712 1.50539662 0.39717253
4180 712 1.30587425 0.44260189
4190 712 1.20072574 0.55126554
4200 712 1.09569185 0.65893579
4210 712 0.99065796 0.76660603
4220 712 0.86006289 0.83408143
4230 712 0.72946782 0.90155682
4240 712 0.59898738 0.96803880
4250 712 0.49823279 1.02989761
4260 712 0.51508253 1.06707403
4270 712 0.53193228 1.10425045
4280 712 0.54878202 1.14142687
4110 645 1.47062731 1.33537086
4120 645 1.47230846 1.32952503
4130 645 1.47398961 1.32367920
4140 645 1.47567077 1.31783337
4150 645 1.47735192 1.31198754
4160 645 1.47914770 1.30514830
4170 645 1.48082885 1.29930247
4180 645 1.48251000 1.29345664
4190 645 1.48319775 1.28749619
4200 645 1.48499353 1.28065695
4210 645 1.48667468 1.27481112
4220 645 1.48835583 1.26896529
4230 645 1.49003699 1.26311946
4240 645 1.49171814 1.25727363
4250 645 1.49351392 1.25043439
4260 645 1.49519507 1.24458856
4270 645 1.49687623 1.23874273
4280 645 1.49855738 1.23289691
4290 645 1.49924512 1.22693645
4300 645 1.50203431 1.22021184
4130 891 -0.61327719 0.06311968
4140 891 -0.62252353 0.08218549
4150 891 -0.63066184 0.10037251
4160 891 -0.63891478 0.11955294
4170 891 -0.64816112 0.13861875
4180 891 -0.65729284 0.15669116
4190 891 -0.66554578 0.17587159
4200 891 -0.67479212 0.19493740
4210 891 -0.68293044 0.21312442
4220 891 -0.73237163 0.25775141
4230 891 -0.78070480 0.30149961
4240 891 -0.83014600 0.34612660
4250 891 -0.87958720 0.39075358
4260 891 -0.92891377 0.43438716
4270 891 -0.99696228 0.46579417
4280 891 -1.07337836 0.49120251
4290 891 -1.14979443 0.51661085
4300 891 -1.22621050 0.54201920
4310 891 -1.30262657 0.56742754
4320 891 -1.28994150 0.59707698
