1180 182 0.00000000 0.00000000
1190 182 0.00000000 0.01264911
1200 182 -0.00000000 0.02529822
1210 182 0.00063246 0.03668242
1220 182 0.00063246 0.04933153
1230 182 0.00063246 0.06198064
1240 182 0.00063246 0.07462975
1250 182 0.00031623 0.08633018
1260 182 0.00126491 0.09866306
1270 182 0.00126491 0.11131217
1280 182 0.00126491 0.12396128
1290 182 0.00126491 0.13661039
1300 182 0.00189737 0.14799459
1310 182 0.00189737 0.16064371
1320 182 0.00189737 0.17329282
1330 182 0.00189737 0.18594193
1340 182 0.00252982 0.19732613
1350 182 0.00252982 0.20997524
1360 182 0.00252982 0.22262435
1370 182 0.00252982 0.23527346
1120 741 -1.47615121 2.11429884
1130 741 -1.31455882 1.91286176
1140 741 -1.16118836 1.71838168
1150 741 -1.07580686 1.58556602
1160 741 -0.98947668 1.45243413
1170 741 -0.91737675 1.32720793
1180 741 -0.89966799 1.23170715
1190 741 -0.88069433 1.13683882
1200 741 -0.86361803 1.03311611
1210 741 -0.85792593 0.85413120
1220 741 -0.85128515 0.67483005
1230 741 -0.83673867 0.48129866
1240 741 -0.80922685 0.26658001
1250 741 -0.78139881 0.05281004
1260 741 -0.75388699 -0.16190862
1270 741 -0.71467475 -0.39528471
1280 741 -0.66724059 -0.64194237
1290 741 -0.61980642 -0.88860002
1300 741 -0.57237226 -1.13525768
1310 741 -0.51292144 -1.41227320
1120 858 2.05042083 2.14149443
1130 858 1.93910866 2.08900062
1140 858 1.82811272 2.03745550
1150 858 1.71680054 1.98496169
1160 858 1.60643705 1.93215165
1170 858 1.48848409 1.85973549
1180 858 1.36389035 1.76739698
1190 858 1.23898039 1.67410979
1200 858 1.11438665 1.58177129
1210 858 0.98979291 1.48943278
1220 858 0.79752643 1.39962409
1230 858 0.60557617 1.31076409
1240 858 0.41330969 1.22095540
1250 858 0.22135944 1.13209540
1260 858 0.02624690 1.04323540
1270 858 -0.16981431 0.95469163
1280 858 -0.36587553 0.86614785
1290 858 -0.56952621 0.78329618
1300 858 -0.79183433 0.71088002
1310 858 -1.01477490 0.63972877
1140 524 1.85372716 -1.66462296
1150 524 1.67316111 -1.44737449
1160 524 1.49322751 -1.23139092
1170 524 1.36642018 -1.03311611
1180 524 1.27566281 -0.84685796
1190 524 1.18490544 -0.66059980
1200 524 1.12640330 -0.53252756
1210 524 1.08371255 -0.42975353
1220 524 1.03975689 -0.32761197
1230 524 0.99611746 -0.22452171
1240 524 0.96449469 -0.12965338
1250 524 0.93761533 -0.03636619
1260 524 0.91073597 0.05692100
1270 524 0.88259169 0.14957573
1280 524 0.79847511 0.27037474
1290 524 0.65490770 0.41836933
1300 524 0.51260521 0.56699638
1310 524 0.33456898 0.68115461
1320 524 0.12238015 0.76242514
1330 524 -0.09107360 0.84306322
1170 179 0.36998649 0.16127616
1180 179 0.36840535 0.17550641
1190 179 0.36745666 0.18847175
1200 179 0.36587553 0.20270200
1210 179 0.37030271 0.21598356
1220 179 0.39433602 0.22800022
1230 179 0.41868556 0.24096556
1240 179 0.44398378 0.25361467
1250 179 0.46801709 0.26563132
1260 179 0.49236663 0.27859666
1270 179 0.51766485 0.29124577
1280 179 0.54169816 0.30326243
1290 179 0.56604770 0.31622777
1300 179 0.59039724 0.32919310
1310 179 0.61569546 0.34184222
1320 179 0.66882173 0.38737901
1330 179 0.78835582 0.50881048
1340 179 0.90788992 0.63024194
1350 179 1.01730472 0.76558742
1360 179 1.11501910 0.91326579
1180 320 -0.50881048 -0.55244991
1190 320 -0.38453296 -0.42627503
1200 320 -0.26025545 -0.30010015
1210 320 -0.13471303 -0.25551203
1220 320 -0.00948683 -0.26563132
1230 320 0.09866306 -0.27322079
1240 320 0.13249943 -0.26658001
1250 320 0.16760072 -0.25930677
1260 320 0.20143709 -0.25266599
1270 320 0.23653837 -0.24539275
1280 320 0.27132342 -0.23906819
1290 320 0.29504051 -0.22800022
1300 320 0.31527908 -0.21471865
1310 320 0.33456898 -0.20112086
1320 320 0.35480755 -0.18783929
1330 320 0.37504613 -0.17455773
1340 320 0.39433602 -0.16095993
1350 320 0.41457460 -0.14767837
1360 320 0.43386449 -0.13408057
1370 320 0.45410307 -0.12079901
1180 744 -1.30633690 1.82684780
1190 744 -1.26427861 1.68739136
1200 744 -1.27028694 1.48279199
1210 744 -1.30855050 1.23518565
1220 744 -1.34649783 0.98852800
1230 744 -1.38507762 0.75578436
1240 744 -1.42334117 0.53347624
1250 744 -1.46160473 0.31116812
1260 744 -1.47077534 0.09075737
1270 744 -1.45085299 -0.12459374
1280 744 -1.43029819 -0.34120976
1290 744 -1.40974338 -0.55782578
1300 744 -1.35914694 -0.86456671
1310 744 -1.30538822 -1.18079448
1320 744 -1.25194573 -1.49797093
1330 744 -1.21463085 -1.79079784
1340 744 -1.18617035 -2.07224055
1350 744 -1.15707740 -2.35494817
1360 744 -1.12861690 -2.63322861
1370 744 -1.10521604 -2.87292925
1200 747 -0.95184558 1.33764345
1210 747 -0.98757931 1.15138530
1220 747 -1.02204814 0.96575960
1230 747 -1.04892750 0.76495497
1240 747 -1.05493583 0.53189510
1250 747 -1.06126038 0.29788656
1260 747 -1.06252529 0.06640783
1270 747 -1.04102181 -0.16317353
1280 747 -1.01951832 -0.39275489
1290 747 -0.99769860 -0.62138756
1300 747 -0.97714380 -0.87911319
1310 747 -0.95785390 -1.14379583
1320 747 -0.93761533 -1.40879470
1330 747 -0.91800920 -1.67252865
1340 747 -0.89618949 -1.96440688
1350 747 -0.87436977 -2.25944739
1360 747 -0.85160137 -2.55480412
1370 747 -0.82535447 -2.83340078
1380 747 -0.79088564 -3.08733168
1390 747 -0.75641682 -3.34126258
1270 863 -2.61109266 1.99191870
1280 863 -2.40111743 1.93563016
1290 863 -2.19177465 1.88060652
1300 863 -1.98274809 1.82463421
1310 863 -1.74020140 1.76486716
1320 863 -1.49385997 1.70383520
1330 863 -1.24815099 1.64406816
1340 863 -1.03849198 1.58683093
1350 863 -0.88195924 1.53465335
1360 863 -0.72637518 1.48279199
1370 863 -0.58249155 1.42745214
1380 863 -0.49015304 1.36294167
1390 863 -0.39781453 1.29843121
1400 863 -0.30547602 1.23392074
1410 863 -0.16886563 1.15359889
1420 863 0.01423025 1.05778188
1430 863 0.19637744 0.96228109
1440 863 0.35986720 0.90251404
1450 863 0.51134030 0.86678031
1460 863 0.66312963 0.83199525
1290 844 -0.47149560 1.69086986
1300 844 -0.36967026 1.60738573
1310 844 -0.26847737 1.52516652
1320 844 -0.17772000 1.44958808
1330 844 -0.18246342 1.44484466
1340 844 -0.18847175 1.43946879
1350 844 -0.19448008 1.43409292
1360 844 -0.19922349 1.42934950
1370 844 -0.20523182 1.42397363
1380 844 -0.21124015 1.41859776
1390 844 -0.21629979 1.41290566
1400 844 -0.22199189 1.40847847
1410 844 -0.22800022 1.40310260
1420 844 -0.23400855 1.39772673
1430 844 -0.23906819 1.39203463
1440 844 -0.24476029 1.38760744
1450 844 -0.25076862 1.38223157
1460 844 -0.25582826 1.37653947
1470 844 -0.26152036 1.37211228
1480 844 -0.26752869 1.36673640
