2080 213 0.00000000 0.00000000
2090 213 0.00000000 0.00800000
2100 213 -0.00100000 0.01600000
2110 213 -0.00100000 0.02400000
2120 213 -0.00200000 0.03200000
2130 213 -0.00300000 0.04000000
2140 213 -0.00300000 0.04800000
2150 213 -0.00400000 0.05600000
2160 213 -0.00400000 0.06400000
2170 213 0.02100000 0.06700000
2180 213 0.04600000 0.07100000
2190 213 0.07200000 0.07400000
2200 213 0.09700000 0.07800000
2210 213 0.12300000 0.08100000
2220 213 0.14800000 0.08400000
2230 213 0.17400000 0.08800000
2240 213 0.19900000 0.09100000
2250 213 0.22400000 0.09500000
2260 213 0.25000000 0.09800000
2270 213 0.27500000 0.10200000
1920 570 -1.09500000 2.13300000
1930 570 -1.08700000 1.92900000
1940 570 -1.08100000 1.72500000
1950 570 -1.07800000 1.51600000
1960 570 -1.07800000 1.30500000
1970 570 -1.07800000 1.09500000
1980 570 -1.09400000 0.87800000
1990 570 -1.12100000 0.65500000
2000 570 -1.14700000 0.43300000
2010 570 -1.17400000 0.21100000
2020 570 -1.17400000 -0.03800000
2030 570 -1.17400000 -0.28700000
2040 570 -1.17400000 -0.53700000
2050 570 -1.16900000 -0.76200000
2060 570 -1.14600000 -0.89000000
2070 570 -1.12300000 -1.01800000
2080 570 -1.09900000 -1.14700000
2090 570 -1.06900000 -1.28000000
2100 570 -0.97900000 -1.45400000
2110 570 -0.88800000 -1.62800000
1920 573 -0.62800000 2.25800000
1930 573 -0.63900000 2.03200000
1940 573 -0.66900000 1.80100000
1950 573 -0.69800000 1.57000000
1960 573 -0.72700000 1.33900000
1970 573 -0.74900000 1.11600000
1980 573 -0.76100000 0.90600000
1990 573 -0.77400000 0.69500000
2000 573 -0.78600000 0.48500000
2010 573 -0.78400000 0.26700000
2020 573 -0.76700000 0.04200000
2030 573 -0.75000000 -0.18300000
2040 573 -0.73400000 -0.40900000
2050 573 -0.71600000 -0.62600000
2060 573 -0.69400000 -0.81100000
2070 573 -0.67300000 -0.99600000
2080 573 -0.65100000 -1.18100000
2090 573 -0.62800000 -1.26500000
2100 573 -0.60500000 -1.33800000
2110 573 -0.58200000 -1.41000000
1930 398 2.33700000 0.52200000
1940 398 2.23100000 0.49900000
1950 398 2.12500000 0.47500000
1960 398 2.03600000 0.46500000
1970 398 1.96500000 0.46800000
1980 398 1.89300000 0.47100000
1990 398 1.82100000 0.47400000
2000 398 1.75000000 0.47700000
2010 398 1.67800000 0.48000000
2020 398 1.60700000 0.48300000
2030 398 1.51100000 0.53400000
2040 398 1.39200000 0.63300000
2050 398 1.27200000 0.73200000
2060 398 1.15900000 0.82100000
2070 398 1.10300000 0.82100000
2080 398 1.04600000 0.82100000
2090 398 0.98900000 0.82100000
2100 398 0.93300000 0.82100000
2110 398 0.87600000 0.82100000
2120 398 0.81900000 0.82100000
1950 336 0.28400000 -0.35700000
1960 336 0.28500000 -0.35800000
1970 336 0.28500000 -0.36000000
1980 336 0.28600000 -0.36200000
1990 336 0.28700000 -0.36400000
2000 336 0.28700000 -0.36500000
2010 336 0.28800000 -0.36700000
2020 336 0.28900000 -0.36900000
2030 336 0.29000000 -0.37000000
2040 336 0.29000000 -0.37200000
2050 336 0.29100000 -0.37400000
2060 336 0.29200000 -0.37600000
2070 336 0.29200000 -0.37700000
2080 336 0.29300000 -0.37900000
2090 336 0.29400000 -0.38100000
2100 336 0.29500000 -0.38200000
2110 336 0.29500000 -0.38400000
2120 336 0.29600000 -0.38600000
2130 336 0.29700000 -0.38800000
2140 336 0.29700000 -0.38900000
2040 516 -0.00700000 -1.56700000
2050 516 -0.00200000 -1.56800000
2060 516 0.00400000 -1.56900000
2070 516 0.00900000 -1.57100000
2080 516 0.01400000 -1.57200000
2090 516 0.02000000 -1.57400000
2100 516 0.02500000 -1.57500000
2110 516 0.03000000 -1.57700000
2120 516 0.03600000 -1.57800000
2130 516 0.04100000 -1.57900000
2140 516 0.04600000 -1.58100000
2150 516 0.05200000 -1.58200000
2160 516 0.05700000 -1.58400000
2170 516 0.06200000 -1.58500000
2180 516 0.06800000 -1.58700000
2190 516 0.07300000 -1.58800000
2200 516 0.07800000 -1.58900000
2210 516 0.08400000 -1.59100000
2220 516 0.08900000 -1.59200000
2230 516 0.09400000 -1.59300000
2060 365 1.24200000 -0.14200000
2070 365 1.14200000 -0.02000000
2080 365 1.04200000 0.10200000
2090 365 0.92400000 0.14400000
2100 365 0.80300000 0.16600000
2110 365 0.68100000 0.18700000
2120 365 0.55900000 0.20900000
2130 365 0.43700000 0.23000000
2140 365 0.34200000 0.26700000
2150 365 0.24900000 0.30600000
2160 365 0.15700000 0.34400000
2170 365 0.06400000 0.38300000
2180 365 -0.02800000 0.42200000
2190 365 -0.03600000 0.41400000
2200 365 -0.04300000 0.40700000
2210 365 -0.05100000 0.40000000
2220 365 -0.05900000 0.39300000
2230 365 -0.06600000 0.38600000
2240 365 -0.07400000 0.37900000
2250 365 -0.08100000 0.37100000
2060 376 0.43900000 0.91600000
2070 376 0.39700000 0.92800000
2080 376 0.35500000 0.93900000
2090 376 0.31200000 0.95100000
2100 376 0.27000000 0.96200000
2110 376 0.22700000 0.97400000
2120 376 0.18500000 0.98500000
2130 376 0.14200000 0.99700000
2140 376 0.10000000 1.00800000
2150 376 -0.01600000 1.00600000
2160 376 -0.15000000 0.99900000
2170 376 -0.28500000 0.99300000
2180 376 -0.34200000 0.98800000
2190 376 -0.34900000 0.98400000
2200 376 -0.35500000 0.98100000
2210 376 -0.36100000 0.97800000
2220 376 -0.36700000 0.97400000
2230 376 -0.37400000 0.97100000
2240 376 -0.38000000 0.96700000
2250 376 -0.38600000 0.96400000
2080 347 1.09500000 -0.34400000
2090 347 1.10300000 -0.27800000
2100 347 1.11100000 -0.21300000
2110 347 1.11800000 -0.14700000
2120 347 1.12600000 -0.08200000
2130 347 1.13400000 -0.01600000
2140 347 1.13800000 0.07000000
2150 347 1.10100000 0.34500000
2160 347 1.06400000 0.62100000
2170 347 0.96200000 0.82800000
2180 347 0.79400000 0.96900000
2190 347 0.62600000 1.10900000
2200 347 0.63400000 1.14900000
2210 347 0.68600000 1.16500000
2220 347 0.73800000 1.18000000
2230 347 0.79000000 1.19500000
2240 347 0.84200000 1.21100000
2250 347 0.86000000 1.17300000
2260 347 0.79700000 1.01200000
2270 347 0.73300000 0.85100000
2130 399 0.76300000 0.82100000
2140 399 0.70000000 0.82000000
2150 399 0.58300000 0.81000000
2160 399 0.46700000 0.80000000
2170 399 0.35100000 0.79000000
2180 399 0.23400000 0.77900000
2190 399 0.22500000 0.77800000
2200 399 0.21600000 0.77600000
2210 399 0.20700000 0.77500000
2220 399 0.19700000 0.77300000
2230 399 0.18800000 0.77200000
2240 399 0.17900000 0.77000000
2250 399 0.17000000 0.76900000
2260 399 0.16100000 0.76700000
2270 399 0.15100000 0.76600000
2280 399 0.14200000 0.76400000
2290 399 0.13300000 0.76200000
2300 399 0.12400000 0.76100000
2310 399 0.11500000 0.76000000
2320 399 0.10500000 0.75800000
2150 337 0.29800000 -0.39100000
2160 337 0.29900000 -0.39300000
2170 337 0.30000000 -0.39500000
2180 337 0.30000000 -0.39600000
2190 337 0.30100000 -0.39800000
2200 337 0.30200000 -0.40000000
2210 337 0.30200000 -0.40100000
2220 337 0.30300000 -0.40300000
2230 337 0.30400000 -0.40500000
2240 337 0.30400000 -0.40700000
2250 337 0.30500000 -0.40800000
2260 337 0.30600000 -0.41000000
2270 337 0.30700000 -0.41200000
2280 337 0.30700000 -0.41400000
2290 337 0.30800000 -0.41500000
2300 337 0.30900000 -0.41700000
2310 337 0.30900000 -0.41900000
2320 337 0.31000000 -0.42000000
2330 337 0.31100000 -0.42200000
2340 337 0.31200000 -0.42400000
2240 517 0.09900000 -1.59500000
2250 517 0.10500000 -1.59600000
2260 517 0.11000000 -1.59800000
2270 517 0.11500000 -1.59900000
2280 517 0.12100000 -1.60000000
2290 517 0.12600000 -1.60200000
2300 517 0.13100000 -1.60300000
2310 517 0.13700000 -1.60500000
2320 517 0.14200000 -1.60600000
2330 517 0.14700000 -1.60800000
2340 517 0.15300000 -1.60900000
2350 517 0.15800000 -1.61000000
2360 517 0.16300000 -1.61200000
2370 517 0.16900000 -1.61300000
2380 517 0.17400000 -1.61500000
2390 517 0.17900000 -1.61600000
2400 517 0.18500000 -1.61700000
2410 517 0.19000000 -1.61900000
2420 517 0.19500000 -1.62000000
2430 517 0.20100000 -1.62200000
2260 366 -0.08900000 0.36400000
2270 366 -0.09600000 0.35700000
2280 366 -0.10400000 0.35000000
2290 366 -0.11100000 0.34300000
2300 366 -0.11900000 0.33500000
2310 366 -0.12600000 0.32800000
2320 366 -0.13400000 0.32100000
2330 366 -0.14100000 0.31400000
2340 366 -0.14900000 0.30700000
2350 366 -0.15700000 0.30000000
2360 366 -0.16400000 0.29200000
2370 366 -0.17200000 0.28500000
2380 366 -0.17900000 0.27800000
2390 366 -0.18700000 0.27100000
2400 366 -0.19400000 0.26400000
2410 366 -0.20200000 0.25700000
2420 366 -0.20900000 0.24900000
2430 366 -0.21700000 0.24200000
2440 366 -0.22400000 0.23500000
2450 366 -0.23200000 0.22800000
2260 377 -0.39200000 0.96100000
2270 377 -0.39900000 0.95700000
2280 377 -0.40500000 0.95400000
2290 377 -0.41100000 0.95000000
2300 377 -0.41700000 0.94700000
2310 377 -0.42400000 0.94400000
2320 377 -0.43000000 0.94000000
2330 377 -0.43600000 0.93700000
2340 377 -0.44200000 0.93300000
2350 377 -0.44900000 0.93000000
2360 377 -0.45500000 0.92700000
2370 377 -0.46100000 0.92300000
2380 377 -0.46700000 0.92000000
2390 377 -0.47400000 0.91700000
2400 377 -0.48000000 0.91300000
2410 377 -0.48600000 0.91000000
2420 377 -0.49200000 0.90600000
2430 377 -0.49900000 0.90300000
2440 377 -0.50500000 0.89900000
2450 377 -0.51100000 0.89600000
