3590 558 0.00000000 0.00000000
3600 558 -0.00000000 0.00632456
3610 558 0.00000000 0.01264911
3620 558 0.00000000 0.01897367
3630 558 -0.00094868 0.02561445
3640 558 -0.00094868 0.03193900
3650 558 -0.00094868 0.03826356
3660 558 -0.00094868 0.04458812
3670 558 -0.00094868 0.05091267
3680 558 -0.00094868 0.05723723
3690 558 -0.00063246 0.06451046
3700 558 -0.00158114 0.07115125
3710 558 -0.00158114 0.07747580
3720 558 0.02181972 0.17613887
3730 558 0.06735651 0.36650798
3740 558 0.11415822 0.55750955
3750 558 0.16001125 0.74882735
3760 558 0.20112086 0.94488856
3770 558 0.22483794 1.15834231
3780 558 0.24792257 1.37306096
3480 811 -0.01834121 -1.41480303
3490 811 -0.17961737 -1.36736886
3500 811 -0.38326805 -1.36800132
3510 811 -0.60620863 -1.38855612
3520 811 -0.82914920 -1.40911093
3530 811 -0.87468600 -1.40974338
3540 811 -0.90219782 -1.40689733
3550 811 -0.92907718 -1.40531619
3560 811 -0.95595654 -1.40373505
3570 811 -0.98251967 -1.40120523
3580 811 -1.00939903 -1.39962409
3590 811 -1.02995383 -1.41069206
3600 811 -1.04450031 -1.43535783
3610 811 -1.05967924 -1.45875868
3620 811 -1.07422572 -1.48342445
3630 811 -1.08877220 -1.50809022
3640 811 -1.10395113 -1.53149107
3650 811 -1.11849761 -1.55615684
3660 811 -1.13304409 -1.58082260
3670 811 -1.14822302 -1.60422346
3500 817 -0.12965338 -0.99295519
3510 817 -0.31591154 -0.93192323
3520 817 -0.48256357 -0.90377896
3530 817 -0.64795069 -0.87500223
3540 817 -0.81365404 -0.84717419
3550 817 -0.81776500 -0.85950707
3560 817 -0.82187596 -0.87183995
3570 817 -0.82567070 -0.88322415
3580 817 -0.83009789 -0.89650572
3590 817 -0.83389262 -0.90788992
3600 817 -0.83800358 -0.92022280
3610 817 -0.84211454 -0.93255568
3620 817 -0.84622550 -0.94488856
3630 817 -0.85033646 -0.95722145
3640 817 -0.85444742 -0.96955433
3650 817 -0.85855838 -0.98188721
3660 817 -0.86266935 -0.99422010
3670 817 -0.86678031 -1.00655298
3680 817 -0.87089127 -1.01888586
3690 817 -0.87500223 -1.03121874
3550 828 -0.28175894 -2.17659571
3560 828 -0.36018343 -1.91222930
3570 828 -0.43607809 -1.64659798
3580 828 -0.44493247 -1.37906929
3590 828 -0.41014741 -1.11027569
3600 828 -0.42026670 -0.87816451
3610 828 -0.53600606 -0.72890500
3620 828 -0.65079674 -0.57996172
3630 828 -0.80037248 -0.33615012
3640 828 -0.96575960 -0.05122890
3650 828 -1.13051426 0.23242741
3660 828 -1.34491669 0.52841660
3670 828 -1.58019015 0.82820052
3680 828 -1.79838731 1.15075284
3690 828 -1.97768845 1.52358538
3700 828 -2.15667336 1.89736660
3710 828 -2.35052098 2.29929209
3720 828 -2.56429095 2.74264341
3730 828 -2.77869338 3.18725965
3740 828 -2.88526214 3.68342102
3700 818 -0.87911319 -1.04355163
3710 818 -0.88322415 -1.05588451
3720 818 -0.88733511 -1.06821739
3730 818 -0.89144607 -1.08055028
3740 818 -0.89555703 -1.09288316
3750 818 -0.89935177 -1.10426736
3760 818 -0.90346273 -1.11660024
3770 818 -0.90757369 -1.12893312
3780 818 -0.91168465 -1.14126601
3790 818 -0.97493020 -1.16340195
3800 818 -1.07802045 -1.19122999
3810 818 -1.18079448 -1.21810935
3820 818 -1.28388473 -1.24593740
3830 818 -1.39614559 -1.26332993
3840 818 -1.52959370 -1.25890274
3850 818 -1.66399050 -1.25415932
3860 818 -1.79743862 -1.24973213
3870 818 -1.96440688 -1.26364615
3880 818 -2.18197159 -1.30602067
3890 818 -2.39827138 -1.34776274
3750 454 -1.45528018 -0.29282691
3760 454 -1.32942153 -0.21566734
3770 454 -1.20324665 -0.13755908
3780 454 -1.07833668 -0.06008328
3790 454 -0.95216180 0.01802498
3800 454 -0.82598692 0.09613324
3810 454 -0.68305197 0.07273239
3820 454 -0.52272450 -0.05028021
3830 454 -0.36239702 -0.17329282
3840 454 -0.20301823 -0.29598919
3850 454 0.02150349 -0.47307674
3860 454 0.24539275 -0.64889938
3870 454 0.39401980 -0.82598692
3880 454 0.49078549 -1.00370693
3890 454 0.58755119 -1.18142693
3900 454 0.67735987 -1.30728558
3910 454 0.76527119 -1.41037584
3920 454 0.85318251 -1.51346609
3930 454 0.90662501 -1.60612082
3940 454 0.90978728 -1.68201549
3770 458 -1.60896687 -0.37441367
3780 458 -1.50777399 -0.27954535
3790 458 -1.40563242 -0.18499324
3800 458 -1.30412331 -0.08917623
3810 458 -1.20071683 -0.00980306
3820 458 -1.08213142 -0.07146748
3830 458 -0.96449469 -0.13281566
3840 458 -0.84685796 -0.19416385
3850 458 -0.72890500 -0.25456335
3860 458 -0.61126827 -0.31591154
3870 458 -0.49363154 -0.37725972
3880 458 -0.37599481 -0.43860791
3890 458 -0.18910420 -0.63372044
3900 458 -0.00316228 -0.82851675
3910 458 0.18372833 -1.02362928
3920 458 0.29567296 -1.18743526
3930 458 0.33203915 -1.31866978
3940 458 0.36967026 -1.44927185
3950 458 0.43101845 -1.51188495
3960 458 0.50216969 -1.54508886
3780 462 -0.94583725 0.35955097
3790 462 -0.76527119 0.37631104
3800 462 -0.58375646 0.39275489
3810 462 -0.40382286 0.41077987
3820 462 -0.22230812 0.42722371
3830 462 -0.00126491 0.29978392
3840 462 0.23084627 0.13597794
3850 462 0.46295745 -0.02782804
3860 462 0.66565945 -0.19448008
3870 462 0.75262208 -0.37314876
3880 462 0.83831981 -0.55244991
3890 462 0.91959034 -0.72289667
3900 462 0.94994821 -0.81523518
3910 462 0.98157099 -0.90694123
3920 462 1.01192885 -0.99927974
3930 462 1.04355163 -1.09098579
3940 462 1.07485818 -1.18364053
3950 462 1.10015640 -1.24688608
3960 462 1.11818138 -1.26870580
3970 462 1.13620636 -1.29052551
