3530 888 0.00000000 0.00000000
3540 888 -0.00000000 0.02473863
3550 888 -0.00024254 0.05044741
3560 888 -0.00024254 0.07518604
3570 888 -0.00024254 0.09992468
3580 888 -0.00024254 0.12466331
3590 888 0.00048507 0.15061462
3600 888 0.00048507 0.17535326
3610 888 0.00048507 0.20009189
3620 888 0.00024254 0.22580067
3630 888 0.00024254 0.25053930
3640 888 0.00024254 0.27527793
3650 888 -0.00000000 0.30098671
3660 888 -0.00000000 0.32572534
3670 888 0.00097014 0.35070651
3680 888 0.00097014 0.37544515
3690 888 0.00072761 0.40115392
3700 888 0.00072761 0.42589256
3710 888 0.00072761 0.45063119
3720 888 0.00048507 0.47633997
3520 428 -0.88816546 -0.71887559
3530 428 -0.81103913 -0.73876351
3540 428 -0.80230785 -0.72833448
3550 428 -0.79454671 -0.71814799
3560 428 -0.78581543 -0.70771895
3570 428 -0.77805429 -0.69753246
3580 428 -0.76932300 -0.68710343
3590 428 -0.76156186 -0.67691693
3600 428 -0.75283058 -0.66648790
3610 428 -0.74506944 -0.65630140
3620 428 -0.73658069 -0.64490223
3630 428 -0.72881955 -0.63471573
3640 428 -0.72008827 -0.62428670
3650 428 -0.71232713 -0.61410020
3660 428 -0.70359585 -0.60367117
3670 428 -0.69583471 -0.59348467
3680 428 -0.68710343 -0.58305564
3690 428 -0.67934229 -0.57286915
3700 428 -0.67061100 -0.56244011
3710 428 -0.65630140 -0.52484709
3530 669 1.79961434 -0.05311530
3540 669 1.79524870 -0.01916031
3550 669 1.79112559 0.01382453
3560 669 1.78700249 0.04680938
3570 669 1.78166670 0.08052183
3580 669 1.74940946 0.16007351
3590 669 1.67446596 0.30729264
3600 669 1.60025005 0.45572444
3610 669 1.53355276 0.48337350
3620 669 1.46952335 0.47973547
3630 669 1.40452380 0.47585490
3640 669 1.35383386 0.46833629
3650 669 1.32109155 0.45499683
3660 669 1.28931938 0.44189991
3670 669 1.25681961 0.42759031
3680 669 1.22431984 0.41328071
3690 669 1.19254767 0.40018378
3700 669 1.16004789 0.38587418
3710 669 1.12827573 0.37277726
3720 669 1.04629869 0.34609834
3540 434 -0.92478834 -1.36402036
3550 434 -0.86682232 -1.46806814
3560 434 -0.83456509 -1.49401945
3570 434 -0.81831520 -1.46831067
3580 434 -0.80230785 -1.44163176
3590 434 -0.78727064 -1.41519537
3600 434 -0.77126329 -1.38851645
3610 434 -0.75501340 -1.36280768
3620 434 -0.73997619 -1.33637129
3630 434 -0.72396884 -1.30969238
3640 434 -0.70771895 -1.28398360
3650 434 -0.69171160 -1.25730468
3660 434 -0.67667439 -1.23086830
3670 434 -0.66042451 -1.20515952
3680 434 -0.64538730 -1.17872314
3690 434 -0.62937995 -1.15204422
3700 434 -0.61313006 -1.12633544
3710 434 -0.59712271 -1.09965652
3720 434 -0.57893254 -1.05284715
3730 434 -0.53188063 -0.82462113
3560 686 0.51369045 -0.80133771
3570 686 0.49525775 -0.75646861
3580 686 0.47682504 -0.71159952
3590 686 0.45814980 -0.66576029
3600 686 0.44068723 -0.62064866
3610 686 0.43050073 -0.54279473
3620 686 0.45135880 -0.32936338
3630 686 0.47342954 -0.11665964
3640 686 0.50277635 0.05044741
3650 686 0.53454852 0.21197614
3660 686 0.56535054 0.37326233
3670 686 0.63689855 0.52411949
3680 686 0.71863306 0.67133861
3690 686 0.80133771 0.81880027
3700 686 0.84159862 0.89689674
3710 686 0.87870657 0.96698954
3720 686 0.91484438 1.03683980
3730 686 0.95195233 1.10693259
3740 686 0.98809014 1.17678285
3750 686 0.99245578 1.19230513
3720 429 -0.61604049 -0.38078093
3730 429 -0.57602211 -0.23574463
3740 429 -0.51150763 -0.08561508
3750 429 -0.38708686 0.07639872
3760 429 -0.26387876 0.23914013
3770 429 -0.14042813 0.40091139
3780 429 -0.06936519 0.64441716
3790 429 0.00121268 0.88574010
3800 429 0.07154801 1.13215630
3810 429 0.13436474 1.38803138
3820 429 0.19790907 1.64511914
3830 429 0.27697568 1.89371816
3840 429 0.37035190 2.13455604
3850 429 0.46397065 2.37442377
3860 429 0.55104094 2.60750050
3870 429 0.62404416 2.82262960
3880 429 0.69680485 3.03872885
3890 429 0.76980807 3.25385795
3900 429 0.87919164 3.43066642
3910 429 0.98881774 3.60650474
3720 831 -0.14988702 2.51266908
3730 831 -0.09871200 2.12242925
3740 831 0.00218282 1.84666625
3750 831 0.10889850 1.58472777
3760 831 0.20736796 1.33103551
3770 831 0.29637853 1.08631706
3780 831 0.38538911 0.84159862
3790 831 0.42783284 0.54400741
3800 831 0.46445572 0.24083788
3810 831 0.48846675 -0.06136151
3820 831 0.49501521 -0.36380344
3830 831 0.50156367 -0.66624536
3840 831 0.45329908 -0.91023620
3850 831 0.39848603 -1.14864872
3860 831 0.34270284 -1.39554999
3870 831 0.27552047 -1.71642462
3880 831 0.21828206 -2.03584404
3890 831 0.25320719 -2.35283810
3900 831 0.28910247 -2.66958962
3910 831 0.31990449 -2.97421437
