4080 814 0.00000000 0.00000000
4090 814 0.00000000 0.00728011
4100 814 -0.00096152 0.01428550
4110 814 -0.00096152 0.02156561
4120 814 -0.00219777 0.02953252
4130 814 -0.00219777 0.03681263
4140 814 -0.00315929 0.04381802
4150 814 -0.00343401 0.05205965
4160 814 -0.00439554 0.05906504
4170 814 -0.00439554 0.06634515
4180 814 -0.00535706 0.07335054
4190 814 -0.00563178 0.08159217
4200 814 -0.00659331 0.08859756
4210 814 -0.00659331 0.09587767
4220 814 -0.00782955 0.10384459
4230 814 -0.00782955 0.11112470
4240 814 -0.00879108 0.11813008
4250 814 -0.00879108 0.12541019
4260 814 -0.01002732 0.13337711
4270 814 -0.01002732 0.14065722
3900 819 -0.04189497 -3.02385545
3910 819 0.03859832 -2.82509472
3920 819 0.11977841 -2.62509774
3930 819 0.19999698 -2.42537548
3940 819 0.22472188 -2.15518725
3950 819 0.22417244 -1.85477969
3960 819 0.22334828 -1.55341062
3970 819 0.19738713 -1.31330435
3980 819 0.14628900 -1.13446090
3990 819 0.09519087 -0.95561744
4000 819 0.07719664 -0.87443735
4010 819 0.06222434 -0.80383402
4020 819 0.04821356 -0.73295597
4030 819 0.03351598 -0.66331416
4040 819 0.02912044 -0.59696901
4050 819 0.03530166 -0.53488204
4060 819 0.04175761 -0.47375659
4070 819 0.04890036 -0.41139489
4080 819 0.05412006 -0.34958264
4090 819 0.06126281 -0.28722094
4020 656 -0.53158538 -0.65836918
4030 656 -0.53515676 -0.66042959
4040 656 -0.53804133 -0.66125375
4050 656 -0.54161270 -0.66331416
4060 656 -0.54518408 -0.66537457
4070 656 -0.54806865 -0.66619874
4080 656 -0.55164002 -0.66825914
4090 656 -0.55548612 -0.66935803
4100 656 -0.55809597 -0.67114372
4110 656 -0.56194207 -0.67224260
4120 656 -0.56455192 -0.67402829
4130 656 -0.56839801 -0.67512717
4140 656 -0.57196939 -0.67718758
4150 656 -0.57485396 -0.67801174
4160 656 -0.57842533 -0.68007215
4170 656 -0.58227143 -0.68117104
4180 656 -0.58488128 -0.68295672
4190 656 -0.58872738 -0.68405561
4200 656 -0.59229875 -0.68611602
4210 656 -0.59490860 -0.68790170
4050 664 -0.93034310 -0.33653338
4060 664 -0.93116726 -0.33364881
4070 664 -0.93130462 -0.32952799
4080 664 -0.93212879 -0.32664342
4090 664 -0.93295295 -0.32375885
4100 664 -0.93377711 -0.32087428
4110 664 -0.93363975 -0.31771498
4120 664 -0.93473864 -0.31386889
4130 664 -0.93556280 -0.31098432
4140 664 -0.93542544 -0.30782502
4150 664 -0.93624960 -0.30494045
4160 664 -0.93707377 -0.30205588
4170 664 -0.93721113 -0.29793506
4180 664 -0.93803529 -0.29505049
4190 664 -0.93885945 -0.29216592
4200 664 -0.93501336 -0.29106704
4210 664 -0.92622228 -0.29271536
4220 664 -0.91743121 -0.29436369
4230 664 -0.90864013 -0.29601202
4240 664 -0.90081058 -0.29793506
4100 820 0.07335054 -0.19120591
4110 820 0.09848752 -0.01346134
4120 820 0.12362451 0.16428323
4130 820 0.14807469 0.34079156
4140 820 0.08008121 0.48048725
4150 820 -0.02884572 0.60328760
4160 820 -0.13777265 0.72608794
4170 820 -0.14615164 0.74449426
4180 820 -0.15453063 0.76290057
4190 820 -0.16414587 0.78199369
4200 820 -0.17252487 0.80040001
4210 820 -0.18186539 0.81853160
4220 820 -0.19024438 0.83693792
4230 820 -0.19862338 0.85534423
4240 820 -0.20796389 0.87347583
4250 820 -0.21634289 0.89188214
4260 820 -0.22595813 0.91097526
4270 820 -0.23433712 0.92938158
4280 820 -0.24367764 0.94751317
4290 820 -0.25205663 0.96591949
4220 657 -0.59875470 -0.68900059
4230 657 -0.60232607 -0.69106100
4240 657 -0.60521064 -0.69188516
4250 657 -0.60878202 -0.69394557
4260 657 -0.61262812 -0.69504445
4270 657 -0.61523797 -0.69683014
4280 657 -0.61908406 -0.69792903
4290 657 -0.62265544 -0.69998943
4300 657 -0.62554001 -0.70081360
4310 657 -0.62911138 -0.70287401
4320 657 -0.63199595 -0.70369817
4330 657 -0.63556733 -0.70575858
4340 657 -0.63941343 -0.70685746
4350 657 -0.64202328 -0.70864315
4360 657 -0.63584205 -0.70479705
4370 657 -0.53831605 -0.64573201
4380 657 -0.44051533 -0.58762849
4390 657 -0.34298933 -0.52856345
4400 657 -0.24518861 -0.47045993
4410 657 -0.13708584 -0.39381274
