0 83 0.00000000 0.00000000
10 83 -0.00000000 0.06382006
20 83 -0.00139455 0.12787515
30 83 -0.00197430 0.19251001
40 83 -0.00197430 0.25633006
50 83 -0.00336885 0.32038516
60 83 0.04597301 0.34935724
70 83 0.10587580 0.36866152
80 83 0.16659339 0.38854555
90 83 0.22731098 0.40842958
100 83 0.28721377 0.42773385
110 83 0.35899371 0.45794379
120 83 0.45499801 0.51275414
130 83 0.55100231 0.56756450
140 83 0.64642685 0.62318964
150 83 0.76385074 0.63064811
160 83 0.91066979 0.56574689
170 83 1.05748883 0.50084566
180 83 1.18743230 0.42516413
190 83 1.30050020 0.33870229
0 27 1.14501617 0.94359047
10 27 1.17005532 0.77731046
20 27 1.19532950 0.61242500
30 27 1.22118344 0.44672475
40 27 1.23111762 0.28442468
50 27 1.18237119 0.13560000
60 27 1.13280997 -0.01380444
70 27 1.08348379 -0.16181433
80 27 0.94946637 -0.28049175
90 27 0.79384132 -0.39122496
100 27 0.63821626 -0.50195817
110 27 0.48600707 -0.58816930
120 27 0.33555281 -0.66822250
130 27 0.18428375 -0.74885546
140 27 0.03301470 -0.82948841
150 27 -0.13989332 -0.91938178
160 27 -0.31303637 -1.01066969
170 27 -0.48617943 -1.10195761
180 27 -0.65162898 -1.24545481
190 27 -0.81501021 -1.40220803
0 33 1.13138409 1.37326729
10 33 1.15462130 1.23884247
20 33 1.17704372 1.10383789
30 33 1.19888638 0.96964811
40 33 1.22919033 0.82184192
50 33 1.26840997 0.65460610
60 33 1.30844441 0.48795003
70 33 1.34824381 0.31989942
80 33 1.32242120 0.18370400
90 33 1.26906807 0.05860226
100 33 1.21513519 -0.06568468
110 33 1.12231171 -0.16118757
120 33 0.96935040 -0.21356921
130 33 0.81696884 -0.26676566
140 33 0.66482232 -0.31856755
150 33 0.49978017 -0.42986484
160 33 0.32969258 -0.56684372
170 33 0.15984003 -0.70242805
180 33 -0.03292068 -0.84203933
190 33 -0.27765565 -0.98794956
0 39 0.82315812 1.02508522
10 39 0.87256265 0.89700637
20 39 0.92138742 0.76974231
30 39 0.96939740 0.64189849
40 39 1.01162551 0.53080489
50 39 1.04528263 0.43693159
60 39 1.07812497 0.34247853
70 39 1.11178210 0.24860522
80 39 1.03895234 0.15260092
90 39 0.96588754 0.05520208
100 39 0.88805934 -0.04067687
110 39 0.76198613 -0.13774666
120 39 0.63591291 -0.23481645
130 39 0.50925994 -0.33107146
140 39 0.32032248 -0.41396075
150 39 0.06736127 -0.48103998
160 39 -0.18559995 -0.54811920
170 39 -0.43856117 -0.61519842
180 39 -0.67290755 -0.73776177
190 39 -0.89534545 -0.89603489
0 45 1.10632927 2.23296564
10 45 1.12845398 2.12597733
20 45 1.15197323 2.01875399
30 45 1.17491272 1.91234544
40 45 1.19703743 1.80535714
50 45 1.19622264 1.67713726
60 45 1.17969179 1.53650750
70 45 1.16234614 1.39529798
80 45 1.14581529 1.25466821
90 45 1.14913713 1.09993630
100 45 1.16604404 0.93646105
110 45 1.18353070 0.77217101
120 45 1.20043761 0.60869577
130 45 1.21734452 0.44522052
140 45 1.18608476 0.32356598
150 45 1.12232738 0.23033510
160 45 1.05938478 0.13768398
170 45 0.99562740 0.04445311
180 45 0.92152844 -0.04631773
190 45 0.82314245 -0.13227816
0 52 1.10418261 1.94792987
10 52 1.08302939 1.82242074
20 52 1.06211120 1.69830616
30 52 1.04037822 1.57361182
40 52 1.02003979 1.44868245
50 52 1.03186992 1.30614106
60 52 1.04312031 1.16441446
70 52 1.05495044 1.02187307
80 52 1.05805291 0.87434892
90 52 1.04800905 0.72115257
100 52 1.03877998 0.56853598
110 52 1.02931587 0.41452484
120 52 0.98061645 0.29150709
130 52 0.91566821 0.18270118
140 52 0.85048495 0.07250072
150 52 0.78472193 -0.03688495
160 52 0.71303600 -0.14312115
170 52 0.61673399 -0.23373529
180 52 0.51961719 -0.32492919
190 52 0.42250039 -0.41612308
0 57 -0.35940111 -2.78766584
10 57 -0.36535535 -2.48262069
20 57 -0.37072983 -2.17839032
30 57 -0.37528953 -1.87358020
40 57 -0.38519237 -1.56643539
50 57 -0.40020332 -1.25556135
60 57 -0.41463452 -0.94550209
70 57 -0.43046027 -0.63520781
80 57 -0.48870215 -0.31704765
90 57 -0.56588791 0.00358821
100 57 -0.64307367 0.32422408
110 57 -0.64117772 0.59926299
120 57 -0.51734518 0.80642357
130 57 -0.39432743 1.01300438
140 57 -0.27130968 1.21958520
150 57 -0.13353168 1.36057535
160 57 0.01761202 1.43620988
170 57 0.16875572 1.51184441
180 57 0.31989942 1.58747893
190 57 0.43335904 1.71607486
0 58 -0.01049827 -2.12580497
10 58 -0.07297079 -1.83274664
20 58 -0.13462852 -1.53910856
30 58 -0.19652128 -1.24686502
40 58 -0.27522694 -0.93099255
50 58 -0.37746753 -0.58031911
60 58 -0.48052290 -0.23022542
70 58 -0.58357827 0.11986827
80 58 -0.57367543 0.38710399
90 58 -0.53591301 0.63243438
100 58 -0.49791555 0.87915932
110 58 -0.38492600 1.06878622
120 58 -0.19670931 1.20270963
130 58 -0.00849263 1.33663304
140 58 0.15609512 1.45374355
150 58 0.29705394 1.55404117
160 58 0.43801275 1.65433879
170 58 0.57897157 1.75463641
180 58 0.65531120 1.92677664
190 58 0.66842620 2.17052446
0 84 -0.24666226 0.26386688
10 84 -0.20128468 0.35015636
20 84 -0.15648685 0.43726064
30 84 -0.11110927 0.52355012
40 84 -0.08301465 0.56685939
50 84 -0.06076459 0.59250963
60 84 -0.03932933 0.61758012
70 84 -0.01649951 0.64241557
80 84 0.00575054 0.66806581
90 84 0.02718581 0.69313630
100 84 0.05001562 0.71797175
110 84 0.07145089 0.74304224
120 84 0.09428070 0.76787769
130 84 0.11571597 0.79294818
140 84 0.13796603 0.81859842
150 84 0.21031005 0.83939126
160 84 0.30462209 0.85863286
170 84 0.39835438 0.87868925
180 84 0.49266642 0.89793085
190 84 0.66936635 0.83588139
0 85 0.16839533 -1.43027131
10 85 0.19102145 -1.26198566
20 85 0.21364756 -1.09370001
30 85 0.23708847 -0.92483461
40 85 0.25585999 -0.76665551
50 85 0.24528338 -0.70176995
60 85 0.23389198 -0.63746415
70 85 0.22331537 -0.57257859
80 85 0.21273875 -0.50769304
90 85 0.20181742 -0.44059815
100 85 0.19873062 -0.34829175
110 85 0.19424927 -0.25575031
120 85 0.19034768 -0.16402366
130 85 0.18586633 -0.07148223
140 85 0.18277952 0.02082417
150 85 0.19164821 0.10322773
160 85 0.22234389 0.17047931
170 85 0.25245981 0.23854569
180 85 0.28315549 0.30579727
190 85 0.31327141 0.37386364
0 89 1.39454586 -1.38379689
10 89 1.40169095 -1.29034665
20 89 1.40802125 -1.19747616
30 89 1.41458658 -1.10321113
40 89 1.41482162 -1.03799652
50 89 1.41306669 -0.98033440
60 89 1.41073200 -0.92185749
70 89 1.40839731 -0.86338058
80 89 1.40664237 -0.80571846
90 89 1.40050010 -0.73154115
100 89 1.39158441 -0.64829147
110 89 1.38348351 -0.56446202
120 89 1.37456782 -0.48121234
130 89 1.36646692 -0.39738289
140 89 1.35328924 -0.35643965
150 89 1.34011157 -0.31549642
160 89 1.32774868 -0.27397342
170 89 1.31457101 -0.23303018
180 89 1.30139333 -0.19208694
190 89 1.28821566 -0.15114370
0 91 1.21930316 -1.09611305
10 91 1.21982023 -1.00369696
20 91 1.22033731 -0.91128088
30 91 1.22061936 -0.82025934
40 91 1.20861686 -0.77234337
50 91 1.19427968 -0.72977055
60 91 1.17994249 -0.68719773
70 91 1.16642010 -0.64404515
80 91 1.15208291 -0.60147233
90 91 1.14808730 -0.56135955
100 91 1.15443327 -0.52370681
110 91 1.16077924 -0.48605407
120 91 1.16712520 -0.44840134
130 91 1.17289142 -0.40993381
140 91 1.17923738 -0.37228107
150 91 1.17408226 -0.33053871
160 91 1.14476546 -0.27898752
170 91 1.11544866 -0.22743633
180 91 1.08473731 -0.17565010
190 91 1.05542051 -0.12409891
0 110 0.64641118 0.61458733
10 110 0.63114952 0.72400434
20 110 0.61588786 0.83342135
30 110 0.60962024 0.96642028
40 110 0.63898405 1.19595626
50 110 0.66671827 1.42433274
60 110 0.70271009 1.59108282
70 110 0.74164769 1.71574581
80 110 0.78058529 1.84040881
90 110 0.82930039 1.97202887
100 110 0.89023734 2.11234526
110 110 0.95117429 2.25266164
120 110 1.01211125 2.39297802
130 110 1.03530145 2.55184657
140 110 1.00076685 2.73837100
150 110 0.96541746 2.92431567
160 110 0.93448675 3.11094978
170 110 0.94667727 3.29390166
180 110 0.95886780 3.47685354
190 110 0.97105832 3.65980542
0 111 1.01438326 0.38549008
10 111 0.90894619 0.44915345
20 111 0.80292937 0.51363161
30 111 0.69749230 0.57729498
40 111 0.60451213 0.65104922
50 111 0.62862680 0.80689364
60 111 0.65274148 0.96273806
70 111 0.67767094 1.11916223
80 111 0.70537383 1.26651402
90 111 0.75416727 1.37732557
100 111 0.80156616 1.48837216
110 111 0.84954480 1.59860396
120 111 0.88929720 1.72384672
130 111 0.92221788 1.86386539
140 111 0.95490353 2.00248951
150 111 0.98700942 2.14192843
160 111 1.02061954 2.27752843
170 111 1.05468407 2.40731521
180 111 1.08874859 2.53710199
190 111 1.12281312 2.66688877
0 113 1.55382180 -0.28984617
10 113 1.39092631 -0.17992775
20 113 1.22779578 -0.07140388
30 113 1.06548005 0.03769975
40 113 0.97323632 0.13284225
50 113 0.88854508 0.22599478
60 113 0.80385384 0.31914730
70 113 0.77251573 0.47358151
80 113 0.76447751 0.65564025
90 113 0.75701904 0.83688421
100 113 0.79249378 0.97503826
110 113 0.83829442 1.10212997
120 113 0.88433011 1.23061621
130 113 0.92596278 1.36701533
140 113 0.96585620 1.50585883
150 113 1.00598465 1.64609687
160 113 1.04669285 1.78552011
170 113 1.08564612 1.91878542
180 113 1.12470907 2.04844685
190 113 1.16377203 2.17810828
