1260 189 0.00000000 0.00000000
1270 189 0.00000000 0.20895933
1280 189 0.01211719 0.39766591
1290 189 0.02413867 0.58537708
1300 189 0.03616015 0.77308825
1310 189 -0.02538293 0.91663772
1320 189 -0.09456386 1.05388931
1330 189 -0.16464448 1.19223202
1340 189 -0.14230521 1.20515320
1350 189 -0.11996593 1.21807437
1360 189 -0.09862206 1.23109126
1370 189 -0.07637850 1.24301703
1380 189 -0.05403922 1.25593820
1390 189 -0.03269536 1.26895509
1400 189 -0.01035608 1.28187626
1410 189 0.01198319 1.29479744
1420 189 0.03332706 1.30781432
1430 189 0.05566634 1.32073550
1440 189 0.07800561 1.33365667
1450 189 0.09934948 1.34667356
1220 194 -0.09680353 -2.35454435
1230 194 -0.08941453 -2.20456300
1240 194 -0.08093441 -2.05368197
1250 194 -0.07354541 -1.90370063
1260 194 -0.07065490 -1.74826368
1270 194 -0.07685706 -1.58291092
1280 194 -0.08296351 -1.41656276
1290 194 -0.08996966 -1.24912348
1300 194 -0.09425758 -1.06386254
1310 194 -0.09954090 -0.87850590
1320 194 -0.10382882 -0.69324496
1330 194 -0.07140146 -0.48137598
1340 194 -0.03570073 -0.26680790
1350 194 0.00109112 -0.05134013
1360 194 0.08032185 0.12488555
1370 194 0.17063608 0.29100400
1380 194 0.26095031 0.45712245
1390 194 0.37272325 0.55386855
1400 194 0.48671673 0.64236425
1410 194 0.60170562 0.73076422
1250 199 -0.96981553 -2.10383527
1260 199 -0.96874355 -1.91507126
1270 199 -0.96767157 -1.72630725
1280 199 -0.93378938 -1.53065195
1290 199 -0.88748372 -1.33116815
1300 199 -0.83999122 -1.12978925
1310 199 -0.78175979 -0.90030918
1320 199 -0.72452378 -0.67073340
1330 199 -0.67877325 -0.45612705
1340 199 -0.65205034 -0.26179257
1350 199 -0.62532744 -0.06745810
1360 199 -0.61192770 0.12413899
1370 199 -0.61095143 0.31190759
1380 199 -0.61097058 0.49977190
1390 199 -0.59517803 0.55953473
1400 199 -0.57647583 0.58687019
1410 199 -0.55677821 0.61410994
1420 199 -0.53798030 0.64244082
1430 199 -0.51828268 0.66968057
1440 199 -0.49858507 0.69692032
1420 195 0.75467318 0.82756775
1430 195 0.94661484 0.93267912
1440 195 1.13865222 1.03878589
1450 195 1.21407359 1.09181057
1460 195 1.21181478 1.11011078
1470 195 1.20856056 1.12850670
1480 195 1.20630175 1.14680691
1490 195 1.20304752 1.16520284
1500 195 1.20078871 1.18350305
1510 195 1.19843419 1.20080785
1520 195 1.19517996 1.21920378
1530 195 1.19292115 1.23750399
1540 195 1.18966693 1.25589992
1550 195 1.18740812 1.27420013
1560 195 1.18514930 1.29250034
1570 195 1.18289049 1.31080055
1580 195 1.17963627 1.32919648
1590 195 1.17737746 1.34749669
1600 195 1.17412323 1.36589261
1610 195 1.16885905 1.41562478
1450 200 -0.47988286 0.72425578
1460 200 -0.46008954 0.75249094
1470 200 -0.44138733 0.77982640
1480 200 -0.42168972 0.80706616
1490 200 -0.40189640 0.83530132
1500 200 -0.36874162 0.90846388
1510 200 -0.30415489 1.08911148
1520 200 -0.23847703 1.27065877
1530 200 -0.17289489 1.45121065
1540 200 -0.01244261 1.59451127
1550 200 0.17113378 1.72755151
1560 200 0.35570559 1.86049605
1570 200 0.34996284 1.90525117
1580 200 0.34511980 1.94891517
1590 200 0.34037246 1.99357458
1600 200 0.33453400 2.03733429
1610 200 0.32969096 2.08099829
1620 200 0.32484791 2.12466229
1630 200 0.31910516 2.16941741
1640 200 0.31426212 2.21308141
