3060 784 0.00000000 0.00000000
3070 784 0.00000000 0.01649242
3080 784 0.00000000 0.03298485
3090 784 0.00097014 0.04971980
3100 784 -0.00024254 0.06693983
3110 784 -0.00024254 0.08343226
3120 784 -0.00024254 0.09992468
3130 784 -0.00024254 0.11641710
3140 784 0.00072761 0.13315206
3150 784 -0.00048507 0.15037209
3160 784 -0.00048507 0.16686451
3170 784 -0.00048507 0.18335693
3180 784 0.00048507 0.20009189
3190 784 -0.00072761 0.21731192
3200 784 -0.00072761 0.23380434
3210 784 -0.00072761 0.25029677
3220 784 0.00024254 0.26703172
3230 784 0.00000000 0.28449429
3240 784 -0.00097014 0.30074418
3250 784 0.01503721 0.31917688
2920 879 1.55683618 0.59639510
2930 879 1.54276911 0.59081678
2940 879 1.52773190 0.58499593
2950 879 1.51390737 0.57844747
2960 879 1.47316139 0.52702991
2970 879 1.40500888 0.42856045
2980 879 1.33782651 0.33033352
2990 879 1.26967400 0.23186406
3000 879 1.21292066 0.14552138
3010 879 1.16659636 0.07106294
3020 879 1.12027205 -0.00339550
3030 879 1.07491789 -0.07761140
3040 879 0.99900424 -0.12442078
3050 879 0.90999367 -0.16007351
3060 879 0.82219577 -0.19645386
3070 879 0.73318519 -0.23210659
3080 879 0.64514476 -0.26751679
3090 879 0.53406345 -0.28085625
3100 879 0.42152692 -0.29249796
3110 879 0.30874785 -0.30316953
2930 403 -1.76590189 -0.72906209
2940 403 -1.70502544 -0.69631978
2950 403 -1.67980174 -0.66939833
2960 403 -1.65385043 -0.64126419
2970 403 -1.62862672 -0.61434274
2980 403 -1.60340302 -0.58742128
2990 403 -1.57817931 -0.56049983
3000 403 -1.55295561 -0.53357838
3010 403 -1.52773190 -0.50665692
3020 403 -1.50250820 -0.47973547
3030 403 -1.47728449 -0.45281401
3040 403 -1.45133318 -0.42467988
3050 403 -1.42610948 -0.39775843
3060 403 -1.31405802 -0.32645295
3070 403 -1.19084992 -0.25029677
3080 403 -1.06885450 -0.17341297
3090 403 -0.95073965 -0.09749932
3100 403 -0.83432255 -0.02304088
3110 403 -0.71911813 0.05214516
3120 403 -0.59008918 0.13800277
3060 381 -1.72079026 -0.29928896
3070 381 -1.69241359 -0.16128619
3080 381 -1.66185410 -0.01139917
3090 381 -1.63129461 0.13848784
3100 381 -1.58545538 0.33857973
3110 381 -1.54082883 0.53939923
3120 381 -1.49595974 0.73924859
3130 381 -1.46443010 0.94710162
3140 381 -1.43387062 1.15471211
3150 381 -1.40549395 1.33806904
3160 381 -1.37808742 1.41810580
3170 381 -1.35092343 1.49911270
3180 381 -1.32375944 1.58011960
3190 381 -1.29732306 1.65991382
3200 381 -1.24881593 1.75037961
3210 381 -1.18090596 1.84981921
3220 381 -1.11202584 1.94950135
3230 381 -1.04338826 2.05015364
3240 381 -0.99851917 2.16754088
3250 381 -1.01161609 2.32712932
3060 875 -0.98251182 -0.65484619
3070 875 -0.90198999 -0.61410020
3080 875 -0.82268084 -0.57262661
3090 875 -0.84887469 -0.57505197
3100 875 -0.88646771 -0.58135789
3110 875 -0.92406073 -0.58766382
3120 875 -0.96238136 -0.59518242
3130 875 -0.99997438 -0.60148835
3140 875 -1.03732487 -0.60876442
3150 875 -1.07491789 -0.61507035
3160 875 -1.11348105 -0.62161881
3170 875 -1.18430146 -0.75477087
3180 875 -1.26264046 -0.91969509
3190 875 -1.34122201 -1.08364917
3200 875 -1.41980355 -1.24760326
3210 875 -1.56775028 -1.41859087
3220 875 -1.72273054 -1.59030609
3230 875 -1.87892349 -1.76129371
3240 875 -2.00116144 -1.93616189
3250 875 -2.04942603 -2.11830615
3080 352 -1.88134884 -0.09410382
3090 352 -1.85636767 -0.06621223
3100 352 -1.83114397 -0.03929077
3110 352 -1.80592026 -0.01236932
3120 352 -1.77972642 0.01479467
3130 352 -1.75474525 0.04268627
3140 352 -1.69896205 0.25247959
3150 352 -1.64439154 0.46300051
3160 352 -1.58982102 0.67352143
3170 352 -1.59370159 0.82922930
3180 352 -1.61383205 0.97159771
3190 352 -1.63371997 1.11299598
3200 352 -1.58157481 1.24663311
3210 352 -1.49741495 1.37590460
3220 352 -1.41422523 1.50493355
3230 352 -1.33612876 1.61310444
3240 352 -1.27015907 1.67082792
3250 352 -1.20418938 1.72855140
3260 352 -1.13724955 1.78651741
3270 352 -1.07127986 1.84424089
3110 640 -0.94734415 -1.51293723
3120 640 -0.91047874 -1.38002771
3130 640 -0.87385586 -1.24614804
3140 640 -0.83699044 -1.11323852
3150 640 -0.81152420 -1.02956373
3160 640 -0.79818474 -0.99633635
3170 640 -0.78484528 -0.96310897
3180 640 -0.77150582 -0.92988159
3190 640 -0.75743876 -0.89544153
3200 640 -0.74409930 -0.86221415
3210 640 -0.73075984 -0.82898677
3220 640 -0.71766291 -0.79478924
3230 640 -0.69656232 -0.74312916
3240 640 -0.67109607 -0.68006989
3250 640 -0.64490223 -0.61579795
3260 640 -0.61967852 -0.55176855
3270 640 -0.59324214 -0.48846675
3280 640 -0.56947365 -0.41037028
3290 640 -0.54885812 -0.29904643
3300 640 -0.52897020 -0.18893525
3120 880 0.19524118 -0.31505378
3130 880 0.08246211 -0.32572534
3140 880 -0.08270465 -0.38660179
3150 880 -0.26121087 -0.46009008
3160 880 -0.43971709 -0.53357838
3170 880 -0.61385767 -0.60803681
3180 880 -0.78630050 -0.68104004
3190 880 -0.95971347 -0.75428579
3200 880 -1.12657798 -0.84960229
3210 880 -1.26967400 -1.03174655
3220 880 -1.41155734 -1.21461841
3230 880 -1.55368321 -1.39652013
3240 880 -1.65942875 -1.56314210
3250 880 -1.75498778 -1.72515590
3260 880 -1.85030428 -1.88813984
3270 880 -1.94586332 -2.05015364
3280 880 -2.03269107 -2.20173840
3290 880 -2.04069475 -2.26043203
3300 880 -2.04894096 -2.31815550
3310 880 -2.05694464 -2.37684913
3130 404 -0.42710524 0.24884155
3140 404 -0.26387876 0.35871019
3150 404 -0.10720075 0.44529541
3160 404 0.02473863 0.43292609
3170 404 0.15789069 0.41982917
3180 404 0.29080021 0.40770239
3190 404 0.40576210 0.36016540
3200 404 0.49477268 0.25975565
3210 404 0.59251453 0.16977494
3220 404 0.76738272 0.17535326
3230 404 0.94152330 0.17971890
3240 404 1.09820131 0.20033443
3250 404 1.21316320 0.25587508
3260 404 1.32909523 0.31165828
3270 404 1.44381458 0.36816908
3280 404 1.55659364 0.43244102
3290 404 1.66452199 0.52023892
3300 404 1.77269288 0.60706667
3310 404 1.88062124 0.69486457
3320 404 1.99558312 0.78751317
3250 265 -0.10695821 -0.15352505
3260 265 0.07348829 -0.17026001
3270 265 0.25296466 -0.18723750
3280 265 0.40770239 -0.13824531
3290 265 0.56074237 -0.08246211
3300 265 0.71281220 -0.02692145
3310 265 0.86075893 0.04098852
3320 265 0.99294085 0.15958844
3330 265 1.12512276 0.27818836
3340 265 1.25730468 0.39678828
3350 265 1.39797534 0.50617185
3360 265 1.55198546 0.59930553
3370 265 1.70575305 0.69340935
3380 265 1.86049078 0.78775571
3390 265 2.01134794 0.88113193
3400 265 2.13261575 0.97329546
3410 265 2.25412610 1.06448886
3420 265 2.37539391 1.15665240
3430 265 2.49690426 1.24784579
3440 265 2.61817207 1.34000933
3250 270 -0.81225181 -0.18966286
3260 270 -0.63520080 -0.09798439
3270 270 -0.45790726 -0.00727607
3280 270 -0.26096833 -0.06111898
3290 270 -0.06087644 -0.13169684
3300 270 0.14018559 -0.18966286
3310 270 0.34755355 -0.19863668
3320 270 0.55467897 -0.20664035
3330 270 0.76204693 -0.21561417
3340 270 0.95534783 -0.16007351
3350 270 1.14137265 -0.06305926
3360 270 1.32715494 0.03492513
3370 270 1.50202313 0.13533488
3380 270 1.63566026 0.24811394
3390 270 1.76929738 0.36089301
3400 270 1.90293451 0.47367208
3410 270 2.03075079 0.58499593
3420 270 2.10642190 0.69049892
3430 270 2.18233555 0.79503178
3440 270 2.25703653 0.90029224
