1170 179 0.00000000 0.00000000
1180 179 0.00000000 0.01431782
1190 179 0.00048890 0.02730862
1200 179 0.00048890 0.04162645
1210 179 0.00635572 0.05433788
1220 179 0.03156905 0.06362700
1230 179 0.05720144 0.07382408
1240 179 0.08374179 0.08360211
1250 179 0.10895513 0.09289123
1260 179 0.13458752 0.10308831
1270 179 0.16112787 0.11286634
1280 179 0.18634120 0.12215546
1290 179 0.21197359 0.13235254
1300 179 0.23760599 0.14254962
1310 179 0.26414634 0.15232765
1320 179 0.32197637 0.19171912
1330 179 0.45418922 0.29920754
1340 179 0.58640208 0.40669596
1350 179 0.71009408 0.52913079
1360 179 0.82351916 0.66511517
1120 741 -1.61917095 2.14494928
1130 741 -1.48081191 1.92689934
1140 741 -1.34985623 1.71667182
1150 741 -1.27966399 1.57523969
1160 741 -1.20856378 1.43338850
1170 741 -1.15073376 1.30096611
1180 741 -1.14367961 1.20409383
1190 741 -1.13529845 1.10771045
1200 741 -1.12978085 1.00273638
1210 741 -1.14388914 0.82421759
1220 741 -1.15708947 0.64527975
1230 741 -1.16400393 0.45132566
1240 741 -1.16037209 0.23488211
1250 741 -1.15632120 0.01934652
1260 741 -1.15268936 -0.19709703
1270 741 -1.13948903 -0.43337600
1280 741 -1.11958376 -0.68376326
1290 741 -1.09967850 -0.93415052
1300 741 -1.07977324 -1.18453778
1310 741 -1.05127728 -1.46642425
1120 858 1.88883489 1.78253380
1130 858 1.77240656 1.74265343
1140 858 1.65639729 1.70368102
1150 858 1.53996896 1.66380065
1160 858 1.42444859 1.62350122
1170 858 1.29922004 1.56455371
1180 858 1.16519126 1.48653904
1190 858 1.03074343 1.40761642
1200 858 0.89671466 1.32960175
1210 858 0.76268588 1.25158709
1220 858 0.56167764 1.18355998
1230 858 0.36108846 1.11644083
1240 858 0.16008022 1.04841372
1250 858 -0.04050896 0.98129457
1260 858 -0.24424107 0.91452463
1270 858 -0.44888115 0.84817375
1280 858 -0.65352123 0.78182287
1290 858 -0.86507576 0.72196740
1300 858 -1.09402122 0.67454398
1310 858 -1.32345557 0.62844758
1140 524 1.27302890 -1.97858318
1150 524 1.11755832 -1.74272327
1160 524 0.96257663 -1.50819038
1170 524 0.85844068 -1.29712475
1180 524 0.78880718 -1.10198332
1190 524 0.71917368 -0.90684190
1200 524 0.67517257 -0.77309249
1210 524 0.64409242 -0.66623266
1220 524 0.61168525 -0.55986173
1230 524 0.57969715 -0.45258283
1240 524 0.55874424 -0.35480259
1250 524 0.54233112 -0.25911764
1260 524 0.52591801 -0.16343269
1270 524 0.50817788 -0.06823664
1280 524 0.43791580 0.06111265
1290 524 0.31156975 0.22405644
1300 524 0.18655073 0.38748913
1310 524 0.02221008 0.52060994
1320 524 -0.17970612 0.62481574
1330 524 -0.38294933 0.72853264
1180 182 -0.38553352 -0.11943158
1190 182 -0.38413666 -0.10685984
1200 182 -0.38273980 -0.09428809
1210 182 -0.38085404 -0.08304336
1220 182 -0.37945718 -0.07047162
1230 182 -0.37806032 -0.05789987
1240 182 -0.37666346 -0.04532813
1250 182 -0.37568566 -0.03366434
1260 182 -0.37338084 -0.02151165
1270 182 -0.37198398 -0.00893991
1280 182 -0.37058711 0.00363184
1290 182 -0.36919025 0.01620358
1300 182 -0.36730449 0.02744831
1310 182 -0.36590763 0.04002006
1320 182 -0.36451077 0.05259180
1330 182 -0.36311391 0.06516355
1340 182 -0.36122815 0.07640827
1350 182 -0.35983129 0.08898002
1360 182 -0.35843443 0.10155177
1370 182 -0.35703757 0.11412351
1180 320 -0.95223987 -0.61231384
1190 320 -0.81478878 -0.50063484
1200 320 -0.67733770 -0.38895583
1210 320 -0.54763919 -0.35850427
1220 320 -0.42429640 -0.38239059
1230 320 -0.31764610 -0.40187679
1240 320 -0.28328333 -0.39901323
1250 320 -0.24759354 -0.39566076
1260 320 -0.21323077 -0.39279720
1270 320 -0.17754098 -0.38944473
1280 320 -0.14227025 -0.38700023
1290 320 -0.11747598 -0.37861906
1300 320 -0.09589448 -0.36765371
1310 320 -0.07522094 -0.35626929
1320 320 -0.05363945 -0.34530394
1330 320 -0.03205795 -0.33433858
1340 320 -0.01138441 -0.32295417
1350 320 0.01019708 -0.31198881
1360 320 0.03087062 -0.30060440
1370 320 0.05245212 -0.28963904
1270 863 -2.76068543 2.14865096
1280 863 -2.55821049 2.06951881
1290 863 -2.35622445 1.99171367
1300 863 -2.15465746 1.91300058
1310 863 -1.92019441 1.82681428
1320 863 -1.68209952 1.73895175
1330 863 -1.44449354 1.65241624
1340 863 -1.24243765 1.57237612
1350 863 -1.09262435 1.50323153
1360 863 -0.94371902 1.43450598
1370 863 -0.80682668 1.36361531
1380 863 -0.72217693 1.28930233
1390 863 -0.63752717 1.21498934
1400 863 -0.55287742 1.14067636
1410 863 -0.42597264 1.04575968
1420 863 -0.25457784 0.93030915
1430 863 -0.08409101 0.81527768
1440 863 0.07179863 0.73782176
1450 863 0.21839915 0.68557918
1460 863 0.36541873 0.63424455
1280 315 1.51056504 -2.19174411
1290 315 1.53200685 -2.06176623
1300 315 1.57705561 -1.95700169
1310 315 1.62399012 -1.85531024
1320 315 1.67134370 -1.75271083
1330 315 1.70682396 -1.61379304
1340 315 1.73078012 -1.43541394
1350 315 1.75431722 -1.25794281
1360 315 1.76081262 -1.06489667
1370 315 1.72456409 -0.83560201
1380 315 1.68789650 -0.60721530
1390 315 1.66442924 -0.40034025
1400 315 1.69159818 -0.28181662
1410 315 1.71918617 -0.16238504
1420 315 1.74635511 -0.04386142
1430 315 1.89400328 -0.01508609
1440 315 2.07056645 -0.00956850
1450 315 2.22149724 0.01438766
1460 315 2.33624934 0.06495402
1470 315 2.45100144 0.11552037
1290 844 -0.66741999 1.61316445
1300 844 -0.57543672 1.51894621
1310 844 -0.48394235 1.42605498
1320 844 -0.40208632 1.34091632
1330 844 -0.40732455 1.33672574
1340 844 -0.41388979 1.33204626
1350 844 -0.42045504 1.32736678
1360 844 -0.42569327 1.32317620
1370 844 -0.43225851 1.31849671
1380 844 -0.43882375 1.31381723
1390 844 -0.44448104 1.30871869
1400 844 -0.45062723 1.30494716
1410 844 -0.45719247 1.30026768
1420 844 -0.46375772 1.29558820
1430 844 -0.46941500 1.29048966
1440 844 -0.47556119 1.28671813
1450 844 -0.48212643 1.28203865
1460 844 -0.48778372 1.27694011
1470 844 -0.49392991 1.27316859
1480 844 -0.50049515 1.26848910
