2850 658 0.00000000 0.00000000
2860 658 0.00000000 0.28040328
2870 658 0.01077733 0.53309647
2880 658 0.04669703 0.72411421
2890 658 0.05677537 0.85426960
2900 658 0.04235328 0.92401201
2910 658 0.02748541 0.99285928
2920 658 0.01261754 1.06170655
2930 658 0.01527086 1.08049378
2940 658 0.02511740 1.07559012
2950 658 0.03451457 1.07202740
2960 658 0.04480689 1.06801889
2970 658 0.05420407 1.06445616
2980 658 0.06449639 1.06044765
2990 658 0.07434292 1.05554400
3000 658 0.08374010 1.05198127
3010 658 0.09403242 1.04797276
3020 658 0.10342960 1.04441003
3030 658 0.11327614 1.03950638
3040 658 0.12267331 1.03594366
2750 647 0.62694345 -0.52894887
2760 647 0.64217508 -0.26506823
2770 647 0.65740672 -0.00118758
2780 647 0.67218900 0.26403400
2790 647 0.69101902 0.51495118
2800 647 0.71255229 0.75335067
2810 647 0.73453135 0.99264530
2820 647 0.77350022 1.23465032
2830 647 0.88444400 1.49331705
2840 647 0.99494200 1.75108864
2850 647 1.10140651 2.01422037
2860 647 1.18682277 2.29565431
2870 647 1.27134390 2.57753403
2880 647 1.34378242 2.86431385
2890 647 1.38802941 3.16178183
2900 647 1.43138125 3.45969561
2910 647 1.44789319 3.76203872
2920 647 1.43845678 4.07060144
2930 647 1.42767944 4.37871481
2940 647 1.39456999 4.66890400
2780 648 0.13513037 -0.04495311
2790 648 0.20936988 0.23422693
2800 648 0.28450452 0.51296119
2810 648 0.35823761 0.82925920
2820 648 0.43327239 1.17060328
2830 648 0.50786139 1.51105222
2840 648 0.60137313 1.76387736
2850 648 0.69894689 1.99345385
2860 648 0.79696642 2.22392548
2870 648 0.81180220 2.45560607
2880 648 0.77029056 2.68630238
2890 648 0.72922471 2.91789382
2900 648 0.67695356 3.16511988
2910 648 0.61885510 3.42083372
2920 648 0.55094220 3.66132663
2930 648 0.39110455 3.77555853
2940 648 0.23037177 3.89023622
2950 648 0.04060224 3.98474296
2960 648 -0.19428803 4.04921439
2970 648 -0.42783736 4.11413517
2810 581 0.16014435 2.49749931
2820 581 0.15074003 2.50553416
2830 581 0.14088637 2.51490994
2840 581 0.13148206 2.52294480
2850 581 0.12207774 2.53097966
2860 581 0.11311922 2.53990965
2870 581 0.10371491 2.54794451
2880 581 0.09431059 2.55597936
2890 581 0.08445693 2.56535515
2900 581 0.07505262 2.57339000
2910 581 0.06564830 2.58142486
2920 581 -0.00001427 2.53257379
2930 581 -0.08978854 2.45998191
2940 581 -0.11034108 2.44787435
2950 581 -0.10231335 2.46175080
2960 581 -0.09428563 2.47562724
2970 581 -0.08625791 2.48950368
2980 581 -0.07823018 2.50338012
2990 581 -0.06930732 2.51681078
3000 581 -0.06127960 2.53068722
2820 650 0.27882698 -0.13327233
2830 650 0.22688750 0.18640295
2840 650 0.17494802 0.50607824
2850 650 0.25638430 0.75933134
2860 650 0.33782058 1.01258444
2870 650 0.36665049 1.16244717
2880 650 0.35936812 1.24203967
2890 650 0.35298089 1.32118640
2900 650 0.34614431 1.40167404
2910 650 0.34966424 1.43790400
2920 650 0.35859780 1.44462646
2930 650 0.36887229 1.45179828
2940 650 0.37825164 1.45941588
2950 650 0.38852612 1.46658769
2960 650 0.39790547 1.47420529
2970 650 0.40773417 1.48048196
2980 650 0.41711352 1.48809956
2990 650 0.42738801 1.49527138
3000 650 0.43632157 1.50199384
3010 650 0.44659606 1.50916565
2930 665 0.65157939 -0.55350636
2940 665 0.60286741 -0.29464705
2950 665 0.55326029 -0.03534195
2960 665 0.44786209 0.15455597
2970 665 0.28622704 0.27415157
2980 665 0.09105457 0.39145762
2990 665 -0.11842586 0.50695199
3000 665 -0.35603364 0.59288536
3010 665 -0.61239298 0.65911140
3020 665 -0.86477233 0.75351829
3030 665 -1.10607122 0.91055283
3040 665 -1.34781946 1.06892829
3050 665 -1.59628660 1.23400125
3060 665 -1.84654401 1.39996579
3070 665 -2.09635564 1.56682546
3080 665 -2.43334528 1.71565753
3090 665 -2.76943978 1.86404381
3100 665 -3.10642941 2.01287588
3110 665 -3.46037677 2.13887298
3120 665 -3.85269743 2.21024875
3010 582 -0.05325187 2.54456366
3020 582 -0.04522415 2.55844011
3030 582 -0.03719643 2.57231655
3040 582 -0.02961449 2.58529785
3050 582 -0.02158677 2.59917429
3060 582 -0.01355904 2.61305074
3070 582 -0.00463618 2.62648139
3080 582 0.00339154 2.64035784
3090 582 0.01141927 2.65423428
3100 582 0.01944699 2.66811072
3110 582 0.02747471 2.68198716
3120 582 0.03550244 2.69586361
3130 582 0.04353016 2.70974005
3140 582 0.05155788 2.72361649
3150 582 0.04976047 2.72898019
3160 582 0.04037043 2.72807079
3170 582 0.03098038 2.72716138
3180 582 0.02203612 2.72714712
3190 582 0.01264607 2.72623771
3200 582 0.00415116 2.72488252
3020 651 0.45687055 1.51633746
3030 651 0.46624989 1.52395506
3040 651 0.47652438 1.53112688
3050 651 0.48545794 1.53784934
3060 651 0.49573243 1.54502115
3070 651 0.50511178 1.55263875
3080 651 0.51538627 1.55981056
3090 651 0.52566075 1.56698238
3100 651 0.53459432 1.57370484
3110 651 0.54486880 1.58087665
3120 651 0.56987921 1.60193561
3130 651 0.74004484 1.74173782
3140 651 0.90976111 1.88288096
3150 651 1.06332208 2.05888104
3160 651 1.20925475 2.25096867
3170 651 1.35429228 2.44350208
3180 651 1.51314207 2.66825694
3190 651 1.68580410 2.92523325
3200 651 1.85354465 3.18354335
3210 651 1.98100749 3.45967778
