1950 599 0.00000000 0.00000000
1960 599 0.00000000 0.07653757
1970 599 -0.00087539 0.15259172
1980 599 -0.00000000 0.22961272
1990 599 -0.00087539 0.30566687
2000 599 -0.00087539 0.38220444
2010 599 -0.00087539 0.45874201
2020 599 -0.02321736 0.45782743
2030 599 -0.04604275 0.45778823
2040 599 -0.06838471 0.45687365
2050 599 -0.09121010 0.45683445
2060 599 -0.11355207 0.45591987
2070 599 -0.13676943 0.45452186
2080 599 -0.15959482 0.45448267
2090 599 -0.18193679 0.45356808
2100 599 -0.20427875 0.45265350
2110 599 -0.22710415 0.45261430
2120 599 -0.24944611 0.45169972
2130 599 -0.25088332 0.49774247
2140 599 -0.23044891 0.58899177
1810 576 0.84105098 -1.41128071
1820 576 0.85932958 -1.21269851
1830 576 0.87809161 -1.01499169
1840 576 0.89685363 -0.81728487
1850 576 0.94650245 -0.69619402
1860 576 0.99663469 -0.57597855
1870 576 1.04628351 -0.45488770
1880 576 1.07310694 -0.41037361
1890 576 1.07758840 -0.44331168
1900 576 1.08158643 -0.47537437
1910 576 1.08606789 -0.50831244
1920 576 1.09054935 -0.54125051
1930 576 1.09503081 -0.57418858
1940 576 1.09902885 -0.60625126
1950 576 1.06786768 -0.67600785
1960 576 0.99834627 -0.78179903
1970 576 0.93105906 -0.88749875
1980 576 0.86202107 -0.99416532
1990 576 0.85909440 -0.99920859
2000 576 0.86377184 -0.99319847
1830 585 0.13888604 -0.15634151
1840 585 0.24452043 -0.05802379
1850 585 0.35015482 0.04029394
1860 585 0.42466724 0.12256725
1870 585 0.48469005 0.19798119
1880 585 0.54607167 0.27300317
1890 585 0.58349120 0.32108413
1900 585 0.58711034 0.33107922
1910 585 0.59072947 0.34107431
1920 585 0.59483204 0.35019402
1930 585 0.59845117 0.36018911
1940 585 0.60207031 0.37018420
1950 585 0.60568945 0.38017929
1960 585 0.60979201 0.38929899
1970 585 0.61341115 0.39929409
1980 585 0.61703028 0.40928918
1990 585 0.62064942 0.41928427
2000 585 0.62426856 0.42927936
2010 585 0.62788770 0.43927445
2020 585 0.63199026 0.44839415
2010 577 0.86893271 -0.98806374
2020 577 0.87273476 -0.98253704
2030 577 0.87741220 -0.97652692
2040 577 0.88257307 -0.97139219
2050 577 0.88637512 -0.96586549
2060 577 0.89105256 -0.95985537
2070 577 0.89621343 -0.95472064
2080 577 0.90089087 -0.94871052
2090 577 0.90469292 -0.94318382
2100 577 0.90985378 -0.93804909
2110 577 0.91453123 -0.93203897
2120 577 0.91833328 -0.92651227
2130 577 0.92349414 -0.92137754
2140 577 0.92817159 -0.91536742
2150 577 0.93197364 -0.90984072
2160 577 0.93713450 -0.90470599
2170 577 0.94181195 -0.89869587
2180 577 0.94561400 -0.89316917
2190 577 0.95077486 -0.88803444
2200 577 0.95545230 -0.88202432
2020 198 1.49030073 3.34988414
2030 198 1.37060788 3.07016531
2040 198 1.23317211 2.84119280
2050 198 1.09709516 2.61182833
2060 198 0.96053478 2.38333924
2070 198 0.89409682 2.11475220
2080 198 0.84375553 1.83563439
2090 198 0.80666264 1.57182931
2100 198 0.81586073 1.36900083
2110 198 0.82345178 1.18356249
2120 198 0.82579050 1.14829877
2130 198 0.82812922 1.11303504
2140 198 0.83046794 1.07777131
2150 198 0.83280666 1.04250759
2160 198 0.83514538 1.00724386
2170 198 0.83748410 0.97198013
2180 198 0.83982282 0.93671641
2190 198 0.84216154 0.90145268
2200 198 0.84450026 0.86618896
2210 198 0.84683898 0.83092523
2030 586 0.63560939 0.45838924
2040 586 0.63922853 0.46838434
2050 586 0.64284767 0.47837943
2060 586 0.64695023 0.48749913
2070 586 0.65056937 0.49749422
2080 586 0.65418850 0.50748931
2090 586 0.65780764 0.51748440
2100 586 0.62396805 0.57876150
2110 586 0.50243297 0.75953546
2120 586 0.38419039 0.93641590
2130 586 0.29162148 1.08749203
2140 586 0.19905256 1.23856816
2150 586 0.18124432 1.37838184
2160 586 0.27693588 1.50090990
2170 586 0.37214402 1.62431334
2180 586 0.43841213 1.71117264
2190 586 0.44055487 1.71349830
2200 586 0.44269760 1.71582395
2210 586 0.44396496 1.71766618
2220 586 0.44562427 1.72086723
2050 203 1.64577992 2.23056460
2060 203 1.55737889 1.99554278
2070 203 1.51752919 1.75534702
2080 203 1.47680409 1.51466785
2090 203 1.46735775 1.35180666
2100 203 1.46065516 1.19845714
2110 203 1.45531138 1.04471565
2120 203 1.46987939 1.00592425
2130 203 1.48444739 0.96713284
2140 203 1.49901540 0.92834144
2150 203 1.51358341 0.88955003
2160 203 1.52766800 0.85163401
2170 203 1.54223600 0.81284261
2180 203 1.55680401 0.77405120
2190 203 1.52137044 0.74305989
2200 203 1.48632882 0.71342738
2210 203 1.45041182 0.68331145
2220 203 1.41585363 0.65280356
2230 203 1.38081202 0.62317106
2240 203 1.28412748 0.56863575
2050 396 1.72349339 1.16311502
2060 396 1.69226689 0.95281308
2070 396 1.66152382 0.74163575
2080 396 1.65510867 0.62500022
2090 396 1.65231266 0.51835979
2100 396 1.64951665 0.41171936
2110 396 1.64672064 0.30507892
2120 396 1.60292515 0.27061219
2130 396 1.55961309 0.23527007
2140 396 1.51494222 0.20031991
2150 396 1.47114674 0.16585318
2160 396 1.42695929 0.13002764
2170 396 1.38316381 0.09556091
2180 396 1.33985174 0.06021879
2190 396 1.20779895 0.03869995
2200 396 0.94603209 0.03693611
2210 396 0.68173053 0.03148780
2220 396 0.41323495 0.01915399
2230 396 0.14513133 0.00817899
2240 396 -0.12248886 -0.00367140
2060 193 0.91728804 1.41701646
2070 193 0.98914817 1.18139362
2080 193 1.05893089 1.00745291
2090 193 1.12823019 0.83438758
2100 193 1.19713752 0.65996344
2110 193 1.23198315 0.57411019
2120 193 1.24521848 0.54600634
2130 193 1.25709500 0.51829446
2140 193 1.26984691 0.49106601
2150 193 1.28259882 0.46383755
2160 193 1.29447534 0.43612567
2170 193 1.30722724 0.40889721
2180 193 1.31958719 0.38030995
2190 193 1.33233909 0.35308149
2200 193 1.22611676 0.29099433
2210 193 1.10793950 0.22573227
2220 193 0.98888686 0.15998678
2230 193 0.82273317 0.17332664
2240 193 0.64370999 0.20583355
2250 193 0.46010082 0.23009614
