490 174 0.00000000 0.00000000
500 174 0.00000000 0.15900000
510 174 -0.00700000 0.31100000
520 174 -0.04500000 0.43400000
530 174 -0.08400000 0.55700000
540 174 -0.12200000 0.68000000
550 174 -0.26500000 0.82100000
560 174 -0.41900000 0.96400000
570 174 -0.57300000 1.10700000
580 174 -0.68000000 1.15400000
590 174 -0.78100000 1.18900000
600 174 -0.85700000 1.21600000
610 174 -0.82800000 1.21000000
620 174 -0.79900000 1.20400000
630 174 -0.77000000 1.19800000
640 174 -0.74100000 1.19200000
650 174 -0.71200000 1.18600000
660 174 -0.68300000 1.18000000
670 174 -0.65400000 1.17400000
680 174 -0.60800000 1.16500000
510 487 -0.96700000 -0.85300000
520 487 -1.01700000 -0.66000000
530 487 -1.08500000 -0.47700000
540 487 -1.19400000 -0.31800000
550 487 -1.30300000 -0.15900000
560 487 -1.40800000 -0.00200000
570 487 -1.50900000 0.15500000
580 487 -1.61100000 0.31100000
590 487 -1.60300000 0.42300000
600 487 -1.54900000 0.51500000
610 487 -1.49400000 0.60800000
620 487 -1.38500000 0.70000000
630 487 -1.24000000 0.79100000
640 487 -1.09400000 0.88300000
650 487 -0.80300000 0.95100000
660 487 -0.51300000 1.01900000
670 487 -0.16500000 0.98700000
680 487 0.18900000 0.94400000
690 487 0.48400000 0.94400000
700 487 0.75300000 0.96300000
540 489 0.11100000 -0.16100000
550 489 0.03900000 0.05500000
560 489 -0.03400000 0.27200000
570 489 -0.10400000 0.45000000
580 489 -0.17100000 0.60400000
590 489 -0.23900000 0.75800000
600 489 -0.19000000 0.86400000
610 489 -0.02300000 0.92200000
620 489 0.14400000 0.97900000
630 489 0.36400000 1.02300000
640 489 0.62000000 1.05700000
650 489 0.87500000 1.09100000
660 489 1.07900000 1.08400000
670 489 1.26900000 1.06700000
680 489 1.46000000 1.05000000
690 489 1.65000000 1.03300000
700 489 1.80000000 1.06800000
710 489 1.92300000 1.13800000
720 489 2.04700000 1.20800000
730 489 2.17000000 1.27800000
570 491 -1.08500000 -0.74000000
580 491 -1.14500000 -0.50100000
590 491 -1.21700000 -0.28300000
600 491 -1.29200000 -0.07000000
610 491 -1.36800000 0.14300000
620 491 -1.42800000 0.28000000
630 491 -1.48800000 0.41600000
640 491 -1.51300000 0.55100000
650 491 -1.40000000 0.67900000
660 491 -1.28700000 0.80800000
670 491 -1.15200000 0.87000000
680 491 -1.00400000 0.88800000
690 491 -0.85600000 0.90500000
700 491 -0.73400000 0.92500000
710 491 -0.61500000 0.94400000
720 491 -0.49500000 0.96400000
730 491 -0.37600000 0.98400000
740 491 -0.25700000 1.00300000
750 491 -0.13700000 1.02300000
760 491 -0.01800000 1.04300000
