1660 374 0.00000000 0.00000000
1670 374 0.00000000 0.03900000
1680 374 -0.00038462 0.07892308
1690 374 -0.00638462 0.12192308
1700 374 -0.05953846 0.20269231
1710 374 -0.11400000 0.28400000
1720 374 -0.16807692 0.36438462
1730 374 -0.22161538 0.44607692
1740 374 -0.23623077 0.50715385
1750 374 -0.22484615 0.55523077
1760 374 -0.21384615 0.60423077
1770 374 -0.20246154 0.65230769
1780 374 -0.19107692 0.70038462
1790 374 -0.18007692 0.74938462
1800 374 -0.17384615 0.79423077
1810 374 -0.21523077 0.80515385
1820 374 -0.25661538 0.81607692
1830 374 -0.29892308 0.82661538
1840 374 -0.34030769 0.83753846
1850 374 -0.38223077 0.84715385
1480 344 -1.84061538 -1.35192308
1490 344 -1.77100000 -1.24600000
1500 344 -1.69884615 -1.14876923
1510 344 -1.62230769 -1.07246154
1520 344 -1.54615385 -0.99523077
1530 344 -1.47000000 -0.91800000
1540 344 -1.41238462 -0.84307692
1550 344 -1.39684615 -0.77376923
1560 344 -1.38130769 -0.70446154
1570 344 -1.36576923 -0.63515385
1580 344 -1.35023077 -0.56584615
1590 344 -1.33507692 -0.49561538
1600 344 -1.31953846 -0.42630769
1610 344 -1.30400000 -0.35700000
1620 344 -1.28507692 -0.27761538
1630 344 -1.24284615 -0.11376923
1640 344 -1.19930769 0.04953846
1650 344 -1.15707692 0.21338462
1660 344 -1.12800000 0.34900000
1670 344 -1.15638462 0.37292308
1660 363 -0.34946154 -0.15969231
1670 363 -0.38846154 -0.10769231
1680 363 -0.42615385 -0.05623077
1690 363 -0.46515385 -0.00423077
1700 363 -0.50415385 0.04776923
1710 363 -0.54276923 0.09884615
1720 363 -0.58176923 0.15084615
1730 363 -0.61984615 0.20323077
1740 363 -0.65884615 0.25523077
1750 363 -0.69730769 0.30853846
1760 363 -0.73576923 0.36184615
1770 363 -0.77423077 0.41515385
1780 363 -0.81230769 0.46753846
1790 363 -0.85076923 0.52084615
1800 363 -0.89761538 0.56307692
1810 363 -0.94592308 0.60361538
1820 363 -0.99384615 0.64323077
1830 363 -1.04307692 0.68338462
1840 363 -1.09100000 0.72300000
1850 363 -1.13930769 0.76353846
1680 345 -1.18384615 0.39723077
1690 345 -1.21184615 0.42023077
1700 345 -1.23930769 0.44453846
1710 345 -1.26769231 0.46846154
1720 345 -1.29515385 0.49276923
1730 345 -1.32315385 0.51576923
1740 345 -1.35061538 0.54007692
1750 345 -1.37900000 0.56400000
1760 345 -1.40646154 0.58830769
1770 345 -1.51223077 0.67315385
1780 345 -1.61707692 0.75838462
1790 345 -1.72230769 0.84453846
1800 345 -1.79261538 0.90407692
1810 345 -1.81038462 0.92592308
1820 345 -1.82776923 0.94684615
1830 345 -1.84461538 0.96907692
1840 345 -1.86238462 0.99092308
1850 345 -1.87976923 1.01184615
1860 345 -1.89753846 1.03369231
1870 345 -1.91530769 1.05553846
1730 397 -0.78807692 -2.87961538
1740 397 -0.71084615 -2.44876923
1750 397 -0.63453846 -2.01830769
1760 397 -0.59546154 -1.60769231
1770 397 -0.61592308 -1.22838462
1780 397 -0.63546154 -0.84869231
1790 397 -0.69015385 -0.59523077
1800 397 -0.76984615 -0.42476923
1810 397 -0.84861538 -0.25392308
1820 397 -0.87984615 -0.16076923
1830 397 -0.89930769 -0.08546154
1840 397 -0.91784615 -0.00976923
1850 397 -0.93692308 0.06461538
1860 397 -0.95638462 0.13992308
1870 397 -0.97246154 0.22530769
1880 397 -0.97615385 0.35376923
1890 397 -0.98038462 0.48092308
1900 397 -0.98461538 0.60807692
1910 397 -0.98923077 0.73615385
1920 397 -1.05215385 0.82476923
1850 202 -1.44346154 -0.52669231
1860 202 -1.21161538 -0.54492308
1870 202 -0.98830769 -0.57646154
1880 202 -0.76630769 -0.60746154
1890 202 -0.51038462 -0.50407692
1900 202 -0.24100000 -0.34200000
1910 202 0.03607692 -0.12038462
1920 202 0.31869231 0.14253846
1930 202 0.59784615 0.40076923
1940 202 0.84723077 0.62384615
1950 202 1.09661538 0.84692308
1960 202 1.28869231 1.05153846
1970 202 1.42476923 1.23715385
1980 202 1.56138462 1.42407692
1990 202 1.69146154 1.61369231
2000 202 1.80730769 1.81146154
2010 202 1.92276923 2.01015385
2020 202 2.04430769 2.21246154
2030 202 2.18830769 2.42846154
2040 202 2.33192308 2.64538462
