1790 549 0.00000000 0.00000000
1800 549 0.00000000 0.01264911
1810 549 -0.00000000 0.02529822
1820 549 -0.00094868 0.03763110
1830 549 -0.00094868 0.05028021
1840 549 -0.00094868 0.06292933
1850 549 -0.00094868 0.07557844
1860 549 0.00158114 0.09012491
1870 549 0.00569210 0.10625253
1880 549 0.01075174 0.12269637
1890 549 0.01517893 0.13787531
1900 549 0.01928989 0.15400292
1910 549 0.02340085 0.17013054
1920 549 0.02782804 0.18530947
1930 549 0.03193900 0.20143709
1940 549 0.03636619 0.21661602
1950 549 0.04047715 0.23274364
1960 549 0.04458812 0.24887125
1970 549 0.04901530 0.26405018
1980 549 0.05312626 0.28017780
1600 560 0.25646072 -1.26269747
1610 560 0.25456335 -1.21905804
1620 560 0.25329844 -1.17415370
1630 560 0.25140107 -1.13051426
1640 560 0.25013616 -1.08560992
1650 560 0.24918748 -1.04165426
1660 560 0.24792257 -0.99674992
1670 560 0.24570897 -0.95216180
1680 560 0.24476029 -0.90820614
1690 560 0.23970065 -0.86772899
1700 560 0.22863267 -0.83452507
1710 560 0.21724848 -0.80037248
1720 560 0.20618050 -0.76716856
1730 560 0.19511253 -0.73396464
1740 560 0.18372833 -0.69981205
1750 560 0.17266036 -0.66660813
1760 560 0.16127616 -0.63245553
1770 560 0.15020819 -0.59925162
1780 560 0.13882399 -0.56509902
1790 560 0.14230249 -0.55339859
1680 565 1.02015077 1.21810935
1690 565 1.03880821 1.21273348
1700 565 1.05778188 1.20640893
1710 565 1.07675554 1.20008437
1720 565 1.09636166 1.19502473
1730 565 1.11533533 1.18870017
1740 565 1.13430900 1.18237562
1750 565 1.15296643 1.17699975
1760 565 1.17194010 1.17067519
1770 565 1.19186245 1.16466686
1780 565 1.21083612 1.15834231
1790 565 1.22475014 1.14822302
1800 565 1.22285277 1.11913006
1810 565 1.22000672 1.08972088
1820 565 1.21810935 1.06062793
1830 565 1.21621199 1.03153497
1840 565 1.21336594 1.00212579
1850 565 1.21146857 0.97303284
1860 565 1.20862252 0.94362365
1870 565 1.20672516 0.91453070
1720 569 1.41733285 -3.13255225
1730 569 1.38539384 -2.89759502
1740 569 1.35313861 -2.66168911
1750 569 1.31171277 -2.43621871
1760 569 1.23392074 -2.25660134
1770 569 1.15612871 -2.07698397
1780 569 1.07612309 -1.87807670
1790 569 0.99295519 -1.65070894
1800 569 0.91010351 -1.42428986
1810 569 0.82725184 -1.19787078
1820 569 0.85381497 -0.95184558
1830 569 0.88164301 -0.70645283
1840 569 0.90820614 -0.46042763
1850 569 0.85065269 -0.17076299
1860 569 0.79183433 0.11953410
1870 569 0.73333219 0.40888250
1880 569 0.66977041 0.67862479
1890 569 0.60367881 0.94014515
1900 569 0.53663852 1.20134928
1910 569 0.47054692 1.45654509
1720 572 1.17194010 -3.30078542
1730 572 1.14253092 -3.08922905
1740 572 1.11185683 -2.87704022
1750 572 1.08244764 -2.66548384
1760 572 1.00939903 -2.46214939
1770 572 0.92528244 -2.26039607
1780 572 0.84148209 -2.05959144
1790 572 0.76527119 -1.82463421
1800 572 0.69159012 -1.58145506
1810 572 0.61822528 -1.33922459
1820 572 0.55814201 -1.08308010
1830 572 0.51861354 -0.80954308
1840 572 0.47908507 -0.53600606
1850 572 0.43924037 -0.26152036
1860 572 0.38959261 0.00442719
1870 572 0.33931239 0.26910983
1880 572 0.28871595 0.53474115
1890 572 0.22104321 0.75989532
1900 572 0.14578100 0.96670828
1910 572 0.07115125 1.17478615
1740 218 -2.33597451 2.65662946
1750 218 -2.15667336 2.33059864
1760 218 -1.97832090 1.99792703
1770 218 -1.80091713 1.66493919
1780 218 -1.64248702 1.39835918
1790 218 -1.48911655 1.14695811
1800 218 -1.33511363 0.89682194
1810 218 -1.19628964 0.67008664
1820 218 -1.11122437 0.54138194
1830 218 -1.02615910 0.41267723
1840 218 -0.96828942 0.26436641
1850 218 -0.91737675 0.11162840
1860 218 -0.86646408 -0.04110961
1870 218 -0.82503824 -0.18752307
1880 218 -0.79752643 -0.32697951
1890 218 -0.76938215 -0.46517104
1900 218 -0.82756806 -0.55940692
1910 218 -0.92085525 -0.63372044
1920 218 -1.01540736 -0.70740151
1930 218 -1.09920771 -0.77539048
1800 561 0.14641346 -0.54359553
1810 561 0.15147310 -0.53347624
1820 561 0.15590029 -0.52462186
1830 561 0.16095993 -0.51450258
1840 561 0.16507089 -0.50469951
1850 561 0.17013054 -0.49458023
1860 561 0.17550641 -0.48540962
1870 561 0.17961737 -0.47560656
1880 561 0.18467702 -0.46548727
1890 561 0.18910420 -0.45663289
1900 561 0.19416385 -0.44651361
1910 561 0.19827481 -0.43671054
1920 561 0.20333445 -0.42659126
1930 561 0.20871033 -0.41742065
1940 561 0.21282129 -0.40761759
1950 561 0.21788093 -0.39749830
1960 561 0.22230812 -0.38864392
1970 561 0.22736776 -0.37852464
1980 561 0.23242741 -0.36840535
1990 561 0.23653837 -0.35860229
1940 219 -1.09319939 -0.78076635
1950 219 -1.08813974 -0.78645845
1960 219 -1.08213142 -0.79183433
1970 219 -1.07612309 -0.79721020
1980 219 -1.07074722 -0.80385098
1990 219 -1.06505512 -0.80827817
2000 219 -1.05873056 -0.81460273
2010 219 -1.05367092 -0.82029483
2020 219 -1.04766259 -0.82567070
2030 219 -1.04260294 -0.83136280
2040 219 -1.03659462 -0.83673867
2050 219 -1.03058629 -0.84211454
2060 219 -1.02552665 -0.84780664
2070 219 -1.01951832 -0.85318251
2080 219 -1.01350999 -0.85855838
2090 219 -1.00845035 -0.86425048
2100 219 -1.00244202 -0.86962636
2110 219 -0.99643369 -0.87500223
2120 219 -0.99105782 -0.88164301
2130 219 -0.98504949 -0.88701888
1960 225 -1.26143256 -0.05470740
1970 225 -1.26585975 -0.08253545
1980 225 -1.26933825 -0.11004726
1990 225 -1.27281676 -0.13755908
2000 225 -1.27629526 -0.16507089
2010 225 -1.26491106 -0.17076299
2020 225 -1.25226195 -0.17392527
2030 225 -1.23898039 -0.17582264
2040 225 -1.22633128 -0.17898492
2050 225 -1.21368217 -0.18214719
2060 225 -1.20040060 -0.18404456
2070 225 -1.18775149 -0.18720684
2080 225 -1.17415370 -0.19005289
2090 225 -1.16150458 -0.19321517
2100 225 -1.14917170 -0.19542876
2110 225 -1.13557391 -0.19827481
2120 225 -1.12292480 -0.20143709
2130 225 -1.10964323 -0.20333445
2140 225 -1.09699412 -0.20649673
2150 225 -1.08434501 -0.20965901
1970 229 -1.81830965 -0.22768399
1980 229 -1.80407941 -0.26088791
1990 229 -1.79079784 -0.29440805
2000 229 -1.77751627 -0.32792819
2010 229 -1.73862026 -0.34658563
2020 229 -1.69276723 -0.36081588
2030 229 -1.64691421 -0.37504613
2040 229 -1.60169363 -0.39054129
2050 229 -1.55552438 -0.40572022
2060 229 -1.50967135 -0.41995047
2070 229 -1.46381833 -0.43418072
2080 229 -1.44041747 -0.45062457
2090 229 -1.45053676 -0.46770087
2100 229 -1.46065605 -0.48477717
2110 229 -1.47077534 -0.50185346
2120 229 -1.47994594 -0.51861354
2130 229 -1.49006523 -0.53568984
2140 229 -1.50018452 -0.55276613
2150 229 -1.51030381 -0.56984243
2160 229 -1.52042310 -0.58691873
