0 89 0.00000000 0.00000000
10 89 0.00000000 0.09372300
20 89 -0.00076822 0.18680581
30 89 -0.00140841 0.28129703
40 89 -0.00614577 0.34633976
50 89 -0.01229154 0.40370028
60 89 -0.01907750 0.46182903
70 89 -0.02586345 0.51995777
80 89 -0.03200922 0.57731829
90 89 -0.04378861 0.65081146
100 89 -0.05902500 0.73313917
110 89 -0.07349317 0.81610707
120 89 -0.08872956 0.89843479
130 89 -0.10319773 0.98140268
140 89 -0.11945841 1.02122215
150 89 -0.13571909 1.06104162
160 89 -0.15121156 1.10150128
170 89 -0.16747224 1.14132075
180 89 -0.18373292 1.18114022
190 89 -0.19999361 1.22095969
0 27 -0.42623477 2.30159095
10 27 -0.38859193 2.13770375
20 27 -0.35082105 1.97522495
30 27 -0.31240999 1.81197792
40 27 -0.29013157 1.65090753
50 27 -0.32739030 1.49879972
60 27 -0.36541726 1.34605172
70 27 -0.40331617 1.19471213
80 27 -0.52789606 1.06616310
90 27 -0.67462632 0.94388788
100 27 -0.82135658 0.82161266
110 27 -0.96655041 0.72404856
120 27 -1.11046386 0.63275826
130 27 -1.25514553 0.54082778
140 27 -1.39982721 0.44889730
150 27 -1.56537889 0.34608369
160 27 -1.73105862 0.24186167
170 27 -1.89673834 0.13763965
180 27 -2.05076671 -0.01805320
190 27 -2.20172219 -0.18680581
0 33 -0.47258412 2.72897806
10 33 -0.43916650 2.59671596
20 33 -0.40651709 2.46381368
30 33 -0.37450787 2.33167962
40 33 -0.33302392 2.18661384
50 33 -0.28116899 2.02285467
60 33 -0.22854583 1.85973568
70 33 -0.17605071 1.69520829
80 33 -0.19141514 1.55744061
90 33 -0.23507571 1.42863551
100 33 -0.27937647 1.30059863
110 33 -0.36464903 1.19829716
120 33 -0.51317181 1.13440676
130 33 -0.66105441 1.06974813
140 33 -0.80880897 1.00649791
150 33 -0.96488593 0.88294232
160 33 -1.12403577 0.73339525
170 33 -1.28305757 0.58525658
180 33 -1.46461387 0.43135625
190 33 -1.69751295 0.26721297
0 39 -0.75336900 2.35831129
10 39 -0.69434400 2.23437159
20 39 -0.63595918 2.11120011
30 39 -0.57834259 1.98738845
40 39 -0.52776802 1.87983747
50 39 -0.48705229 1.78880325
60 39 -0.44710478 1.69712884
70 39 -0.40638906 1.60609462
80 39 -0.47168787 1.50481745
90 39 -0.53711471 1.40213187
100 39 -0.60740696 1.30059863
110 39 -0.72571304 1.19419998
120 39 -0.84401911 1.08780133
130 39 -0.96296537 0.98217091
140 39 -1.14503382 0.88511895
150 39 -1.39214500 0.79895013
160 39 -1.63925617 0.71278131
170 39 -1.88636735 0.62661249
180 39 -2.11068797 0.48654014
190 39 -2.32041238 0.31176980
0 45 -0.56310620 3.58426442
10 45 -0.53288949 3.47927418
20 45 -0.50126438 3.37415590
30 45 -0.47027946 3.26980584
40 45 -0.44006276 3.16481560
50 45 -0.43110017 3.03690676
60 45 -0.43686183 2.89542600
70 45 -0.44339172 2.75330507
80 45 -0.44915337 2.61182431
90 45 -0.43404502 2.45779595
100 45 -0.40472458 2.29608537
110 45 -0.37476395 2.13360657
120 45 -0.34544350 1.97189599
130 45 -0.31612306 1.81018541
140 45 -0.33801736 1.68650178
150 45 -0.39448163 1.58868161
160 45 -0.45017767 1.49150161
170 45 -0.50664193 1.39368144
180 45 -0.57360522 1.29752574
190 45 -0.66515159 1.20431489
0 52 -0.54351656 3.29989451
10 52 -0.55503987 3.17313800
20 52 -0.56643516 3.04778989
30 52 -0.57859866 2.92180160
40 52 -0.58935376 2.79568527
50 52 -0.56669123 2.65446059
60 52 -0.54466889 2.51400414
70 52 -0.52200636 2.37277946
80 52 -0.50766623 2.22592116
90 52 -0.50600175 2.07240494
100 52 -0.50356905 1.91952890
110 52 -0.50126438 1.76524446
120 52 -0.54044367 1.63887206
130 52 -0.59690793 1.52543139
140 52 -0.65350024 1.41058231
150 52 -0.71073272 1.29650145
160 52 -0.77411098 1.18510936
170 52 -0.86322464 1.08741722
180 52 -0.95310653 0.98908490
190 52 -1.04298842 0.89075257
0 59 2.25472946 0.42623477
10 59 2.13258227 0.43378895
20 59 2.01043509 0.44134313
30 59 1.88841594 0.45030571
40 59 1.76652483 0.45286644
50 59 1.64284121 0.45133000
60 59 1.52056599 0.44966552
70 59 1.41019820 0.39153678
80 59 1.31327428 0.27822414
90 59 1.21635036 0.16491150
100 59 1.12019466 0.04442880
110 59 1.04081180 -0.13367050
120 59 0.96130089 -0.31317821
130 59 0.88191803 -0.49127751
140 59 0.82417340 -0.63442274
150 59 0.77359883 -0.76117925
160 59 0.72443267 -0.88806380
170 59 0.69575241 -0.95361868
180 59 0.68832627 -0.95720371
190 59 0.68013191 -0.96142893
0 62 2.30248721 0.74069335
10 62 2.26663689 0.69780100
20 62 2.23001834 0.65426846
30 62 2.19416801 0.61137610
40 62 2.15831769 0.56848375
50 62 2.02861633 0.59447523
60 62 1.86037587 0.64953109
70 62 1.69290363 0.70522713
80 62 1.50174456 0.68000387
90 62 1.30764065 0.64581802
100 62 1.12736473 0.59972475
110 62 1.06219396 0.43737398
120 62 0.99779141 0.27566340
130 62 0.95336261 0.09154637
140 62 0.95950838 -0.14544990
150 62 0.96488593 -0.38308634
160 62 0.97039151 -0.61931439
170 62 0.94465610 -0.78525018
180 62 0.91623191 -0.94171125
190 62 0.88703950 -1.09881250
0 77 -0.53084090 -1.78573036
10 77 -0.60599855 -1.58932179
20 77 -0.68051602 -1.39368144
30 77 -0.75567367 -1.19727286
40 77 -0.79907817 -1.02647167
50 77 -0.81072952 -0.88127784
60 77 -0.82238088 -0.73608402
70 77 -0.83467242 -0.59012198
80 77 -0.86360876 -0.45542718
90 77 -0.89625816 -0.32252490
100 77 -0.92826738 -0.19039084
110 77 -0.96591022 -0.06555488
120 77 -1.01930160 0.02663167
130 77 -1.07192476 0.11945841
140 77 -1.07051635 0.19743287
150 77 -1.03248940 0.26426812
160 77 -0.99433441 0.33251178
170 77 -0.95553923 0.39998721
180 77 -0.91815247 0.46759069
190 77 -0.84709200 0.51509237
0 80 0.16004610 -2.16804849
10 80 0.03328959 -1.93002793
20 80 -0.09487533 -1.69187933
30 80 -0.22163184 -1.45385877
40 80 -0.31112962 -1.24336614
50 80 -0.36336867 -1.06040144
60 80 -0.41496753 -0.87820496
70 80 -0.46682246 -0.69882529
80 80 -0.51675685 -0.55299128
90 80 -0.56745945 -0.40779746
100 80 -0.61739384 -0.26196346
110 80 -0.63045360 -0.15569285
120 80 -0.61816206 -0.07515765
130 80 -0.60587052 0.00537755
140 80 -0.59357898 0.08591275
150 80 -0.57501363 0.16516758
160 80 -0.54249226 0.24173363
170 80 -0.51073911 0.31765950
180 80 -0.47834578 0.39281715
190 80 -0.44198331 0.45696362
0 83 -1.49598291 1.27345481
10 83 -1.50084831 1.33708914
20 83 -1.50712211 1.40085150
30 83 -1.51262770 1.46525405
40 83 -1.51749310 1.52888838
50 83 -1.52376691 1.59265075
60 83 -1.47677737 1.62530015
70 83 -1.41852059 1.64911501
80 83 -1.35949559 1.67357006
90 83 -1.30047059 1.69802510
100 83 -1.24221381 1.72183996
110 83 -1.17294586 1.75743421
120 83 -1.08139949 1.81940406
130 83 -0.98985312 1.88137391
140 83 -0.89894693 1.94411198
150 83 -0.78243337 1.96050071
160 83 -0.63109378 1.90698129
170 83 -0.47975419 1.85346187
180 83 -0.34441921 1.78790699
190 83 -0.22508883 1.71031664
0 84 -1.76204354 1.51774917
10 84 -1.72337640 1.60724695
20 84 -1.68534945 1.69751295
30 84 -1.64668231 1.78701073
40 84 -1.62197119 1.83233579
50 84 -1.60174137 1.85960764
60 84 -1.58227976 1.88623932
70 84 -1.56140975 1.91274295
80 84 -1.54117992 1.94001480
90 84 -1.52171832 1.96664648
100 84 -1.50084831 1.99315011
110 84 -1.48138670 2.01978178
120 84 -1.46051669 2.04628542
130 84 -1.44105508 2.07291709
140 84 -1.42082526 2.10018894
150 84 -1.35027694 2.12643650
160 84 -1.25770627 2.15281210
170 84 -1.16577579 2.17995592
180 84 -1.07320513 2.20633152
190 84 -0.89228902 2.15793357
0 85 -1.21903913 -0.13981627
10 85 -1.20930833 0.02970456
20 85 -1.19957753 0.19922539
30 85 -1.18907850 0.36938640
40 85 -1.18242059 0.52853624
50 85 -1.19791305 0.59242664
60 85 -1.21417373 0.65567686
70 85 -1.22966619 0.71956727
80 85 -1.24515866 0.78345767
90 85 -1.26116327 0.84952470
100 85 -1.27127818 0.94132714
110 85 -1.28280150 1.03325762
120 85 -1.29368463 1.12441988
130 85 -1.30520795 1.21635036
140 85 -1.31532287 1.30815280
150 85 -1.31276213 1.39099266
160 85 -1.28728279 1.46038865
170 85 -1.26244364 1.53055286
180 85 -1.23696430 1.59994885
190 85 -1.21212514 1.67011306
0 88 0.90253197 -3.35738307
10 88 0.70765984 -2.99388636
20 88 0.51137930 -2.63026162
30 88 0.38398260 -2.25088835
40 88 0.35888737 -1.84744414
50 88 0.33379215 -1.44399993
60 88 0.33558466 -1.06501077
70 88 0.40395636 -0.74248587
80 88 0.47168787 -0.41919274
90 88 0.53929134 -0.09730803
100 88 0.55760061 0.22905798
110 88 0.55452773 0.55452773
120 88 0.55158288 0.88140588
130 88 0.55926509 1.11430497
140 88 0.57104448 1.30636029
150 88 0.58359210 1.49905579
160 88 0.59857241 1.67945975
170 88 0.64261710 1.74219783
180 88 0.68666179 1.80493590
190 88 0.73070647 1.86767397
0 91 -0.19666465 0.27348678
10 91 -0.20319453 0.36567333
20 91 -0.20972441 0.45785988
30 91 -0.21638233 0.54863803
40 91 -0.23200283 0.59549953
50 91 -0.24954388 0.63685544
60 91 -0.26708493 0.67821135
70 91 -0.28385776 0.72020745
80 91 -0.30139882 0.76156336
90 91 -0.30844084 0.80125479
100 91 -0.30498385 0.83928175
110 91 -0.30152685 0.87730870
120 91 -0.29806986 0.91533565
130 91 -0.29525305 0.95413083
140 91 -0.29179605 0.99215778
150 91 -0.30011845 1.03338566
160 91 -0.33328000 1.08255182
170 91 -0.36644155 1.13171798
180 91 -0.40101151 1.18101218
190 91 -0.43417306 1.23017834
0 102 2.42514654 0.18424507
10 102 2.38865603 0.20460293
20 102 2.35357393 0.22483276
30 102 2.31772360 0.24442240
40 102 2.28264150 0.26465223
50 102 2.24691921 0.28565028
60 102 2.21106888 0.30523992
70 102 2.12592435 0.32931086
80 102 1.96523807 0.35811915
90 102 1.80532001 0.38756764
100 102 1.65257201 0.40216384
110 102 1.52978464 0.35581449
120 102 1.40712531 0.31087354
130 102 1.29406875 0.23878878
140 102 1.20329060 0.10716687
150 102 1.11238441 -0.02586345
160 102 1.02160626 -0.15748536
170 102 0.89126472 -0.26349990
180 102 0.75695403 -0.36631351
190 102 0.62187513 -0.46976731
0 105 2.53205734 0.87602833
10 105 2.48237903 0.84504341
20 105 2.43193250 0.81341830
30 105 2.38148597 0.78179319
40 105 2.33180766 0.75080826
50 105 2.28136113 0.71918315
60 105 2.19877734 0.70112995
70 105 2.10185342 0.68935056
80 105 2.00492950 0.67757117
90 105 1.89737852 0.66604785
100 105 1.77856030 0.65554883
110 105 1.65974207 0.64504980
120 105 1.53631452 0.63070967
130 105 1.37486002 0.58858554
140 105 1.21404570 0.54569318
150 105 1.05412763 0.48922892
160 105 0.90906185 0.31497072
170 105 0.76399606 0.14071253
180 105 0.61829009 -0.03277744
190 105 0.46592621 -0.12329952
0 113 0.07541372 1.10290968
10 113 -0.09538748 1.20008968
20 113 -0.26631671 1.29586126
30 113 -0.43647772 1.39227303
40 113 -0.53570631 1.48010633
50 113 -0.62725267 1.56653123
60 113 -0.71879904 1.65295612
70 113 -0.76181944 1.80455179
80 113 -0.78371374 1.98546790
90 113 -0.80496786 2.16561579
100 113 -0.78012871 2.30607224
110 113 -0.74415035 2.43628575
120 113 -0.70804395 2.56790766
130 113 -0.67693098 2.70708375
140 113 -0.64773858 2.84856450
150 113 -0.61841813 2.99145366
160 113 -0.58845750 3.13357460
170 113 -0.55977724 3.26942173
180 113 -0.53071287 3.40168383
190 113 -0.50164850 3.53394592
