1240 512 0.00000000 0.00000000
1250 512 -0.00000000 0.01486607
1260 512 -0.00033634 0.03067388
1270 512 0.00060541 0.04587628
1280 512 0.00026907 0.06168410
1290 512 0.00026907 0.07655016
1300 512 0.00087447 0.09269431
1310 512 0.00087447 0.10756038
1320 512 0.00053814 0.12336819
1330 512 0.00147988 0.13857060
1340 512 0.00114354 0.15437841
1350 512 0.00114354 0.16924447
1360 512 0.00174895 0.18538862
1370 512 0.00174895 0.20025469
1380 512 0.00174895 0.21512076
1390 512 0.01964205 0.22151115
1400 512 0.04009130 0.22669073
1410 512 0.05959881 0.23153398
1420 512 0.07910632 0.23637722
1430 512 0.09955557 0.24155680
1080 314 -0.49125294 -0.42923251
1090 314 -0.40185473 -0.64684216
1100 314 -0.35268235 -0.86182838
1110 314 -0.31138024 -1.01909928
1120 314 -0.28655861 -1.04102842
1130 314 -0.26173698 -1.06295755
1140 314 -0.23597362 -1.08455035
1150 314 -0.21148833 -1.10553774
1160 314 -0.18666670 -1.12746687
1170 314 -0.16184507 -1.14939600
1180 314 -0.13702345 -1.17132514
1190 314 -0.11220182 -1.19325427
1200 314 -0.06074235 -1.24814437
1210 314 0.09323245 -1.43844350
1220 314 0.24814899 -1.62840630
1230 314 0.40555443 -1.81641835
1240 314 0.58932863 -1.98014690
1250 314 0.77404458 -2.14353913
1260 314 0.95781879 -2.30726768
1270 314 1.04499719 -2.42054578
1080 317 -2.15167847 -0.18337060
1090 317 -1.92660215 -0.28137903
1100 317 -1.71686277 -0.38698866
1110 317 -1.52212400 -0.50114123
1120 317 -1.32738522 -0.61529380
1130 317 -1.21572154 -0.69009502
1140 317 -1.15935156 -0.73792206
1150 317 -1.10392332 -0.78608543
1160 317 -1.04755334 -0.83391246
1170 317 -0.99212510 -0.88207583
1180 317 -0.90299596 -0.96811069
1190 317 -0.76395449 -1.11065005
1200 317 -0.62491303 -1.25318942
1210 317 -0.48344994 -1.39061647
1220 317 -0.31649255 -1.47752579
1230 317 -0.15014057 -1.56571320
1240 317 0.01621141 -1.65390060
1250 317 0.18256340 -1.74208800
1260 317 0.35214421 -1.86310184
1270 317 0.52253223 -1.99232228
1310 521 -1.81843636 1.97866702
1320 521 -1.70031502 1.83821294
1330 521 -1.58172281 1.72022614
1340 521 -1.46313059 1.60223933
1350 521 -1.34487472 1.48519426
1360 521 -1.24505007 1.38705130
1370 521 -1.14522543 1.28890834
1380 521 -1.04573713 1.19170712
1390 521 -0.94557615 1.09262242
1400 521 -0.83963018 0.98923261
1410 521 -0.73496229 0.88644821
1420 521 -0.62995807 0.78272206
1430 521 -0.56450701 0.73920013
1440 521 -0.52616466 0.73590404
1450 521 -0.48876405 0.73227160
1460 521 -0.45008537 0.72803376
1470 521 -0.41174302 0.72473767
1480 521 -0.37434241 0.72110524
1490 521 -0.33600006 0.71780914
1500 521 -0.29765771 0.71451304
1350 333 -0.41645173 1.57042190
1360 333 -0.29072918 1.37003268
1370 333 -0.16534297 1.17058520
1380 333 -0.03706427 1.02844943
1390 333 0.09074356 0.89357854
1400 333 0.21007571 0.77054669
1410 333 0.24377662 0.76240734
1420 333 0.27875561 0.75366260
1430 333 0.31279285 0.74458152
1440 333 0.34777183 0.73583677
1450 333 0.38241448 0.72803376
1460 333 0.41645173 0.71895268
1470 333 0.45143071 0.71020794
1480 333 0.48513162 0.70206860
1490 333 0.52011060 0.69332385
1500 333 0.55414785 0.68424277
1510 333 0.58912683 0.67549802
1520 333 0.62282774 0.66735868
1530 333 0.84171547 0.68182114
1540 333 1.05966145 0.69594727
