1680 211 0.00000000 0.00000000
1690 211 -0.00000000 0.01843909
1700 211 -0.00173544 0.03546813
1710 211 -0.00249470 0.05271410
1720 211 -0.00325396 0.06996007
1730 211 -0.00423014 0.08818223
1740 211 -0.00498940 0.10542820
1750 211 -0.00574866 0.12267417
1760 211 -0.00650791 0.13992015
1770 211 -0.00564019 0.14523494
1780 211 -0.00292856 0.13764238
1790 211 -0.00119312 0.12983288
1800 211 0.00151851 0.12224031
1810 211 0.00325396 0.11443082
1820 211 0.00596559 0.10683825
1830 211 0.00770103 0.09902875
1840 211 0.01041266 0.09143619
1850 211 0.01312429 0.08384362
1860 211 0.01485974 0.07603413
1870 211 0.01757137 0.06844156
1510 522 -0.94408135 -1.15428697
1520 522 -0.93486181 -1.11740879
1530 522 -0.91891742 -1.04625560
1540 522 -0.88442548 -0.89722437
1550 522 -0.85090972 -0.74841008
1560 522 -0.84418488 -0.64037871
1570 522 -0.87932761 -0.59287094
1580 522 -0.91425341 -0.54633936
1590 522 -0.95015541 -0.50002471
1600 522 -0.98529814 -0.45251694
1610 522 -1.02044087 -0.40500916
1620 522 -1.04191699 -0.27148847
1630 522 -1.04820797 -0.04956861
1640 522 -1.05547514 0.17213432
1650 522 -1.04029001 0.39882665
1660 522 -1.01089593 0.63072531
1670 522 -0.96816063 0.84407641
1680 522 -0.87845989 0.98898596
1690 522 -0.78756603 1.13313625
1700 522 -0.70090231 1.19951697
1550 334 -0.68940499 0.22582461
1560 334 -0.57041864 0.20207072
1570 334 -0.45143228 0.17831684
1580 334 -0.33244593 0.15456295
1590 334 -0.24892770 0.13829317
1600 334 -0.25033775 0.14002861
1610 334 -0.25174780 0.14176405
1620 334 -0.25218166 0.14371643
1630 334 -0.25337477 0.14447568
1640 334 -0.25478482 0.14621113
1650 334 -0.25619487 0.14794657
1660 334 -0.25662873 0.14989895
1670 334 -0.25782185 0.15065820
1680 334 -0.25923190 0.15239365
1690 334 -0.26064195 0.15412909
1700 334 -0.26107581 0.15608146
1710 334 -0.26226892 0.15684072
1720 334 -0.26367897 0.15857616
1730 334 -0.26411283 0.16052854
1740 334 -0.26530595 0.16128780
1640 514 0.46748514 1.33520697
1650 514 0.45132382 1.34800586
1660 514 0.43537943 1.35982857
1670 514 0.41921811 1.37262747
1680 514 0.40305679 1.38542637
1690 514 0.38689547 1.39822527
1700 514 0.37095108 1.41004798
1710 514 0.35478976 1.42284687
1720 514 0.33862844 1.43564577
1730 514 0.32246713 1.44844467
1740 514 0.30652274 1.46026738
1750 514 0.29036142 1.47306627
1760 514 0.27420010 1.48586517
1770 514 0.25803878 1.49866407
1780 514 0.18840410 1.48933606
1790 514 0.10434355 1.47577790
1800 514 0.02147612 1.46146049
1810 514 -0.06236751 1.44692615
1820 514 -0.14545187 1.43358493
1830 514 -0.15054974 1.43347647
1750 335 -0.26671600 0.16302324
1760 335 -0.26812605 0.16475868
1770 335 -0.26855991 0.16671106
1780 335 -0.26975302 0.16747031
1790 335 -0.27018689 0.16942269
1800 335 -0.27159693 0.17115813
1810 335 -0.27300698 0.17289357
1820 335 -0.27420010 0.17365283
1830 335 -0.27463396 0.17560521
1840 335 -0.27604401 0.17734065
1850 335 -0.27723713 0.17809991
1860 335 -0.27767099 0.18005228
1870 335 -0.27908103 0.18178772
1880 335 -0.28049108 0.18352317
1890 335 -0.28168420 0.18428242
1900 335 -0.28211806 0.18623480
1910 335 -0.28352811 0.18797024
1920 335 -0.28493816 0.18970569
1930 335 -0.28515509 0.19068187
1940 335 -0.28656513 0.19241732
1840 515 -0.15684072 1.43412726
1850 515 -0.16193859 1.43401879
1860 515 -0.16703645 1.43391033
1870 515 -0.17332744 1.43456112
1880 515 -0.17842530 1.43445265
1890 515 -0.18374010 1.43532037
1900 515 -0.18981415 1.43499498
1910 515 -0.19491202 1.43488651
1920 515 -0.20022681 1.43575424
1930 515 -0.20630087 1.43542884
1940 515 -0.21161566 1.43629656
1950 515 -0.21671353 1.43618810
1960 515 -0.22300451 1.43683889
1970 515 -0.22810238 1.43673042
1980 515 -0.23320024 1.43662196
1990 515 -0.23949123 1.43727275
2000 515 -0.24458909 1.43716428
2010 515 -0.24990389 1.43803200
2020 515 -0.25500175 1.43792354
2030 515 -0.26107581 1.43759814
1860 364 -2.19772247 -1.01696999
1870 364 -2.14934698 -0.97651246
1880 364 -2.09836832 -0.92933008
1890 364 -2.03654314 -0.85720070
1900 364 -1.97591108 -0.78431207
1910 364 -1.91408589 -0.71218269
1920 364 -1.85247764 -0.63907713
1930 364 -1.82915762 -0.59189475
1940 364 -1.81690105 -0.55024411
1950 364 -1.80366829 -0.50837653
1960 364 -1.79141172 -0.46672588
1970 364 -1.77915515 -0.42507523
1980 364 -1.76592239 -0.38320765
1990 364 -1.75344889 -0.34253319
2000 364 -1.74021613 -0.30066561
2010 364 -1.72795956 -0.25901497
2020 364 -1.62741229 -0.22745159
2030 364 -1.51818781 -0.19805751
2040 364 -1.40896332 -0.16866343
2050 364 -1.29876265 -0.13905242
1860 375 -2.27722748 -1.77937208
1870 375 -2.25922225 -1.74054153
1880 375 -2.24121702 -1.70171098
1890 375 -2.22342873 -1.66190424
1900 375 -2.09717520 -1.63999426
1910 375 -1.95953283 -1.61862661
1920 375 -1.82264971 -1.59845208
1930 375 -1.68479040 -1.57806062
1940 375 -1.48488898 -1.51417460
1950 375 -1.24301152 -1.42252148
1960 375 -1.00232718 -1.33010910
1970 375 -0.83366375 -1.25472577
1980 375 -0.68452406 -1.18368104
1990 375 -0.53440818 -1.11241939
2000 375 -0.42800379 -1.07033488
2010 375 -0.38342458 -1.07272111
2020 375 -0.34003849 -1.07434809
2030 375 -0.29545928 -1.07673433
2040 375 -0.25109700 -1.07814438
2050 375 -0.20749398 -1.08074754
