1890 847 0.00000000 0.00000000
1900 847 0.00000000 0.01612452
1910 847 0.00000000 0.03224903
1920 847 -0.00012403 0.04936582
1930 847 -0.00024807 0.06648262
1940 847 0.11510423 0.03857480
1950 847 0.23157285 0.00979874
1960 847 0.34692515 -0.01810907
1970 847 0.43052456 -0.04998600
1980 847 0.49130158 -0.08471572
1990 847 0.55220264 -0.12043773
2000 847 0.61297966 -0.15516745
2010 847 0.67722965 -0.19349419
2020 847 0.76430203 -0.26121715
2030 847 0.85224266 -0.32782380
2040 847 0.94030732 -0.39542273
2050 847 1.03209303 -0.46054097
2060 847 1.16034494 -0.51102311
2070 847 1.28859686 -0.56150524
2080 847 1.41672474 -0.61099510
1780 323 0.30897052 1.40618179
1790 323 0.30946666 1.40221267
1800 323 0.30983877 1.39923584
1810 323 0.31120315 1.39638304
1820 323 0.31157525 1.39340621
1830 323 0.31293964 1.39055341
1840 323 0.31331174 1.38757658
1850 323 0.31467612 1.38472378
1860 323 0.31504823 1.38174694
1870 323 0.31554436 1.37777783
1880 323 0.31690875 1.37492503
1890 323 0.31728085 1.37194820
1900 323 0.31864523 1.36909540
1910 323 0.31901734 1.36611857
1920 323 0.32038172 1.36326577
1930 323 0.32087786 1.35929666
1940 323 0.32124996 1.35631982
1950 323 0.32261434 1.35346702
1960 323 0.32298645 1.35049019
1970 323 0.32435083 1.34763739
1840 764 0.48261915 -2.36943553
1850 764 0.32509504 -2.29439452
1860 764 0.16757093 -2.21935351
1870 764 0.01103909 -2.14418846
1880 764 -0.11349178 -2.03478982
1890 764 -0.20614573 -1.89016532
1900 764 -0.29892371 -1.74454854
1910 764 -0.39058538 -1.59980001
1920 764 -0.45421520 -1.46968757
1930 764 -0.48683633 -1.35383913
1940 764 -0.52057378 -1.23712244
1950 764 -0.54525669 -1.12028172
1960 764 -0.50048015 -0.99475857
1970 764 -0.45582765 -0.86824314
1980 764 -0.38897293 -0.76616256
1990 764 -0.27200817 -0.71828515
2000 764 -0.15516745 -0.66941546
2010 764 -0.03721042 -0.62141402
2020 764 0.07975433 -0.57353661
2030 764 0.22375866 -0.51623257
1880 767 0.36825913 -2.09953595
1890 767 0.20751011 -1.97450894
1900 767 0.04576882 -1.84960596
1910 767 -0.11510423 -1.72358667
1920 767 -0.20887449 -1.62646747
1930 767 -0.27386869 -1.54187579
1940 767 -0.33898693 -1.45629182
1950 767 -0.37743770 -1.35830438
1960 767 -0.39691115 -1.25089030
1970 767 -0.41638460 -1.14347622
1980 767 -0.42742370 -1.03903897
1990 767 -0.36366984 -0.96858724
2000 767 -0.30090827 -0.89825955
2010 767 -0.23715441 -0.82780782
2020 767 -0.17439284 -0.75748012
2030 767 -0.10443725 -0.68826874
2040 767 0.02381467 -0.63394153
2050 767 0.15206658 -0.57961431
2060 767 0.28044253 -0.52627938
2070 767 0.40869445 -0.47195217
1980 324 0.32472294 1.34466056
1990 324 0.32521907 1.34069145
2000 324 0.32658346 1.33783865
2010 324 0.32695556 1.33486181
2020 324 0.32831994 1.33200901
2030 324 0.32869205 1.32903218
2040 324 0.33005643 1.32617938
2050 324 0.33042853 1.32320255
2060 324 0.33191695 1.31935747
2070 324 0.33228905 1.31638064
2080 324 0.33266116 1.31340380
2090 324 0.33402554 1.31055101
2100 324 0.33439764 1.30757417
2110 324 0.33576203 1.30472137
2120 324 0.33613413 1.30174454
2130 324 0.33749851 1.29889174
2140 324 0.33799465 1.29492263
2150 324 0.33836676 1.29194580
2160 324 0.33973114 1.28909300
2170 324 0.34010324 1.28611616
2030 235 1.52364268 -0.12800385
2040 235 1.50764220 -0.37086386
2050 235 1.48878892 -0.58283922
2060 235 1.46100514 -0.72337057
2070 235 1.43235312 -0.86501824
2080 235 1.41052300 -0.93224507
2090 235 1.39365428 -0.92629140
2100 235 1.37678555 -0.92033773
2110 235 1.35892455 -0.91450810
2120 235 1.34205583 -0.90855443
2130 235 1.32531114 -0.90359304
2140 235 1.30844242 -0.89763937
2150 235 1.29157369 -0.89168571
2160 235 1.27371269 -0.88585607
2170 235 1.23985121 -0.83264517
2180 235 1.18019050 -0.71009886
2190 235 1.12052979 -0.58755254
2200 235 1.01137923 -0.50444927
2210 235 0.90235269 -0.42233827
2220 235 0.79332616 -0.34022728
2040 765 0.36689474 -0.46004483
2050 765 0.50990679 -0.40286482
2060 765 0.52355061 -0.26208539
2070 765 0.52193816 -0.11212740
2080 765 0.56237349 0.04812548
2090 765 0.64287203 0.21842517
2100 765 0.72436285 0.38884889
2110 765 0.86204141 0.55319492
2120 765 1.01423202 0.71431604
2130 765 1.16629861 0.87642943
2140 765 1.30682996 1.05826436
2150 765 1.43967116 1.25324696
2160 765 1.57251237 1.44822956
2170 765 1.70597374 1.64631303
2180 765 1.83831880 1.86138926
2190 765 1.97066386 2.07646549
2200 765 2.10300892 2.29154172
2210 765 2.23957117 2.50512953
2220 765 2.41383997 2.71536841
2230 765 2.58711649 2.92548325
