2030 235 0.00000000 0.00000000
2040 235 -0.00000000 0.24338652
2050 235 0.00487702 0.45614276
2060 235 0.02336202 0.59819664
2070 235 0.04263999 0.74142149
2080 235 0.06000332 0.80993802
2090 235 0.07722695 0.80510620
2100 235 0.09445059 0.80027438
2110 235 0.11265620 0.79563156
2120 235 0.12987983 0.79079974
2130 235 0.14691446 0.78694990
2140 235 0.16413809 0.78211808
2150 235 0.18136173 0.77728626
2160 235 0.19956734 0.77264344
2170 235 0.23685371 0.72177373
2180 235 0.30444167 0.60341467
2190 235 0.37202964 0.48505561
2200 235 0.48640737 0.40930779
2210 235 0.60059611 0.33454194
2220 235 0.71478485 0.25977609
1840 764 0.89141747 2.30502080
1850 764 1.05353409 2.24049792
1860 764 1.21565071 2.17597504
1870 764 1.37678535 2.11126315
1880 764 1.50823881 2.01028797
1890 764 1.61020008 1.87206749
1900 764 1.71235035 1.73286505
1910 764 1.81332965 1.59445558
1920 764 1.88537554 1.46880770
1930 764 1.92554211 1.35535442
1940 764 1.96687965 1.24110816
1950 764 1.99919039 1.12614288
1960 764 1.96276274 0.99794761
1970 764 1.92652408 0.86877037
1980 764 1.86652487 0.76251551
1990 764 1.75296065 0.70705229
2000 764 1.63958544 0.65060710
2010 764 1.52503924 0.59495488
2020 764 1.41147503 0.53949166
2030 764 1.27154945 0.47284459
1880 767 1.02327358 2.04322323
1890 767 1.19189426 1.92903449
1900 767 1.36149691 1.81503476
1910 767 1.53030658 1.69986404
1920 767 1.63025871 1.60911949
1930 767 1.70067345 1.52898359
1940 767 1.77127720 1.44786570
1950 767 1.81608658 1.35261803
1960 767 1.84257942 1.24671652
1970 767 1.86907226 1.14081501
1980 767 1.88695328 1.03732941
1990 767 1.82796892 0.96283885
2000 767 1.76996653 0.88853728
2010 767 1.71098216 0.81404671
2020 767 1.65297977 0.73974515
2030 767 1.58772554 0.66608454
2040 767 1.46332260 0.60344344
2050 767 1.33891965 0.54080233
2060 767 1.21432771 0.47914321
2070 767 1.08992477 0.41650211
1890 847 1.52876172 -0.02756110
1900 847 1.52982176 -0.04365073
1910 847 1.53088180 -0.05974037
1920 847 1.53213084 -0.07681198
1930 847 1.53337989 -0.09388359
1940 847 1.41644243 -0.07361952
1950 847 1.29833400 -0.05256248
1960 847 1.18139655 -0.03229842
1970 847 1.09588237 -0.00598636
1980 847 1.03295366 0.02467269
1990 847 0.96983595 0.05631372
2000 847 0.90690724 0.08697277
2010 847 0.84027660 0.12099273
2020 847 0.74894040 0.18284496
2030 847 0.65681122 0.24352622
2040 847 0.56449305 0.30518945
2050 847 0.46862496 0.36413273
2060 847 0.33733174 0.40607425
2070 847 0.20603852 0.44801577
2080 847 0.07493430 0.48897531
2090 848 -0.05699987 0.52366498
2100 848 -0.18662085 0.49871701
2110 848 -0.31624183 0.47376904
2120 848 -0.44586281 0.44882107
2130 848 -0.56381511 0.43732084
2140 848 -0.67228866 0.43477346
2150 848 -0.78076221 0.43222607
2160 848 -0.88923576 0.42967868
2170 848 -0.99770931 0.42713129
2180 848 -1.06373186 0.43682780
2190 848 -1.02736584 0.47539608
2200 848 -0.99099981 0.51396436
2210 848 -0.95561577 0.55234365
2220 848 -0.91943874 0.59189390
2230 848 -0.88307272 0.63046219
2240 848 -0.84768868 0.66884147
2250 848 -0.82008238 0.68943012
2260 848 -0.80757963 0.68267132
2270 848 -0.79428391 0.67708350
2280 848 -0.78178116 0.67032471
2110 770 1.01315798 0.29683648
2120 770 0.85137417 0.16386281
2130 770 0.68940136 0.03187112
2140 770 0.56470670 -0.09803747
2150 770 0.44786785 -0.22643407
2160 770 0.33201099 -0.35464166
2170 770 0.25067534 -0.48231512
2180 770 0.19151019 -0.60877652
2190 770 0.13215604 -0.73425594
2200 770 0.07299089 -0.86071733
2210 770 -0.00678756 -1.04410054
2220 770 -0.08637701 -1.22846571
2230 770 -0.16713744 -1.41203792
2240 770 -0.24495194 -1.59504312
2250 770 -0.30690278 -1.78110519
2260 770 -0.37002460 -1.96637428
2270 770 -0.43197544 -2.15243635
2280 770 -0.45985290 -2.37267450
2290 770 -0.46476279 -2.61700603
2300 770 -0.46967268 -2.86133755
2120 774 1.29693294 0.70074956
2130 774 1.12903129 0.56252498
2140 774 0.96131863 0.42331843
2150 774 0.79439895 0.28528285
2160 774 0.71405761 0.07836917
2170 774 0.64444406 -0.13666328
2180 774 0.57562349 -0.35052475
2190 774 0.49006822 -0.54622170
2200 774 0.40568392 -0.74271162
2210 774 0.32111063 -0.93821957
2220 774 0.23653734 -1.13372752
2230 774 0.20510174 -1.30373282
2240 774 0.18763981 -1.46697522
2250 774 0.17115985 -1.63002862
2260 774 0.15388691 -1.79425300
2270 774 0.13725904 -1.97770194
2280 774 0.12237325 -2.19136619
2290 774 0.10669449 -2.40620142
2300 774 0.09180870 -2.61986568
2310 774 0.13452265 -2.84179251
