3140 432 0.00000000 0.00000000
3150 432 -0.00000000 0.17413213
3160 432 0.04327174 0.30046723
3170 432 0.08563038 0.42721006
3180 432 0.12453187 0.55111597
3190 432 0.12103452 0.64138650
3200 432 0.11753718 0.73165703
3210 432 0.11312674 0.82233530
3220 432 0.11003713 0.91351893
3230 432 0.11155896 0.97088341
3240 432 0.12325123 0.97989955
3250 432 0.13403040 0.98932343
3260 432 0.14480957 0.99874731
3270 432 0.15558874 1.00817119
3280 432 0.16687328 1.01627423
3290 432 0.17765245 1.02569811
3300 432 0.18843162 1.03512199
3310 432 0.19921079 1.04454586
3320 432 0.21090306 1.05356201
3330 432 0.22127450 1.06207278
3010 582 0.70526328 -0.23060075
3020 582 0.69106142 -0.22316387
3030 582 0.67685956 -0.21572698
3040 582 0.66357080 -0.20869784
3050 582 0.64936895 -0.20126096
3060 582 0.63516709 -0.19382408
3070 582 0.62137296 -0.18547410
3080 582 0.60717110 -0.17803721
3090 582 0.59296925 -0.17060033
3100 582 0.57876739 -0.16316345
3110 582 0.56456553 -0.15572657
3120 582 0.55036367 -0.14828969
3130 582 0.53616181 -0.14085281
3140 582 0.52195995 -0.13341593
3150 582 0.51667661 -0.13543738
3160 582 0.51798021 -0.14478086
3170 582 0.51928382 -0.15412434
3180 582 0.51967433 -0.16306008
3190 582 0.52097794 -0.17240356
3200 582 0.52268928 -0.18083394
3020 651 1.71112013 0.32232420
3030 651 1.70311472 0.33137479
3040 651 1.69551704 0.34133849
3050 651 1.68842472 0.34998135
3060 651 1.68082705 0.35994505
3070 651 1.67282163 0.36899565
3080 651 1.66522395 0.37895935
3090 651 1.65762627 0.38892305
3100 651 1.65053396 0.39756591
3110 651 1.64293628 0.40752961
3120 651 1.62084386 0.43163199
3130 651 1.47400709 0.59576597
3140 651 1.32584949 0.75939459
3150 651 1.14354540 0.90541589
3160 651 0.94548890 1.04313889
3170 651 0.74702467 1.17994879
3180 651 0.51578648 1.32920326
3190 651 0.25177432 1.49090231
3200 651 -0.01336342 1.64762812
3210 651 -0.29461535 1.76336207
3120 426 -0.32606274 -0.42607874
3130 426 -0.32549995 -0.33652605
3140 426 -0.35823945 -0.13025166
3150 426 -0.39047359 0.07470189
3160 426 -0.39479215 0.27595137
3170 426 -0.37068977 0.47217592
3180 426 -0.34617964 0.66931357
3190 426 -0.30986814 0.82175528
3200 426 -0.26649877 0.94585644
3210 426 -0.22180857 1.07046296
3220 426 -0.17843921 1.19456413
3230 426 -0.15661670 1.24833938
3240 426 -0.15020777 1.25533407
3250 426 -0.14288575 1.26192102
3260 426 -0.13647682 1.26891571
3270 426 -0.12874706 1.27641576
3280 426 -0.12233813 1.28341045
3290 426 -0.11501611 1.28999740
3300 426 -0.10860718 1.29699209
3310 426 -0.10128515 1.30357904
3170 276 -4.01704146 0.68436536
3180 276 -3.63135733 0.65779932
3190 276 -3.24862498 0.62707553
3200 276 -2.86630037 0.59543863
3210 276 -2.48356803 0.56471484
3220 276 -2.14649067 0.55437786
3230 276 -1.85547603 0.56351460
3240 276 -1.56446139 0.57265134
3250 276 -1.27344675 0.58178808
3260 276 -0.98202438 0.59183792
3270 276 -0.71068445 0.49805282
3280 276 -0.43984989 0.40558855
3290 276 -0.19458212 0.32454090
3300 276 -0.05472855 0.28946983
3310 276 0.08553275 0.25531187
3320 276 0.22670715 0.22074616
3330 276 0.35218083 0.20742869
3340 276 0.46459547 0.21637017
3350 276 0.57701010 0.22531166
3360 276 0.68901700 0.23334005
3170 278 -4.05559264 1.34115970
3180 278 -3.69526282 1.33139125
3190 278 -3.32539427 1.31845855
3200 278 -2.92964882 1.29725626
3210 278 -2.53390337 1.27605397
3220 278 -2.13907101 1.25525941
3230 278 -1.82935793 1.21552522
3240 278 -1.57774441 1.16340388
3250 278 -1.32613088 1.11128254
3260 278 -1.10031386 1.05534801
3270 278 -0.87500220 1.00073431
3280 278 -0.67505059 0.90159120
3290 278 -0.48812932 0.78307775
3300 278 -0.32852064 0.66471361
3310 278 -0.21135674 0.54449456
3320 278 -0.10097504 0.43606541
3330 278 -0.03955043 0.43382573
3340 278 0.02187419 0.43158605
3350 278 0.08329881 0.42934637
3360 278 0.14340260 0.42660133
3210 583 0.52307979 -0.18976968
3220 583 0.52438340 -0.19911316
3230 583 0.52568701 -0.20845664
3240 583 0.52607751 -0.21739239
3250 583 0.52738112 -0.22673587
3260 583 0.52868473 -0.23607934
3270 583 0.52907524 -0.24501509
3280 583 0.53037885 -0.25435857
3290 583 0.53168245 -0.26370205
3300 583 0.53207296 -0.27263779
3310 583 0.53337657 -0.28198127
3320 583 0.53468018 -0.29132475
3330 583 0.53507068 -0.30026049
3340 583 0.53678203 -0.30869087
3350 583 0.53808564 -0.31803435
3360 583 0.53847614 -0.32697009
3370 583 0.53977975 -0.33631357
3380 583 0.54108336 -0.34565705
3390 583 0.54147387 -0.35459279
3400 583 0.54277748 -0.36393627
3320 427 -0.09446849 1.31148683
3330 427 -0.08714647 1.31807378
3340 427 -0.08073754 1.32506847
3350 427 -0.07341551 1.33165542
3360 427 -0.06700659 1.33865011
3370 427 -0.05927682 1.34615016
3380 427 -0.05286790 1.35314485
3390 427 -0.04554587 1.35973180
3400 427 -0.03913695 1.36672649
3410 427 -0.03022992 1.40874631
3420 427 -0.01737187 1.50376036
3430 427 -0.00451381 1.59877441
3440 427 0.00834424 1.69378847
3450 427 0.04812437 1.79758895
3460 427 0.11482660 1.91017587
3470 427 0.18284965 2.02326815
3480 427 0.24904651 2.13717590
3490 427 0.32882501 2.23735270
3500 427 0.43800072 2.31016523
3510 427 0.54676870 2.38206465
