2150 600 0.00000000 0.00000000
2160 600 0.00000000 0.09350936
2170 600 0.00615981 0.19514624
2180 600 0.07156503 0.36261611
2190 600 0.13697025 0.53008598
2200 600 0.18977780 0.66502435
2210 600 0.19700702 0.66741983
2220 600 0.20348766 0.66915228
2230 600 0.21137991 0.67079917
2240 600 0.21794610 0.67394324
2250 600 0.22517532 0.67633873
2260 600 0.23306758 0.67798562
2270 600 0.24029681 0.68038110
2280 600 0.24752603 0.68277659
2290 600 0.25475525 0.68517207
2300 600 0.26198447 0.68756755
2310 600 0.26921370 0.68996303
2320 600 0.27569433 0.69169548
2330 600 0.28292356 0.69409096
2340 600 0.29015278 0.69648644
2020 198 1.07649119 2.97593745
2030 198 1.02081762 2.67682300
2040 198 0.93674047 2.42335105
2050 198 0.85407495 2.16979353
2060 198 0.77074639 1.91698461
2070 198 0.76460797 1.64037059
2080 198 0.77647844 1.35699788
2090 198 0.79793084 1.09146295
2100 198 0.85123031 0.89554673
2110 198 0.89916135 0.71624917
2120 198 0.90914965 0.68234882
2130 198 0.91913796 0.64844847
2140 198 0.92912626 0.61454812
2150 198 0.93911457 0.58064777
2160 198 0.94910287 0.54674742
2170 198 0.95909118 0.51284707
2180 198 0.96907948 0.47894672
2190 198 0.97906779 0.44504637
2200 198 0.98905609 0.41114602
2210 198 0.99904440 0.37724567
2030 586 0.87432961 -0.03244595
2040 586 0.87567706 -0.02190155
2050 586 0.87702452 -0.01135715
2060 586 0.87903502 -0.00156134
2070 586 0.88038248 0.00898306
2080 586 0.88172994 0.01952746
2090 586 0.88307739 0.03007186
2100 586 0.83666493 0.08247303
2110 586 0.67856310 0.23231899
2120 586 0.52452504 0.37908505
2130 586 0.40117910 0.50628088
2140 586 0.27783316 0.63347671
2150 586 0.22990212 0.76601959
2160 586 0.29650508 0.90649751
2170 586 0.36244501 1.04772402
2180 586 0.40813028 1.14696542
2190 586 0.40971301 1.14970312
2200 586 0.41129573 1.15244081
2210 586 0.41212988 1.15451547
2220 586 0.41304957 1.15800175
2050 203 1.47281516 1.91764765
2060 203 1.43790956 1.66898804
2070 203 1.45151248 1.42588938
2080 203 1.46436681 1.18212768
2090 203 1.49073850 1.02113844
2100 203 1.51770906 0.87003057
2110 203 1.54609125 0.71883715
2120 203 1.56878417 0.68416682
2130 203 1.59147708 0.64949649
2140 203 1.61417000 0.61482617
2150 203 1.63686291 0.58015584
2160 203 1.65889280 0.54623410
2170 203 1.68158571 0.51156377
2180 203 1.70427863 0.47689345
2190 203 1.67647392 0.43890794
2200 203 1.64875477 0.40233406
2210 203 1.62028703 0.36509715
2220 203 1.59323092 0.32777468
2230 203 1.56551177 0.29120080
2240 203 1.48308151 0.21685530
2050 396 1.78191792 0.89298015
2060 396 1.79740300 0.68093720
2070 396 1.81355111 0.46814566
2080 396 1.83277914 0.35292724
2090 396 1.85335462 0.24825323
2100 396 1.87393010 0.14357921
2110 396 1.89450558 0.03890520
2120 396 1.85930055 -0.00429903
2130 396 1.82475855 -0.04825186
2140 396 1.78880493 -0.09211912
2150 396 1.75359989 -0.13532335
2160 396 1.71830931 -0.17993921
2170 396 1.68310428 -0.22314344
2180 396 1.64856228 -0.26709626
2190 396 1.52440358 -0.31695224
2200 396 1.26934889 -0.37587682
2210 396 1.01262593 -0.43895072
2220 396 0.75331498 -0.50966022
2230 396 0.49408959 -0.57895810
2240 396 0.23552723 -0.64900456
2060 193 0.93971344 0.96456656
2070 193 1.06132693 0.75034202
2080 193 1.16743396 0.59585480
2090 193 1.27287795 0.44211618
2100 193 1.37823639 0.28696593
2110 193 1.43100117 0.21080243
2120 193 1.45005808 0.18627013
2130 193 1.46770337 0.16182338
2140 193 1.48609726 0.13803966
2150 193 1.50449114 0.11425594
2160 193 1.52213643 0.08980919
2170 193 1.54053031 0.06602548
2180 193 1.55883864 0.04083014
2190 193 1.57723252 0.01704642
2200 193 1.48714528 -0.06675268
2210 193 1.38608587 -0.15626244
2220 193 1.28427788 -0.24643523
2230 193 1.11922488 -0.26972702
2240 193 0.93742490 -0.27712734
2250 193 0.75295138 -0.29357490
2230 587 0.41463230 1.16073944
2240 587 0.41546644 1.16281410
2250 587 0.41638613 1.16630038
2260 587 0.41796886 1.16903808
2270 587 0.41955159 1.17177577
2280 587 0.41972270 1.17459902
2290 587 0.42130543 1.17733671
2300 587 0.42288816 1.18007441
2310 587 0.42372230 1.18214907
2320 587 0.42464199 1.18563535
2330 587 0.42622472 1.18837304
2340 587 0.42714442 1.19185932
2350 587 0.42797856 1.19393398
2360 587 0.42956129 1.19667168
2370 587 0.43114402 1.19940937
2380 587 0.43131512 1.20223262
2390 587 0.43289785 1.20497031
2400 587 0.43448058 1.20770801
2410 587 0.43540027 1.21119429
2420 587 0.43623441 1.21326895
2290 606 0.70936216 -0.98941969
2300 606 0.79574924 -0.88485262
2310 606 0.88147328 -0.77953695
2320 606 0.96786035 -0.67496988
2330 606 1.07238465 -0.55166671
2340 606 1.22323586 -0.38866698
2350 606 1.38373317 -0.21845942
2360 606 1.58895327 -0.02333456
2370 606 1.79492196 0.17245333
2380 606 1.95772920 0.28726537
2390 606 2.11429107 0.39253825
2400 606 2.26396593 0.50106215
2410 606 2.33920973 0.64385000
2420 606 2.41370495 0.78597481
2430 606 2.50270139 1.00372842
2440 606 2.59094924 1.22081899
2450 606 2.71878672 1.47163881
2460 606 2.86168151 1.73713095
2470 606 3.04412314 2.01226919
2480 606 3.28613101 2.30009065
