3390 557 0.00000000 0.00000000
3400 557 -0.00000000 0.00728011
3410 557 -0.00027472 0.01359870
3420 557 -0.00054944 0.01991728
3430 557 -0.00082416 0.02623587
3440 557 -0.00206041 0.03282917
3450 557 -0.00233513 0.03914776
3460 557 -0.00260985 0.04546635
3470 557 -0.00288457 0.05178493
3480 557 -0.00315929 0.05810352
3490 557 -0.00315929 0.06538363
3500 557 -0.00343401 0.07170221
3510 557 -0.00467026 0.07829552
3520 557 -0.00494498 0.08461411
3530 557 -0.00521970 0.09093269
3540 557 -0.00549442 0.09725128
3550 557 -0.00576914 0.10356987
3560 557 -0.00700539 0.11016317
3570 557 -0.00728011 0.11648176
3580 557 -0.00755483 0.12280034
3260 371 0.28378693 -1.43830247
3270 371 0.39134025 -1.41495117
3280 371 0.50589896 -1.39984151
3290 371 0.62169391 -1.38404504
3300 371 0.73790095 -1.35588613
3310 371 0.85850352 -1.29778261
3320 371 0.97883138 -1.24064061
3330 371 1.10314269 -1.18047669
3340 371 1.24434935 -1.10849975
3350 371 1.38555601 -1.03652282
3360 371 1.52772419 -0.96482060
3370 371 1.66728253 -0.91317303
3380 371 1.80587933 -0.88309107
3390 371 1.94447614 -0.85300910
3400 371 2.08211143 -0.82265242
3410 371 2.21631270 -0.79339462
3420 371 2.31177829 -0.76866972
3430 371 2.40724388 -0.74394481
3440 371 2.50270948 -0.71921991
3450 371 2.59817507 -0.69449501
3300 816 2.29900376 -1.26110734
3310 816 2.20298872 -1.25863485
3320 816 2.10793521 -1.25643708
3330 816 2.02469471 -1.25657444
3340 816 1.95999789 -1.26096998
3350 816 1.89502634 -1.26632704
3360 816 1.83129104 -1.27099730
3370 816 1.76631949 -1.27635436
3380 816 1.68637564 -1.28679376
3390 816 1.59901432 -1.30135398
3400 816 1.51192773 -1.31495268
3410 816 1.42552793 -1.32978762
3420 816 1.33019970 -1.33583148
3430 816 1.20286646 -1.31193075
3440 816 1.07457169 -1.28775529
3450 816 0.94723845 -1.26385455
3460 816 0.75356005 -1.19187761
3470 816 0.53144802 -1.09929659
3480 816 0.30933599 -1.00671557
3490 816 0.10453139 -0.93363975
3320 829 0.00824163 0.84421803
3330 829 0.15356911 0.63941343
3340 829 0.29862187 0.43364730
3350 829 0.44367462 0.22788118
3360 829 0.54518408 0.06263642
3370 829 0.64298480 -0.09738864
3380 829 0.73954928 -0.25810050
3390 829 0.77718607 -0.33021480
3400 829 0.77430150 -0.34395085
3410 829 0.77237845 -0.35796163
3420 829 0.77073012 -0.37101088
3430 829 0.76784555 -0.38474694
3440 829 0.76592250 -0.39875772
3450 829 0.76303793 -0.41249377
3460 829 0.76111488 -0.42650455
3470 829 0.75850503 -0.43927908
3480 829 0.75658199 -0.45328986
3490 829 0.75369741 -0.46702592
3500 829 0.75204909 -0.48007517
3510 829 0.75012604 -0.49408595
3420 287 -2.06906217 -1.05726426
3430 287 -1.87153768 -1.16674063
3440 287 -1.67497472 -1.27594228
3450 287 -1.47841175 -1.38514393
3460 287 -1.27044786 -1.47264261
3470 287 -1.05740162 -1.54599315
3480 287 -0.84311914 -1.61865689
3490 287 -0.62911138 -1.69228215
3500 287 -0.44422406 -1.67854609
3510 287 -0.26290812 -1.65546952
3520 287 -0.08186690 -1.63335447
3530 287 0.09944905 -1.61027789
3540 287 0.29656146 -1.56467418
3550 287 0.51015713 -1.49777959
3560 287 0.72279129 -1.43061027
3570 287 0.93542544 -1.36344096
3580 287 1.13844435 -1.30080454
3590 287 1.32594152 -1.24517351
3600 287 1.51275189 -1.18830624
3610 287 1.70024906 -1.13267521
3480 811 0.03557639 -1.28418391
3490 811 -0.12760796 -1.24379991
3500 811 -0.33103896 -1.25327779
3510 811 -0.55287627 -1.28349711
3520 811 -0.77471358 -1.31371643
3530 811 -0.82017993 -1.31632628
3540 811 -0.84778940 -1.31467796
3550 811 -0.87471207 -1.31426588
3560 811 -0.90163474 -1.31385379
3570 811 -0.92828269 -1.31248019
3580 811 -0.95520536 -1.31206811
3590 811 -0.97526000 -1.32401848
3600 811 -0.98872134 -1.34929282
3610 811 -1.00286948 -1.37333092
3620 811 -1.01633081 -1.39860526
3630 811 -1.02979215 -1.42387961
3640 811 -1.04394029 -1.44791770
3650 811 -1.05740162 -1.47319205
3660 811 -1.07086296 -1.49846639
3670 811 -1.08501109 -1.52250449
3500 817 -0.09395463 -0.86756932
3510 817 -0.28268804 -0.81468550
3520 817 -0.45040529 -0.79380670
3530 817 -0.61688629 -0.77224109
3540 817 -0.78364202 -0.75163701
3550 817 -0.78721339 -0.76413682
3560 817 -0.79078477 -0.77663663
3570 817 -0.79408142 -0.78817492
3580 817 -0.79792752 -0.80163625
3590 817 -0.80122417 -0.81317454
3600 817 -0.80479554 -0.82567435
3610 817 -0.80836692 -0.83817416
3620 817 -0.81193829 -0.85067397
3630 817 -0.81550967 -0.86317378
3640 817 -0.81908104 -0.87567360
3650 817 -0.82265242 -0.88817341
3660 817 -0.82622379 -0.90067322
3670 817 -0.82979517 -0.91317303
3680 817 -0.83336654 -0.92567284
3690 817 -0.83693792 -0.93817265
