3780 441 0.00000000 0.00000000
3790 441 0.00000000 0.10677547
3800 441 -0.00160149 0.19349014
3810 441 -0.00795126 0.20386706
3820 441 -0.01337386 0.21461859
3830 441 -0.02009825 0.22592269
3840 441 -0.02644802 0.23629960
3850 441 -0.03317241 0.24760370
3860 441 -0.03859501 0.25835523
3870 441 -0.04531940 0.26965933
3880 441 -0.05166917 0.28003624
3890 441 -0.05839356 0.29134034
3900 441 -0.06474334 0.30171725
3910 441 -0.07054055 0.31339596
3920 441 -0.07689032 0.32377288
3930 441 -0.08361471 0.33507698
3940 441 -0.10641021 0.37547952
3950 441 -0.13723190 0.42773871
3960 441 -0.16712641 0.48037253
3970 441 -0.19794810 0.53263172
3590 676 -0.71192385 -0.65111400
3600 676 -0.71831108 -0.62996682
3610 676 -0.72432370 -0.60974682
3620 676 -0.73071093 -0.58859964
3630 676 -0.73709817 -0.56745246
3640 676 -0.74441258 -0.54667989
3650 676 -0.75079982 -0.52553271
3660 676 -0.75718705 -0.50438553
3670 676 -0.76357429 -0.48323835
3680 676 -0.76996152 -0.46209117
3690 676 -0.77634876 -0.44094399
3700 676 -0.78236138 -0.42072399
3710 676 -0.92235608 -0.31982066
3720 676 -1.06235079 -0.21891733
3730 676 -1.23275511 -0.07745225
3740 676 -1.45017397 0.12698610
3750 676 -1.63835390 0.36049480
3760 676 -1.76085395 0.66368243
3770 676 -1.88219269 0.95331825
3780 676 -1.99897982 1.21567253
3710 643 -0.93271427 0.09554629
3720 643 -0.91224140 0.08224736
3730 643 -0.89214315 0.06987560
3740 643 -0.87167028 0.05657667
3750 643 -0.85212459 0.04290311
3760 643 -0.79876964 0.02563323
3770 643 -0.66775640 -0.00232263
3780 643 -0.53674315 -0.03027849
3790 643 -0.42258772 -0.01651128
3800 643 -0.32491547 0.03805181
3810 643 -0.22799245 0.09446927
3820 643 -0.21045097 0.12312754
3830 643 -0.22685923 0.14238290
3840 643 -0.24289288 0.16071108
3850 643 -0.25930114 0.17996644
3860 643 -0.27533479 0.19829462
3870 643 -0.29136843 0.21662280
3880 643 -0.30684952 0.23625278
3890 643 -0.32381034 0.25420634
3900 643 -0.33929143 0.27383632
3910 644 -0.40094417 0.32765954
3920 644 -0.48251721 0.39608350
3930 644 -0.56316308 0.46488208
3940 644 -0.58418851 0.47687921
3950 644 -0.58900235 0.47277715
3960 644 -0.59456543 0.47052944
3970 644 -0.60068106 0.46697994
3980 644 -0.60586952 0.46380505
3990 644 -0.61105798 0.46063016
4000 644 -0.61624644 0.45745528
4010 644 -0.62236207 0.45390577
4020 644 -0.62755053 0.45073089
4030 644 -0.63273899 0.44755600
4040 644 -0.63792745 0.44438111
4050 644 -0.64311590 0.44120623
4060 644 -0.64923154 0.43765672
4070 644 -0.65479462 0.43540901
4080 644 -0.65998308 0.43223413
4090 644 -0.66517153 0.42905924
4100 644 -0.67035999 0.42588435
3920 430 -1.45625214 -1.38219018
3930 430 -1.41142911 -1.24220484
3940 430 -1.37789144 -1.11432902
3950 430 -1.34305198 -0.98700577
3960 430 -1.30821251 -0.85968251
3970 430 -1.27430023 -0.73273387
3980 430 -1.13424933 -0.63624167
3990 430 -0.99382381 -0.54067664
4000 430 -0.81484075 -0.58592112
4010 430 -0.61967419 -0.69257483
4020 430 -0.44166513 -0.77811883
4030 430 -0.28211537 -0.84200054
4040 430 -0.13171565 -0.89124407
4050 430 -0.01734481 -0.88601815
4060 430 0.09572424 -0.88023967
4070 430 0.20972046 -0.87408657
4080 430 0.32371669 -0.86793347
4090 430 0.43716035 -0.86308217
4100 430 0.54505967 -0.86586370
4110 430 0.65333361 -0.86957242
3940 436 -1.34802503 -1.63937473
3950 436 -1.31382242 -1.54250791
3960 436 -1.25727385 -1.46357592
3970 436 -1.10240681 -1.46248016
3980 436 -0.94884157 -1.46083184
3990 436 -0.80200072 -1.44787943
4000 436 -0.68095231 -1.38710704
4010 436 -0.56083108 -1.32670927
4020 436 -0.43978268 -1.26593689
4030 436 -0.31757295 -1.21871630
4040 436 -0.19321854 -1.20082829
4050 436 -0.06979131 -1.18331491
4060 436 0.05456310 -1.16542690
4070 436 0.17891751 -1.14753890
4080 436 0.29813965 -1.14898118
4090 436 0.40873622 -1.17979350
4100 436 0.52025997 -1.21023120
4110 436 0.63178371 -1.24066891
4120 436 0.76625281 -1.24781474
4130 436 0.92329263 -1.23074153
