2150 337 0.00000000 0.00000000
2160 337 0.00000000 0.00223607
2170 337 0.00000000 0.00447214
2180 337 0.00044721 0.00536656
2190 337 0.00044721 0.00760263
2200 337 0.00044721 0.00983870
2210 337 0.00089443 0.01073313
2220 337 0.00089443 0.01296919
2230 337 0.00089443 0.01520526
2240 337 0.00178885 0.01699412
2250 337 0.00134164 0.01833576
2260 337 0.00134164 0.02057183
2270 337 0.00134164 0.02280789
2280 337 0.00223607 0.02459675
2290 337 0.00178885 0.02593839
2300 337 0.00178885 0.02817446
2310 337 0.00268328 0.02996331
2320 337 0.00223607 0.03130495
2330 337 0.00223607 0.03354102
2340 337 0.00223607 0.03577709
2040 516 0.79872348 0.91544623
2050 516 0.79469856 0.91857673
2060 516 0.78977921 0.92215443
2070 516 0.78620150 0.92617936
2080 516 0.78217658 0.92930985
2090 516 0.77770444 0.93378199
2100 516 0.77367952 0.93691248
2110 516 0.77010181 0.94093740
2120 516 0.76518246 0.94451511
2130 516 0.76115754 0.94764561
2140 516 0.75757983 0.95167053
2150 516 0.75266048 0.95524824
2160 516 0.74908277 0.95927316
2170 516 0.74505785 0.96240366
2180 516 0.74058571 0.96687579
2190 516 0.73656079 0.97000629
2200 516 0.73253587 0.97313678
2210 516 0.72806373 0.97760892
2220 516 0.72403881 0.98073941
2230 516 0.72001389 0.98386991
2060 365 -0.95569545 0.19945726
2070 365 -0.92081279 0.04561579
2080 365 -0.88593013 -0.10822569
2090 365 -0.79917070 -0.19856284
2100 365 -0.70078370 -0.27235308
2110 365 -0.60105507 -0.34569611
2120 365 -0.50177365 -0.41993357
2130 365 -0.40204502 -0.49327660
2140 365 -0.33362134 -0.56885569
2150 365 -0.26788094 -0.64532922
2160 365 -0.20258776 -0.72046110
2170 365 -0.13684736 -0.79693463
2180 365 -0.07200139 -0.87296094
2190 365 -0.06126826 -0.86938323
2200 365 -0.05187678 -0.86625273
2210 365 -0.04159086 -0.86356945
2220 365 -0.03130495 -0.86088617
2230 365 -0.02191347 -0.85775568
2240 365 -0.01162755 -0.85507239
2250 365 -0.00178885 -0.85104747
2060 376 -0.71062240 -1.10595922
2070 376 -0.67842302 -1.13547532
2080 376 -0.64577643 -1.16409699
2090 376 -0.61268263 -1.19406030
2100 376 -0.58003603 -1.22268197
2110 376 -0.54694223 -1.25264528
2120 376 -0.51429563 -1.28126695
2130 376 -0.48120183 -1.31123026
2140 376 -0.44855524 -1.33985193
2150 376 -0.34390725 -1.38993985
2160 376 -0.22092352 -1.44360549
2170 376 -0.09749256 -1.49861276
2180 376 -0.04427415 -1.51963180
2190 376 -0.03622430 -1.51918458
2200 376 -0.02951610 -1.51918458
2210 376 -0.02280789 -1.51918458
2220 376 -0.01565248 -1.51829016
2230 376 -0.00804984 -1.51873737
2240 376 -0.00089443 -1.51784294
2250 376 0.00581378 -1.51784294
2080 213 0.09167879 -0.48299068
2090 213 0.08810108 -0.49014610
2100 213 0.08541780 -0.49774873
2110 213 0.08184009 -0.50490415
2120 213 0.07915681 -0.51250678
2130 213 0.07647352 -0.52010941
2140 213 0.07289582 -0.52726483
2150 213 0.07021253 -0.53486746
2160 213 0.06663483 -0.54202288
2170 213 0.04293251 -0.53352582
2180 213 0.01878297 -0.52592319
2190 213 -0.00581378 -0.51697892
2200 213 -0.02996331 -0.50937629
2210 213 -0.05456006 -0.50043201
2220 213 -0.07826238 -0.49193496
2230 213 -0.10330634 -0.48388511
2240 213 -0.12700866 -0.47538805
2250 213 -0.15115820 -0.46778542
2260 213 -0.17575494 -0.45884115
2270 213 -0.19990448 -0.45123852
2080 347 -0.73387751 0.31439116
2090 347 -0.77054903 0.25893667
2100 347 -0.80677333 0.20437661
2110 347 -0.84255041 0.14847491
2120 347 -0.87877472 0.09391486
2130 347 -0.91544623 0.03846037
2140 347 -0.95748431 -0.03667151
2150 347 -1.04737424 -0.29918590
2160 347 -1.13771139 -0.56259470
2170 347 -1.13905303 -0.79335692
2180 347 -1.05184638 -0.99460304
2190 347 -0.96419251 -1.19495473
2200 347 -0.98923647 -1.22715411
2210 347 -1.04290210 -1.21820983
2220 347 -1.09612052 -1.20837114
2230 347 -1.14933894 -1.19853244
2240 347 -1.20300457 -1.18958816
2250 347 -1.20211014 -1.14755009
2260 347 -1.07375984 -1.03172176
2270 347 -0.94451511 -0.91634066
2130 399 -0.95793152 -0.87609143
2140 399 -0.90113539 -0.90337146
2150 399 -0.79201528 -0.94675118
2160 399 -0.68378959 -0.98968369
2170 399 -0.57556390 -1.03261619
2180 399 -0.46599657 -1.07510148
2190 399 -0.45749951 -1.07823198
2200 399 -0.44855524 -1.08046805
2210 399 -0.44005818 -1.08359854
2220 399 -0.43021948 -1.08628182
2230 399 -0.42172242 -1.08941232
2240 399 -0.41277815 -1.09164839
2250 399 -0.40428109 -1.09477888
2260 399 -0.39533682 -1.09701495
2270 399 -0.38594533 -1.10059266
2280 399 -0.37700106 -1.10282873
2290 399 -0.36805679 -1.10506479
2300 399 -0.35955973 -1.10819529
2310 399 -0.35106267 -1.11132578
2320 399 -0.34122397 -1.11400907
2240 517 0.71643618 0.98789483
2250 517 0.71151683 0.99147254
2260 517 0.70793912 0.99549746
2270 517 0.70391420 0.99862796
2280 517 0.69899485 1.00220567
2290 517 0.69541714 1.00623059
2300 517 0.69139222 1.00936109
2310 517 0.68692008 1.01383322
2320 517 0.68289516 1.01696372
2330 517 0.67931745 1.02098864
2340 517 0.67439810 1.02456635
2350 517 0.67037318 1.02769684
2360 517 0.66679547 1.03172176
2370 517 0.66187612 1.03529947
2380 517 0.65829841 1.03932440
2390 517 0.65427349 1.04245489
2400 517 0.64935414 1.04603260
2410 517 0.64577643 1.05005752
2420 517 0.64175151 1.05318802
2430 517 0.63727937 1.05766015
2260 366 0.00849706 -0.84836419
2270 366 0.01788854 -0.84523370
2280 366 0.02817446 -0.84255041
2290 366 0.03756594 -0.83941992
2300 366 0.04829907 -0.83584221
2310 366 0.05769055 -0.83271171
2320 366 0.06797647 -0.83002843
2330 366 0.07736795 -0.82689794
2340 366 0.08765386 -0.82421466
2350 366 0.09793978 -0.82153137
2360 366 0.10777848 -0.81750645
2370 366 0.11806439 -0.81482317
2380 366 0.12745587 -0.81169268
2390 366 0.13774179 -0.80900939
2400 366 0.14713327 -0.80587890
2410 366 0.15741919 -0.80319562
2420 366 0.16725788 -0.79917070
2430 366 0.17754380 -0.79648741
2440 366 0.18693528 -0.79335692
2450 366 0.19722120 -0.79067364
2260 377 0.01252198 -1.51784294
2270 377 0.02057183 -1.51739573
2280 377 0.02728003 -1.51739573
2290 377 0.03443545 -1.51650130
2300 377 0.04114365 -1.51650130
2310 377 0.04874628 -1.51694852
2320 377 0.05590170 -1.51605409
2330 377 0.06260990 -1.51605409
2340 377 0.06976532 -1.51515966
2350 377 0.07736795 -1.51560688
2360 377 0.08407616 -1.51560688
2370 377 0.09123157 -1.51471245
2380 377 0.09793978 -1.51471245
2390 377 0.10554241 -1.51515966
2400 377 0.11269783 -1.51426523
2410 377 0.11940603 -1.51426523
2420 377 0.12656145 -1.51337081
2430 377 0.13416408 -1.51381802
2440 377 0.14131950 -1.51292359
2450 377 0.14802770 -1.51292359
2280 214 -0.22450122 -0.44229425
2290 214 -0.22763172 -0.43737490
2300 214 -0.22673729 -0.43334997
2310 214 -0.22494844 -0.42977227
2320 214 -0.22360680 -0.42485292
2330 214 -0.22181794 -0.42127521
2340 214 -0.22002909 -0.41769750
2350 214 -0.21868745 -0.41277815
2360 214 -0.21689859 -0.40920044
2370 214 -0.21510974 -0.40562273
2380 214 -0.21421531 -0.40159781
2390 214 -0.21197924 -0.39712567
2400 214 -0.21108482 -0.39310075
2410 214 -0.20884875 -0.38862861
2420 214 -0.20795432 -0.38460369
2430 214 -0.20616547 -0.38102598
2440 214 -0.20392940 -0.37655385
2450 214 -0.20303497 -0.37252893
2460 214 -0.20124612 -0.36895122
2470 214 -0.19945726 -0.36537351
2280 348 -0.81616481 -0.80051234
2290 348 -0.78083494 -0.75221327
2300 348 -0.75579098 -0.71106962
2310 348 -0.73074702 -0.66992597
2320 348 -0.70570305 -0.62878232
2330 348 -0.67976467 -0.58808588
2340 348 -0.66008727 -0.55767535
2350 348 -0.65740399 -0.57019733
2360 348 -0.65472070 -0.58271931
2370 348 -0.65203742 -0.59524130
2380 348 -0.65024857 -0.60731606
2390 348 -0.64801250 -0.62073247
2400 348 -0.64532922 -0.63325445
2410 348 -0.64264594 -0.64577643
2420 348 -0.63996266 -0.65829841
2430 348 -0.63862101 -0.67126761
2440 348 -0.63593773 -0.68378959
2450 348 -0.63325445 -0.69631157
2460 348 -0.63057117 -0.70883355
2470 348 -0.62922953 -0.72180274
2330 400 -0.33272692 -1.11713956
2340 400 -0.32378264 -1.11937563
2350 400 -0.31483837 -1.12161170
2360 400 -0.30634131 -1.12474219
2370 400 -0.29650261 -1.12742547
2380 400 -0.28800556 -1.13055597
2390 400 -0.27906128 -1.13279204
2400 400 -0.27056423 -1.13592253
2410 400 -0.26161995 -1.13815860
2420 400 -0.25222847 -1.14173631
2430 400 -0.24328420 -1.14397238
2440 400 -0.23478714 -1.14710287
2450 400 -0.22584287 -1.14933894
2460 400 -0.21645138 -1.15291665
2470 400 -0.20750711 -1.15515272
2480 400 -0.19901005 -1.15828321
2490 400 -0.19006578 -1.16051928
2500 400 -0.18156872 -1.16364978
2510 400 -0.17262445 -1.16588584
2520 400 -0.16323296 -1.16946355
