2460 378 0.00000000 0.00000000
2470 378 0.00000000 0.00721110
2480 378 0.00083205 0.01386750
2490 378 0.00083205 0.02107861
2500 378 0.00166410 0.02773501
2510 378 0.00305085 0.03522346
2520 378 0.00305085 0.04243457
2530 378 0.00388290 0.04909097
2540 378 0.00471495 0.05574737
2550 378 0.00526965 0.06379052
2560 378 0.00610170 0.07044692
2570 378 0.00610170 0.07765803
2580 378 0.00693375 0.08431443
2590 378 0.00832050 0.09180288
2600 378 0.00832050 0.09901399
2610 378 0.00915255 0.10567039
2620 378 0.00970725 0.11371354
2630 378 0.01053930 0.12036994
2640 378 0.01053930 0.12758105
2650 378 0.01137135 0.13423745
2280 214 -1.10995509 -0.24434544
2290 214 -1.11522474 -0.24684159
2300 214 -1.11910765 -0.24545484
2310 214 -1.12243585 -0.24323604
2320 214 -1.12715080 -0.24129459
2330 214 -1.13047900 -0.23907578
2340 214 -1.13380720 -0.23685698
2350 214 -1.13852215 -0.23491553
2360 214 -1.14185035 -0.23269673
2370 214 -1.14517856 -0.23047793
2380 214 -1.14906146 -0.22909118
2390 214 -1.15322171 -0.22631768
2400 214 -1.15710461 -0.22493093
2410 214 -1.16126486 -0.22215743
2420 214 -1.16514776 -0.22077068
2430 214 -1.16847596 -0.21855188
2440 214 -1.17263621 -0.21577838
2450 214 -1.17651912 -0.21439163
2460 214 -1.17984732 -0.21217283
2470 214 -1.18317552 -0.20995402
2280 348 -0.82789004 -0.87587161
2290 348 -0.87143401 -0.83482380
2300 348 -0.90915362 -0.80486998
2310 348 -0.94687323 -0.77491617
2320 348 -0.98459285 -0.74496236
2330 348 -1.02175776 -0.71417650
2340 348 -1.04949277 -0.69087909
2350 348 -1.03673467 -0.68976969
2360 348 -1.02397656 -0.68866029
2370 348 -1.01121846 -0.68755089
2380 348 -0.99901505 -0.68727354
2390 348 -0.98542490 -0.68671884
2400 348 -0.97266679 -0.68560944
2410 348 -0.95990869 -0.68450004
2420 348 -0.94715059 -0.68339064
2430 348 -0.93411513 -0.68366799
2440 348 -0.92135703 -0.68255859
2450 348 -0.90859892 -0.68144919
2460 348 -0.89584082 -0.68033979
2470 348 -0.88280536 -0.68061714
2330 400 -0.45374476 -0.43543965
2340 400 -0.45041656 -0.42684180
2350 400 -0.44708836 -0.41824395
2360 400 -0.44292811 -0.41020080
2370 400 -0.43904521 -0.40077089
2380 400 -0.43488495 -0.39272774
2390 400 -0.43155675 -0.38412989
2400 400 -0.42739650 -0.37608673
2410 400 -0.42406830 -0.36748888
2420 400 -0.41935335 -0.35861368
2430 400 -0.41602515 -0.35001582
2440 400 -0.41186490 -0.34197267
2450 400 -0.40853669 -0.33337482
2460 400 -0.40382174 -0.32449961
2470 400 -0.40049354 -0.31590176
2480 400 -0.39633329 -0.30785861
2490 400 -0.39300509 -0.29926076
2500 400 -0.38884484 -0.29121760
2510 400 -0.38551664 -0.28261975
2520 400 -0.38080168 -0.27374455
2350 338 -1.55787550 0.04104781
2360 338 -1.55926225 0.04077046
2370 338 -1.56148105 0.04104781
2380 338 -1.56314515 0.04215721
2390 338 -1.56536395 0.04243457
2400 338 -1.56675070 0.04215721
2410 338 -1.56896951 0.04243457
2420 338 -1.57063361 0.04354397
2430 338 -1.57202036 0.04326662
2440 338 -1.57423916 0.04354397
2450 338 -1.57590326 0.04465337
2460 338 -1.57812206 0.04493072
2470 338 -1.57950881 0.04465337
2480 338 -1.58172761 0.04493072
2490 338 -1.58339171 0.04604012
2500 338 -1.58477846 0.04576277
2510 338 -1.58699726 0.04604012
2520 338 -1.58866136 0.04714952
2530 338 -1.59088016 0.04742687
2540 338 -1.59226691 0.04714952
2390 552 1.17402297 -1.07833718
2400 552 1.05254362 -1.01898426
2410 552 0.96545569 -0.95491639
2420 552 0.93189633 -0.88446946
2430 552 0.89916902 -0.81457724
2440 552 0.86505496 -0.74496236
2450 552 0.83149559 -0.67451544
2460 552 0.79876828 -0.60462321
2470 552 0.75383757 -0.45929176
2480 552 0.69420730 -0.20080147
2490 552 0.63319027 0.05741147
2500 552 0.48092507 0.28151035
2510 552 0.31867526 0.50144898
2520 552 0.15587076 0.72055555
2530 552 0.00748845 0.95408434
2540 552 -0.10761184 1.21590283
2550 552 -0.22354418 1.47827602
2560 552 -0.33808977 1.74092657
2570 552 -0.50671863 1.96031049
2580 552 -0.68172654 2.17553417
2460 367 -0.71334445 0.14144855
2470 367 -0.71528590 0.15115580
2480 367 -0.71750470 0.16224981
2490 367 -0.71944615 0.17195706
2500 367 -0.72083290 0.18249636
2510 367 -0.72277436 0.19220362
2520 367 -0.72416111 0.20274292
2530 367 -0.72610256 0.21245018
2540 367 -0.72832136 0.22354418
2550 367 -0.72970811 0.23408348
2560 367 -0.73164956 0.24379074
2570 367 -0.73303631 0.25433004
2580 367 -0.73497776 0.26403729
2590 367 -0.73719656 0.27513130
2600 367 -0.73497776 0.30009281
2610 367 -0.73164956 0.32671842
2620 367 -0.72915341 0.35389873
2630 367 -0.72582521 0.38052433
2640 367 -0.72388376 0.40687259
2650 367 -0.72138761 0.43405290
2480 215 -1.18789047 -0.20801257
2490 215 -1.19121867 -0.20579377
2500 215 -1.19510157 -0.20440702
2510 215 -1.19926182 -0.20163352
2520 215 -1.20314473 -0.20024677
2530 215 -1.20730498 -0.19747327
2540 215 -1.21063318 -0.19525447
2550 215 -1.21451608 -0.19386772
2560 215 -1.21784428 -0.19164892
2570 215 -1.22255923 -0.18970747
2580 215 -1.22588743 -0.18748867
2590 215 -1.22921563 -0.18526987
2600 215 -1.23393059 -0.18332841
2610 215 -1.23725879 -0.18110961
2620 215 -1.24114169 -0.17972286
2630 215 -1.24530194 -0.17694936
2640 215 -1.24863014 -0.17473056
2650 215 -1.25251304 -0.17334381
2660 215 -1.25667329 -0.17057031
2670 215 -1.26055620 -0.16918356
2480 349 -0.87004726 -0.67950774
2490 349 -0.85728915 -0.67839834
2500 349 -0.84508575 -0.67812099
2510 349 -0.83149559 -0.67756629
2520 349 -0.81873749 -0.67645689
2530 349 -0.79544008 -0.65593298
2540 349 -0.76604097 -0.62625652
2550 349 -0.73719656 -0.59741211
2560 349 -0.70918420 -0.56801300
2570 349 -0.68033979 -0.53916859
2580 349 -0.65177273 -0.50893743
2590 349 -0.62292832 -0.48009302
2600 349 -0.59491596 -0.45069391
2610 349 -0.57383735 -0.41907600
2620 349 -0.56718095 -0.38385254
2630 349 -0.56052455 -0.34862907
2640 349 -0.55303610 -0.31396031
2650 349 -0.54637969 -0.27873685
2660 349 -0.53972329 -0.24351339
2670 349 -0.53168014 -0.20801257
2530 401 -0.37747348 -0.26514669
2540 401 -0.37331323 -0.25710354
2550 401 -0.36998503 -0.24850569
2560 401 -0.36665683 -0.23990783
2570 401 -0.36194188 -0.23103263
2580 401 -0.35861368 -0.22243478
2590 401 -0.35445343 -0.21439163
2600 401 -0.35223462 -0.17500791
2610 401 -0.35167992 -0.10567039
2620 401 -0.35112522 -0.03633286
2630 401 -0.35057052 0.03300466
2640 401 -0.35001582 0.10234219
2650 401 -0.34862907 0.17112501
2660 401 -0.34807437 0.24046254
2670 401 -0.34751967 0.30980006
2680 401 -0.34696497 0.37913758
2690 401 -0.34641027 0.44847511
2700 401 -0.34585557 0.51781263
2710 401 -0.34446882 0.59741211
2720 401 -0.34280472 0.69365260
2550 339 -1.59448571 0.04742687
2560 339 -1.59614981 0.04853627
2570 339 -1.59753657 0.04825892
2580 339 -1.59975537 0.04853627
2590 339 -1.60141947 0.04964567
2600 339 -1.60363827 0.04992302
2610 339 -1.60502502 0.04964567
2620 339 -1.60724382 0.04992302
2630 339 -1.60890792 0.05103242
2640 339 -1.61029467 0.05075507
2650 339 -1.61251347 0.05103242
2660 339 -1.61417757 0.05214182
2670 339 -1.61639637 0.05241917
2680 339 -1.61778312 0.05214182
2690 339 -1.62000192 0.05241917
2700 339 -1.62166602 0.05352857
2710 339 -1.62388482 0.05380592
2720 339 -1.62527157 0.05352857
2730 339 -1.62693568 0.05463797
2740 339 -1.62915448 0.05491532
