3340 433 0.00000000 0.00000000
3350 433 0.00000000 0.01431782
3360 433 0.00090796 0.02905470
3370 433 0.00132702 0.04246456
3380 433 0.00132702 0.05678238
3390 433 0.00132702 0.07110020
3400 433 -0.03380403 0.12096813
3410 433 -0.09456746 0.19535095
3420 433 -0.15491184 0.26882582
3430 433 -0.21525622 0.34230069
3440 433 -0.26526383 0.41724226
3450 433 -0.27252750 0.49979672
3460 433 -0.28069914 0.58193212
3470 433 -0.28796281 0.66448658
3480 433 -0.29613445 0.74662199
3490 433 -0.29585507 0.84146882
3500 433 -0.28991842 0.94553493
3510 433 -0.28447066 1.04827403
3520 433 -0.27853400 1.15234014
3530 433 -0.21281171 1.23664068
3210 583 1.14109542 -0.61105667
3220 583 1.14898768 -0.61622505
3230 583 1.15687994 -0.62139343
3240 583 1.16386424 -0.62698088
3250 583 1.17175651 -0.63214926
3260 583 1.17964877 -0.63731764
3270 583 1.18663307 -0.64290509
3280 583 1.19452533 -0.64807347
3290 583 1.20241760 -0.65324186
3300 583 1.20940190 -0.65882930
3310 583 1.21729416 -0.66399768
3320 583 1.22518642 -0.66916607
3330 583 1.23217073 -0.67475351
3340 583 1.23964393 -0.67901393
3350 583 1.24753619 -0.68418232
3360 583 1.25452050 -0.68976976
3370 583 1.26241276 -0.69493814
3380 583 1.27030502 -0.70010653
3390 583 1.27728932 -0.70569397
3400 583 1.28518159 -0.71086236
3320 427 -0.39559092 -0.08786253
3330 427 -0.39573061 -0.07801466
3340 427 -0.39677825 -0.06858586
3350 427 -0.39691794 -0.05873799
3360 427 -0.39796558 -0.04930918
3370 427 -0.39852433 -0.03855335
3380 427 -0.39957197 -0.02912454
3390 427 -0.39971166 -0.01927668
3400 427 -0.40075930 -0.00984787
3410 427 -0.42653138 0.02451490
3420 427 -0.48959964 0.09673260
3430 427 -0.55266789 0.16895029
3440 427 -0.61573615 0.24116798
3450 427 -0.66769936 0.33943712
3460 427 -0.70855754 0.46375772
3470 427 -0.74892681 0.58940533
3480 427 -0.79111200 0.71421482
3490 427 -0.81402051 0.84021165
3500 427 -0.79697881 0.97032921
3510 427 -0.77951805 1.09953881
3410 584 1.29307385 -0.71603074
3420 584 1.30201376 -0.71631011
3430 584 1.31381723 -0.71086236
3440 584 1.32471274 -0.70583366
3450 584 1.33651621 -0.70038590
3460 584 1.34831969 -0.69493814
3470 584 1.36012316 -0.68949039
3480 584 1.37101867 -0.68446169
3490 584 1.38282214 -0.67901393
3500 584 1.39462561 -0.67356618
3510 584 1.40552113 -0.66853748
3520 584 1.41732460 -0.66308972
3530 584 1.42912807 -0.65764197
3540 584 1.44002358 -0.65261327
3550 584 1.45182706 -0.64716551
3560 584 1.46363053 -0.64171776
3570 584 1.47452604 -0.63668906
3580 584 1.48632951 -0.63124130
3590 584 1.49722503 -0.62621260
3600 584 1.50902850 -0.62076485
3440 690 2.34602736 2.56742977
3450 690 2.14990814 2.41964192
3460 690 1.95246189 2.27234297
3470 690 1.77506060 2.09354481
3480 690 1.62832039 1.86501842
3490 690 1.47550384 1.64249853
3500 690 1.26262229 1.45943995
3510 690 1.05022964 1.27770838
3520 690 0.79516289 1.13355237
3530 690 0.51271768 1.01530812
3540 690 0.24899040 0.86605357
3550 690 0.01375908 0.66937560
3560 690 -0.22147225 0.47269762
3570 690 -0.44469057 0.20226541
3580 690 -0.66176271 -0.10057396
3590 690 -0.88903192 -0.40041009
3600 690 -1.20982096 -0.68613792
3610 690 -1.53060999 -0.97186576
3620 690 -1.88310776 -1.28434347
3630 690 -2.23518648 -1.59772914
3480 694 2.48585311 2.57469344
3490 694 2.35943723 2.40951468
3500 694 2.23211338 2.24391685
3510 694 2.10569750 2.07873809
3520 694 1.88562211 1.95183330
3530 694 1.62531714 1.84050352
3540 694 1.36501217 1.72917373
3550 694 1.06440777 1.60254831
3560 694 0.75339676 1.47222122
3570 694 0.57096677 1.29000076
3580 694 0.42031535 1.09381169
3590 694 0.25653345 0.89266376
3600 694 0.06411590 0.67719801
3610 694 -0.12830165 0.46173227
3620 694 -0.34439598 0.26177167
3630 694 -0.57578594 0.07347487
3640 694 -0.80766479 -0.11614896
3650 694 -1.03835632 -0.31073164
3660 694 -1.26709224 -0.51432407
3670 694 -1.49673612 -0.71833556
3500 697 2.66723546 2.20794769
3510 697 2.45994134 2.08914470
3520 697 2.25264723 1.97034171
3530 697 2.00924427 1.82716350
3540 697 1.71192250 1.64808597
3550 697 1.41460072 1.46900844
3560 697 1.18349014 1.27533372
3570 697 0.96041150 1.08096057
3580 697 0.79167074 0.86430749
3590 697 0.62914601 0.64611787
3600 697 0.42646154 0.41710257
3610 697 0.20575757 0.18417607
3620 697 -0.01347970 -0.01613374
3630 697 -0.22894545 -0.13870826
3640 697 -0.44483026 -0.26037481
3650 697 -0.61357101 -0.47702789
3660 697 -0.78859765 -0.69437940
3670 697 -1.02320038 -0.92821386
3680 697 -1.25780312 -1.16204833
3690 697 -1.57111895 -1.46635441
3520 428 -0.76114934 1.22916748
3530 428 -0.75598095 1.30864885
3540 428 -0.76785427 1.31528393
3550 428 -0.77930852 1.32101106
3560 428 -0.79118184 1.32764615
3570 428 -0.80263610 1.33337328
3580 428 -0.81450941 1.34000837
3590 428 -0.82596367 1.34573549
3600 428 -0.83783698 1.35237058
3610 428 -0.84929124 1.35809771
3620 428 -0.86207251 1.36431374
3630 428 -0.87352677 1.37004087
3640 428 -0.88540009 1.37667596
3650 428 -0.89685434 1.38240308
3660 428 -0.90872766 1.38903817
3670 428 -0.92018191 1.39476530
3680 428 -0.93205523 1.40140039
3690 428 -0.94350949 1.40712752
3700 428 -0.95538280 1.41376260
3710 428 -0.99498380 1.42081675
