2790 554 0.00000000 0.00000000
2800 554 -0.00000000 0.04716991
2810 554 -0.00585119 0.06875146
2820 554 -0.01324997 0.07313985
2830 554 -0.02164516 0.07744345
2840 554 -0.03004034 0.08174704
2850 554 -0.03843552 0.08605063
2860 554 -0.04683071 0.09035422
2870 554 -0.05522589 0.09465781
2880 554 -0.06362107 0.09896140
2890 554 -0.07201626 0.10326499
2900 554 -0.07933024 0.10665699
2910 554 -0.08781022 0.11195698
2920 554 -0.09620541 0.11626057
2930 554 -0.10451579 0.11956776
2940 554 -0.11291097 0.12387135
2950 554 -0.12130616 0.12817494
2960 554 -0.12970134 0.13247854
2970 554 -0.13809652 0.13678213
2980 554 -0.14549531 0.14117052
2630 795 2.30184900 0.47691425
2640 795 2.17295325 0.38766242
2650 795 2.04306111 0.29832580
2660 795 1.92393855 0.22395635
2670 795 1.80646959 0.15374209
2680 795 1.68900062 0.08352783
2690 795 1.57087446 0.00924318
2700 795 1.44852950 -0.07443305
2710 795 1.32718095 -0.15802448
2720 795 1.26057068 -0.24799710
2730 795 1.21829796 -0.34091652
2740 795 1.17594045 -0.43283953
2750 795 1.13267133 -0.52584375
2760 795 1.15624569 -0.66133268
2770 795 1.18738843 -0.80320279
2780 795 1.21912476 -0.95204770
2790 795 1.25096710 -1.11393057
2800 795 1.28172824 -1.27490185
2810 795 1.31225618 -1.35058570
2820 795 1.34163932 -1.38923322
2630 798 2.41478117 0.95421009
2640 798 2.27467065 0.86701467
2650 798 2.13464493 0.77882284
2660 798 2.01505597 0.68634863
2670 798 1.92338735 0.58420723
2680 798 1.83271513 0.48215064
2690 798 1.74096172 0.38100564
2700 798 1.66737667 0.29043942
2710 798 1.59752280 0.20320159
2720 798 1.52775374 0.11496737
2730 798 1.44609151 0.03676073
2740 798 1.35910808 -0.03788432
2750 798 1.27104346 -0.11161778
2760 798 1.18406003 -0.18626283
2770 798 1.13411293 -0.35410289
2780 798 1.10860938 -0.58509763
2790 798 1.08210944 -0.81617717
2800 798 1.05652109 -1.04617551
2810 798 1.08321183 -1.20648959
2820 798 1.11528737 -1.35932008
2980 412 -1.40248320 -2.11755776
2990 412 -1.22397955 -1.85648029
3000 412 -1.04539111 -1.59639921
3010 412 -0.86430107 -1.38929682
3020 412 -0.68217224 -1.20619279
3030 412 -0.50103980 -1.02317355
3040 412 -0.31931376 -0.84712911
3050 412 -0.13905052 -0.68927422
3060 412 0.04220912 -0.53133454
3070 412 0.22247236 -0.37347965
3080 412 0.40169680 -0.23879632
3090 412 0.57937364 -0.12130616
3100 412 0.75705049 -0.00381599
3110 412 0.93464253 0.11467057
3120 412 1.08834222 0.21908036
3130 412 1.23913752 0.32223936
3140 412 1.38993282 0.42539835
3150 412 1.54064332 0.52955374
3160 412 1.68071144 0.64083232
3170 412 1.81554317 0.75467609
2980 416 -0.95257769 -2.09733301
2990 416 -0.74081132 -1.86152588
3000 416 -0.53599853 -1.63835392
3010 416 -0.35982688 -1.46780026
3020 416 -0.18465163 -1.29733141
3030 416 -0.00839518 -1.12777414
3040 416 0.17269485 -0.96784166
3050 416 0.35512049 -0.81180998
3060 416 0.53754612 -0.65577829
3070 416 0.70114620 -0.51439577
3080 416 0.84401271 -0.38882842
3090 416 0.98679443 -0.26226468
3100 416 1.12966094 -0.13669733
3110 416 1.28363623 -0.04731831
3120 416 1.44670631 0.01774436
3130 416 1.60977638 0.08280703
3140 416 1.77176526 0.14878130
3150 416 1.90119100 0.26718307
3160 416 2.02603755 0.39222042
3170 416 2.15188050 0.51734257
