3820 655 0.00000000 0.00000000
3830 655 0.00000000 0.00989949
3840 655 0.00141421 0.01979899
3850 655 0.00141421 0.02828427
3860 655 0.00212132 0.03747666
3870 655 0.00353553 0.04737615
3880 655 0.00353553 0.05586144
3890 655 0.00353553 0.06576093
3900 655 0.00494975 0.07566043
3910 655 0.00494975 0.08414571
3920 655 0.00565685 0.09333810
3930 655 0.00707107 0.10323759
3940 655 0.00636396 0.11242998
3950 655 0.00707107 0.12162237
3960 655 0.00777817 0.13081475
3970 655 0.00777817 0.13505740
3980 655 0.00565685 0.13293607
3990 655 0.00353553 0.12940054
4000 655 0.00070711 0.12657211
4010 655 -0.00070711 0.12374369
3650 662 -0.42709250 0.11030866
3660 662 -0.42921382 0.11242998
3670 662 -0.43062803 0.11525841
3680 662 -0.43274935 0.11737973
3690 662 -0.43557778 0.12020815
3700 662 -0.43769910 0.12232947
3710 662 -0.43911331 0.12515790
3720 662 -0.44123463 0.12727922
3730 662 -0.44335595 0.12940054
3740 662 -0.44547727 0.13293607
3750 662 -0.44759859 0.13505740
3760 662 -0.44971991 0.13717872
3770 662 -0.45184123 0.13930004
3780 662 -0.45325545 0.14212846
3790 662 -0.45537677 0.14424978
3800 662 -0.45820519 0.14707821
3810 662 -0.45961941 0.14990664
3820 662 -0.46174073 0.15202796
3830 662 -0.46386205 0.15414928
3840 662 -0.46527626 0.15697771
3680 812 0.73539105 -2.90196623
3690 812 0.71983470 -2.87792460
3700 812 0.69367175 -2.83196266
3710 812 0.56285700 -2.58376818
3720 812 0.43204224 -2.33698791
3730 812 0.32668333 -2.12414877
3740 812 0.24607316 -1.94595786
3750 812 0.16617009 -1.76705985
3760 812 0.13222897 -1.64826591
3770 812 0.16758431 -1.61998164
3780 812 0.20435386 -1.59028315
3790 812 0.24041631 -1.56270599
3800 812 0.27647875 -1.53371461
3810 812 0.31254120 -1.50472323
3820 812 0.34931075 -1.47643896
3830 812 0.38537320 -1.44744758
3840 812 0.37193817 -1.36613030
3850 812 0.32526912 -1.24733636
3860 812 0.27860007 -1.12995664
3870 812 0.23193102 -1.01257691
3790 474 0.15344217 1.77978777
3800 474 0.15697771 1.36471609
3810 474 0.18172644 0.95954390
3820 474 0.29415642 0.59679812
3830 474 0.40587929 0.23475945
3840 474 0.51265242 -0.00212132
3850 474 0.61518290 -0.11596551
3860 474 0.71700628 -0.22910260
3870 474 0.72973420 -0.34223968
3880 474 0.68306515 -0.45396255
3890 474 0.63639610 -0.56568542
3900 474 0.62225397 -0.78630274
3910 474 0.65548799 -1.17309015
3920 474 0.67670119 -1.54927096
3930 474 0.64912403 -1.88514668
3940 474 0.62225397 -2.22172951
3950 474 0.59114127 -2.48618744
3960 474 0.55720014 -2.70256212
3970 474 0.52325902 -2.91893679
3980 474 0.49426764 -3.10207745
3850 663 -0.46739758 0.15909903
3860 663 -0.47022601 0.16192745
3870 663 -0.47164022 0.16475588
3880 663 -0.47376154 0.16687720
3890 663 -0.47588286 0.16899852
3900 663 -0.47729708 0.17182695
3910 663 -0.48012550 0.17465537
3920 663 -0.48224682 0.17677670
3930 663 -0.48436815 0.17889802
3940 663 -0.48578236 0.18172644
3950 663 -0.48790368 0.18384776
3960 663 -0.49073211 0.18667619
3970 663 -0.49214632 0.18950462
3980 663 -0.49426764 0.19162594
3990 663 -0.49638896 0.19374726
4000 663 -0.49851028 0.19586858
4010 663 -0.50063160 0.19940411
4020 663 -0.50275292 0.20152543
4030 663 -0.50487424 0.20364675
4040 663 -0.50628846 0.20647518
3880 813 0.21213203 -0.84852814
3890 813 0.20011122 -0.67387276
3900 813 0.19728279 -0.50275292
3910 813 0.28001429 -0.36345289
3920 813 0.36274578 -0.22556706
3930 813 0.44547727 -0.08626703
3940 813 0.42284986 0.16404877
3950 813 0.38890873 0.42709250
3960 813 0.35426050 0.69084333
3970 813 0.32951176 0.76084690
3980 813 0.30829856 0.78206010
3990 813 0.28637825 0.80398041
4000 813 0.26445794 0.82590072
4010 813 0.24324473 0.84711392
4020 813 0.22132442 0.86903423
4030 813 0.19940411 0.89095454
4040 813 0.17748380 0.91287485
4050 813 0.15627060 0.93408806
4060 813 0.14990664 0.94186623
4070 813 0.14637110 0.94823019
3900 819 1.57331259 -1.70907709
3910 819 1.54714964 -1.49623795
3920 819 1.52098669 -1.28198459
3930 819 1.49411663 -1.06843835
3940 819 1.38451508 -0.82024387
3950 819 1.23814397 -0.55790725
3960 819 1.09106576 -0.29486353
3970 819 0.95176573 -0.09758074
3980 819 0.82024387 0.03394113
3990 819 0.68872200 0.16546299
4000 819 0.63356768 0.22768838
4010 819 0.58619152 0.28213561
4020 819 0.53952247 0.33728993
4030 819 0.49285343 0.39103005
4040 819 0.45679098 0.44689149
4050 819 0.43204224 0.50416713
4060 819 0.40800061 0.56073568
4070 819 0.38395898 0.61871843
4080 819 0.35850314 0.67528698
4090 819 0.33446151 0.73326973
