3650 662 0.00000000 0.00000000
3660 662 0.00000000 0.00300000
3670 662 0.00100000 0.00600000
3680 662 0.00100000 0.00900000
3690 662 0.00100000 0.01300000
3700 662 0.00100000 0.01600000
3710 662 0.00200000 0.01900000
3720 662 0.00200000 0.02200000
3730 662 0.00200000 0.02500000
3740 662 0.00300000 0.02900000
3750 662 0.00300000 0.03200000
3760 662 0.00300000 0.03500000
3770 662 0.00300000 0.03800000
3780 662 0.00400000 0.04100000
3790 662 0.00400000 0.04400000
3800 662 0.00400000 0.04800000
3810 662 0.00500000 0.05100000
3820 662 0.00500000 0.05400000
3830 662 0.00500000 0.05700000
3840 662 0.00600000 0.06000000
3620 654 -0.08200000 -0.57300000
3630 654 -0.05200000 -0.55700000
3640 654 -0.02300000 -0.54100000
3650 654 0.00700000 -0.52600000
3660 654 0.03700000 -0.51000000
3670 654 0.06700000 -0.49400000
3680 654 0.09700000 -0.47800000
3690 654 0.12700000 -0.46300000
3700 654 0.14100000 -0.45300000
3710 654 0.14800000 -0.44700000
3720 654 0.15500000 -0.44100000
3730 654 0.16100000 -0.43500000
3740 654 0.16900000 -0.42900000
3750 654 0.17600000 -0.42300000
3760 654 0.18200000 -0.41700000
3770 654 0.19000000 -0.41000000
3780 654 0.19700000 -0.40400000
3790 654 0.20300000 -0.39800000
3800 654 0.21100000 -0.39200000
3810 654 0.21800000 -0.38600000
3790 474 1.59100000 0.77000000
3800 474 1.30000000 0.47400000
3810 474 1.03100000 0.17000000
3820 474 0.85400000 -0.16600000
3830 474 0.67700000 -0.50100000
3840 474 0.58500000 -0.74400000
3850 474 0.57700000 -0.89700000
3860 474 0.56900000 -1.04900000
3870 474 0.49800000 -1.13800000
3880 474 0.38600000 -1.18400000
3890 474 0.27400000 -1.23000000
3900 474 0.10800000 -1.37600000
3910 474 -0.14200000 -1.67300000
3920 474 -0.39300000 -1.95400000
3930 474 -0.65000000 -2.17200000
3940 474 -0.90700000 -2.39100000
3950 474 -1.11600000 -2.55600000
3960 474 -1.29300000 -2.68500000
3970 474 -1.47000000 -2.81400000
3980 474 -1.62000000 -2.92300000
3820 655 0.22400000 -0.38000000
3830 655 0.23100000 -0.37300000
3840 655 0.23900000 -0.36700000
3850 655 0.24500000 -0.36100000
3860 655 0.25200000 -0.35500000
3870 655 0.26000000 -0.34900000
3880 655 0.26600000 -0.34300000
3890 655 0.27300000 -0.33600000
3900 655 0.28100000 -0.33000000
3910 655 0.28700000 -0.32400000
3920 655 0.29400000 -0.31800000
3930 655 0.30200000 -0.31200000
3940 655 0.30800000 -0.30500000
3950 655 0.31500000 -0.29900000
3960 655 0.32200000 -0.29300000
3970 655 0.32500000 -0.29000000
3980 655 0.32200000 -0.29000000
3990 655 0.31800000 -0.29100000
4000 655 0.31400000 -0.29100000
4010 655 0.31100000 -0.29200000
