200 156 0.00000000 0.00000000
210 156 -0.00000000 0.01360147
220 156 -0.00095578 0.02690886
230 156 -0.00191156 0.04021624
240 156 -0.00191156 0.05381771
250 156 -0.00286734 0.06712509
260 156 -0.00286734 0.08072657
270 156 -0.00382312 0.09403395
280 156 -0.00411720 0.10859120
290 156 -0.00507298 0.12189858
300 156 -0.00602876 0.13520597
310 156 -0.00602876 0.14880744
320 156 -0.00698454 0.16211482
330 156 -0.00698454 0.17571629
340 156 -0.00794032 0.18902368
350 156 -0.00889610 0.20233106
360 156 -0.00889610 0.21593253
370 156 -0.00985188 0.22923992
380 156 -0.01014596 0.24379717
390 156 -0.01110174 0.25710455
200 60 0.68095578 1.08525030
210 60 0.67176560 1.08451509
220 60 0.66353120 1.08407396
230 60 0.65434101 1.08333875
240 60 0.64610661 1.08289762
250 60 0.63691643 1.08216240
260 60 0.62868202 1.08172127
270 60 0.61949184 1.08098606
280 60 0.61125744 1.08054493
290 60 0.60206725 1.07980972
300 60 0.59353876 1.08032437
310 60 0.58559845 1.07892746
320 60 0.57611418 1.07914802
330 60 0.56787977 1.07870689
340 60 0.55868959 1.07797168
350 60 0.55045519 1.07753055
360 60 0.54126500 1.07679534
370 60 0.53303060 1.07635421
380 60 0.52384042 1.07561899
390 60 0.51560601 1.07517786
200 63 0.76072657 0.81579414
210 63 0.70720294 0.79932534
220 63 0.65463510 0.78315062
230 63 0.60206725 0.76697589
240 63 0.58287815 0.75793275
250 63 0.57736404 0.75205104
260 63 0.57280571 0.74646341
270 63 0.56729160 0.74058169
280 63 0.56273327 0.73499406
290 63 0.55721916 0.72911234
300 63 0.55266083 0.72352471
310 63 0.54714672 0.71764299
320 63 0.54288248 0.71109958
330 63 0.53736837 0.70521787
340 63 0.53185426 0.69933615
350 63 0.52729593 0.69374852
360 63 0.52178182 0.68786680
370 63 0.51722349 0.68227917
380 63 0.51170938 0.67639745
390 63 0.50715105 0.67080982
200 66 1.36742568 2.04036762
210 66 1.20281112 1.99390206
220 66 1.05598876 1.89641260
230 66 0.90821062 1.79862905
240 66 0.76043248 1.70084551
250 66 0.60750784 1.61298736
260 66 0.44848092 1.53476052
270 66 0.28945400 1.45653369
280 66 0.09807763 1.44263813
290 66 -0.12564818 1.49307385
300 66 -0.35224133 1.54262732
310 66 -0.60684615 1.58460807
320 66 -0.86240675 1.62629474
330 66 -1.11671749 1.66731972
340 66 -1.34529572 1.60431183
350 66 -1.56784518 1.51490973
360 66 -1.79010056 1.42455185
370 66 -1.99191698 1.28816954
380 66 -2.18630772 1.13105417
390 66 -2.38099255 0.97489459
200 94 0.15645367 -1.46057737
210 94 0.15336577 -1.25332037
220 94 0.15939453 -1.06209104
230 94 0.24725268 -1.01099363
240 94 0.33577252 -0.95864635
250 94 0.42363067 -0.90754893
260 94 0.44671640 -0.81255920
270 94 0.40407396 -0.67397124
280 94 0.36143151 -0.53538329
290 94 0.33540491 -0.40319170
300 94 0.34797708 -0.28423397
310 94 0.35959347 -0.16557033
320 94 0.37245973 -0.04756839
330 94 0.38503190 0.07138934
340 94 0.33018489 0.18843551
350 94 0.24526760 0.30459942
360 94 0.16130609 0.42105741
370 94 0.02065953 0.56192454
380 94 -0.15630663 0.71881934
390 94 -0.33452265 0.87637583
200 103 0.67485350 1.51652720
210 103 0.52766353 1.47123798
220 103 0.38047357 1.42594876
230 103 0.29739431 1.34911883
240 103 0.24247378 1.25898152
250 103 0.18689156 1.16759434
260 103 0.15079252 1.11149747
270 103 0.14432263 1.10532166
280 103 0.13660288 1.09980755
290 103 0.13013299 1.09363175
300 103 0.12270732 1.08716186
310 103 0.11623743 1.08098606
320 103 0.10851768 1.07547195
330 103 0.10204779 1.06929615
340 103 0.09557790 1.06312034
350 103 0.08815223 1.05665045
360 103 0.08138826 1.05143043
370 103 0.07396259 1.04496054
380 103 0.06749270 1.03878474
390 103 0.06072873 1.03356472
200 106 0.63860742 1.91655748
210 106 0.46311169 1.89185427
220 106 0.36841605 1.88678128
230 106 0.27247054 1.88237000
240 106 0.17681912 1.87700293
250 106 0.13138285 1.85465241
260 106 0.16027679 1.80495190
270 106 0.18983242 1.75650125
280 106 0.21872635 1.70680075
290 106 0.24857606 1.65739432
300 106 0.27401449 1.60872311
310 106 0.26695643 1.56365446
320 106 0.25989837 1.51858580
330 106 0.25284031 1.47351715
340 106 0.24497351 1.44807872
350 106 0.23659207 1.44131475
360 106 0.22725484 1.43425668
370 106 0.21791761 1.42719862
380 106 0.20953617 1.42043465
390 106 0.20019894 1.41337659
200 161 0.53016326 -3.57623096
210 161 0.35599092 -3.42161533
220 161 0.14785166 -3.25861825
230 161 -0.06153746 -3.09495947
240 161 -0.27923451 -2.82609149
250 161 -0.50354849 -2.48811332
260 161 -0.72815656 -2.14917938
270 161 -0.73271489 -1.74672290
280 161 -0.71337875 -1.33691427
290 161 -0.63507839 -1.08473565
300 161 -0.49781382 -0.99018705
310 161 -0.34268354 -0.88909504
320 161 -0.16329117 -0.77844524
330 161 0.01705698 -0.66750136
340 161 0.14549897 -0.55788086
350 161 0.24070927 -0.44906909
360 161 0.33562547 -0.33930155
370 161 0.39628068 -0.20659531
380 161 0.37694454 -0.01793924
390 161 0.35731431 0.17167261
230 124 0.07469781 -1.65732080
240 124 0.01492486 -1.38485026
250 124 -0.04514218 -1.11142394
260 124 -0.09866580 -0.86946481
270 124 -0.14792518 -0.64816521
280 124 -0.19718456 -0.42686561
290 124 -0.24673803 -0.20461023
300 124 -0.28166072 0.03470213
310 124 -0.30614337 0.28768948
320 124 -0.33158179 0.54038275
330 124 -0.33974268 0.80153098
340 124 -0.30820197 1.08326522
350 124 -0.27761704 1.36470538
360 124 -0.24703211 1.64614554
370 124 -0.12653044 1.89038384
380 124 0.00463185 2.13057845
390 124 0.13454428 2.37143476
400 124 0.31143691 2.51061089
410 124 0.51810574 2.58361770
420 124 0.72734783 2.64486108
230 126 0.38870797 -2.10999244
240 126 0.42693913 -1.85340254
250 126 0.46612607 -1.59651855
260 126 0.40914694 -1.33992865
270 126 0.28827765 -1.08311818
280 126 0.16865823 -0.82696941
290 126 0.06866905 -0.59721484
300 126 -0.01749811 -0.38517894
310 126 -0.10366526 -0.17314304
320 126 -0.18983242 0.03889285
330 126 -0.16115905 0.38775219
340 126 -0.13344145 0.73631744
350 126 -0.10476808 1.08517678
360 126 -0.04176019 1.41425885
370 126 0.05528814 1.72451942
380 126 0.16314412 1.96905180
390 126 0.29526219 2.05992433
400 126 0.42708617 2.15175263
410 126 0.55891016 2.24358094
420 126 0.71764299 2.28195914
320 132 -0.84115905 -1.73091578
330 132 -0.80719213 -1.38565900
340 132 -0.71911342 -1.10745379
350 132 -0.59728836 -0.87431723
360 132 -0.47450752 -0.64088659
370 132 -0.53111904 -0.34128663
380 132 -0.60780193 -0.03426100
390 132 -0.68573468 0.27342632
400 132 -0.77329874 0.58861283
410 132 -0.86115689 0.90475511
420 132 -0.90475511 1.20626663
430 132 -0.88269868 1.48822144
440 132 -0.85968646 1.77047033
450 132 -0.81726457 2.04404369
460 132 -0.69191048 2.27931237
470 132 -0.56589469 2.51583092
480 132 -0.43532058 2.71713268
490 132 -0.29114499 2.83682562
500 132 -0.14726349 2.95747434
510 132 -0.01779219 3.04334741
340 136 -0.86490648 -2.18079361
350 136 -0.82145530 -1.80855445
360 136 -0.77895989 -1.43660937
370 136 -0.75322738 -1.09179371
380 136 -0.75315386 -0.78939994
390 136 -0.75241864 -0.48575630
400 136 -0.76094713 -0.18600930
410 136 -0.80572170 0.10572386
420 136 -0.85020219 0.39650125
430 136 -0.89593254 0.68794032
440 136 -0.94350092 0.99555412
450 136 -1.00025949 1.34323711
460 136 -1.05797384 1.69062602
470 136 -1.11473241 2.03830902
480 136 -1.04260786 2.35136340
490 136 -0.93872203 2.65640395
500 136 -0.83417451 2.96269436
510 136 -0.72484810 3.24325226
520 136 -0.61368365 3.52123691
530 136 -0.49729917 3.77885611
390 148 0.29540924 -1.37492486
400 148 0.11895773 -1.20950157
410 148 -0.05683209 -1.04282842
420 148 -0.10417991 -0.88894800
430 148 -0.15182182 -0.73411180
440 148 -0.19916964 -0.58023138
450 148 -0.27004433 -0.40429452
460 148 -0.34158071 -0.22960753
470 148 -0.41083793 -0.05212672
480 148 -0.46237648 0.13917613
490 148 -0.51391502 0.33047897
500 148 -0.56545357 0.52178182
510 148 -0.68779328 0.76976971
520 148 -0.84057088 1.04187264
530 148 -0.99334848 1.31397557
540 148 -1.13068657 1.62430966
550 148 -1.26493676 1.94501028
560 148 -1.39918695 2.26571090
570 148 -1.52814359 2.47399720
580 148 -1.65643854 2.68353337
