4110 645 0.00000000 0.00000000
4120 645 -0.00000000 0.00608276
4130 645 -0.00000000 0.01216553
4140 645 -0.00000000 0.01824829
4150 645 -0.00000000 0.02433105
4160 645 0.00016440 0.03140021
4170 645 0.00016440 0.03748297
4180 645 0.00016440 0.04356573
4190 645 0.00115079 0.04948410
4200 645 0.00131519 0.05655325
4210 645 0.00131519 0.06263601
4220 645 0.00131519 0.06871878
4230 645 0.00131519 0.07480154
4240 645 0.00131519 0.08088430
4250 645 0.00147959 0.08795346
4260 645 0.00147959 0.09403622
4270 645 0.00147959 0.10011898
4280 645 0.00147959 0.10620175
4290 645 0.00246598 0.11212011
4300 645 0.00164399 0.11935366
3920 430 -1.13221583 1.60700010
3930 430 -1.03620682 1.49570199
3940 430 -0.94463658 1.40035057
3950 430 -0.85421714 1.30417717
3960 430 -0.76379770 1.20800376
3970 430 -0.67321385 1.11281675
3980 430 -0.66400751 0.94299259
3990 430 -0.65578756 0.77333284
4000 430 -0.78779995 0.64427963
4010 430 -0.98063996 0.53347471
4020 430 -1.14651854 0.42628657
4030 430 -1.28428489 0.32353721
4040 430 -1.40478935 0.22095224
4050 430 -1.46002741 0.12066886
4060 430 -1.51411467 0.02120747
4070 430 -1.56836634 -0.07924031
4080 430 -1.62261800 -0.17968809
4090 430 -1.67769167 -0.27898508
4100 430 -1.73638210 -0.36956892
4110 430 -1.79605894 -0.45998837
3940 436 -1.40807733 1.64892184
3950 436 -1.34330413 1.56918833
3960 436 -1.30549236 1.47975528
3970 436 -1.38539027 1.34708530
3980 436 -1.46413738 1.21523731
3990 436 -1.52973258 1.08322493
4000 436 -1.54107611 0.94825336
4010 436 -1.55225524 0.81426818
4020 436 -1.56359877 0.67929662
4030 436 -1.58710782 0.55040781
4040 436 -1.63675632 0.43499972
4050 436 -1.68624041 0.32057803
4060 436 -1.73588891 0.20516994
4070 436 -1.78553740 0.08976185
4080 436 -1.84899541 -0.01117913
4090 436 -1.93300329 -0.08943305
4100 436 -2.01717557 -0.16867336
4110 436 -2.10134786 -0.24791367
4120 436 -2.17762899 -0.35888299
4130 436 -2.24503257 -0.50174571
3950 455 1.65599100 0.51374684
3960 455 1.58151826 0.49878653
3970 455 1.50605912 0.48399062
3980 455 1.43734035 0.47314029
3990 455 1.41596848 0.50306090
4000 455 1.39443221 0.53199512
4010 455 1.37306034 0.56191574
4020 455 1.35168847 0.59183635
4030 455 1.33031661 0.62175697
4040 455 1.30878034 0.65069119
4050 455 1.29053205 0.66893948
4060 455 1.27491415 0.67863902
4070 455 1.25946064 0.68932495
4080 455 1.24285634 0.69918889
4090 455 1.22723844 0.70888843
4100 455 1.21079854 0.71973877
4110 455 1.19518064 0.72943831
4120 455 1.17972713 0.74012424
4130 455 1.16312284 0.74998818
4140 455 1.14750493 0.75968772
3970 459 1.78241382 0.87690420
3980 459 1.76071315 0.80144506
3990 459 1.73901249 0.72598593
4000 459 1.76811111 0.70592925
4010 459 1.80953965 0.69902449
4020 459 1.85096820 0.69211974
4030 459 1.89338314 0.68505058
4040 459 1.93481168 0.67814582
4050 459 1.97624023 0.67124107
4060 459 1.90521986 0.64049845
4070 459 1.80608727 0.60531707
4080 459 1.70777668 0.56898490
4090 459 1.60847969 0.53281712
4100 459 1.54058291 0.50256770
4110 459 1.59779376 0.49911533
4120 459 1.65385381 0.49484095
4130 459 1.70991387 0.49056658
4140 459 1.76597392 0.48629220
4150 459 1.74821883 0.50141691
4160 459 1.69807714 0.52295318
3980 442 -0.09518701 -0.46771512
3990 442 -0.02975622 -0.47050990
4000 442 0.08170630 -0.48908699
4010 442 0.19218242 -0.50749967
4020 442 0.30265854 -0.52591236
4030 442 0.41313466 -0.54432505
4040 442 0.54843502 -0.57802684
4050 442 0.70033969 -0.62159257
4060 442 0.85109356 -0.66598030
4070 442 1.00299822 -0.70954603
4080 442 1.11577593 -0.75672854
4090 442 1.21211373 -0.80522624
4100 442 1.30762955 -0.85257315
4110 442 1.40396735 -0.90107085
4120 442 1.49816797 -0.94414338
4130 442 1.57954547 -0.96683044
4140 442 1.66092297 -0.98951750
4150 442 1.74246487 -1.01121817
4160 442 1.82384237 -1.03390523
4170 442 1.90521986 -1.05659229
3980 463 2.13570724 0.34458028
3990 463 2.11696576 0.32337281
4000 463 2.09822427 0.30216534
4010 463 2.07948279 0.28095787
4020 463 2.06172770 0.25958600
4030 463 2.04315061 0.23936493
4040 463 2.02440913 0.21815746
4050 463 1.99761209 0.20336155
4060 463 1.95864953 0.20073116
4070 463 1.91952258 0.19711439
4080 463 1.88039562 0.19349761
4090 463 1.84126866 0.18988083
4100 463 1.80214170 0.18626405
4110 463 1.76301474 0.18264727
4120 463 1.72191499 0.18544206
4130 463 1.67111571 0.21519827
4140 463 1.62113841 0.24380370
4150 463 1.57033913 0.27355991
4160 463 1.52036183 0.30216534
4170 463 1.46956255 0.33192156
4080 709 -1.44128592 1.71731182
4090 709 -1.32817942 1.58086066
4100 709 -1.21490852 1.44539590
4110 709 -1.06925101 1.34001615
4120 709 -0.92260712 1.23447200
4130 709 -0.77678522 1.13007864
4140 709 -0.48020944 0.98738032
4150 709 -0.18462006 0.84484640
4160 709 0.07726752 0.71299841
4170 709 0.28720503 0.59791912
4180 709 0.49697814 0.48185343
4190 709 0.59759032 0.37384330
4200 709 0.65085559 0.26764155
4210 709 0.70527166 0.16226180
4220 709 0.72072516 0.11507929
4230 709 0.72121836 0.09370742
4240 709 0.72154716 0.07134916
4250 709 0.72204035 0.04997729
4260 709 0.72236915 0.02761903
4270 709 0.72171155 0.00542517
4090 712 -1.68870640 1.80214170
4100 712 -1.51296388 1.68262364
4110 712 -1.27179057 1.58464184
4120 712 -1.01417735 1.49405800
4130 712 -0.75113897 1.38736305
4140 712 -0.47593507 1.24417154
4150 712 -0.20155316 1.10213081
4160 712 0.01874148 1.00053224
4170 712 0.22588421 0.91126359
4180 712 0.40507910 0.81245980
4190 712 0.47609947 0.67896782
4200 712 0.54728423 0.54646223
4210 712 0.61846899 0.41395665
4220 712 0.72532833 0.31301567
4230 712 0.83218767 0.21207469
4240 712 0.93921141 0.11212011
4250 712 1.01894492 0.02482425
4260 712 0.99247669 -0.00624716
4270 712 0.96600845 -0.03731857
4280 712 0.93954021 -0.06838998
