3760 687 0.00000000 0.00000000
3770 687 -0.00000000 0.01044031
3780 687 -0.00000000 0.02088061
3790 687 -0.00000000 0.03132092
3800 687 -0.00000000 0.04176123
3810 687 0.00095783 0.05248888
3820 687 0.00095783 0.06292919
3830 687 0.00095783 0.07336949
3840 687 0.00124517 0.08285197
3850 687 0.00124517 0.09329228
3860 687 0.00220300 0.10401993
3870 687 0.00220300 0.11446024
3880 687 0.00220300 0.12490055
3890 687 0.00220300 0.13534085
3900 687 -0.02969261 0.36694325
3910 687 -0.06187558 0.59950347
3920 687 -0.13850168 0.76444116
3930 687 -0.21445731 0.93062402
3940 687 -0.26981966 1.08732440
3950 687 -0.24165957 1.21270386
3610 466 -2.15012845 -0.08543810
3620 466 -1.89515509 0.16436299
3630 466 -1.64085221 0.41291891
3640 466 -1.40972873 0.65869714
3650 466 -1.20341294 0.90016514
3660 466 -0.99613934 1.14192050
3670 466 -0.79403799 1.36959581
3680 466 -0.60946487 1.54085515
3690 466 -0.42489174 1.71211448
3700 466 -0.24003127 1.88241600
3710 466 -0.10995846 2.05089764
3720 466 -0.06264184 2.21334498
3730 466 -0.01465474 2.37703749
3740 466 0.04099497 2.50126756
3750 466 0.11829155 2.53594087
3760 466 0.19587548 2.56965636
3770 466 0.27221423 2.60404232
3780 466 0.37240286 2.62157054
3790 466 0.52527193 2.60270136
3800 466 0.67909884 2.58411953
3720 429 -1.53462927 -1.65684791
3730 429 -1.50139270 -1.51010892
3740 429 -1.44392312 -1.35714406
3750 429 -1.32716410 -1.18952446
3760 429 -1.21165025 -1.02123439
3770 429 -1.09584905 -0.85390213
3780 429 -1.03617648 -0.60735765
3790 429 -0.97688703 -0.36301616
3800 429 -0.91807649 -0.11359820
3810 429 -0.86721592 0.14491912
3820 429 -0.81568486 0.40468161
3830 429 -0.74825389 0.65668570
3840 429 -0.66616818 0.90160188
3850 429 -0.58379512 1.14556024
3860 429 -0.50764793 1.38243068
3870 429 -0.44471874 1.60071929
3880 429 -0.38207691 1.81996572
3890 429 -0.31914772 2.03825433
3900 429 -0.21809705 2.21995398
3910 429 -0.11675902 2.40069580
3740 435 -1.39382881 -1.86517513
3750 435 -1.34363871 -1.67054482
3760 435 -1.28061374 -1.51173723
3770 435 -1.21787612 -1.35197180
3780 435 -1.15485115 -1.19316420
3790 435 -1.06577331 -0.97851533
3800 435 -0.97334307 -0.75764059
3810 435 -0.88091283 -0.53676585
3820 435 -0.78695008 -0.25487757
3830 435 -0.69212527 0.06589845
3840 435 -0.59854565 0.38734495
3850 435 -0.49874015 0.67411814
3860 435 -0.39711478 0.93742459
3870 435 -0.29453158 1.20101838
3880 435 -0.20842300 1.44296530
3890 435 -0.15928651 1.63414743
3900 435 -0.10890485 1.82465907
3910 435 -0.05948101 2.01488337
3920 435 -0.01618726 2.12809844
3930 435 0.02653179 2.22234855
3880 708 -1.37591746 -1.22189899
3890 708 -1.31231779 -1.07544735
3900 708 -1.21251229 -0.90351753
3910 708 -1.11241945 -0.73254554
3920 708 -0.99336164 -0.49950641
3930 708 -0.86903579 -0.24922640
3940 708 -0.74470994 0.00105361
3950 708 -0.69413671 0.23964814
3960 708 -0.66195375 0.47690171
3970 708 -0.62977078 0.71415528
3980 708 -0.57632408 0.94317154
3990 708 -0.52067437 1.17180468
4000 708 -0.46157649 1.38894390
4010 708 -0.38533351 1.50369149
4020 708 -0.30784537 1.61776860
4030 708 -0.23687044 1.72571562
4040 708 -0.19213995 1.81326094
4050 708 -0.14807994 1.89956109
4060 708 -0.10306211 1.98614859
4070 708 -0.05105214 2.09467030
3890 711 -0.78599225 -0.96453107
3900 711 -0.74135754 -0.90102719
3910 711 -0.69701019 -0.83656548
3920 711 -0.64682009 -0.68369640
3930 711 -0.59481012 -0.49165223
3940 711 -0.53475442 -0.29510628
3950 711 -0.44241996 -0.07739236
3960 711 -0.35037286 0.14127938
3970 711 -0.26445584 0.35602403
3980 711 -0.21110491 0.56099886
3990 711 -0.15650882 0.76530320
4000 711 -0.12030298 0.94738598
4010 711 -0.11302350 1.09364605
4020 711 -0.10545667 1.23894830
4030 711 -0.09061037 1.35302541
4040 711 -0.06819723 1.43491956
4050 711 -0.04453892 1.51614323
4060 711 -0.02308361 1.59775003
4070 711 0.00057470 1.67897370
4080 711 0.02375409 1.78615446
3900 480 -1.14306989 -2.16162236
3910 480 -0.93589206 -1.99610998
3920 480 -0.72871424 -1.83059760
3930 480 -0.52555928 -1.63079503
3940 480 -0.32326637 -1.42811899
3950 480 -0.12001563 -1.22515560
3960 480 0.09808141 -1.09604062
3970 480 0.32977959 -1.04010356
3980 480 0.56272294 -0.98483699
3990 480 0.78331034 -0.94058541
4000 480 0.98531590 -0.91443675
4010 480 1.18827929 -0.88800075
4020 480 1.38358007 -0.85342322
4030 480 1.55522254 -0.78522599
4040 480 1.72590718 -0.71731611
4050 480 1.89726231 -0.64816105
4060 480 2.07896195 -0.55084590
4070 480 2.28518195 -0.38562086
4080 480 2.49207243 -0.21915065
4090 480 2.69829243 -0.05392562
3940 482 -2.33211544 -0.95437811
3950 482 -2.13547370 -0.72938472
3960 482 -1.93911931 -0.50343350
3970 482 -1.74247758 -0.27844010
3980 482 -1.55206171 -0.14405707
3990 482 -1.36135850 -0.01063187
4000 482 -1.17094263 0.12375116
4010 482 -0.98148459 0.25784684
4020 482 -0.82401795 0.40113765
4030 482 -0.66588083 0.54567363
4040 482 -0.50841419 0.68896445
4050 482 -0.35094755 0.83225526
4060 482 -0.14827151 0.93273124
4070 482 0.05995993 1.02860965
4080 482 0.26752088 1.12324288
4090 482 0.47575232 1.21912130
4100 482 0.63312317 1.31749006
4110 482 0.78513021 1.41633773
4120 482 0.93617941 1.51489805
4130 482 1.07477687 1.63060347
