2530 401 0.00000000 0.00000000
2540 401 -0.00000000 0.00905539
2550 401 -0.00099388 0.01822120
2560 401 -0.00198777 0.02738702
2570 401 -0.00187734 0.03743629
2580 401 -0.00287122 0.04660210
2590 401 -0.00287122 0.05565749
2600 401 -0.01899422 0.09165817
2610 401 -0.05035678 0.15349982
2620 401 -0.08171933 0.21534148
2630 401 -0.11308188 0.27718313
2640 401 -0.14444444 0.33902479
2650 401 -0.17481311 0.40075601
2660 401 -0.20617566 0.46259766
2670 401 -0.23753821 0.52443932
2680 401 -0.26890077 0.58628097
2690 401 -0.30026332 0.64812263
2700 401 -0.33162587 0.70996428
2710 401 -0.36696396 0.78130305
2720 401 -0.40970096 0.86755007
2350 338 -1.18912667 -0.27033638
2360 338 -1.19023099 -0.27121983
2370 338 -1.19232919 -0.27199285
2380 338 -1.19431695 -0.27177199
2390 338 -1.19641515 -0.27254501
2400 338 -1.19751947 -0.27342846
2410 338 -1.19961767 -0.27420148
2420 338 -1.20160544 -0.27398062
2430 338 -1.20270975 -0.27486407
2440 338 -1.20480795 -0.27563709
2450 338 -1.20679572 -0.27541623
2460 338 -1.20889392 -0.27618925
2470 338 -1.20999823 -0.27707270
2480 338 -1.21209643 -0.27784572
2490 338 -1.21408420 -0.27762486
2500 338 -1.21518851 -0.27850831
2510 338 -1.21728671 -0.27928133
2520 338 -1.21927448 -0.27906047
2530 338 -1.22137268 -0.27983349
2540 338 -1.22247699 -0.28071694
2390 552 1.75166487 -0.00949711
2400 552 1.61649668 -0.01258919
2410 552 1.50970939 0.00430683
2420 552 1.44753644 0.05146109
2430 552 1.38635738 0.09850492
2440 552 1.32407400 0.14466530
2450 552 1.26190105 0.19181956
2460 552 1.20072198 0.23886339
2470 552 1.09404513 0.34730715
2480 552 0.92232411 0.54950727
2490 552 0.74949877 0.75082395
2500 552 0.51129797 0.87991840
2510 552 0.26613998 1.00073049
2520 552 0.02087156 1.12054870
2530 552 -0.21821270 1.25980285
2540 552 -0.44073222 1.43947494
2550 552 -0.66424563 1.61925747
2560 552 -0.88665472 1.79992344
2570 552 -1.13722386 1.91731216
2580 552 -1.39154766 2.02807498
2460 367 -0.48512569 0.20683825
2470 367 -0.49130986 0.21456846
2480 367 -0.49837748 0.22340298
2490 367 -0.50456164 0.23113318
2500 367 -0.51063538 0.23985727
2510 367 -0.51681954 0.24758748
2520 367 -0.52289328 0.25631157
2530 367 -0.52907744 0.26404178
2540 367 -0.53614506 0.27287630
2550 367 -0.54221879 0.28160039
2560 367 -0.54840296 0.28933060
2570 367 -0.55447669 0.29805469
2580 367 -0.56066086 0.30578490
2590 367 -0.56772848 0.31461942
2600 367 -0.57722559 0.33781004
2610 367 -0.58650183 0.36298843
2620 367 -0.59677197 0.38827725
2630 367 -0.60604822 0.41345563
2640 367 -0.61642878 0.43775057
2650 367 -0.62669891 0.46303939
2460 378 0.21346414 0.40892794
2470 378 0.21015119 0.41533297
2480 378 0.20783213 0.42162757
2490 378 0.20451919 0.42803260
2500 378 0.20220012 0.43432719
2510 378 0.19999149 0.44161567
2520 378 0.19667855 0.44802070
2530 378 0.19435949 0.45431530
2540 378 0.19204042 0.46060990
2550 378 0.18883791 0.46800881
2560 378 0.18651885 0.47430340
2570 378 0.18320590 0.48070843
2580 378 0.18088684 0.48700303
2590 378 0.17867821 0.49429151
2600 378 0.17536526 0.50069654
2610 378 0.17304620 0.50699114
2620 378 0.16984369 0.51439005
2630 378 0.16752463 0.52068465
2640 378 0.16421168 0.52708967
2650 378 0.16189262 0.53338427
2480 215 -0.74607539 -0.32157660
2490 215 -0.75005093 -0.32113488
2500 215 -0.75413689 -0.32168704
2510 215 -0.75910631 -0.32113488
2520 215 -0.76319228 -0.32168704
2530 215 -0.76816170 -0.32113488
2540 215 -0.77213723 -0.32069315
2550 215 -0.77622320 -0.32124531
2560 215 -0.78019873 -0.32080358
2570 215 -0.78527858 -0.32124531
2580 215 -0.78925412 -0.32080358
2590 215 -0.79322965 -0.32036186
2600 215 -0.79830950 -0.32080358
2610 215 -0.80228504 -0.32036186
2620 215 -0.80637100 -0.32091401
2630 215 -0.81134042 -0.32036186
2640 215 -0.81531596 -0.31992013
2650 215 -0.81940192 -0.32047229
2660 215 -0.82437134 -0.31992013
2670 215 -0.82845731 -0.32047229
2480 349 -0.24714576 -0.59434247
2490 349 -0.23632347 -0.58749572
2500 349 -0.22561161 -0.58164285
2510 349 -0.21379543 -0.57490652
2520 349 -0.20297314 -0.56805977
2530 349 -0.19170913 -0.53912671
2540 349 -0.17923037 -0.49926093
2550 349 -0.16686204 -0.46038903
2560 349 -0.15548759 -0.42140670
2570 349 -0.14311926 -0.38253481
2580 349 -0.13163438 -0.34255859
2590 349 -0.11926605 -0.30368670
2600 349 -0.10789160 -0.26470437
2610 349 -0.10369520 -0.22693679
2620 349 -0.11396533 -0.19259258
2630 349 -0.12423547 -0.15824838
2640 349 -0.13351172 -0.12401460
2650 349 -0.14378185 -0.08967040
2660 349 -0.15405198 -0.05532619
2670 349 -0.16321780 -0.02009854
2550 339 -1.22457519 -0.28148996
2560 339 -1.22656296 -0.28126910
2570 339 -1.22766728 -0.28215255
2580 339 -1.22976547 -0.28292557
2590 339 -1.23175324 -0.28270471
2600 339 -1.23385144 -0.28347773
2610 339 -1.23495576 -0.28436118
2620 339 -1.23705396 -0.28513420
2630 339 -1.23904172 -0.28491334
2640 339 -1.24014604 -0.28579679
2650 339 -1.24224424 -0.28656981
2660 339 -1.24423200 -0.28634895
2670 339 -1.24633020 -0.28712197
2680 339 -1.24743452 -0.28800542
2690 339 -1.24953272 -0.28877844
2700 339 -1.25152049 -0.28855758
2710 339 -1.25361868 -0.28933060
2720 339 -1.25472300 -0.29021405
2730 339 -1.25671077 -0.28999319
2740 339 -1.25880897 -0.29076621
2660 368 -0.63597516 0.48821778
2670 368 -0.64624529 0.51350660
2680 368 -0.65651542 0.53879542
2690 368 -0.66579167 0.56397380
2700 368 -0.67606180 0.58926262
2710 368 -0.68533805 0.61444101
2720 368 -0.69571861 0.63873595
2730 368 -0.70598875 0.66402477
2740 368 -0.71526499 0.68920315
2750 368 -0.75424732 0.80018684
2760 368 -0.79632173 0.91956332
2770 368 -0.83729183 1.03982325
2780 368 -0.87936624 1.15919973
2790 368 -0.92133022 1.27957009
2800 368 -0.94452084 1.34251606
2810 368 -0.96627585 1.40027175
2820 368 -0.98803086 1.45802744
2830 368 -1.00989631 1.51478924
2840 368 -1.03165132 1.57254493
2850 368 -1.05340633 1.63030062
2660 379 0.15968399 0.54067275
2670 379 0.15637104 0.54707778
2680 379 0.02992694 0.67683482
2690 379 -0.09651715 0.80659187
2700 379 -0.19104654 0.92475360
2710 379 -0.20816343 1.01519702
2720 379 -0.22528031 1.10564044
2730 379 -0.24328065 1.19718817
2740 379 -0.26039754 1.28763159
2750 379 -0.27740399 1.37906890
2760 379 -0.27729356 1.42533971
2770 379 -0.27574752 1.46642023
2780 379 -0.27420148 1.50750076
2790 379 -0.27254501 1.54957517
2800 379 -0.27000508 1.59054527
2810 379 -0.26834861 1.63261968
2820 379 -0.26680257 1.67370021
2830 379 -0.27486407 1.71886670
2840 379 -0.29650865 1.76856089
2850 379 -0.31804280 1.81924896
2680 216 -0.83243284 -0.32003056
2690 216 -0.83751269 -0.32047229
2700 216 -0.84148823 -0.32003056
2710 216 -0.84546376 -0.31958884
2720 216 -0.85054361 -0.32003056
2730 216 -0.85451915 -0.31958884
2740 216 -0.85849468 -0.31914711
2750 216 -0.86357453 -0.31958884
2760 216 -0.86755007 -0.31914711
2770 216 -0.87163604 -0.31969927
2780 216 -0.87561157 -0.31925754
2790 216 -0.88069142 -0.31969927
2800 216 -0.88466696 -0.31925754
2810 216 -0.88963637 -0.31870538
2820 216 -0.89372234 -0.31925754
2830 216 -0.89769788 -0.31881582
2840 216 -0.90277773 -0.31925754
2850 216 -0.90675326 -0.31881582
2860 216 -0.91072880 -0.31837409
2870 216 -0.91481476 -0.31892625
2680 350 -0.17348793 0.01424567
2690 350 -0.18276418 0.04847944
2700 350 -0.19303431 0.08282364
2710 350 -0.20330444 0.11716785
2720 350 -0.23886339 0.20462962
2730 350 -0.29253311 0.32831293
2740 350 -0.34631327 0.45100235
2750 350 -0.39909954 0.57358135
2760 350 -0.44073222 0.69693336
2770 350 -0.47121132 0.82105840
2780 350 -0.49981309 0.94396868
2790 350 -0.53040262 1.06709984
2800 350 -0.55767921 1.18382596
2810 350 -0.56905365 1.24445287
2820 350 -0.58053853 1.30408589
2830 350 -0.59191298 1.36471280
2840 350 -0.60339786 1.42434582
2850 350 -0.61477231 1.48497273
2860 350 -0.62625718 1.54460576
2870 350 -0.63674818 1.60412835
