600 153 0.00000000 0.00000000
610 153 -0.00000000 0.26752383
620 153 0.01699662 0.49903218
630 153 0.05985635 0.67591362
640 153 0.10271608 0.85279506
650 153 0.14431238 1.00323025
660 153 0.18597222 1.11146360
670 153 0.22642469 1.21896057
680 153 0.26572960 1.31747515
690 153 0.28872942 1.32322044
700 153 0.31075736 1.32920121
710 153 0.33278531 1.33518199
720 153 0.35481325 1.34116276
730 153 0.37684119 1.34714354
740 153 0.39886914 1.35312431
750 153 0.42089708 1.35910509
760 153 0.44292503 1.36508587
770 153 0.46495297 1.37106664
780 153 0.59238835 1.32372506
790 153 0.79115569 1.23954939
590 149 0.44378850 0.20937948
600 149 0.46114770 0.35745601
610 149 0.48003948 0.49487180
620 149 0.49916675 0.63325947
630 149 0.51549800 0.75586163
640 149 0.52614752 0.85926177
650 149 0.53656155 0.96169003
660 149 0.54794745 1.06388279
670 149 0.56906332 1.06185307
680 149 0.59050440 1.04842623
690 149 0.61315285 1.03573577
700 149 0.63459393 1.02230893
710 149 0.65700689 1.00864659
720 149 0.67844797 0.99521975
730 149 0.70086093 0.98155742
740 149 0.72230201 0.96813057
750 149 0.74471496 0.95446824
760 149 0.76615604 0.94104140
770 149 0.82264447 0.91089081
780 149 1.01328543 0.81016334
600 141 -0.94938832 0.07776130
610 141 -0.95678579 0.39543767
620 141 -0.96662417 0.68180842
630 141 -0.98296290 0.89464179
640 141 -0.99832975 1.10723968
650 141 -0.96671762 1.26318093
660 141 -0.86415105 1.33401947
670 141 -0.76158449 1.40485802
680 141 -0.65901793 1.47569657
690 141 -0.55377123 1.54485677
700 141 -0.42929260 1.60421223
710 141 -0.30457847 1.66453956
720 141 -0.18875702 1.71364547
730 141 -0.10488411 1.72007480
740 141 -0.02198309 1.72673963
750 141 0.06188981 1.73316896
760 141 0.14599821 1.74057017
770 141 0.22889923 1.74723500
780 141 0.31277214 1.75366433
790 141 0.39590866 1.76130104
