400 29 0.00000000 0.00000000
410 29 0.00000000 0.02640076
420 29 0.00090906 0.05321817
430 29 0.00090906 0.07961893
440 29 0.00090906 0.10601968
450 29 0.00181813 0.13283710
460 29 0.00181813 0.15923785
470 29 0.00181813 0.18563861
480 29 0.00609831 0.19310052
490 29 0.01284054 0.18079027
500 29 0.02049184 0.16889667
510 29 0.02814313 0.15700307
520 29 0.03488536 0.14469282
530 29 0.04253666 0.13279922
540 29 0.04927889 0.12048897
550 29 0.05693018 0.10859537
560 29 0.06458148 0.09670177
570 29 0.07132371 0.08439152
580 29 0.07897501 0.07249792
590 29 0.08571724 0.06018767
400 35 0.66214009 0.37938305
410 35 0.64585268 0.40051881
420 35 0.62956527 0.42165457
430 35 0.61327786 0.44279032
440 35 0.59699044 0.46392608
450 35 0.58070303 0.48506184
460 35 0.57312749 0.47278946
470 35 0.56638526 0.45869896
480 35 0.56005969 0.44369939
490 35 0.55282505 0.42828316
500 35 0.54649947 0.41328360
510 35 0.53926483 0.39786737
520 35 0.53293925 0.38286780
530 35 0.52661368 0.36786823
540 35 0.51937904 0.35245201
550 35 0.51305346 0.33745244
560 35 0.50672788 0.32245287
570 35 0.49949324 0.30703664
580 35 0.49275101 0.29294614
590 35 0.48642544 0.27794657
400 41 1.44359494 -1.97842808
410 41 1.53355448 -2.00429855
420 41 1.45764757 -1.92028581
430 41 1.38132400 -1.83536400
440 41 1.30541709 -1.75135126
450 41 1.24481276 -1.58552268
460 41 1.19371575 -1.36363511
470 41 1.14394445 -1.14223995
480 41 1.09326408 -0.92126144
490 41 1.02201613 -0.63380757
500 41 0.95035152 -0.34544463
510 41 0.89993630 -0.12984476
520 41 0.87891417 -0.02397658
530 41 0.85880111 0.08230824
540 41 0.86433126 0.11344371
550 41 0.88781543 0.09340641
560 41 0.91129961 0.07336911
570 41 0.93569285 0.05374846
580 41 0.95876037 0.03462022
590 41 0.98224454 0.01458291
400 98 -1.40889896 1.76112371
410 98 -1.38230882 1.72710953
420 98 -1.35662774 1.69267870
430 98 -1.33003759 1.65866452
440 98 -1.31185629 1.58779535
450 98 -1.31079572 1.43427702
460 98 -1.31064421 1.28034205
470 98 -1.31318201 1.16587564
480 98 -1.32287871 1.14383081
490 98 -1.33257540 1.12178599
500 98 -1.34227209 1.09974117
510 98 -1.35196878 1.07769635
520 98 -1.36208213 1.05656059
530 98 -1.37177882 1.03451577
540 98 -1.38147551 1.01247095
550 98 -1.39026314 0.99084278
560 98 -1.39995983 0.96879796
570 98 -1.40965652 0.94675314
580 98 -1.41935321 0.92470831
590 98 -1.42946656 0.90357256
