1810 576 0.00000000 0.00000000
1820 576 -0.00000000 0.19942166
1830 576 0.00056162 0.39801594
1840 576 0.00112325 0.59661021
1850 576 0.03946412 0.72174205
1860 576 0.07836661 0.84604650
1870 576 0.11670748 0.97117834
1880 576 0.13933792 1.01796363
1890 576 0.14681956 0.98557497
1900 576 0.15373957 0.95401370
1910 576 0.16122120 0.92162505
1920 576 0.16870283 0.88923639
1930 576 0.17618447 0.85684773
1940 576 0.18310448 0.82528647
1950 576 0.15846824 0.75296734
1960 576 0.09893609 0.64124929
1970 576 0.04162035 0.52982709
1980 576 -0.01735017 0.41728165
1990 576 -0.01980226 0.41199135
2000 576 -0.01569539 0.41840489
1720 569 -0.13569238 0.30673699
1730 569 0.08180154 0.40119011
1740 569 0.30012286 0.49620487
1750 569 0.50591294 0.59721696
1760 569 0.65770688 0.72079932
1770 569 0.80950082 0.84438168
1780 569 0.97926171 0.97532533
1790 569 1.17555934 1.11703009
1800 569 1.37102958 1.25817324
1810 569 1.56649982 1.39931638
1820 569 1.81051042 1.44046035
1830 569 2.05425525 1.48021531
1840 569 2.29826585 1.52135929
1850 569 2.56147196 1.65530160
1860 569 2.82494384 1.79063294
1870 569 3.08758832 1.92540265
1880 569 3.32998927 2.05972607
1890 569 3.56379034 2.19425509
1900 569 3.79702980 2.32961149
1910 569 4.02474327 2.46242555
1720 572 -0.36416304 0.49731809
1730 572 -0.16850727 0.58299082
1740 572 0.02741427 0.67005258
1750 572 0.22307005 0.75572532
1760 572 0.39897872 0.88117307
1770 572 0.57036431 1.01684539
1780 572 0.74092251 1.15195609
1790 572 0.94641172 1.28902244
1800 572 1.16050080 1.42588320
1810 572 1.37376248 1.56218233
1820 572 1.60401831 1.68947041
1830 572 1.85658866 1.80168991
1840 572 2.10915901 1.91390942
1850 572 2.36255676 2.02669054
1860 572 2.60507805 2.14659226
1870 572 2.84621033 2.26675975
1880 572 3.08817000 2.38748886
1890 572 3.28653862 2.51367876
1900 572 3.46519524 2.64220040
1910 572 3.64524087 2.77045628
1830 585 -0.81423451 1.18529750
1840 585 -0.71805639 1.29288361
1850 585 -0.62187827 1.40046971
1860 585 -0.55522052 1.48922637
1870 585 -0.50236267 1.56982443
1880 585 -0.44811581 1.65015673
1890 585 -0.41526080 1.70146509
1900 585 -0.41257303 1.71174983
1910 585 -0.40988526 1.72203457
1920 585 -0.40663586 1.73149192
1930 585 -0.40394809 1.74177666
1940 585 -0.40126032 1.75206140
1950 585 -0.39857254 1.76234614
1960 585 -0.39532315 1.77180349
1970 585 -0.39263538 1.78208823
1980 585 -0.38994760 1.79237297
1990 585 -0.38725983 1.80265771
2000 585 -0.38457206 1.81294245
2010 585 -0.38188429 1.82322719
2020 585 -0.37863489 1.83268454
1950 599 -0.96686587 1.32825088
1960 599 -0.97388115 1.40446627
1970 599 -0.98172383 1.48012003
1980 599 -0.98791173 1.55689705
1990 599 -0.99575440 1.63255082
2000 599 -1.00276969 1.70876621
2010 599 -1.00978498 1.78498160
2020 599 -1.03194907 1.78202304
2030 599 -1.05467478 1.77989188
2040 599 -1.07683887 1.77693332
2050 599 -1.09956459 1.77480216
2060 599 -1.12172868 1.77184361
2070 599 -1.14472017 1.76832343
2080 599 -1.16744588 1.76619226
2090 599 -1.18960997 1.76323371
2100 599 -1.21177406 1.76027515
2110 599 -1.23449978 1.75814399
2120 599 -1.25666387 1.75518544
2130 599 -1.26231521 1.80090264
2140 599 -1.25033056 1.89364080
