1600 329 0.00000000 0.00000000
1610 329 -0.00000000 0.00921954
1620 329 -0.00075926 0.01778830
1630 329 -0.00151851 0.02635705
1640 329 -0.00227777 0.03492580
1650 329 -0.00303703 0.04349456
1660 329 -0.00379628 0.05206331
1670 329 -0.00390475 0.05987281
1680 329 -0.00390475 0.06909235
1690 329 -0.00466400 0.07766110
1700 329 -0.00542326 0.08622986
1710 329 -0.00618252 0.09479861
1720 329 -0.00694177 0.10336736
1730 329 -0.00770103 0.11193612
1740 329 -0.00770103 0.12115566
1750 329 -0.00846029 0.12972441
1760 329 -0.00921954 0.13829317
1770 329 -0.00997880 0.14686192
1780 329 -0.01073806 0.15543067
1790 329 -0.01008727 0.16389096
1680 565 0.24719226 -1.65442014
1690 565 0.24513142 -1.63511333
1700 565 0.24382983 -1.61515572
1710 565 0.24252825 -1.59519812
1720 565 0.23981662 -1.57513205
1730 565 0.23851504 -1.55517445
1740 565 0.23721346 -1.53521685
1750 565 0.23515262 -1.51591004
1760 565 0.23385103 -1.49595244
1770 565 0.23189866 -1.47523558
1780 565 0.23059708 -1.45527798
1790 565 0.23471876 -1.43857433
1800 565 0.26237739 -1.42935479
1810 565 0.29068681 -1.42089450
1820 565 0.31834545 -1.41167495
1830 565 0.34600408 -1.40245541
1840 565 0.37431350 -1.39399512
1850 565 0.40197214 -1.38477558
1860 565 0.43028156 -1.37631529
1870 565 0.45794020 -1.36709575
1720 861 0.51282360 -0.92097826
1730 861 0.65827547 -0.75415874
1740 861 0.80795749 -0.57844507
1750 861 0.96436435 -0.37984523
1760 861 1.12001195 -0.18189619
1770 861 1.27641881 0.01670365
1780 861 1.39052423 0.16324017
1790 861 1.50061644 0.30370264
1800 861 1.60994939 0.44351432
1810 861 1.71928234 0.58332600
1820 861 1.83089306 0.68821188
1830 861 1.94326304 0.78452900
1840 861 2.05487376 0.88019533
1850 861 2.10140534 0.95037234
1860 861 2.13123328 1.01545147
1870 861 2.16171201 1.07977135
1880 861 2.19143148 1.14344044
1890 861 2.22125942 1.20851958
1900 861 2.25173815 1.27283946
1910 861 2.28427772 1.31785253
1730 390 2.41031432 -0.98041720
1740 390 2.23015357 -0.79635171
1750 390 1.92829484 -0.73767202
1760 390 1.61255256 -0.69352667
1770 390 1.27674421 -0.73506886
1780 390 0.93735651 -0.78626444
1790 390 0.59959579 -0.78865068
1800 390 0.26129274 -0.77964807
1810 390 -0.01301583 -0.70393934
1820 390 -0.25977422 -0.60198202
1830 390 -0.39199334 -0.47692161
1840 390 -0.44665981 -0.33938770
1850 390 -0.48809353 -0.22343837
1860 390 -0.50653262 -0.14046247
1870 390 -0.52508017 -0.05889662
1880 390 -0.53809600 0.01160578
1890 390 -0.53082883 0.03232264
1900 390 -0.52345319 0.05444954
1910 390 -0.51542677 0.07581720
1920 390 -0.50740034 0.09718485
