2730 402 0.00000000 0.00000000
2740 402 0.00000000 0.09571834
2750 402 -0.00084623 0.19196949
2760 402 0.00031342 0.28577596
2770 402 0.01836639 0.35949225
2780 402 0.03726559 0.43267572
2790 402 0.05531855 0.50639200
2800 402 0.07337152 0.58010828
2810 402 0.09142449 0.65382457
2820 402 0.12032177 0.73725686
2830 402 0.15028468 0.82238161
2840 402 0.18162664 0.90781979
2850 402 0.21212237 0.99379077
2860 402 0.25882188 1.10737403
2870 402 0.32257142 1.24803673
2880 402 0.38547473 1.38923225
2890 402 0.44922427 1.52989495
2900 402 0.49579842 1.63764860
2910 402 0.53159093 1.72264798
2920 402 0.56685064 1.80680114
2540 408 1.27044623 -0.08615904
2550 408 1.27793696 0.19037105
2560 408 1.31532791 0.46934581
2570 408 1.35325168 0.74916680
2580 408 1.38982774 0.87857774
2590 408 1.42656052 0.99134610
2600 408 1.46329329 1.10411446
2610 408 1.35005480 1.25458720
2620 408 1.23597008 1.40559275
2630 408 1.18297083 1.62921761
2640 408 1.19243610 1.92577521
2650 408 1.20190137 2.22233281
2660 408 1.15529588 2.45611246
2670 408 1.08443171 2.66262462
2680 408 1.02626104 2.86114457
2690 408 1.08474513 2.98030669
2700 408 1.14238299 3.10000163
2710 408 1.17839490 3.21913241
2720 408 1.12451808 3.33813782
2730 408 1.07148749 3.45661042
2660 368 -0.36873812 -0.33977816
2670 368 -0.36695163 -0.31254200
2680 368 -0.36516514 -0.28530583
2690 368 -0.36253242 -0.25860249
2700 368 -0.36074593 -0.23136633
2710 368 -0.35811320 -0.20466298
2720 368 -0.35685952 -0.17827305
2730 368 -0.35507303 -0.15103689
2740 368 -0.35244031 -0.12433354
2750 368 -0.33911998 -0.00745939
2760 368 -0.32492207 0.11831589
2770 368 -0.30934512 0.24440458
2780 368 -0.29514721 0.37017985
2790 368 -0.28041649 0.49680136
2800 368 -0.27383468 0.56355973
2810 368 -0.26822447 0.62502131
2820 368 -0.26261426 0.68648289
2830 368 -0.25753686 0.74709823
2840 368 -0.25192665 0.80855981
2850 368 -0.24631644 0.87002139
2660 379 0.37014851 -0.63956398
2670 379 0.36996046 -0.63235533
2680 379 0.31276139 -0.46044469
2690 379 0.25556232 -0.28853406
2700 379 0.22202642 -0.14097612
2710 379 0.24606570 -0.05212167
2720 379 0.27010499 0.03673277
2730 379 0.29383085 0.12696627
2740 379 0.31787013 0.21582072
2750 379 0.34244222 0.30552140
2760 379 0.36272047 0.34711217
2770 379 0.38202711 0.38340616
2780 379 0.40133376 0.41970015
2790 379 0.42117322 0.45684037
2800 379 0.44132610 0.49260154
2810 379 0.46116556 0.52974176
2820 379 0.48047220 0.56603574
2830 379 0.49291496 0.61019656
2840 379 0.49510890 0.66435546
2850 379 0.49783565 0.71936060
2670 254 0.89246223 -1.16695509
2680 254 0.83231701 -0.89274430
2690 254 0.77217180 -0.61853352
2700 254 0.67733103 -0.29057128
2710 254 0.56688198 0.06139889
2720 254 0.45643292 0.41336907
2730 254 0.29771725 0.65865123
2740 254 0.13953439 0.90477962
2750 254 -0.06434504 1.14777381
2760 254 -0.37519457 1.38603537
2770 254 -0.68657691 1.62345069
2780 254 -1.02453723 1.86932834
2790 254 -1.37986100 2.12141170
2800 254 -1.73433853 2.37296225
2810 254 -2.02588142 2.67942391
2820 254 -2.27363959 3.01976622
2830 254 -2.52224399 3.36064134
2840 254 -2.75599231 3.67443702
2850 254 -2.98469457 3.97560188
2860 254 -3.22715595 4.28306648
2680 257 1.35409791 -0.84667163
2690 257 1.30799389 -0.52576133
2700 257 1.27126112 -0.22375023
2710 257 1.27179393 0.00043879
2720 257 1.27201333 0.22600685
2730 257 1.27423861 0.44913024
2740 257 1.27941003 0.66567183
2750 257 1.28458145 0.88221341
2760 257 1.28837383 1.09844157
2770 257 1.16808340 1.32780201
2780 257 0.96354579 1.56412037
2790 257 0.75869475 1.80181777
2800 257 0.51999441 2.06082770
2810 257 0.28129406 2.31983763
2820 257 0.03071512 2.57687302
2830 257 -0.23703922 2.83290547
2840 257 -0.50426075 3.08978415
2850 257 -0.75712766 3.32817108
2860 257 -0.99404151 3.55060495
2870 257 -1.23148818 3.77219258
2680 350 -0.15924848 -0.96799634
2690 350 -0.15266667 -0.93314409
2700 350 -0.14693109 -0.89775902
2710 350 -0.14119552 -0.86237395
2720 350 -0.13505249 -0.76816003
2730 350 -0.12941094 -0.63345229
2740 350 -0.12430220 -0.49959080
2750 350 -0.11834723 -0.36626211
2760 350 -0.10201807 -0.23710191
2770 350 -0.07531472 -0.11211018
2780 350 -0.04745172 0.01096968
2790 350 -0.02128119 0.13511518
2800 350 0.00507740 0.25205202
2810 350 0.02128119 0.31157039
2820 350 0.03695217 0.37024254
2830 350 0.05315596 0.42976091
2840 350 0.06882694 0.48843306
2850 350 0.08503073 0.54795143
2860 350 0.10070171 0.60662358
2870 350 0.11721892 0.66476291
2690 260 1.49306815 -1.35604111
2700 260 1.44116587 -1.02557152
2710 260 1.40327344 -0.68974245
2720 260 1.35879921 -0.35685952
2730 260 1.24546669 -0.04325190
2740 260 1.13160136 0.26950949
2750 260 1.01419439 0.56913860
2760 260 0.88819972 0.83636012
2770 260 0.76220505 1.10358165
2780 260 0.63705662 1.37027036
2790 260 0.42132993 1.58881783
2800 260 0.20507042 1.80651906
2810 260 -0.01118908 2.02422030
2820 260 -0.27464957 2.26455042
2830 260 -0.54318746 2.50807743
2840 260 -0.78734130 2.72088932
2850 260 -1.01522867 2.91636910
2860 260 -1.22869874 3.11222499
2870 260 -1.42116970 3.31140313
2880 260 -1.61279443 3.51004845
2860 369 -0.24123904 0.93063673
2870 369 -0.23562883 0.99209831
2880 369 -0.22653967 1.07973042
2890 369 -0.21622816 1.18431853
2900 369 -0.20538384 1.28975287
2910 369 -0.19538576 1.39572003
2920 369 -0.18507426 1.50030814
2930 369 -0.17422994 1.60574249
2940 369 -0.20090194 1.71352748
2950 369 -0.23763472 1.82410190
2960 369 -0.27405407 1.93329728
2970 369 -0.30994061 2.04333889
2980 369 -0.34635997 2.15253427
2990 369 -0.36735908 2.21302424
3000 369 -0.37776461 2.23966491
3010 369 -0.38848356 2.26768462
3020 369 -0.39973532 2.29485809
3030 369 -0.41014085 2.32149876
3040 369 -0.42085980 2.34951847
3050 369 -0.43211156 2.37669194
2860 380 0.50056240 0.77436573
2870 380 0.50328915 0.82937087
2880 380 0.50548308 0.88352977
2890 380 0.50820983 0.93853490
2900 380 0.50272499 1.04243349
2910 380 0.48507947 1.21898274
2920 380 0.46828018 1.39499917
2930 380 0.46295205 1.54606740
2940 380 0.47269940 1.67228146
2950 380 0.48244674 1.79849552
2960 380 0.48542423 1.89706598
2970 380 0.46984728 1.93050784
2980 380 0.45564937 1.96426313
2990 380 0.44060523 1.99855123
3000 380 0.42587451 2.03146029
3010 380 0.41167661 2.06521558
3020 380 0.39663247 2.09950368
3030 380 0.38190175 2.13241273
3040 380 0.36770384 2.16616802
3050 380 0.35265970 2.20045612
2860 874 1.78269917 0.37832876
2870 874 1.78577069 0.31376433
2880 874 1.75417799 0.34429140
2890 874 1.72120625 0.37450504
2900 874 1.68908075 0.40418588
2910 874 1.65610901 0.43439952
2920 874 1.62313727 0.46461317
2930 874 1.59154458 0.49514024
2940 874 1.55857284 0.52535388
2950 874 1.52644733 0.55503472
2960 874 1.45041175 0.70453585
2970 874 1.36419002 0.88290293
2980 874 1.28856188 1.05932681
2990 874 1.23941769 1.23089268
3000 874 1.19080632 1.40330478
3010 874 1.14692758 1.59637124
3020 874 1.11762285 1.83698344
3030 874 1.08831812 2.07759565
3040 874 1.05901339 2.31820785
3050 874 1.08844348 2.40248637
2880 351 0.13342271 0.72428129
2890 351 0.14909369 0.78295343
2900 351 0.16589298 0.89409201
2910 351 0.18350716 1.02716996
2920 351 0.20196757 1.15971509
2930 351 0.21904894 1.29194681
2940 351 0.23666312 1.42502476
2950 351 0.21096271 1.53810654
2960 351 0.17485678 1.64592287
2970 351 0.13875084 1.75373921
2980 351 0.10317772 1.86240177
2990 351 0.08465463 1.93433156
3000 351 0.08393376 1.97260009
3010 351 0.08352632 2.00948958
3020 351 0.08311887 2.04637906
3030 351 0.08271142 2.08326854
3040 351 0.08199056 2.12153707
3050 351 0.08158311 2.15842656
3060 351 0.08032944 2.19584885
3070 351 0.07992199 2.23273834
