2490 850 0.00000000 0.00000000
2500 850 -0.00000000 0.00800000
2510 850 -0.00000000 0.01600000
2520 850 -0.00000000 0.02500000
2530 850 -0.00000000 0.03300000
2540 850 -0.00000000 0.04100000
2550 850 -0.00000000 0.05000000
2560 850 -0.00000000 0.05800000
2570 850 -0.00000000 0.06700000
2580 850 -0.00000000 0.07500000
2590 850 -0.00000000 0.08300000
2600 850 -0.00000000 0.09200000
2610 850 -0.00000000 0.10000000
2620 850 -0.00000000 0.10800000
2630 850 -0.00000000 0.11700000
2640 850 -0.00000000 0.12500000
2650 850 -0.00000000 0.13300000
2660 850 -0.00000000 0.14200000
2670 850 -0.00000000 0.15000000
2680 850 -0.00000000 0.15800000
2430 237 -0.01400000 -1.64400000
2440 237 -0.01200000 -1.39500000
2450 237 0.10200000 -1.20400000
2460 237 0.21500000 -1.01400000
2470 237 0.20800000 -1.01200000
2480 237 0.20200000 -1.01000000
2490 237 0.19500000 -1.00800000
2500 237 0.18900000 -1.00600000
2510 237 0.18200000 -1.00400000
2520 237 0.17500000 -1.00200000
2530 237 0.16900000 -1.00000000
2540 237 0.16200000 -0.99800000
2550 237 0.15500000 -0.99600000
2560 237 0.14900000 -0.99400000
2570 237 0.13800000 -1.00000000
2580 237 0.11200000 -1.03800000
2590 237 0.08600000 -1.07700000
2600 237 0.06000000 -1.11500000
2610 237 0.03400000 -1.15300000
2620 237 0.00800000 -1.19100000
2460 781 -0.11300000 1.16000000
2470 781 -0.19900000 1.08300000
2480 781 -0.28600000 1.00700000
2490 781 -0.37300000 0.93000000
2500 781 -0.50900000 0.90900000
2510 781 -0.65100000 0.89400000
2520 781 -0.79300000 0.87900000
2530 781 -0.93500000 0.86400000
2540 781 -1.09900000 0.81100000
2550 781 -1.27100000 0.74000000
2560 781 -1.44400000 0.67000000
2570 781 -1.60300000 0.58500000
2580 781 -1.64800000 0.36800000
2590 781 -1.69300000 0.15100000
2600 781 -1.73700000 -0.06600000
2610 781 -1.71900000 -0.30400000
2620 781 -1.69300000 -0.54400000
2630 781 -1.66700000 -0.78000000
2640 781 -1.63500000 -0.96900000
2650 781 -1.60300000 -1.15900000
2480 786 0.04800000 1.36300000
2490 786 -0.01200000 1.28800000
2500 786 -0.07100000 1.21400000
2510 786 -0.14200000 1.14100000
2520 786 -0.25900000 1.07200000
2530 786 -0.37500000 1.00400000
2540 786 -0.49200000 0.93500000
2550 786 -0.60900000 0.86700000
2560 786 -0.75300000 0.89100000
2570 786 -0.90100000 0.92600000
2580 786 -1.04900000 0.96100000
2590 786 -1.19600000 0.99600000
2600 786 -1.33200000 0.90000000
2610 786 -1.46200000 0.74700000
2620 786 -1.59200000 0.59400000
2630 786 -1.68400000 0.44600000
2640 786 -1.71800000 0.30800000
2650 786 -1.75200000 0.17000000
2660 786 -1.78600000 0.03200000
2670 786 -1.78400000 -0.05200000
2480 803 -0.71500000 -1.75500000
2490 803 -0.71000000 -1.67100000
2500 803 -0.70600000 -1.58800000
2510 803 -0.70100000 -1.50400000
2520 803 -0.69700000 -1.42100000
2530 803 -0.69200000 -1.33800000
2540 803 -0.63700000 -1.15100000
2550 803 -0.57500000 -0.95200000
2560 803 -0.51400000 -0.75400000
2570 803 -0.44900000 -0.54800000
2580 803 -0.37900000 -0.33300000
2590 803 -0.30900000 -0.11700000
2600 803 -0.24000000 0.09800000
2610 803 -0.16000000 0.32400000
2620 803 -0.05600000 0.57500000
2630 803 0.04700000 0.82500000
2640 803 0.15000000 1.07500000
2650 803 0.27500000 1.25900000
2660 803 0.41400000 1.40000000
2670 803 0.55300000 1.54000000
2490 804 -0.62800000 -1.94100000
2500 804 -0.58800000 -1.83000000
2510 804 -0.54900000 -1.71900000
2520 804 -0.50900000 -1.60800000
2530 804 -0.47300000 -1.49300000
2540 804 -0.45100000 -1.36400000
2550 804 -0.42900000 -1.23500000
2560 804 -0.40800000 -1.10500000
2570 804 -0.38600000 -0.97600000
2580 804 -0.27600000 -0.78200000
2590 804 -0.14300000 -0.57200000
2600 804 -0.01000000 -0.36100000
2610 804 0.10800000 -0.14700000
2620 804 0.17000000 0.08100000
2630 804 0.23100000 0.31000000
2640 804 0.29200000 0.53800000
2650 804 0.38100000 0.75100000
2660 804 0.48100000 0.95500000
2670 804 0.58200000 1.16000000
2680 804 0.68200000 1.36500000
2610 801 1.46800000 1.96500000
2620 801 1.29100000 1.91100000
2630 801 1.11300000 1.85700000
2640 801 0.93600000 1.80200000
2650 801 0.74500000 1.78600000
2660 801 0.52400000 1.85600000
2670 801 0.30300000 1.92600000
2680 801 0.13700000 1.92500000
2690 801 0.00800000 1.87700000
2700 801 -0.12200000 1.82900000
2710 801 -0.25100000 1.76900000
2720 801 -0.37300000 1.60400000
2730 801 -0.49600000 1.43900000
2740 801 -0.61800000 1.27400000
2750 801 -0.76400000 1.15100000
2760 801 -0.94500000 1.08900000
2770 801 -1.12500000 1.02800000
2780 801 -1.30500000 0.96600000
2790 801 -1.49700000 0.87700000
2800 801 -1.71600000 0.72500000
2630 795 -0.32000000 1.24200000
2640 795 -0.45600000 1.16400000
2650 795 -0.59300000 1.08600000
2660 795 -0.71800000 1.02200000
2670 795 -0.84100000 0.96200000
2680 795 -0.96400000 0.90200000
2690 795 -1.08800000 0.83800000
2700 795 -1.21700000 0.76500000
2710 795 -1.34500000 0.69200000
2720 795 -1.41900000 0.60800000
2730 795 -1.46900000 0.51900000
2740 795 -1.51900000 0.43100000
2750 795 -1.57000000 0.34200000
2760 795 -1.55800000 0.20500000
2770 795 -1.53900000 0.06100000
2780 795 -1.52000000 -0.09000000
2790 795 -1.50200000 -0.25400000
2800 795 -1.48500000 -0.41700000
2810 795 -1.46100000 -0.49500000
2820 795 -1.43500000 -0.53600000
2630 798 -0.16700000 1.70800000
2640 798 -0.31400000 1.63300000
2650 798 -0.46100000 1.55700000
2660 798 -0.58800000 1.47500000
2670 798 -0.68800000 1.38100000
2680 798 -0.78700000 1.28700000
2690 798 -0.88700000 1.19400000
2700 798 -0.96800000 1.11000000
2710 798 -1.04500000 1.02900000
2720 798 -1.12200000 0.94700000
2730 798 -1.21000000 0.87600000
2740 798 -1.30300000 0.80900000
2750 798 -1.39700000 0.74300000
2760 798 -1.49000000 0.67600000
2770 798 -1.55400000 0.51300000
2780 798 -1.59900000 0.28500000
2790 798 -1.64500000 0.05700000
2800 798 -1.69000000 -0.17000000
2810 798 -1.67700000 -0.33200000
2820 798 -1.65800000 -0.48700000
2680 787 -1.77800000 -0.13000000
2690 787 -1.77100000 -0.20700000
2700 787 -1.76400000 -0.28500000
2710 787 -1.74700000 -0.36200000
2720 787 -1.72900000 -0.43900000
2730 787 -1.71200000 -0.51600000
2740 787 -1.69400000 -0.59300000
2750 787 -1.66400000 -0.70400000
2760 787 -1.63400000 -0.81600000
2770 787 -1.60500000 -0.92800000
2780 787 -1.59500000 -1.00300000
2790 787 -1.59000000 -1.06900000
2800 787 -1.58500000 -1.13500000
2810 787 -1.58000000 -1.20000000
2820 787 -1.57500000 -1.26600000
2830 787 -1.54500000 -1.35600000
2840 787 -1.51500000 -1.44500000
2850 787 -1.48500000 -1.53400000
2860 787 -1.45600000 -1.62400000
2870 787 -1.44400000 -1.69900000
