2000 331 0.00000000 0.00000000
2010 331 -0.00000000 0.02376973
2020 331 0.00000000 0.04753946
2030 331 -0.00037863 0.07038364
2040 331 0.00054691 0.09377473
2050 331 0.00054691 0.11754446
2060 331 0.00016828 0.14038865
2070 331 0.00016828 0.16415837
2080 331 0.00854027 0.21367514
2090 331 0.01863715 0.27004936
2100 331 0.02873403 0.32642358
2110 331 0.03883090 0.38279781
2120 331 0.04930641 0.44009758
2130 331 0.05940329 0.49647180
2140 331 0.08704348 0.54026700
2150 331 0.11893278 0.58124349
2160 331 0.15212626 0.62276689
2170 331 0.18401556 0.66374338
2180 331 0.21590486 0.70471987
2190 331 0.24871971 0.74531772
1840 589 -1.59000553 -1.83456028
1850 589 -1.48726982 -1.61512151
1860 589 -1.40969215 -1.40699965
1870 589 -1.42980177 -1.24751109
1880 589 -1.45083692 -1.08764388
1890 589 -1.47717294 -0.84565543
1900 589 -1.50557041 -0.58229525
1910 589 -1.49522111 -0.30345319
1920 589 -1.48058064 -0.02204485
1930 589 -1.45327700 0.24013736
1940 589 -1.41474059 0.49016125
1950 589 -1.37662489 0.73387460
1960 589 -1.33295590 0.95154641
1970 589 -1.29021246 1.16959686
1980 589 -1.24734280 1.40380231
1990 589 -1.20594561 1.66346030
2000 589 -1.16416979 1.92404384
2010 589 -1.10994115 2.18601570
2020 589 -1.00716337 2.45837893
2030 589 -0.90568977 2.73019524
1870 866 0.80711902 2.93166998
1880 866 0.65457205 2.70667793
1890 866 0.50408653 2.48408389
1900 866 0.37421546 2.28546993
1910 866 0.24434440 2.08685596
1920 866 0.11409470 1.88731645
1930 866 -0.02435871 1.70733964
1940 866 -0.17522287 1.55512924
1950 866 -0.32646565 1.40199329
1960 866 -0.47732981 1.24978288
1970 866 -0.59676744 1.05554423
1980 866 -0.71233459 0.85756133
1990 866 -0.82828039 0.65865287
2000 866 -0.93741079 0.45263453
2010 866 -1.02117278 0.21354892
2020 866 -1.10400924 -0.02591531
2030 866 -1.18646706 -0.26445401
2040 866 -1.29845824 -0.50387618
2050 866 -1.42307052 -0.74245694
2060 866 -1.54806142 -0.98196325
1910 592 -1.92496939 -1.75803437
1920 592 -1.81920461 -1.53119123
1930 592 -1.71398675 -1.30304390
1940 592 -1.68781902 -1.06740806
1950 592 -1.69505511 -0.82891144
1960 592 -1.70229120 -0.59041482
1970 592 -1.64907225 -0.31506460
1980 592 -1.59547467 -0.03878883
1990 592 -1.54907111 0.24367127
2000 592 -1.51112369 0.53715380
2010 592 -1.47372318 0.83194050
2020 592 -1.42471126 1.06795498
2030 592 -1.37536278 1.29951000
2040 592 -1.32546738 1.52976084
2050 592 -1.24414546 1.78929262
2060 592 -1.16244491 2.04974995
2070 592 -1.08074435 2.31020727
2080 592 -0.97329677 2.56229261
2090 592 -0.86214699 2.81286341
2100 592 -0.75192276 3.06381285
1920 862 -1.11944904 -1.09896080
1930 862 -1.15209561 -1.11801865
1940 862 -1.18604635 -1.13762342
1950 862 -1.21961847 -1.15630264
1960 862 -1.25356921 -1.17590741
1970 862 -1.28714132 -1.19458663
1980 862 -1.32071344 -1.21326585
1990 862 -1.35466418 -1.23287062
2000 862 -1.35887121 -1.22466690
2010 862 -1.29555539 -1.15440948
2020 862 -1.23261819 -1.08507760
2030 862 -1.16930237 -1.01482017
2040 862 -1.10691209 -0.94418411
2050 862 -1.02394943 -0.80741351
2060 862 -0.93602246 -0.65322580
2070 862 -0.84847414 -0.49996364
2080 862 -0.76147272 -0.34539730
2090 862 -0.71574229 -0.24417612
2100 862 -0.69925073 -0.17745259
2110 862 -0.68238053 -0.10980353
1940 596 -1.79181684 -1.61478495
1950 596 -1.65862222 -1.25222296
1960 596 -1.53135951 -0.86454500
1970 596 -1.40897696 -0.45974442
1980 596 -1.30956480 -0.07147747
1990 596 -1.30384324 0.25679721
2000 596 -1.28785652 0.56790720
2010 596 -1.22706491 0.81422890
2020 596 -1.16627331 1.06055060
2030 596 -1.09092537 1.33981336
2040 596 -1.00518606 1.64183616
2050 596 -0.91944676 1.94385896
2060 596 -0.84224773 2.19859472
2070 596 -0.76639495 2.44739857
2080 596 -0.69016354 2.69712797
2090 596 -0.57354462 2.93465698
2100 596 -0.45191934 3.17121836
2110 596 -0.32936851 3.40740112
2120 596 -0.25359987 3.59789551
2130 596 -0.18906400 3.77677850
2080 567 -2.27103981 -0.55978763
2090 567 -2.24419895 -0.54699825
2100 567 -2.21773672 -0.53513442
2110 567 -2.19127449 -0.52327059
2120 567 -2.16443363 -0.51048122
2130 567 -2.13797140 -0.49861739
2140 567 -2.11150917 -0.48675356
2150 567 -2.08504694 -0.47488973
2160 567 -2.03813854 -0.43681609
2170 567 -1.91150689 -0.29630124
2180 567 -1.78487523 -0.15578638
2190 567 -1.67545034 0.11169669
2200 567 -1.57742651 0.46487699
2210 567 -1.43947794 0.81793109
2220 567 -1.23876046 1.17123760
2230 567 -1.03009169 1.52021088
2240 567 -0.74994546 1.84318469
2250 567 -0.46887367 2.16577988
2260 567 -0.21872357 2.45240494
2270 567 0.00273457 2.70322817
