1930 398 0.00000000 0.00000000
1940 398 0.00000000 0.10846658
1950 398 -0.00097726 0.21714522
1960 398 0.00812232 0.30624178
1970 398 0.02610942 0.37499106
1980 398 0.04430858 0.44471761
1990 398 0.06250773 0.51444415
2000 398 0.08049484 0.58319343
2010 398 0.09869399 0.65291998
2020 398 0.11668110 0.72166926
2030 398 0.18687783 0.80467178
2040 398 0.30886010 0.89997302
2050 398 0.43105441 0.99625152
2060 398 0.54199180 1.08780967
2070 398 0.55386643 1.14253620
2080 398 0.56595310 1.19824000
2090 398 0.57803977 1.25394379
2100 398 0.58991440 1.30867032
2110 398 0.60200107 1.36437411
2120 398 0.61408774 1.42007790
1750 335 -0.38650613 2.19896294
1760 335 -0.38867270 2.19840977
1770 335 -0.39062722 2.19883387
1780 335 -0.39181652 2.19806866
1790 335 -0.39377104 2.19849275
1800 335 -0.39593761 2.19793958
1810 335 -0.39810417 2.19738642
1820 335 -0.39929348 2.19662120
1830 335 -0.40124800 2.19704530
1840 335 -0.40341456 2.19649213
1850 335 -0.40460387 2.19572692
1860 335 -0.40655839 2.19615101
1870 335 -0.40872496 2.19559785
1880 335 -0.41089152 2.19504468
1890 335 -0.41208083 2.19427947
1900 335 -0.41403535 2.19470356
1910 335 -0.41620191 2.19415040
1920 335 -0.41836848 2.19359723
1930 335 -0.41934574 2.19380928
1940 335 -0.42151230 2.19325611
1760 224 -0.45235129 0.98532650
1770 224 -0.18390917 0.94447521
1780 224 0.09687776 0.95108554
1790 224 0.37991424 0.96334738
1800 224 0.66176141 0.97484401
1810 224 0.91888207 0.98556620
1820 224 1.17166960 0.99518207
1830 224 1.42564644 1.00556314
1840 224 1.70541924 0.99806775
1850 224 1.98791177 0.98895895
1860 224 2.26250325 0.97644819
1870 224 2.46658453 0.92193370
1880 224 2.66968856 0.86763126
1890 224 2.76410473 0.83588877
1900 224 2.78599166 0.81886048
1910 224 2.80885584 0.80162015
1920 224 2.83053072 0.78361461
1930 224 2.85241764 0.76658632
1940 224 2.87430457 0.74955803
1950 224 2.89716875 0.73231770
1770 228 -0.97158955 0.92198902
1780 228 -0.58152472 1.02665720
1790 228 -0.12416727 1.03588585
1800 228 0.27013850 0.94316605
1810 228 0.62270791 0.78071049
1820 228 0.91880832 0.63153090
1830 228 1.17798491 0.49138636
1840 228 1.43792672 0.35005251
1850 228 1.75064976 0.28219751
1860 228 2.06337279 0.21434251
1870 228 2.24309635 0.19376474
1880 228 2.36664592 0.19253856
1890 228 2.48943028 0.19250168
1900 228 2.53327788 0.18708066
1910 228 2.56909536 0.18237875
1920 228 2.60470080 0.17669958
1930 228 2.64128350 0.17080837
1940 228 2.67688893 0.16512920
1950 228 2.71249437 0.15945003
1960 228 2.74809980 0.15377086
1860 364 -0.12416727 -0.04878000
1870 364 -0.14063317 0.01209589
1880 364 -0.16211444 0.07815310
1890 364 -0.20170267 0.16451149
1900 364 -0.24248021 0.25010468
1910 364 -0.28206844 0.33646307
1920 364 -0.32263393 0.42303351
1930 364 -0.35570402 0.46397699
1940 364 -0.38838689 0.49255723
1950 364 -0.42085772 0.52211472
1960 364 -0.45354060 0.55069495
1970 364 -0.48622348 0.57927518
1980 364 -0.51869431 0.60883267
1990 364 -0.55039992 0.63720085
2000 364 -0.58287075 0.66675834
2010 364 -0.61555363 0.69533857
2020 364 -0.60208404 0.79985924
2030 364 -0.58300905 0.91134980
2040 364 -0.56393405 1.02284035
2050 364 -0.54464700 1.13530817
1860 375 0.53477299 -0.44041213
1870 375 0.50705939 -0.40779379
1880 375 0.47934578 -0.37517545
1890 375 0.45065492 -0.34234507
1900 375 0.48366048 -0.21852813
1910 375 0.52193033 -0.08459748
1920 375 0.56096539 0.04814386
1930 375 0.60021250 0.18186246
1940 375 0.62596237 0.39013859
1950 375 0.64408776 0.64816275
1960 375 0.66102386 0.90542170
1970 375 0.66324574 1.09015141
1980 375 0.66122668 1.25533592
1990 375 0.65941967 1.42149769
2000 375 0.66579030 1.53574486
2010 375 0.68663543 1.57522246
2020 375 0.70629125 1.61393484
2030 375 0.72713638 1.65341244
2040 375 0.74700425 1.69310208
2050 375 0.76763733 1.73160241
1880 212 -0.17369405 2.41576704
1890 212 -0.16566392 2.41504792
1900 212 -0.15763380 2.41432881
1910 212 -0.14981572 2.41263243
1920 212 -0.14178560 2.41191332
1930 212 -0.13375548 2.41119420
1940 212 -0.12593740 2.40949783
1950 212 -0.11790728 2.40877871
1960 212 -0.11008920 2.40708233
1970 212 -0.10205908 2.40636322
1980 212 -0.09424101 2.40466684
1990 212 -0.08621088 2.40394773
2000 212 -0.07818076 2.40322861
2010 212 -0.07036268 2.40153224
2020 212 -0.06233256 2.40081312
2030 212 -0.05430244 2.40009401
2040 212 -0.04648436 2.39839763
2050 212 -0.03845424 2.39767852
2060 212 -0.03063616 2.39598214
2070 212 -0.02260604 2.39526303
1880 346 -0.57842699 0.60235141
1890 346 -0.58073185 0.62945653
1900 346 -0.58184740 0.65732686
1910 346 -0.58394021 0.68540925
1920 346 -0.58624506 0.71251437
1930 346 -0.58833788 0.74059675
1940 346 -0.66190892 0.81181684
1950 346 -0.73645723 0.88324898
1960 346 -0.81002827 0.95446907
1970 346 -0.88359932 1.02568916
1980 346 -0.95814762 1.09712130
1990 346 -0.97125765 1.15931557
2000 346 -0.95853484 1.21795114
2010 346 -0.94581202 1.27658671
2020 346 -0.93330126 1.33424502
2030 346 -0.92057845 1.39288059
2040 346 -0.90785563 1.45151616
2050 346 -0.86929076 1.48305582
2060 346 -0.77228393 1.45382101
2070 346 -0.67408779 1.42535141
1950 336 -0.42367887 2.19270295
1960 336 -0.42486818 2.19193773
1970 336 -0.42682269 2.19236183
1980 336 -0.42898926 2.19180866
1990 336 -0.43115583 2.19125550
2000 336 -0.43213309 2.19146754
2010 336 -0.43429965 2.19091438
2020 336 -0.43646622 2.19036121
2030 336 -0.43765552 2.18959600
2040 336 -0.43961004 2.19002009
2050 336 -0.44177661 2.18946693
2060 336 -0.44394317 2.18891376
2070 336 -0.44492043 2.18912581
2080 336 -0.44708700 2.18857264
2090 336 -0.44925357 2.18801948
2100 336 -0.45044287 2.18725426
2110 336 -0.45239739 2.18767836
2120 336 -0.45456396 2.18712519
2130 336 -0.45673052 2.18657203
2140 336 -0.45770778 2.18678407
2060 365 -0.41670898 1.21089827
2070 365 -0.27627864 1.28275450
2080 365 -0.13584829 1.35461073
2090 365 -0.06978186 1.46102139
2100 365 -0.02262448 1.57460475
2110 365 0.02376769 1.68937743
2120 365 0.07113712 1.80393806
2130 365 0.11752928 1.91871073
2140 365 0.17383234 2.00370465
2150 365 0.23166582 2.08631995
2160 365 0.28830999 2.16817005
2170 365 0.34614347 2.25078535
2180 365 0.40376490 2.33242340
2190 365 0.39764320 2.34193785
2200 365 0.39228671 2.35026299
2210 365 0.38714227 2.35956540
2220 365 0.38199783 2.36886780
2230 365 0.37664134 2.37719295
2240 365 0.37149690 2.38649535
2250 365 0.36516315 2.39503254
2060 376 0.78750520 1.77129206
2070 376 0.80813829 1.80979239
2080 376 0.82779411 1.84850478
2090 376 0.84863924 1.88798237
2100 376 0.86829506 1.92669476
2110 376 0.88914019 1.96617235
2120 376 0.90879602 2.00488474
2130 376 0.92964114 2.04436233
2140 376 0.94929697 2.08307471
2150 376 0.97193989 2.19686091
2160 376 0.99351335 2.32929801
2170 376 1.01627612 2.46250032
2180 376 1.02347650 2.51926435
2190 376 1.02105179 2.52695335
2200 376 1.01939229 2.53345305
2210 376 1.01773279 2.53995275
2220 376 1.01509603 2.54666449
2230 376 1.01364858 2.55414145
2240 376 1.01101183 2.56085319
2250 376 1.00935233 2.56735289
2080 213 -0.01457592 2.39454391
2090 213 -0.00675784 2.39284754
2100 213 0.00127228 2.39212842
2110 213 0.00909036 2.39043205
2120 213 0.01712048 2.38971293
2130 213 0.02515060 2.38899381
2140 213 0.03296868 2.38729744
2150 213 0.04099880 2.38657832
2160 213 0.04881688 2.38488195
2170 213 0.04644748 2.35981432
2180 213 0.04505535 2.33453465
2190 213 0.04247391 2.30848976
2200 213 0.04108178 2.28321008
2210 213 0.03850034 2.25716520
2220 213 0.03613094 2.23209757
2230 213 0.03452676 2.20584063
2240 213 0.03215737 2.18077301
2250 213 0.03076524 2.15549333
2260 213 0.02818380 2.12944844
2270 213 0.02679166 2.10416877
2080 347 -0.58294451 1.39738889
2090 347 -0.52014176 1.37557572
2100 347 -0.45831627 1.35397459
2110 347 -0.39530147 1.33313868
2120 347 -0.33347597 1.31153756
2130 347 -0.27067322 1.28972439
2140 347 -0.18747709 1.26757932
2150 347 0.08911500 1.24542503
2160 347 0.36668436 1.22305870
2170 347 0.59060585 1.27884547
2180 347 0.76402332 1.41312645
2190 347 0.93646352 1.54761949
2200 347 0.97385753 1.53131953
2210 347 0.97846724 1.47710929
2220 347 0.98209970 1.42311109
2230 347 0.98573215 1.36911290
2240 347 0.99034187 1.31490265
2250 347 0.94938916 1.30536976
2260 347 0.80540934 1.40107666
2270 347 0.66164156 1.49776081
