1950 336 0.00000000 0.00000000
1960 336 -0.00000000 0.00141421
1970 336 0.00141421 0.00282843
1980 336 0.00212132 0.00494975
1990 336 0.00282843 0.00707107
2000 336 0.00353553 0.00777817
2010 336 0.00424264 0.00989949
2020 336 0.00494975 0.01202082
2030 336 0.00494975 0.01343503
2040 336 0.00636396 0.01484924
2050 336 0.00707107 0.01697056
2060 336 0.00777817 0.01909188
2070 336 0.00848528 0.01979899
2080 336 0.00919239 0.02192031
2090 336 0.00989949 0.02404163
2100 336 0.00989949 0.02545584
2110 336 0.01131371 0.02687006
2120 336 0.01202082 0.02899138
2130 336 0.01272792 0.03111270
2140 336 0.01343503 0.03181981
1840 515 1.11652161 0.55507882
1850 515 1.11369318 0.55932146
1860 515 1.11086475 0.56356410
1870 515 1.10803633 0.56922096
1880 515 1.10520790 0.57346360
1890 515 1.10308658 0.57841335
1900 515 1.09955104 0.58336309
1910 515 1.09672262 0.58760574
1920 515 1.09460130 0.59255548
1930 515 1.09106576 0.59750523
1940 515 1.08894444 0.60245498
1950 515 1.08611602 0.60669762
1960 515 1.08328759 0.61235447
1970 515 1.08045916 0.61659711
1980 515 1.07763073 0.62083975
1990 515 1.07480231 0.62649661
2000 515 1.07197388 0.63073925
2010 515 1.06985256 0.63568900
2020 515 1.06702413 0.63993164
2030 515 1.06348860 0.64488138
1860 364 -2.04707413 0.96095812
1870 364 -1.98697006 0.94186623
1880 364 -1.91979491 0.92418856
1890 364 -1.82574971 0.91075353
1900 364 -1.73170451 0.89873272
1910 364 -1.63765931 0.88529769
1920 364 -1.54290700 0.87256977
1930 364 -1.49058109 0.87822662
1940 364 -1.44886179 0.89024744
1950 364 -1.40643539 0.90156115
1960 364 -1.36471609 0.91358196
1970 364 -1.32299679 0.92560278
1980 364 -1.28057038 0.93691649
1990 364 -1.23955819 0.94823019
2000 364 -1.19713178 0.95954390
2010 364 -1.15541248 0.97156472
2020 364 -1.07480231 0.90368247
2030 364 -0.99136371 0.82731493
2040 364 -0.90792511 0.75094740
2050 364 -0.82377940 0.67387276
1860 375 -2.73296771 0.61871843
1870 375 -2.69054130 0.62437529
1880 375 -2.64811490 0.63003214
1890 375 -2.60498138 0.63639610
1900 375 -2.51871435 0.54164379
1910 375 -2.42679047 0.43699199
1920 375 -2.33628081 0.33234019
1930 375 -2.24506403 0.22698128
1940 375 -2.08384368 0.09263099
1950 375 -1.87666140 -0.06222540
1960 375 -1.66947911 -0.21566757
1970 375 -1.51532983 -0.31749094
1980 375 -1.37532269 -0.40517219
1990 375 -1.23460844 -0.49356053
2000 375 -1.14197745 -0.56073568
2010 375 -1.12005714 -0.59962655
2020 375 -1.09813683 -0.63710321
2030 375 -1.07621652 -0.67599408
2040 375 -1.05358910 -0.71417785
2050 375 -1.03237590 -0.75236162
1880 212 0.05232590 -0.33092597
1890 212 0.04737615 -0.33728993
1900 212 0.04242641 -0.34365390
1910 212 0.03676955 -0.34931075
1920 212 0.03181981 -0.35567471
1930 212 0.02687006 -0.36203867
1940 212 0.02121320 -0.36769553
1950 212 0.01626346 -0.37405949
1960 212 0.01060660 -0.37971634
1970 212 0.00565685 -0.38608030
1980 212 -0.00000000 -0.39173716
1990 212 -0.00494975 -0.39810112
2000 212 -0.00989949 -0.40446508
2010 212 -0.01555635 -0.41012193
2020 212 -0.02050610 -0.41648589
2030 212 -0.02545584 -0.42284986
2040 212 -0.03111270 -0.42850671
2050 212 -0.03606245 -0.43487067
2060 212 -0.04171930 -0.44052752
2070 212 -0.04666905 -0.44689149
1880 346 -1.25370032 0.99065660
1890 346 -1.22965869 0.97792868
1900 346 -1.20561706 0.96378654
1910 346 -1.18086832 0.95035151
1920 346 -1.15682669 0.93762359
1930 346 -1.13207796 0.92418856
1940 346 -1.03237590 0.94752309
1950 346 -0.93196674 0.97156472
1960 346 -0.83226468 0.99489924
1970 346 -0.73256263 1.01823376
1980 346 -0.63215346 1.04227540
1990 346 -0.57275649 1.01964798
2000 346 -0.53033009 0.97722157
2010 346 -0.48790368 0.93479516
2020 346 -0.44618438 0.89307586
2030 346 -0.40375797 0.85064946
2040 346 -0.36133157 0.80822305
2050 346 -0.35567471 0.75872558
2060 346 -0.43274935 0.69296465
2070 346 -0.50982399 0.62578950
1920 570 -0.78559563 -2.73579614
1930 570 -0.64700270 -2.58588950
1940 570 -0.50699556 -2.43739707
1950 570 -0.36133157 -2.28749044
1960 570 -0.21213203 -2.13829091
1970 570 -0.06363961 -1.98979848
1980 570 0.10111627 -1.84767002
1990 570 0.27789297 -1.70907709
2000 570 0.45325545 -1.57048416
2010 570 0.62932504 -1.43259834
2020 570 0.80539462 -1.25652875
2030 570 0.98146421 -1.08045916
2040 570 1.15824091 -0.90368247
2050 570 1.31380440 -0.74104791
2060 570 1.38805061 -0.63427478
2070 570 1.46229682 -0.52750166
2080 570 1.53654304 -0.41931432
2090 570 1.60937503 -0.30405592
2100 570 1.66877200 -0.11737973
2110 570 1.72746187 0.07000357
1920 573 -1.20420285 -2.49396562
1930 573 -1.03661854 -2.34193766
1940 573 -0.85206367 -2.19980920
1950 573 -0.66821591 -2.05697363
1960 573 -0.48436815 -1.91413806
1970 573 -0.31112698 -1.77200959
1980 573 -0.15414928 -1.63200245
1990 573 0.00424264 -1.49199531
2000 573 0.16122035 -1.35198817
2010 573 0.31395541 -1.19642467
2020 573 0.46103362 -1.02530483
2030 573 0.60811183 -0.85418499
2040 573 0.75660426 -0.68306515
2050 573 0.89731851 -0.51689506
2060 573 1.01257691 -0.37052395
2070 573 1.12854242 -0.22485996
2080 573 1.24380083 -0.07848885
2090 573 1.28693434 -0.00282843
2100 573 1.32228968 0.06505382
2110 573 1.35693791 0.13222897
1930 398 -2.07323708 0.83014336
1940 398 -1.98202031 0.77145350
1950 398 -1.89009643 0.71347074
1960 398 -1.82009285 0.65760931
1970 398 -1.77200959 0.60528340
1980 398 -1.72321923 0.55225040
1990 398 -1.67442886 0.49921739
2000 398 -1.62634560 0.44689149
2010 398 -1.57755523 0.39385848
2020 398 -1.52947197 0.34153258
2030 398 -1.49765216 0.23758788
2040 398 -1.48351003 0.08343860
2050 398 -1.46866078 -0.07141778
2060 398 -1.45169022 -0.21425335
2070 398 -1.41209224 -0.25385133
2080 398 -1.37178716 -0.29415642
2090 398 -1.33148207 -0.33446151
2100 398 -1.29188409 -0.37405949
2110 398 -1.25157900 -0.41436457
2120 398 -1.21127392 -0.45466966
2040 516 1.06136728 0.64983113
2050 516 1.05853885 0.65407377
2060 516 1.05500332 0.65902352
2070 516 1.05288200 0.66397327
2080 516 1.05005357 0.66821591
2090 516 1.04722514 0.67387276
2100 516 1.04439672 0.67811540
2110 516 1.04227540 0.68306515
2120 516 1.03873986 0.68801490
2130 516 1.03591143 0.69225754
2140 516 1.03379011 0.69720729
2150 516 1.03025458 0.70215703
2160 516 1.02813326 0.70710678
2170 516 1.02530483 0.71134942
2180 516 1.02247641 0.71700628
2190 516 1.01964798 0.72124892
2200 516 1.01681955 0.72549156
2210 516 1.01399112 0.73114841
2220 516 1.01116270 0.73539105
2230 516 1.00833427 0.73963369
2060 365 -0.82943625 0.52538034
2070 365 -0.84499260 0.36840263
2080 365 -0.86054895 0.21142493
2090 365 -0.80680884 0.09828784
2100 365 -0.73680527 -0.00282843
2110 365 -0.66538748 -0.10394470
2120 365 -0.59467680 -0.20576807
2130 365 -0.52325902 -0.30688434
2140 365 -0.48224682 -0.40022244
2150 365 -0.44406306 -0.49356053
2160 365 -0.40587929 -0.58548441
2170 365 -0.36769553 -0.67882251
2180 365 -0.33021887 -0.77145350
2190 365 -0.31890516 -0.77145350
2200 365 -0.30900566 -0.77145350
2210 365 -0.29839906 -0.77216061
2220 365 -0.28779246 -0.77286771
2230 365 -0.27789297 -0.77286771
2240 365 -0.26728636 -0.77357482
2250 365 -0.25667976 -0.77286771
2060 376 -1.00974848 -0.79054538
2070 376 -0.98853528 -0.82872915
2080 376 -0.96661497 -0.86620581
2090 376 -0.94469466 -0.90509668
2100 376 -0.92277435 -0.94257334
2110 376 -0.90085404 -0.98146421
2120 376 -0.87893373 -1.01894087
2130 376 -0.85701342 -1.05783174
2140 376 -0.83509311 -1.09530840
2150 376 -0.75165451 -1.17591858
2160 376 -0.65195245 -1.26572114
2170 376 -0.55225040 -1.35693791
2180 376 -0.50840978 -1.39370747
2190 376 -0.50063160 -1.39582879
2200 376 -0.49426764 -1.39795011
2210 376 -0.48790368 -1.40007143
2220 376 -0.48083261 -1.40148564
2230 376 -0.47376154 -1.40431407
2240 376 -0.46669048 -1.40572828
2250 376 -0.46032651 -1.40784960
2080 213 -0.05161880 -0.45325545
2090 213 -0.05727565 -0.45891230
2100 213 -0.06222540 -0.46527626
2110 213 -0.06788225 -0.47093312
2120 213 -0.07283200 -0.47729708
2130 213 -0.07778175 -0.48366104
2140 213 -0.08343860 -0.48931789
2150 213 -0.08838835 -0.49568185
2160 213 -0.09404520 -0.50133871
2170 213 -0.11384419 -0.48578236
2180 213 -0.13435029 -0.47093312
2190 213 -0.15485639 -0.45466966
2200 213 -0.17536248 -0.43982042
2210 213 -0.19586858 -0.42355696
2220 213 -0.21566757 -0.40800061
2230 213 -0.23688077 -0.39244426
2240 213 -0.25667976 -0.37688791
2250 213 -0.27718586 -0.36203867
2260 213 -0.29769195 -0.34577522
2270 213 -0.31819805 -0.33092597
2080 347 -0.58265599 0.56427121
2090 347 -0.63498189 0.52325902
2100 347 -0.68660068 0.48295393
2110 347 -0.73821948 0.44123463
2120 347 -0.78983827 0.40092954
2130 347 -0.84216418 0.35991735
2140 347 -0.90580379 0.30193460
2150 347 -1.07409520 0.08131728
2160 347 -1.24309372 -0.14000714
2170 347 -1.31733993 -0.35850314
2180 347 -1.29824805 -0.57699913
2190 347 -1.27844906 -0.79478802
2200 347 -1.31239019 -0.81741544
2210 347 -1.36047345 -0.79195959
2220 347 -1.40784960 -0.76579664
2230 347 -1.45522576 -0.73963369
2240 347 -1.50330902 -0.71417785
2250 347 -1.48916688 -0.67457987
2260 347 -1.33077496 -0.60528340
2270 347 -1.17167594 -0.53669405
2130 399 -1.17167594 -0.49426764
2140 399 -1.12642110 -0.53810826
2150 399 -1.03661854 -0.61376869
2160 399 -0.94752309 -0.68872200
2170 399 -0.85842763 -0.76367532
2180 399 -0.76791796 -0.83862864
2190 399 -0.76084690 -0.84428550
2200 399 -0.75306872 -0.84923524
2210 399 -0.74599765 -0.85489210
2220 399 -0.73751237 -0.86054895
2230 399 -0.73044130 -0.86620581
2240 399 -0.72266313 -0.87115555
2250 399 -0.71559206 -0.87681241
2260 399 -0.70781389 -0.88176216
2270 399 -0.70003571 -0.88812612
2280 399 -0.69225754 -0.89307586
2290 399 -0.68447936 -0.89802561
2300 399 -0.67740830 -0.90368247
2310 399 -0.67033723 -0.90933932
2320 399 -0.66185195 -0.91499617
