2460 367 0.00000000 0.00000000
2470 367 0.00000000 0.00989949
2480 367 -0.00000000 0.02121320
2490 367 -0.00000000 0.03111270
2500 367 0.00070711 0.04171930
2510 367 0.00070711 0.05161880
2520 367 0.00141421 0.06222540
2530 367 0.00141421 0.07212489
2540 367 0.00141421 0.08343860
2550 367 0.00212132 0.09404520
2560 367 0.00212132 0.10394470
2570 367 0.00282843 0.11455130
2580 367 0.00282843 0.12445079
2590 367 0.00282843 0.13576450
2600 367 0.00989949 0.15980613
2610 367 0.01838478 0.18526198
2620 367 0.02616295 0.21142493
2630 367 0.03464823 0.23688077
2640 367 0.04171930 0.26233662
2650 367 0.04949747 0.28849957
2280 214 -0.46456916 -0.30052038
2290 214 -0.47022601 -0.30193460
2300 214 -0.47376154 -0.29981328
2310 214 -0.47658997 -0.29698485
2320 214 -0.48083261 -0.29415642
2330 214 -0.48366104 -0.29132799
2340 214 -0.48648947 -0.28849957
2350 214 -0.49073211 -0.28567114
2360 214 -0.49356053 -0.28284271
2370 214 -0.49638896 -0.28001429
2380 214 -0.49992449 -0.27789297
2390 214 -0.50346003 -0.27435743
2400 214 -0.50699556 -0.27223611
2410 214 -0.51053110 -0.26870058
2420 214 -0.51406663 -0.26657926
2430 214 -0.51689506 -0.26375083
2440 214 -0.52043059 -0.26021530
2450 214 -0.52396612 -0.25809398
2460 214 -0.52679455 -0.25526555
2470 214 -0.52962298 -0.25243712
2280 348 -0.31183409 -0.97510025
2290 348 -0.34648232 -0.92630988
2300 348 -0.37759502 -0.88954033
2310 348 -0.40870772 -0.85277078
2320 348 -0.43982042 -0.81600123
2330 348 -0.47022601 -0.77852457
2340 348 -0.49285343 -0.75024029
2350 348 -0.48012550 -0.75165451
2360 348 -0.46739758 -0.75306872
2370 348 -0.45466966 -0.75448294
2380 348 -0.44264885 -0.75660426
2390 348 -0.42921382 -0.75872558
2400 348 -0.41648589 -0.76013979
2410 348 -0.40375797 -0.76155400
2420 348 -0.39103005 -0.76296822
2430 348 -0.37830213 -0.76579664
2440 348 -0.36557421 -0.76721086
2450 348 -0.35284628 -0.76862507
2460 348 -0.34011836 -0.77003928
2470 348 -0.32739044 -0.77286771
2330 400 0.14142136 -0.61659711
2340 400 0.14637110 -0.60881894
2350 400 0.15132085 -0.60104076
2360 400 0.15697771 -0.59396970
2370 400 0.16263456 -0.58548441
2380 400 0.16829141 -0.57841335
2390 400 0.17324116 -0.57063517
2400 400 0.17889802 -0.56356410
2410 400 0.18384776 -0.55578593
2420 400 0.19021172 -0.54800776
2430 400 0.19516147 -0.54022958
2440 400 0.20081833 -0.53315851
2450 400 0.20576807 -0.52538034
2460 400 0.21213203 -0.51760216
2470 400 0.21708178 -0.50982399
2480 400 0.22273864 -0.50275292
2490 400 0.22768838 -0.49497475
2500 400 0.23334524 -0.48790368
2510 400 0.23829499 -0.48012550
2520 400 0.24465895 -0.47234733
2350 338 -0.84782103 0.06717514
2360 338 -0.84923524 0.06717514
2370 338 -0.85135656 0.06788225
2380 338 -0.85277078 0.06929646
2390 338 -0.85489210 0.07000357
2400 338 -0.85630631 0.07000357
2410 338 -0.85842763 0.07071068
2420 338 -0.85984185 0.07212489
2430 338 -0.86125606 0.07212489
2440 338 -0.86337738 0.07283200
2450 338 -0.86479159 0.07424621
2460 338 -0.86691291 0.07495332
2470 338 -0.86832713 0.07495332
2480 338 -0.87044845 0.07566043
2490 338 -0.87186266 0.07707464
2500 338 -0.87327687 0.07707464
2510 338 -0.87539820 0.07778175
2520 338 -0.87681241 0.07919596
2530 338 -0.87893373 0.07990307
2540 338 -0.88034794 0.07990307
2390 552 1.61149635 -1.56624152
2400 552 1.50401612 -1.48421713
2410 552 1.43118413 -1.40431407
2420 552 1.41209224 -1.32865364
2430 552 1.39370747 -1.25370032
2440 552 1.37390848 -1.17874700
2450 552 1.35481659 -1.10308658
2460 552 1.33643182 -1.02813326
2470 552 1.32087547 -0.87681241
2480 552 1.31309729 -0.61164737
2490 552 1.30390490 -0.34648232
2500 552 1.19854599 -0.09687363
2510 552 1.08258048 0.15061374
2520 552 0.96590786 0.39739401
2530 552 0.86620581 0.65548799
2540 552 0.80468752 0.93479516
2550 552 0.74246212 1.21480945
2560 552 0.68165094 1.49482374
2570 552 0.55932146 1.74301822
2580 552 0.42992092 1.98838427
2440 518 -1.61927453 0.98853528
2450 518 -1.62351717 0.98570685
2460 518 -1.62846692 0.98358553
2470 518 -1.63341666 0.98005000
2480 518 -1.63836641 0.97792868
2490 518 -1.64260905 0.97510025
2500 518 -1.64755880 0.97156472
2510 518 -1.65250855 0.96944340
2520 518 -1.65675119 0.96661497
2530 518 -1.66240804 0.96378654
2540 518 -1.66665068 0.96095812
2550 518 -1.67160043 0.95883680
2560 518 -1.67655018 0.95530126
2570 518 -1.68079282 0.95247283
2580 518 -1.68574257 0.95035151
2590 518 -1.69069231 0.94681598
2600 518 -1.69493495 0.94398755
2610 518 -1.69988470 0.94186623
2620 518 -1.70483445 0.93833070
2630 518 -1.70978420 0.93620938
2460 378 0.67175144 -0.27860007
2470 378 0.67316566 -0.27152900
2480 378 0.67528698 -0.26516504
2490 378 0.67670119 -0.25809398
2500 378 0.67882251 -0.25173001
2510 378 0.68165094 -0.24465895
2520 378 0.68306515 -0.23758788
2530 378 0.68518647 -0.23122392
2540 378 0.68730779 -0.22485996
2550 378 0.68942911 -0.21708178
2560 378 0.69155043 -0.21071782
2570 378 0.69296465 -0.20364675
2580 378 0.69508597 -0.19728279
2590 378 0.69791439 -0.19021172
2600 378 0.69932861 -0.18314066
2610 378 0.70144993 -0.17677670
2620 378 0.70357125 -0.16899852
2630 378 0.70569257 -0.16263456
2640 378 0.70710678 -0.15556349
2650 378 0.70922810 -0.14919953
2480 215 -0.53386562 -0.24960869
2490 215 -0.53669405 -0.24678027
2500 215 -0.54022958 -0.24465895
2510 215 -0.54376511 -0.24112341
2520 215 -0.54730065 -0.23900209
2530 215 -0.55083618 -0.23546656
2540 215 -0.55366461 -0.23263813
2550 215 -0.55720014 -0.23051681
2560 215 -0.56002857 -0.22768838
2570 215 -0.56427121 -0.22485996
2580 215 -0.56709964 -0.22203153
2590 215 -0.56992807 -0.21920310
2600 215 -0.57417071 -0.21637468
2610 215 -0.57699913 -0.21354625
2620 215 -0.58053467 -0.21142493
2630 215 -0.58407020 -0.20788939
2640 215 -0.58689863 -0.20506097
2650 215 -0.59043416 -0.20293965
2660 215 -0.59396970 -0.19940411
2670 215 -0.59750523 -0.19728279
2480 349 -0.31466252 -0.77428193
2490 349 -0.30193460 -0.77569614
2500 349 -0.28991378 -0.77781746
2510 349 -0.27647875 -0.77993878
2520 349 -0.26375083 -0.78135299
2530 349 -0.23688077 -0.76579664
2540 349 -0.20223254 -0.74246212
2550 349 -0.16829141 -0.71983470
2560 349 -0.13505740 -0.69650018
2570 349 -0.10111627 -0.67387276
2580 349 -0.06717514 -0.64983113
2590 349 -0.03323402 -0.62720371
2600 349 0.00000000 -0.60386919
2610 349 0.02687006 -0.57699913
2620 349 0.04030509 -0.54376511
2630 349 0.05374012 -0.51053110
2640 349 0.06788225 -0.47800418
2650 349 0.08131728 -0.44477017
2660 349 0.09475231 -0.41153615
2670 349 0.10960155 -0.37830213
2530 401 0.24960869 -0.46456916
2540 401 0.25526555 -0.45749809
2550 401 0.26021530 -0.44971991
2560 401 0.26516504 -0.44194174
2570 401 0.27152900 -0.43416356
2580 401 0.27647875 -0.42638539
2590 401 0.28213561 -0.41931432
2600 401 0.29203510 -0.38113056
2610 401 0.30617724 -0.31324830
2620 401 0.32031937 -0.24536605
2630 401 0.33446151 -0.17748380
2640 401 0.34860364 -0.10960155
2650 401 0.36345289 -0.04242641
2660 401 0.37759502 0.02545584
2670 401 0.39173716 0.09333810
2680 401 0.40587929 0.16122035
2690 401 0.42002143 0.22910260
2700 401 0.43416356 0.29698485
2710 401 0.45113413 0.37476659
2720 401 0.47164022 0.46881180
2550 339 -0.88246926 0.08061017
2560 339 -0.88388348 0.08202439
2570 339 -0.88529769 0.08202439
2580 339 -0.88741901 0.08273149
2590 339 -0.88883322 0.08414571
2600 339 -0.89095454 0.08485281
2610 339 -0.89236876 0.08485281
2620 339 -0.89449008 0.08555992
2630 339 -0.89590429 0.08697413
2640 339 -0.89731851 0.08697413
2650 339 -0.89943983 0.08768124
2660 339 -0.90085404 0.08909545
2670 339 -0.90297536 0.08980256
2680 339 -0.90438957 0.08980256
2690 339 -0.90651089 0.09050967
2700 339 -0.90792511 0.09192388
2710 339 -0.91004643 0.09263099
2720 339 -0.91146064 0.09263099
2730 339 -0.91287485 0.09404520
2740 339 -0.91499617 0.09475231
