3320 427 0.00000000 0.00000000
3330 427 0.00000000 0.00984886
3340 427 -0.00091381 0.01929158
3350 427 -0.00091381 0.02914043
3360 427 -0.00182762 0.03858315
3370 427 -0.00223376 0.04934582
3380 427 -0.00314757 0.05878854
3390 427 -0.00314757 0.06863740
3400 427 -0.00406138 0.07808012
3410 427 -0.02934350 0.11280496
3420 427 -0.09138115 0.18590988
3430 427 -0.15341881 0.25901481
3440 427 -0.21545646 0.33211973
3450 427 -0.26602070 0.43111598
3460 427 -0.30511152 0.55600356
3470 427 -0.34369468 0.68221109
3480 427 -0.38410545 0.80760634
3490 427 -0.40522465 0.93391540
3500 427 -0.38633922 1.06377818
3510 427 -0.36704764 1.19272714
3140 432 1.03819145 -0.80689560
3150 432 0.90873482 -0.69043539
3160 432 0.84375266 -0.57377212
3170 432 0.77785670 -0.45751498
3180 432 0.71175766 -0.34572537
3190 432 0.64230798 -0.28795217
3200 432 0.57285831 -0.23017898
3210 432 0.50249482 -0.17281192
3220 432 0.43263900 -0.11412491
3230 432 0.39100981 -0.07462794
3240 432 0.39212669 -0.05990542
3250 432 0.39232976 -0.04558904
3260 432 0.39253283 -0.03127266
3270 432 0.39273590 -0.01695628
3280 432 0.39425892 -0.00314757
3290 432 0.39446199 0.01116881
3300 432 0.39466505 0.02548519
3310 432 0.39486812 0.03980157
3320 432 0.39598500 0.05452409
3330 432 0.39659421 0.06792666
3170 278 -2.67127423 -2.92500923
3180 278 -2.42302209 -2.66365913
3190 278 -2.16603797 -2.39733383
3200 278 -1.88559936 -2.11730136
3210 278 -1.60516075 -1.83726889
3220 278 -1.32563595 -1.55764255
3230 278 -1.08895876 -1.35396411
3240 278 -0.88192968 -1.20176372
3250 278 -0.67490060 -1.04956333
3260 278 -0.48228943 -0.91909135
3270 278 -0.29099821 -0.78811169
3280 278 -0.08356299 -0.70576712
3290 278 0.12955817 -0.64606476
3300 278 0.32430157 -0.60656780
3310 278 0.49203675 -0.59986651
3320 278 0.64647090 -0.59032226
3330 278 0.68921698 -0.54615470
3340 278 0.73196305 -0.50198714
3350 278 0.77470912 -0.45781959
3360 278 0.81694752 -0.41497198
3340 433 0.39679728 0.08224304
3350 433 0.39700035 0.09655942
3360 433 0.39811723 0.11128194
3370 433 0.39872644 0.12468451
3380 433 0.39892951 0.13900089
3390 433 0.39913258 0.15331727
3400 433 0.36471234 0.20367844
3410 433 0.30500999 0.27891559
3420 433 0.24571377 0.35323893
3430 433 0.18641756 0.42756227
3440 433 0.13747787 0.50320556
3450 433 0.13138579 0.58585474
3460 433 0.12437991 0.66809778
3470 433 0.11828783 0.75074695
3480 433 0.11128194 0.83298999
3490 433 0.11290649 0.92782333
3500 433 0.12031852 1.03179477
3510 433 0.12722287 1.13444627
3520 433 0.13463490 1.23841772
3530 433 0.20154621 1.32177764
3440 690 2.77900245 2.61614093
3450 690 2.58080688 2.47114950
3460 690 2.38129136 2.32666574
3470 690 2.20137202 2.15040164
3480 690 2.05140539 1.92397945
3490 690 1.89544822 1.70364933
3500 690 1.67999176 1.52362846
3510 690 1.46504298 1.34492753
3520 690 1.20795733 1.20440362
3530 690 0.92386348 1.09017718
3540 690 0.65804585 0.94467807
3550 690 0.42004871 0.75135616
3560 690 0.18205157 0.55803425
3570 690 -0.04497984 0.29079514
3580 690 -0.26632530 -0.00893505
3590 690 -0.49782422 -0.30551766
3600 690 -0.82263346 -0.58666701
3610 690 -1.14744270 -0.86781637
3620 690 -1.50433688 -1.17526319
3630 690 -1.86082492 -1.48362382
3480 694 2.91891716 2.62142073
3490 694 2.79017126 2.45805153
3500 694 2.66051156 2.29427619
3510 694 2.53176566 2.13090700
3520 694 2.30991253 2.00713630
3530 694 2.04805475 1.89950961
3540 694 1.78619697 1.79188291
3550 694 1.48382689 1.66953370
3560 694 1.17099873 1.54363077
3570 694 0.98600266 1.36401604
3580 694 0.83258386 1.16998339
3590 694 0.66596555 0.97117861
3600 694 0.47051141 0.75846359
3610 694 0.27505728 0.54574856
3620 694 0.05614864 0.34887294
3630 694 -0.17788865 0.16387687
3640 694 -0.41243361 -0.02243915
3650 694 -0.64586170 -0.21373037
3660 694 -0.87746216 -0.41405817
3670 694 -1.10997643 -0.61479210
3500 697 3.09507972 2.25213933
3510 697 2.88612147 2.13628833
3520 697 2.67716323 2.02043733
3530 697 2.43175407 1.88072570
3540 697 2.13192234 1.70588309
3550 697 1.83209062 1.53104048
3560 697 1.59825640 1.34066308
3570 697 1.37244341 1.14947339
3580 697 1.20064684 0.93523535
3590 697 1.03504388 0.71937276
3600 697 0.82913168 0.49325517
3610 697 0.60514631 0.26348233
3620 697 0.38309011 0.06630210
3630 697 0.16590756 -0.05320414
3640 697 -0.05168112 -0.17179657
3650 697 -0.22347769 -0.38603461
3660 697 -0.40156941 -0.60088186
3670 697 -0.63946501 -0.83136544
3680 697 -0.87736062 -1.06184902
3690 697 -1.19496090 -1.36168074
