4130 891 0.00000000 0.00000000
4140 891 0.00000000 0.02118962
4150 891 0.00061351 0.04110503
4160 891 0.00155737 0.06196430
4170 891 0.00155737 0.08315392
4180 891 0.00122702 0.10339968
4190 891 0.00217087 0.12425895
4200 891 0.00217087 0.14544857
4210 891 0.00278438 0.16536398
4220 891 -0.02222786 0.22709232
4230 891 -0.04662660 0.28754645
4240 891 -0.07163885 0.34927478
4250 891 -0.09665110 0.41100312
4260 891 -0.12199369 0.47178760
4270 891 -0.16951696 0.52974050
4280 891 -0.22718671 0.58594727
4290 891 -0.28485645 0.64215403
4300 891 -0.34252620 0.69836080
4310 891 -0.40019594 0.75456756
4320 891 -0.37584440 0.77570999
3950 455 0.71081973 0.01184542
3960 455 0.78675313 0.01387472
3970 455 0.86363040 0.01557366
3980 455 0.93319276 0.01453542
3990 455 0.94914396 -0.01859401
4000 455 0.96542552 -0.05077958
4010 455 0.98137673 -0.08390901
4020 455 0.99732793 -0.11703844
4030 455 1.01327914 -0.15016786
4040 455 1.02956070 -0.18235343
4050 455 1.04442646 -0.20344867
4060 455 1.05815960 -0.21567163
4070 455 1.07156239 -0.22883846
4080 455 1.08623939 -0.24139177
4090 455 1.09997253 -0.25361474
4100 455 1.11431918 -0.26711191
4110 455 1.12805231 -0.27933488
4120 455 1.14145510 -0.29250170
4130 455 1.15613210 -0.30505502
4140 455 1.16986524 -0.31727799
3970 459 0.52426612 -0.32440412
3980 459 0.55852818 -0.25375632
3990 459 0.59279024 -0.18310852
4000 459 0.56754203 -0.15837943
4010 459 0.52789998 -0.14450471
4020 459 0.48825793 -0.13063000
4030 459 0.44767202 -0.11642493
4040 459 0.40802997 -0.10255021
4050 459 0.36838792 -0.08867549
4060 459 0.44361343 -0.07050622
4070 459 0.54729627 -0.05276168
4080 459 0.65036560 -0.03374294
4090 459 0.75437879 -0.01505454
4100 459 0.82644238 0.00316193
4110 459 0.77066035 0.01632875
4120 459 0.71615253 0.03010908
4130 459 0.66164471 0.04388941
4140 459 0.60713689 0.05766975
4150 459 0.62204985 0.03973644
4160 459 0.66777979 0.00995771
3980 442 2.60382205 0.68000275
3990 442 2.53982845 0.69392466
4000 442 2.43317246 0.73125426
4010 442 2.32746032 0.76825351
4020 442 2.22174819 0.80525276
4030 442 2.11603605 0.84225200
4040 442 1.98847359 0.89855316
4050 442 1.84623414 0.96740762
4060 442 1.70526889 1.03687560
4070 442 1.56302944 1.10573006
4080 442 1.45996011 1.17146980
4090 442 1.37331391 1.23569936
4100 442 1.28728122 1.29865471
4110 442 1.20063502 1.36288427
4120 442 1.11516865 1.42140349
4130 442 1.03885770 1.45764765
4140 442 0.96254675 1.49389181
4150 442 0.88590545 1.52919212
4160 442 0.80959451 1.56543628
4170 442 0.73328356 1.60168044
3980 463 0.26701753 0.26041052
3990 463 0.28910381 0.27810786
4000 463 0.31119010 0.29580521
4010 463 0.33327639 0.31350255
4020 463 0.35441881 0.33153025
4030 463 0.37617475 0.34828373
4040 463 0.39826103 0.36598108
4050 463 0.42719029 0.37598598
4060 463 0.46603006 0.37192739
4070 463 0.50520019 0.36881265
4080 463 0.54437031 0.36569792
4090 463 0.58354043 0.36258319
4100 463 0.62271055 0.35946846
4110 463 0.66188067 0.35635372
4120 463 0.70190027 0.34658479
4130 463 0.74687512 0.30859449
4140 463 0.79123646 0.27187840
4150 463 0.83621131 0.23388810
4160 463 0.88057265 0.19717201
4170 463 0.92554750 0.15918171
3990 475 0.63757632 -1.63226145
4000 475 0.59387568 -1.48770954
4010 475 0.55017504 -1.34315763
4020 475 0.50647439 -1.19860573
4030 475 0.48703091 -1.10280410
4040 475 0.46853129 -1.00733283
4050 475 0.44908781 -0.91153121
4060 475 0.44974851 -0.84607463
4070 475 0.46277375 -0.79977838
4080 475 0.47546865 -0.75442598
4090 475 0.48910740 -0.70940394
4100 475 0.50180230 -0.66405155
4110 475 0.51449719 -0.61869915
4120 475 0.52719208 -0.57334676
4130 475 0.54083084 -0.52832471
4140 475 0.52832471 -0.49746055
4150 475 0.51581859 -0.46659638
4160 475 0.50298212 -0.43667607
4170 475 0.49047599 -0.40581190
4180 475 0.47891373 -0.37527808
3990 678 -0.52228402 0.79623891
4000 678 -0.51737596 0.80723486
4010 678 -0.51279825 0.81728695
4020 678 -0.50789018 0.82828290
4030 678 -0.50331247 0.83833499
4040 678 -0.49840441 0.84933094
4050 678 -0.49349634 0.86032689
4060 678 -0.48891863 0.87037898
4070 678 -0.48306671 0.88104458
4080 678 -0.47532707 0.89104948
4090 678 -0.43950764 0.89652386
4100 678 -0.40274436 0.90166789
4110 678 -0.36692494 0.90714227
4120 678 -0.33016165 0.91228629
4130 678 -0.29434223 0.91776067
4140 678 -0.25724860 0.92384856
4150 678 -0.22081566 0.92804873
4160 678 -0.18466589 0.93446697
4170 678 -0.13832244 1.00936213
4180 678 -0.08711813 1.11328093
4190 476 0.46607726 -0.34535777
4200 476 0.45357113 -0.31449360
4210 476 0.44106501 -0.28362944
4220 476 0.42917239 -0.25403948
4230 476 0.41666627 -0.22317531
4240 476 0.40416015 -0.19231114
4250 476 0.39217315 -0.14785541
4260 476 0.37957264 -0.08093585
4270 476 0.36758564 -0.01529051
4280 476 0.35592899 0.05129870
4290 476 0.34394199 0.11694405
4300 476 0.33134148 0.18386361
4310 476 0.32610306 0.23549266
4320 476 0.32171412 0.28046751
4330 476 0.31859939 0.32605587
4340 476 0.31515431 0.37070037
4350 476 0.31109571 0.41661908
4360 476 0.30765063 0.46126358
4370 476 0.30453590 0.50685194
4380 476 0.30109082 0.55149644
