4020 656 0.00000000 0.00000000
4030 656 -0.00000000 0.00412311
4040 656 0.00072761 0.00703353
4050 656 0.00072761 0.01115664
4060 656 0.00072761 0.01527974
4070 656 0.00145521 0.01819017
4080 656 0.00145521 0.02231328
4090 656 0.00242536 0.02619385
4100 656 0.00218282 0.02934681
4110 656 0.00315296 0.03322738
4120 656 0.00291043 0.03638034
4130 656 0.00388057 0.04026091
4140 656 0.00388057 0.04438402
4150 656 0.00460818 0.04729445
4160 656 0.00460818 0.05141755
4170 656 0.00557832 0.05529812
4180 656 0.00533578 0.05845109
4190 656 0.00630593 0.06233166
4200 656 0.00630593 0.06645476
4210 656 0.00606339 0.06960772
3850 663 0.41740381 0.20591275
3860 663 0.42128438 0.20494260
3870 663 0.42395227 0.20324485
3880 663 0.42686270 0.20251725
3890 663 0.42977313 0.20178964
3900 663 0.43244102 0.20009189
3910 663 0.43632159 0.19912175
3920 663 0.43923202 0.19839414
3930 663 0.44214244 0.19766653
3940 663 0.44481034 0.19596879
3950 663 0.44772076 0.19524118
3960 663 0.45160133 0.19427104
3970 663 0.45426923 0.19257329
3980 663 0.45717965 0.19184568
3990 663 0.46009008 0.19111807
4000 663 0.46300051 0.19039047
4010 663 0.46663854 0.18845018
4020 663 0.46954897 0.18772257
4030 663 0.47245940 0.18699497
4040 663 0.47512729 0.18529722
3880 813 -0.68370793 0.72033081
3890 813 -0.58354071 0.57674972
3900 813 -0.49307493 0.43147088
3910 813 -0.49234732 0.26945708
3920 813 -0.49234732 0.10865596
3930 813 -0.49161971 -0.05335784
3940 813 -0.34343045 -0.25636016
3950 813 -0.17899129 -0.46445572
3960 813 -0.01358200 -0.67279382
3970 813 0.04365641 -0.72008827
3980 813 0.07276069 -0.72736434
3990 813 0.10283511 -0.73488294
4000 813 0.13290952 -0.74240155
4010 813 0.16201380 -0.74967762
4020 813 0.19208822 -0.75719622
4030 813 0.22216263 -0.76471483
4040 813 0.25223705 -0.77223343
4050 813 0.28134133 -0.77950950
4060 813 0.29080021 -0.78290500
4070 813 0.29710614 -0.78654303
3900 819 -2.29365941 0.75792383
3910 819 -2.16172003 0.58887650
3920 819 -2.02905304 0.41861649
3930 819 -1.89614352 0.24932662
3940 819 -1.67446596 0.09289114
3950 819 -1.41398269 -0.05675334
3960 819 -1.15252929 -0.20664035
3970 819 -0.93157934 -0.30413967
3980 819 -0.75113283 -0.34925130
3990 819 -0.57068633 -0.39436293
4000 819 -0.49137718 -0.41934410
4010 819 -0.42273959 -0.44165737
4020 819 -0.35434455 -0.46494079
4030 819 -0.28667711 -0.48701154
4040 819 -0.22701335 -0.51635835
4050 819 -0.17632340 -0.55273869
4060 819 -0.12660360 -0.58887650
4070 819 -0.07615619 -0.62622698
4080 819 -0.02522371 -0.66163719
4090 819 0.02522371 -0.69898767
4050 664 0.47803772 0.18456961
4060 664 0.48094814 0.18384200
4070 664 0.48458618 0.18190172
4080 664 0.48749661 0.18117411
4090 664 0.49040703 0.18044651
4100 664 0.49331746 0.17971890
4110 664 0.49598535 0.17802115
4120 664 0.49986592 0.17705101
4130 664 0.50277635 0.17632340
4140 664 0.50544424 0.17462565
4150 664 0.50835467 0.17389804
4160 664 0.51126510 0.17317044
4170 664 0.51490313 0.17123015
4180 664 0.51781356 0.17050254
4190 664 0.52072399 0.16977494
4200 664 0.51975384 0.16589437
4210 664 0.51393299 0.15910337
4220 664 0.50811213 0.15231237
4230 664 0.50229128 0.14552138
4240 664 0.49671296 0.13970052
4080 814 0.30462475 -0.78945346
4090 814 0.31093067 -0.79309149
4100 814 0.31747913 -0.79575939
4110 814 0.32378506 -0.79939742
4120 814 0.33130366 -0.80230785
4130 814 0.33760959 -0.80594588
4140 814 0.34415805 -0.80861377
4150 814 0.35143412 -0.81249434
4160 814 0.35798258 -0.81516224
4170 814 0.36428851 -0.81880027
4180 814 0.37083697 -0.82146816
4190 814 0.37811304 -0.82534873
4200 814 0.38466150 -0.82801662
4210 814 0.39096743 -0.83165466
4220 814 0.39848603 -0.83456509
4230 814 0.40479196 -0.83820312
4240 814 0.41134042 -0.84087101
4250 814 0.41764635 -0.84450905
4260 814 0.42516495 -0.84741947
4270 814 0.43147088 -0.85105751
4100 820 0.10235003 -0.75743876
4110 820 0.24374830 -0.86803500
4120 820 0.38514657 -0.97863125
4130 820 0.52581724 -1.08801481
4140 820 0.68079750 -1.09892892
4150 820 0.84159862 -1.06594407
4160 820 1.00239974 -1.03295923
4170 820 1.02253020 -1.03489951
4180 820 1.04266065 -1.03683980
4190 820 1.06400379 -1.03805248
4200 820 1.08413424 -1.03999276
4210 820 1.10450724 -1.04096290
4220 820 1.12463769 -1.04290319
4230 820 1.14476815 -1.04484347
4240 820 1.16514114 -1.04581362
4250 820 1.18527160 -1.04775390
4260 820 1.20661473 -1.04896658
4270 820 1.22674519 -1.05090686
4280 820 1.24711818 -1.05187701
4290 820 1.26724864 -1.05381729
