2990 626 0.00000000 0.00000000
3000 626 0.00000000 0.07310951
3010 626 -0.00114896 0.09407805
3020 626 -0.00358367 0.10195664
3030 626 -0.00601837 0.10983524
3040 626 -0.00745457 0.11776854
3050 626 -0.00983456 0.12464863
3060 626 -0.01226927 0.13252722
3070 626 -0.01470397 0.14040582
3080 626 -0.01614017 0.14833912
3090 626 -0.01857488 0.15621771
3100 626 -0.02100958 0.16409631
3110 626 -0.02338957 0.17097640
3120 626 -0.02582427 0.17885499
3130 626 -0.02825898 0.18673358
3140 626 -0.02969518 0.19466689
3150 626 -0.03212988 0.20254548
3160 626 -0.03456459 0.21042407
3170 626 -0.03600079 0.21835737
3180 626 -0.03838078 0.22523746
2930 666 0.21977990 1.76466790
2940 666 0.22147598 1.51438581
2950 666 0.22422528 1.26315994
2960 666 0.20897419 1.04800324
2970 666 0.19156195 0.83573262
2980 666 0.19380516 0.64857502
2990 666 0.22314471 0.49695315
3000 666 0.24582302 0.33895729
3010 666 0.23864201 0.15929529
3020 666 0.23046250 -0.02042142
3030 666 0.19738883 -0.18447669
3040 666 0.13742399 -0.33297995
3050 666 0.07845765 -0.48142850
3060 666 0.00579952 -0.61760778
3070 666 -0.09923470 -0.72952209
3080 666 -0.20432363 -0.84043789
3090 666 -0.26100573 -0.90263227
3100 666 -0.27033420 -0.91516142
3110 666 -0.27960796 -0.92868907
3120 666 -0.28993493 -0.94127293
2990 673 0.24671210 1.58387062
3000 673 0.30584258 1.29066662
3010 673 0.36535604 0.99047310
3020 673 0.42124481 0.66504347
3030 673 0.47718828 0.33861533
3040 673 0.53224268 0.08324499
3050 673 0.58571042 -0.14316879
3060 673 0.60351932 -0.35851699
3070 673 0.56631486 -0.55684960
3080 673 0.52916511 -0.75618073
3090 673 0.50524209 -0.92273909
3100 673 0.49882705 -1.04327061
3110 673 0.49235731 -1.16280363
3120 673 0.48594227 -1.28333515
3130 673 0.46000857 -1.46803069
3140 673 0.42556709 -1.68023292
3150 673 0.38996296 -1.88949435
3160 673 0.34628875 -2.06114097
3170 673 0.30167075 -2.23384081
3180 673 0.25705275 -2.40654065
3020 679 0.97757464 1.78916540
3030 679 0.80952536 1.52958219
3040 679 0.64153079 1.26900049
3050 679 0.54426574 1.01529887
3060 679 0.46491902 0.76358058
3070 679 0.40528245 0.53597681
3080 679 0.36640926 0.33154375
3090 679 0.32094321 0.13776594
3100 679 0.21169613 0.02962679
3110 679 0.10239434 -0.07751386
3120 679 -0.01523742 -0.19712895
3130 679 -0.14597281 -0.33348604
3140 679 -0.27565498 -0.47078693
3150 679 -0.30868762 -0.43453993
3160 679 -0.31800242 -0.35593182
3170 679 -0.32637342 -0.27627050
3180 679 -0.33568822 -0.19766239
3190 679 -0.34405922 -0.11800107
3200 679 -0.37521796 -0.02456589
3210 679 -0.42932857 0.08563866
3130 667 -0.29920869 -0.95480059
3140 667 -0.30848245 -0.96832824
3150 667 -0.31781092 -0.98085739
3160 667 -0.32708468 -0.99438504
3170 667 -0.33735695 -1.00796741
3180 667 -0.34668542 -1.02049656
3190 667 -0.35595918 -1.03402421
3200 667 -0.36528765 -1.04655336
3210 667 -0.37278326 -1.05597758
3220 667 -0.38033357 -1.06440329
3230 667 -0.38793860 -1.07183051
3240 667 -0.39548892 -1.08025623
3250 667 -0.40209545 -1.08762873
3260 667 -0.40964577 -1.09605444
3270 667 -0.41619758 -1.10442545
3280 667 -0.42380261 -1.11185266
3290 667 -0.43135293 -1.12027838
3300 667 -0.43890325 -1.12870410
3310 667 -0.44550978 -1.13607660
3320 667 -0.45306009 -1.14450232
