2040 590 0.00000000 0.00000000
2050 590 -0.00000000 0.22700000
2060 590 -0.00000000 0.45300000
2070 590 0.05200000 0.65200000
2080 590 0.12700000 0.83800000
2090 590 0.20200000 1.02500000
2100 590 0.28000000 1.19600000
2110 590 0.37200000 1.30700000
2120 590 0.46300000 1.41900000
2130 590 0.55400000 1.53000000
2140 590 0.57500000 1.57700000
2150 590 0.57900000 1.60800000
2160 590 0.58200000 1.63900000
2170 590 0.58600000 1.66900000
2180 590 0.58900000 1.70000000
2190 590 0.59300000 1.73100000
2200 590 0.59600000 1.76200000
2210 590 0.60000000 1.79200000
2220 590 0.60300000 1.82300000
2230 590 0.60700000 1.85400000
1920 570 -0.10300000 0.22000000
1930 570 -0.11100000 0.42400000
1940 570 -0.11700000 0.62800000
1950 570 -0.12000000 0.83700000
1960 570 -0.12000000 1.04800000
1970 570 -0.12000000 1.25800000
1980 570 -0.10400000 1.47500000
1990 570 -0.07700000 1.69800000
2000 570 -0.05100000 1.92000000
2010 570 -0.02400000 2.14200000
2020 570 -0.02400000 2.39100000
2030 570 -0.02400000 2.64000000
2040 570 -0.02400000 2.89000000
2050 570 -0.02900000 3.11500000
2060 570 -0.05200000 3.24300000
2070 570 -0.07500000 3.37100000
2080 570 -0.09900000 3.50000000
2090 570 -0.12900000 3.63300000
2100 570 -0.21900000 3.80700000
2110 570 -0.31000000 3.98100000
1920 573 -0.57000000 0.09500000
1930 573 -0.55900000 0.32100000
1940 573 -0.52900000 0.55200000
1950 573 -0.50000000 0.78300000
1960 573 -0.47100000 1.01400000
1970 573 -0.44900000 1.23700000
1980 573 -0.43700000 1.44700000
1990 573 -0.42400000 1.65800000
2000 573 -0.41200000 1.86800000
2010 573 -0.41400000 2.08600000
2020 573 -0.43100000 2.31100000
2030 573 -0.44800000 2.53600000
2040 573 -0.46400000 2.76200000
2050 573 -0.48200000 2.97900000
2060 573 -0.50400000 3.16400000
2070 573 -0.52500000 3.34900000
2080 573 -0.54700000 3.53400000
2090 573 -0.57000000 3.61800000
2100 573 -0.59300000 3.69100000
2110 573 -0.61600000 3.76300000
2060 376 -1.63700000 1.43700000
2070 376 -1.59500000 1.42500000
2080 376 -1.55300000 1.41400000
2090 376 -1.51000000 1.40200000
2100 376 -1.46800000 1.39100000
2110 376 -1.42500000 1.37900000
2120 376 -1.38300000 1.36800000
2130 376 -1.34000000 1.35600000
2140 376 -1.29800000 1.34500000
2150 376 -1.18200000 1.34700000
2160 376 -1.04800000 1.35400000
2170 376 -0.91300000 1.36000000
2180 376 -0.85600000 1.36500000
2190 376 -0.84900000 1.36900000
2200 376 -0.84300000 1.37200000
2210 376 -0.83700000 1.37500000
2220 376 -0.83100000 1.37900000
2230 376 -0.82400000 1.38200000
2240 376 -0.81800000 1.38600000
2250 376 -0.81200000 1.38900000
2110 593 0.05100000 0.32400000
2120 593 0.09800000 0.52100000
2130 593 0.14400000 0.71800000
2140 593 0.14100000 0.91500000
2150 593 0.09100000 1.11300000
2160 593 0.04000000 1.31000000
2170 593 0.00800000 1.52200000
2180 593 0.04900000 1.79100000
2190 593 0.09000000 2.05900000
2200 593 0.13900000 2.31000000
2210 593 0.20400000 2.52100000
2220 593 0.26900000 2.73100000
2230 593 0.33400000 2.94200000
2240 593 0.44100000 3.18800000
2250 593 0.54800000 3.43500000
2260 593 0.65900000 3.68100000
2270 593 0.80800000 3.91800000
2280 593 0.95700000 4.15500000
2290 593 1.11500000 4.30600000
2300 593 1.27700000 4.42200000
2130 399 -1.96100000 1.53200000
2140 399 -1.89800000 1.53300000
2150 399 -1.78100000 1.54300000
2160 399 -1.66500000 1.55300000
2170 399 -1.54900000 1.56300000
2180 399 -1.43200000 1.57400000
2190 399 -1.42300000 1.57500000
2200 399 -1.41400000 1.57700000
2210 399 -1.40500000 1.57800000
2220 399 -1.39500000 1.58000000
2230 399 -1.38600000 1.58100000
2240 399 -1.37700000 1.58300000
2250 399 -1.36800000 1.58400000
2260 399 -1.35900000 1.58600000
2270 399 -1.34900000 1.58700000
2280 399 -1.34000000 1.58900000
2290 399 -1.33100000 1.59100000
2300 399 -1.32200000 1.59200000
2310 399 -1.31300000 1.59300000
2320 399 -1.30300000 1.59500000
2140 597 0.26500000 1.15900000
2150 597 0.26600000 1.31800000
2160 597 0.27200000 1.46300000
2170 597 0.27800000 1.60800000
2180 597 0.28300000 1.75400000
2190 597 0.30300000 1.89900000
2200 597 0.33600000 2.04600000
2210 597 0.36900000 2.19200000
2220 597 0.40200000 2.33800000
2230 597 0.42100000 2.51000000
2240 597 0.43800000 2.68600000
2250 597 0.45500000 2.86100000
2260 597 0.47200000 3.03600000
2270 597 0.49400000 3.22600000
2280 597 0.51800000 3.42300000
2290 597 0.54100000 3.61900000
2300 597 0.62700000 3.83600000
2310 597 0.73800000 4.06000000
2320 597 0.84900000 4.28400000
2330 597 0.94900000 4.47200000
