1970 229 0.00000000 0.00000000
1980 229 0.00000000 0.03612478
1990 229 0.00099655 0.07216652
2000 229 0.00199309 0.10820826
2010 229 -0.02640846 0.14067904
2020 229 -0.06294847 0.17182110
2030 229 -0.09948848 0.20296315
2040 229 -0.13494890 0.23501871
2050 229 -0.17140587 0.26715731
2060 229 -0.20794588 0.29829936
2070 229 -0.24448589 0.32944142
2080 229 -0.25951712 0.35377374
2090 229 -0.24348935 0.36548316
2100 229 -0.22746157 0.37719257
2110 229 -0.21143379 0.38890198
2120 229 -0.19640256 0.40069444
2130 229 -0.18037478 0.41240385
2140 229 -0.16434700 0.42411327
2150 229 -0.14831923 0.43582268
2160 229 -0.13229145 0.44753209
1790 549 -1.76097940 0.50699265
1800 549 -1.76596213 0.49536629
1810 549 -1.77094486 0.48373992
1820 549 -1.77493104 0.47203051
1830 549 -1.77991377 0.46040414
1840 549 -1.78489650 0.44877777
1850 549 -1.78987923 0.43715141
1860 549 -1.79793464 0.42477763
1870 549 -1.80806619 0.41157340
1880 549 -1.81919428 0.39845221
1890 549 -1.82924278 0.38624453
1900 549 -1.83937433 0.37304030
1910 549 -1.84950588 0.35983606
1920 549 -1.85955438 0.34762838
1930 549 -1.86968593 0.33442415
1940 549 -1.87973444 0.32221646
1950 549 -1.88986599 0.30901223
1960 549 -1.89999753 0.29580800
1970 549 -1.91004604 0.28360031
1980 549 -1.92017759 0.27039608
1800 561 -1.68142183 1.06431087
1810 561 -1.69005856 1.05700287
1820 561 -1.69761570 1.05060837
1830 561 -1.70625243 1.04330036
1840 561 -1.71389261 1.03590932
1850 561 -1.72252934 1.02860131
1860 561 -1.73108303 1.02228986
1870 561 -1.73872321 1.01489881
1880 561 -1.74735994 1.00759081
1890 561 -1.75491708 1.00119631
1900 561 -1.76355381 0.99388830
1910 561 -1.77119399 0.98649726
1920 561 -1.77983072 0.97918925
1930 561 -1.78838441 0.97287780
1940 561 -1.79602459 0.96548675
1950 561 -1.80466132 0.95817875
1960 561 -1.81221846 0.95178424
1970 561 -1.82085519 0.94447624
1980 561 -1.82949192 0.93716824
1990 561 -1.83713211 0.92977719
1850 395 2.19406158 -3.28154214
1860 395 2.19970867 -2.91273716
1870 395 2.14689175 -2.55912951
1880 395 2.09307827 -2.20543881
1890 395 1.97357583 -1.85731216
1900 395 1.81147105 -1.51466651
1910 395 1.65036282 -1.17210390
1920 395 1.51234123 -0.82945825
1930 395 1.37423660 -0.48780915
1940 395 1.25514938 -0.20694934
1950 395 1.13988226 0.05954361
1960 395 1.02561168 0.32595351
1970 395 0.90909887 0.51729029
1980 395 0.79358261 0.70854403
1990 395 0.66826698 0.90262132
2000 395 0.46513773 1.11422120
2010 395 0.26209153 1.32681763
2020 395 0.05904534 1.49124768
2030 395 -0.14184168 1.60933835
2040 395 -0.34272870 1.72742903
1940 219 -0.44861168 0.79399783
1950 219 -0.45102000 0.80122279
1960 219 -0.45442487 0.80853079
1970 219 -0.45782973 0.81583879
1980 219 -0.46015500 0.82406030
1990 219 -0.46364291 0.83037175
2000 219 -0.46696473 0.83867630
2010 219 -0.46937305 0.84590126
2020 219 -0.47277792 0.85320926
2030 219 -0.47518624 0.86043422
2040 219 -0.47859110 0.86774222
2050 219 -0.48199597 0.87505022
2060 219 -0.48440428 0.88227518
2070 219 -0.48780915 0.88958318
2080 219 -0.49121401 0.89689118
2090 219 -0.49362233 0.90411614
2100 219 -0.49702720 0.91142414
2110 219 -0.50043206 0.91873214
2120 219 -0.50275734 0.92695365
2130 219 -0.50616220 0.93426165
1960 225 -0.57998963 0.06037406
1970 225 -0.56495840 0.08420812
1980 225 -0.55092371 0.10812521
1990 225 -0.53688903 0.13204231
2000 225 -0.52285434 0.15595941
2010 225 -0.53107584 0.16567573
2020 225 -0.54145653 0.17356505
2030 225 -0.55291680 0.18054087
2040 225 -0.56329749 0.18843019
2050 225 -0.57367817 0.19631951
2060 225 -0.58513845 0.20329533
2070 225 -0.59551914 0.21118466
2080 225 -0.60689637 0.21915702
2090 225 -0.61727705 0.22704634
2100 225 -0.62774078 0.23393912
2110 225 -0.63911801 0.24191148
2120 225 -0.64949870 0.24980080
2130 225 -0.66095897 0.25677662
2140 225 -0.67133966 0.26466594
2150 225 -0.68172034 0.27255526
1990 550 -1.93030913 0.25719185
2000 550 -1.94035764 0.24498417
2010 550 -1.95048919 0.23177993
2020 550 -1.96062073 0.21857570
2030 550 -1.97066924 0.20636802
2040 550 -1.97947206 0.18502533
2050 550 -1.98387347 0.13220840
2060 550 -1.98835792 0.07839493
2070 550 -1.99284238 0.02458146
2080 550 -1.99724379 -0.02823546
2090 550 -2.00164520 -0.08105239
2100 550 -2.00496702 -0.12091422
2110 550 -2.00239261 -0.12614608
2120 550 -1.99990125 -0.13237449
2130 550 -1.99732684 -0.13760636
2140 550 -1.99574897 -0.14275518
2150 550 -1.99325761 -0.14898359
2160 550 -1.99167974 -0.15413241
2170 550 -1.98918838 -0.16036082
2180 550 -1.98661397 -0.16559269
2000 562 -1.84568579 0.92346574
2010 562 -1.85332597 0.91607469
2020 562 -1.86196270 0.90876669
2030 562 -1.86951984 0.90237218
2040 562 -1.87815657 0.89506418
2050 562 -1.88679330 0.88775618
2060 562 -1.89443349 0.88036513
2070 562 -1.90298717 0.87405368
2080 562 -1.91062735 0.86666263
2090 562 -1.91926408 0.85935463
2100 562 -1.92790081 0.85204662
2110 562 -1.93545795 0.84565212
2120 562 -1.94409468 0.83834412
2130 562 -1.95173487 0.83095307
2140 562 -1.96028855 0.82464161
2150 562 -1.96892528 0.81733361
2160 562 -1.97656547 0.80994257
2170 562 -1.98520220 0.80263456
2180 562 -1.99275933 0.79624006
2190 562 -2.00139606 0.78893206
2050 203 0.43100604 1.34284541
2060 203 0.28443077 1.54672206
2070 203 0.10663040 1.71306216
2080 203 -0.07108693 1.88039880
2090 203 -0.20138529 1.97855856
2100 203 -0.32528914 2.06916118
2110 203 -0.45027259 2.15885029
2120 203 -0.49063269 2.16823443
2130 203 -0.53099280 2.17761857
2140 203 -0.57135290 2.18700271
2150 203 -0.61171300 2.19638685
2160 203 -0.65107656 2.20568794
2170 203 -0.69143667 2.21507208
2180 203 -0.73179677 2.22445622
2190 203 -0.73794213 2.27112778
2200 203 -0.74317400 2.31671975
2210 203 -0.74832282 2.36330827
2220 203 -0.75455123 2.40898328
2230 203 -0.75978310 2.45457525
2240 203 -0.75156159 2.56527487
2140 220 -0.50956706 0.94156965
2150 220 -0.51197538 0.94879461
2160 220 -0.51538025 0.95610261
2170 220 -0.51878511 0.96341061
2180 220 -0.52119343 0.97063557
2190 220 -0.52459830 0.97794357
2200 220 -0.52700662 0.98516853
2210 220 -0.53041148 0.99247653
2220 220 -0.53381634 0.99978453
2230 220 -0.53614162 1.00800603
2240 220 -0.53962953 1.01431749
2250 220 -0.54295135 1.02262204
2260 220 -0.54552576 1.12418666
2270 220 -0.54934585 1.36734383
2280 220 -0.60382368 1.62877100
2290 220 -0.73129850 1.91735404
2300 220 -0.83759671 2.21922436
2310 220 -0.85329231 2.57274897
2320 220 -0.85271099 2.91688943
2330 220 -0.69940903 3.17906401
2160 226 -0.69309757 0.28052763
2170 226 -0.70356131 0.28742041
2180 226 -0.71493854 0.29539277
2190 226 -0.72531922 0.30328209
2200 226 -0.73578295 0.31017487
2210 226 -0.74716018 0.31814723
2220 226 -0.75754087 0.32603655
2230 226 -0.76891810 0.33400892
2240 226 -0.77938183 0.34090169
2250 226 -0.78976251 0.34879102
2260 226 -0.80794947 0.50383693
2270 226 -0.82812953 0.69517371
2280 226 -0.95012334 0.92911283
2290 226 -1.09727993 1.17418004
2300 226 -1.14901726 1.52870119
2310 226 -1.17733577 1.91137476
2320 226 -1.17924581 2.23766045
2330 226 -1.17334958 2.54924710
2340 226 -1.15258821 2.83450832
2350 226 -1.11397207 3.09319499
