1800 330 0.00000000 0.00000000
1810 330 -0.00000000 0.00860233
1820 330 0.00000000 0.01720465
1830 330 0.00000000 0.02580698
1840 330 0.00000000 0.03440930
1850 330 0.00000000 0.04301163
1860 330 0.00081373 0.05219519
1870 330 0.00081373 0.06079752
1880 330 0.11310895 0.17541769
1890 330 0.30026765 0.36071642
1900 330 0.51881321 0.42465262
1910 330 0.74165994 0.47568534
1920 330 0.83035688 0.57344960
1930 330 0.92044880 0.67098137
1940 330 0.96904032 0.72166534
1950 330 0.95578809 0.70236823
1960 330 0.94393083 0.68283863
1970 330 0.93125983 0.66272779
1980 330 0.91858884 0.64261695
1990 330 0.90591785 0.62250611
1720 861 0.42511761 -1.13539069
1730 861 0.58472562 -0.98206005
1740 861 0.74933228 -0.82024334
1750 861 0.92265751 -0.63622333
1760 861 1.09516900 -0.45278455
1770 861 1.26849423 -0.26876454
1780 861 1.39508791 -0.13287105
1790 861 1.51714793 -0.00267370
1800 861 1.63839422 0.12694242
1810 861 1.75964051 0.25655854
1820 861 1.88007306 0.35118412
1830 861 2.00050562 0.43720737
1840 861 2.12012444 0.52264938
1850 861 2.17266837 0.58844555
1860 861 2.20812390 0.65063803
1870 861 2.24416067 0.71201679
1880 861 2.27938370 0.77281430
1890 861 2.31483923 0.83500679
1900 861 2.35087600 0.89638554
1910 861 2.38726151 0.93835094
1730 390 2.30995683 -1.36207358
1740 390 2.14674514 -1.16282513
1750 390 1.85124365 -1.07773186
1760 390 1.54062996 -1.00589082
1770 390 1.20246558 -1.01763183
1780 390 0.85988378 -1.03867265
1790 390 0.52323062 -1.01123821
1800 390 0.18704245 -0.97241150
1810 390 -0.07951338 -0.87278727
1820 390 -0.31630983 -0.74944853
1830 390 -0.43697487 -0.61320629
1840 390 -0.47928901 -0.47138418
1850 390 -0.51032713 -0.35223035
1860 390 -0.52137066 -0.26795081
1870 390 -0.53264668 -0.18506624
1880 390 -0.53938904 -0.11369019
1890 390 -0.53032173 -0.09369560
1900 390 -0.52102192 -0.07230603
1910 390 -0.51114087 -0.05173020
1920 390 -0.50125982 -0.03115437
1870 866 -1.35219253 -1.44635312
1880 866 -1.10319009 -1.33731284
1890 866 -0.85721009 -1.22920253
1900 866 -0.64145447 -1.13039204
1910 866 -0.42569885 -1.03158155
1920 866 -0.20912950 -0.93218982
1930 866 0.00395242 -0.85372266
1940 866 0.21273318 -0.80536364
1950 866 0.42232767 -0.75642339
1960 866 0.63110843 -0.70806437
1970 866 0.83570427 -0.60739391
1980 866 1.03902140 -0.50149231
1990 866 1.24315225 -0.39500948
2000 866 1.44530689 -0.27887809
2010 866 1.64362536 -0.12124629
2020 866 1.84136260 0.03719924
2030 866 2.03828610 0.19506354
2040 866 2.26066783 0.33793189
2050 866 2.49327936 0.47336038
2060 866 2.72670461 0.60937012
1920 862 2.42643696 0.93683972
1930 862 2.46421745 0.93556100
1940 862 2.50339290 0.93404978
1950 862 2.54175462 0.93195732
1960 862 2.58093008 0.93044610
1970 862 2.61929180 0.92835364
1980 862 2.65765352 0.92626119
1990 862 2.69682897 0.92474997
2000 862 2.69601524 0.91556640
2010 862 2.60499334 0.88987567
2020 862 2.51478517 0.86476618
2030 862 2.42376327 0.83907546
2040 862 2.33332260 0.81257099
2050 862 2.19022176 0.74107870
2060 862 2.03363619 0.65749664
2070 862 1.87786436 0.57449583
2080 862 1.72186003 0.49010004
2090 862 1.62921066 0.42883754
2100 862 1.57968916 0.38117601
2110 862 1.52935394 0.33293324
