1610 342 0.00000000 0.00000000
1620 342 0.00000000 0.16297546
1630 342 0.01887401 0.33368214
1640 342 0.03755780 0.50537057
1650 342 0.08660813 0.54135758
1660 342 0.13448651 0.57813613
1670 342 0.18353684 0.61412314
1680 342 0.23141521 0.65090168
1690 342 0.28027533 0.68787044
1700 342 0.30199639 0.71245083
1710 342 0.30601540 0.72850846
1720 342 0.30984420 0.74554783
1730 342 0.31367299 0.76258721
1740 342 0.31750179 0.77962659
1750 342 0.32133059 0.79666596
1760 342 0.32515939 0.81370534
1770 342 0.32898818 0.83074471
1780 342 0.33300719 0.84680234
1790 342 0.33683599 0.86384172
1800 342 0.34066479 0.88088109
1470 864 0.26523625 0.01370145
1480 864 0.28113435 0.01576311
1490 864 0.29722266 0.01684303
1500 864 0.31331098 0.01792294
1510 864 0.33038103 0.01919307
1520 864 0.34646934 0.02027299
1530 864 0.36353940 0.02154312
1540 864 0.37962771 0.02262304
1550 864 0.39571602 0.02370296
1560 864 0.41161412 0.02576462
1570 864 0.42868418 0.02703475
1580 864 0.44477249 0.02811466
1590 864 0.46086080 0.02919458
1600 864 0.47793085 0.03046471
1610 864 0.49382895 0.03252637
1620 864 0.50991727 0.03360629
1630 864 0.52698732 0.03487642
1640 864 0.54307563 0.03595633
1650 864 0.55916394 0.03703625
1660 864 0.57525226 0.03811617
1490 845 -0.93344729 -0.01889855
1500 845 -0.93506103 -0.02634139
1510 845 -0.93784673 -0.03299270
1520 845 -0.94044221 -0.04062575
1530 845 -0.94205595 -0.04806859
1540 845 -0.94465143 -0.05570164
1550 845 -0.94743713 -0.06235295
1560 845 -0.94905087 -0.06979578
1570 845 -0.95164635 -0.07742884
1580 845 -0.95443205 -0.08408014
1590 845 -0.95702753 -0.09171320
1600 845 -0.95864127 -0.09915603
1610 845 -0.86365764 -0.12149682
1620 845 -0.72674132 -0.14997350
1630 845 -0.59001521 -0.17746844
1640 845 -0.50111839 -0.16839345
1650 845 -0.44383370 -0.13284822
1660 845 -0.38556725 -0.09711278
1670 845 -0.32828256 -0.06156755
1680 845 -0.32749716 -0.02882029
1490 868 -0.50283644 0.84987029
1500 868 -0.33588493 0.76100415
1510 868 -0.16718468 0.79980140
1520 868 0.00204325 0.89370511
1530 868 0.17244314 0.98681729
1540 868 0.32088880 1.11438251
1550 868 0.44836199 1.27659098
1560 868 0.57681691 1.43898966
1570 868 0.70546204 1.60040661
1580 868 0.81462572 1.78351393
1590 868 0.91191031 1.98061723
1600 868 1.01017663 2.17791073
1610 868 1.03281808 2.35545894
1620 868 1.00596128 2.52036107
1630 868 0.97929468 2.68428145
1640 868 0.95243788 2.84918358
1650 868 0.94534479 3.00671037
1660 868 0.98424021 3.14768251
1670 868 1.02294543 3.28963640
1680 868 1.06165064 3.43159029
1580 322 0.68427481 -0.84527451
1590 322 0.68370417 -0.84232928
1600 322 0.68215179 -0.83957426
1610 322 0.68158115 -0.83662903
1620 322 0.68002877 -0.83387402
1630 322 0.67945813 -0.83092879
1640 322 0.67771554 -0.82719203
1650 322 0.67714490 -0.82424680
1660 322 0.67657426 -0.82130157
1670 322 0.67502188 -0.81854656
1680 322 0.67445124 -0.81560133
1690 322 0.67289886 -0.81284631
1700 322 0.67232822 -0.80990108
1710 322 0.67077584 -0.80714607
1720 322 0.67001499 -0.80321909
1730 322 0.66846261 -0.80046408
1740 322 0.66789197 -0.79751885
1750 322 0.66732133 -0.79457362
1760 322 0.66576895 -0.79181860
1770 322 0.66519831 -0.78887338
1660 752 -1.81089842 0.10954410
1670 752 -1.66028679 0.01038193
1680 752 -1.56903378 -0.04527676
1690 752 -1.56621741 -0.03352652
1700 752 -1.56321082 -0.02275803
1710 752 -1.56039445 -0.01100779
1720 752 -1.55738786 -0.00023930
1730 752 -1.55457148 0.01151094
1740 752 -1.55156490 0.02227943
1750 752 -1.54874852 0.03402966
1760 752 -1.54574193 0.04479816
1770 752 -1.54292556 0.05654839
1780 752 -1.53991897 0.06731688
1790 752 -1.53710260 0.07906712
1800 752 -1.53409601 0.08983561
1810 752 -1.53127963 0.10158585
1820 752 -1.52827305 0.11235434
1830 752 -1.52526646 0.12312283
1840 752 -1.52245008 0.13487307
1850 752 -1.51944350 0.14564156
1670 865 0.59232231 0.03938630
1680 865 0.60822041 0.04144796
1690 865 0.62430872 0.04252788
1700 865 0.64137878 0.04379801
1710 865 0.65746709 0.04487792
1720 865 0.67355540 0.04595784
1730 865 0.74915574 0.02902891
1740 865 0.91147466 -0.01489795
1750 865 1.07398379 -0.05980655
1760 865 1.24586856 -0.11104739
1770 865 1.45522524 -0.19271613
1780 865 1.66340996 -0.27359334
1790 865 1.87058225 -0.35975969
1800 865 2.07234269 -0.46530932
1810 865 2.27293118 -0.57006743
1820 865 2.47469161 -0.67561706
1830 865 2.73751033 -0.77035525
1840 865 3.00131078 -0.86490323
1850 865 3.26431971 -0.96062316
1860 865 3.53251346 -1.00950169
1690 846 -0.36300558 0.00198803
1700 846 -0.39949573 0.03260614
1710 846 -0.43598589 0.06322424
1720 846 -0.47149430 0.09403256
1730 846 -0.50798446 0.12465067
1740 846 -0.54447462 0.15526878
1750 846 -0.47699206 0.19075265
1760 846 -0.30572701 0.23208402
1770 846 -0.13544371 0.27322519
1780 846 0.05136970 0.32368064
1790 846 0.25373145 0.38326016
1800 846 0.45121518 0.44698755
1810 846 0.59577068 0.54731553
1820 846 0.74111772 0.64881548
1830 846 0.87148704 0.73824612
1840 846 0.87275717 0.72117607
1850 846 0.87285535 0.70489754
1860 846 0.87412548 0.68782749
1870 846 0.87520539 0.67173918
1880 846 0.87647552 0.65466912
1710 754 -1.71687813 0.15526264
1720 754 -1.70245878 0.10712656
1730 754 -1.66590113 0.05513100
1740 754 -1.63032522 0.00294523
1750 754 -1.59376757 -0.04905033
1760 754 -1.55720992 -0.10104589
1770 754 -1.52163401 -0.15323166
1780 754 -1.48507636 -0.20522722
1790 754 -1.44950045 -0.25741299
1800 754 -1.40950056 -0.25883038
1810 754 -1.36883800 -0.24789622
1820 754 -1.32817543 -0.23696206
1830 754 -1.28770308 -0.22504615
1840 754 -1.24605878 -0.21392178
1850 754 -1.20539621 -0.20298762
1860 754 -1.16473365 -0.19205346
1870 754 -1.13914697 -0.17691007
1880 754 -1.14801947 -0.15214561
1890 754 -1.15670176 -0.12836288
1900 754 -1.16538405 -0.10458016
1780 323 0.66364593 -0.78611836
1790 323 0.66288508 -0.78219139
1800 323 0.66231444 -0.77924616
1810 323 0.66076206 -0.77649114
1820 323 0.66019142 -0.77354592
1830 323 0.65863904 -0.77079090
1840 323 0.65806841 -0.76784567
1850 323 0.65651602 -0.76509065
1860 323 0.65594539 -0.76214543
1870 323 0.65518454 -0.75821845
1880 323 0.65363215 -0.75546344
1890 323 0.65306152 -0.75251821
1900 323 0.65150914 -0.74976319
1910 323 0.65093850 -0.74681796
1920 323 0.64938612 -0.74406295
1930 323 0.64862527 -0.74013598
1940 323 0.64805463 -0.73719075
1950 323 0.64650225 -0.73443573
1960 323 0.64593161 -0.73149050
1970 323 0.64437923 -0.72873549
