2230 236 0.00000000 0.00000000
2240 236 0.00000000 0.15838245
2250 236 -0.01251401 0.20047045
2260 236 -0.04428521 0.06823357
2270 236 -0.07605641 -0.06400330
2280 236 -0.11878210 -0.13910001
2290 236 -0.18893508 -0.08007832
2300 236 -0.25834933 -0.02226257
2310 236 -0.32776359 0.03555318
2320 236 -0.39717785 0.09336893
2330 236 -0.46671838 0.27051609
2340 236 -0.53674508 0.52697127
2350 236 -0.60653817 0.78439878
2360 236 -0.59272350 0.81193340
2370 236 -0.55753021 0.78290872
2380 236 -0.52210331 0.75485637
2390 236 -0.48691001 0.72583169
2400 236 -0.45171672 0.69680701
2410 236 -0.41628981 0.66875466
2420 236 -0.41495760 0.55016197
2090 848 -0.56016308 -0.75194569
2100 848 -0.59099983 -0.88029325
2110 848 -0.62183658 -1.00864080
2120 848 -0.65267333 -1.13698836
2130 848 -0.69093514 -1.24915356
2140 848 -0.73343354 -1.34898786
2150 848 -0.77593194 -1.44882215
2160 848 -0.81843033 -1.54865645
2170 848 -0.86092873 -1.64849074
2180 848 -0.89703753 -1.70460807
2190 848 -0.91713445 -1.65555592
2200 848 -0.93723137 -1.60650377
2210 848 -0.95756191 -1.55842394
2220 848 -0.97863116 -1.50913818
2230 848 -0.99872809 -1.46008603
2240 848 -1.01905862 -1.41200620
2250 848 -1.02640161 -1.37835980
2260 848 -1.01508091 -1.36976668
2270 848 -1.00449893 -1.35996761
2280 848 -0.99317823 -1.35137449
2120 774 -0.16201922 0.55418388
2130 774 -0.10551674 0.34417324
2140 774 -0.04804194 0.13392898
2150 774 0.00869415 -0.07510933
2160 774 0.16392599 -0.23376328
2170 774 0.33098364 -0.38600237
2180 774 0.49730258 -0.53703552
2190 774 0.64016563 -0.69580311
2200 774 0.78423462 -0.85383198
2210 774 0.92733129 -1.01162724
2220 774 1.07042795 -1.16942251
2230 774 1.21225554 -1.26829079
2240 774 1.35369798 -1.35163967
2250 774 1.49537403 -1.43401622
2260 774 1.63778880 -1.51759871
2270 774 1.79797700 -1.60853682
2280 774 1.98640066 -1.71037260
2290 774 2.17556303 -1.81341432
2300 774 2.36398669 -1.91525010
2310 774 2.58373326 -1.96804635
2130 239 1.84788152 0.29857475
2140 239 1.59004992 0.48393620
2150 239 1.30802372 0.50438670
2160 239 1.05459918 0.42129037
2170 239 0.82903757 0.23585315
2180 239 0.62083268 0.08841257
2190 239 0.42332974 -0.03588781
2200 239 0.26594487 0.06671825
2210 239 0.12733103 0.26457477
2220 239 0.04092625 0.50850963
2230 239 -0.00937604 0.78285190
2240 239 -0.11032157 1.05187792
2250 239 -0.23355492 1.31803115
2260 239 -0.34534130 1.63182854
2270 239 -0.44965210 1.97674050
2280 239 -0.49635550 2.33455161
2290 239 -0.48545152 2.70526188
2300 239 -0.46525357 3.06756844
2310 239 -0.42425155 3.40944975
2320 239 -0.38227721 3.75109746
2290 849 -0.98162392 -1.34180903
2300 849 -0.97127555 -1.33298230
2310 849 -0.95972124 -1.32341684
2320 849 -0.94840054 -1.31482372
2330 849 -0.93805217 -1.30599698
2340 849 -0.92649786 -1.29643153
2350 849 -0.91517716 -1.28783841
2360 849 -0.90362285 -1.27827295
2370 849 -0.89327448 -1.26944622
2380 849 -0.88172017 -1.25988076
2390 849 -0.87039947 -1.25128764
2400 849 -0.85981749 -1.24148857
2410 849 -0.84849680 -1.23289545
2420 849 -0.84892614 -1.23896304
2430 849 -0.85102864 -1.24771401
2440 849 -0.85289754 -1.25549265
2450 849 -0.85476643 -1.26327129
2460 849 -0.85686894 -1.27202226
2470 849 -0.85873783 -1.27980090
2480 849 -0.86060672 -1.28757954
