1030 835 0.00000000 0.00000000
1040 835 0.00000000 0.00900000
1050 835 0.00000000 0.01700000
1060 835 0.00000000 0.02600000
1070 835 0.00000000 0.03400000
1080 835 0.00000000 0.04200000
1090 835 0.00000000 0.05100000
1100 835 0.00000000 0.06000000
1110 835 0.00000000 0.06800000
1120 835 0.00000000 0.07600000
1130 835 0.00000000 0.08500000
1140 835 0.00000000 0.09300000
1150 835 0.00000000 0.10200000
1160 835 0.00000000 0.11000000
1170 835 0.01800000 0.15100000
1180 835 0.11100000 0.32100000
1190 835 0.20300000 0.49100000
1200 835 0.30000000 0.65500000
1210 835 0.44000000 0.77200000
1220 835 0.57900000 0.88900000
880 732 1.11300000 0.31800000
890 732 1.07100000 0.35800000
900 732 1.03000000 0.39900000
910 732 0.98900000 0.43900000
920 732 0.94700000 0.48000000
930 732 0.88500000 0.44700000
940 732 0.80800000 0.36600000
950 732 0.73100000 0.28400000
960 732 0.72100000 0.25600000
970 732 0.77900000 0.28200000
980 732 0.83700000 0.30700000
990 732 0.90500000 0.33900000
1000 732 1.01200000 0.39700000
1010 732 1.11900000 0.45500000
1020 732 1.22700000 0.51300000
1030 732 1.36400000 0.58300000
1040 732 1.62000000 0.70000000
1050 732 1.87700000 0.81600000
1060 732 2.20400000 0.87900000
1070 732 2.60100000 0.88800000
970 526 -0.22700000 3.89800000
980 526 -0.07700000 3.60200000
990 526 0.07300000 3.30500000
1000 526 0.22400000 3.00900000
1010 526 0.38200000 2.69500000
1020 526 0.54100000 2.38000000
1030 526 0.70000000 2.06400000
1040 526 0.75000000 1.70700000
1050 526 0.78900000 1.34500000
1060 526 0.77800000 0.98900000
1070 526 0.69400000 0.64200000
1080 526 0.64200000 0.29700000
1090 526 0.60300000 -0.04900000
1100 526 0.58500000 -0.37700000
1110 526 0.64400000 -0.64000000
1120 526 0.70400000 -0.90400000
1130 526 0.66800000 -1.11800000
1140 526 0.60900000 -1.31900000
1150 526 0.49800000 -1.53500000
1160 526 0.31100000 -1.77300000
990 528 -0.30800000 3.66800000
1000 528 -0.22200000 3.29800000
1010 528 -0.13600000 2.92700000
1020 528 -0.04900000 2.56700000
1030 528 0.03800000 2.20900000
1040 528 0.12600000 1.85100000
1050 528 0.21700000 1.54000000
1060 528 0.30800000 1.24100000
1070 528 0.39300000 0.94400000
1080 528 0.44700000 0.65700000
1090 528 0.50100000 0.37000000
1100 528 0.49200000 0.09200000
1110 528 0.48200000 -0.18600000
1120 528 0.42400000 -0.47700000
1130 528 0.31600000 -0.78300000
1140 528 0.21900000 -1.07900000
1150 528 0.13300000 -1.36600000
1160 528 0.03400000 -1.66000000
1170 528 -0.09000000 -1.97100000
1180 528 -0.21400000 -2.28300000
1080 311 1.59400000 -0.13200000
1090 311 1.49000000 -0.30700000
1100 311 1.32900000 -0.47900000
1110 311 1.16100000 -0.65100000
1120 311 1.01100000 -0.79100000
1130 311 0.93500000 -0.80900000
1140 311 0.85900000 -0.82700000
1150 311 0.78300000 -0.84500000
1160 311 0.70700000 -0.86300000
1170 311 0.60400000 -0.91400000
1180 311 0.47400000 -0.99800000
1190 311 0.34400000 -1.08200000
1200 311 0.21500000 -1.16700000
1210 311 0.05100000 -1.30500000
1220 311 -0.11200000 -1.44300000
1230 311 -0.27600000 -1.58100000
1240 311 -0.42600000 -1.70800000
1250 311 -0.56200000 -1.82300000
1260 311 -0.69900000 -1.93900000
1270 311 -0.83500000 -2.05400000
