2880 632 0.00000000 0.00000000
2890 632 -0.00000000 0.05403702
2900 632 -0.00099931 0.10811106
2910 632 -0.00196162 0.16318441
2920 632 -0.00296093 0.21725845
2930 632 -0.00392324 0.27233180
2940 632 -0.00492255 0.32640583
2950 632 -0.00488554 0.38144217
2960 632 -0.00588485 0.43551621
2970 632 -0.01865388 0.52304879
2980 632 -0.03693764 0.62379453
2990 632 -0.05418507 0.72550257
3000 632 -0.07246883 0.82624831
3010 632 -0.12780126 0.87232783
3020 632 -0.26992604 0.79053206
3030 632 -0.41308714 0.70777398
3040 632 -0.54481164 0.55554502
3050 632 -0.67483361 0.39524752
3060 632 -0.70855123 0.37648261
3070 632 -0.67675821 0.45135720
2910 639 -0.15796577 -0.23931740
2920 639 -0.17813712 -0.18953671
2930 639 -0.24971767 -0.12284170
2940 639 -0.32026190 -0.05518439
2950 639 -0.39084313 0.01147361
2960 639 -0.46138736 0.07913093
2970 639 -0.45206042 0.14182868
2980 639 -0.36186300 0.19952986
2990 639 -0.27262789 0.25826737
3000 639 -0.18342979 0.31600556
3010 639 -0.09615629 0.45687194
3020 639 -0.01439754 0.71902553
3030 639 0.06525156 0.97825520
3040 639 0.11162717 1.20369322
3050 639 0.15800278 1.42913125
3060 639 0.18653877 1.65923274
3070 639 0.20415632 1.89173999
3080 639 0.22077455 2.12428425
3090 639 0.29979445 2.36652557
3100 639 0.39491442 2.61117265
2990 673 -1.12119423 -3.38882465
3000 673 -1.15320932 -3.09143596
3010 673 -1.18496532 -2.78705206
3020 673 -1.21079946 -2.45787035
3030 673 -1.23659659 -2.12768933
3040 673 -1.26801949 -1.86834862
3050 673 -1.30051573 -1.63798805
3060 673 -1.29851710 -1.42191397
3070 673 -1.24329570 -1.22782483
3080 673 -1.18803729 -1.03273636
3090 673 -1.14895298 -0.86907080
3100 673 -1.13152049 -0.74963417
3110 673 -1.11412500 -0.63119686
3120 673 -1.09669251 -0.51176023
3130 673 -1.05394404 -0.33021804
3140 673 -1.00020311 -0.12206446
3150 673 -0.94557390 0.08305417
3160 673 -0.88635525 0.24997676
3170 673 -0.82610026 0.41786165
3180 673 -0.76584528 0.58574654
