1660 191 0.00000000 0.00000000
1670 191 0.00000000 0.01708801
1680 191 -0.00035112 0.03323969
1690 191 -0.00035112 0.05032769
1700 191 -0.00163858 0.06683050
1710 191 -0.00163858 0.08391850
1720 191 -0.00163858 0.10100651
1730 191 -0.00198970 0.11715819
1740 191 -0.00198970 0.13424620
1750 191 -0.00234082 0.15039787
1760 191 -0.13249058 0.14794001
1770 191 -0.27668527 0.14220499
1780 191 -0.42087997 0.13646998
1790 191 -0.59211116 0.03300560
1800 191 -0.76661951 -0.08204584
1810 191 -0.95341719 -0.08462075
1820 191 -1.15215305 0.02621722
1830 191 -1.35182525 0.13740631
1840 191 -1.58778020 0.24297742
1850 191 -1.83871642 0.34562251
1480 344 -0.54482654 -0.48455035
1490 344 -0.66807087 -0.51416176
1500 344 -0.78721876 -0.53569733
1510 344 -0.89524773 -0.53897448
1520 344 -1.00362784 -0.54318796
1530 344 -1.11200794 -0.54740145
1540 344 -1.20528973 -0.56261679
1550 344 -1.26404439 -0.60252783
1560 344 -1.32279905 -0.64243886
1570 344 -1.38155370 -0.68234989
1580 344 -1.44030836 -0.72226092
1590 344 -1.49941414 -0.76310828
1600 344 -1.55816879 -0.80301931
1610 344 -1.61692345 -0.84293034
1620 344 -1.68504140 -0.88787414
1630 344 -1.82794864 -0.97846399
1640 344 -1.97144108 -1.06776639
1650 344 -2.11434832 -1.15835623
1660 344 -2.22834640 -1.23735901
1670 344 -2.22401588 -1.27422697
1620 196 2.57467116 -0.29693339
1630 196 2.40074801 -0.26802423
1640 196 2.23150651 -0.24941468
1650 196 2.07022381 -0.24660570
1660 196 1.90835591 -0.24250926
1670 196 1.74707320 -0.23970027
1680 196 1.54482610 -0.26638565
1690 196 1.28394138 -0.33836596
1700 196 1.02305667 -0.41034626
1710 196 0.92193312 -0.45786497
1720 196 0.82116069 -0.50444734
1730 196 0.73302870 -0.54295388
1740 196 0.67485925 -0.55852035
1750 196 0.61727501 -0.57537428
1760 196 0.56004189 -0.59129188
1770 196 0.50152132 -0.60779468
1780 196 0.44428819 -0.62371227
1790 196 0.38705507 -0.63962987
1800 196 0.32853450 -0.65613267
1810 196 0.13974713 -0.67825345
1650 201 1.71266311 -0.93808479
1660 201 1.66830451 -0.93106233
1670 201 1.43094507 -0.96594059
1680 201 1.14349201 -1.01193776
1690 201 0.88728894 -1.04295366
1700 201 0.70002310 -1.04108100
1710 201 0.51404472 -1.03862314
1720 201 0.36832849 -1.04271958
1730 201 0.31601110 -1.06261658
1740 201 0.26498116 -1.08192836
1750 201 0.21301489 -1.10088903
1760 201 0.16198495 -1.12020082
1770 201 0.11001868 -1.13916149
1780 201 0.05863761 -1.15940960
1790 201 -0.14021529 -1.16280380
1800 201 -0.40086593 -1.16011185
1810 201 -0.64571601 -1.14946111
1820 201 -0.85053802 -1.11750887
1830 201 -1.05571115 -1.08649297
1840 201 -1.23806126 -0.98607167
1650 394 1.99555156 0.58239675
1660 394 1.54950775 0.42392304
1670 394 1.11996674 0.26673677
1680 394 0.83848278 0.11704115
1690 394 0.60287895 -0.00713951
1700 394 0.54974227 -0.03206927
1710 394 0.49531813 -0.05758424
1720 394 0.44124512 -0.08216289
1730 394 0.38810844 -0.10709265
1740 394 0.33403543 -0.13167129
1750 394 0.27961130 -0.15718626
1760 394 0.22647462 -0.18211603
1770 394 0.17240161 -0.20669467
1780 394 0.11832860 -0.23127331
1790 394 -0.06378743 -0.27832385
1800 394 -0.33157757 -0.34023861
1810 394 -0.58052409 -0.37183972
1820 394 -0.80021032 -0.35674142
1830 394 -1.01931135 -0.34293056
1840 394 -1.29283651 -0.28628265
1730 397 -0.26708790 1.34971851
1740 397 -0.61821134 1.08836563
1750 397 -0.96839845 0.82666162
1760 397 -1.27785525 0.55395575
1770 397 -1.52247124 0.26334258
1780 397 -1.76802357 -0.02691946
1790 397 -1.90156752 -0.24918060
1800 397 -1.96008809 -0.42801948
1810 397 -2.01954499 -0.60650722
1820 397 -2.06050940 -0.69580962
1830 397 -2.09784552 -0.76404461
1840 397 -2.13611798 -0.83192847
1850 397 -2.17310298 -0.89922713
1860 397 -2.21043911 -0.96746212
1870 397 -2.25713852 -1.04072988
1880 397 -2.34234448 -1.13693770
1890 397 -2.42626298 -1.23256032
1900 397 -2.51018148 -1.32818294
1910 397 -2.59445111 -1.42474188
1920 397 -2.60919829 -1.53241974
