590 149 0.00000000 0.00000000
600 149 0.00000000 0.14909058
610 149 0.00276342 0.28777137
620 149 0.00564757 0.42744486
630 149 0.00759270 0.55111464
640 149 0.00613050 0.65505146
650 149 0.00454757 0.75799559
660 149 0.00395733 0.86081899
670 149 0.02516591 0.86126168
680 149 0.04802450 0.85042263
690 149 0.07199650 0.84045553
700 149 0.09485509 0.82961648
710 149 0.11870636 0.81865670
720 149 0.14156495 0.80781766
730 149 0.16541622 0.79685788
740 149 0.18827481 0.78601883
750 149 0.21212608 0.77505905
760 149 0.23498467 0.76422000
770 149 0.29459944 0.74085165
780 149 0.49567184 0.66300636
600 141 -1.36837622 -0.29293602
610 141 -1.41271169 0.02171834
620 141 -1.45582642 0.30499580
630 141 -1.49683505 0.51447920
640 141 -1.53685099 0.72384186
650 141 -1.52361072 0.88240319
660 141 -1.42998978 0.96470215
670 141 -1.33636883 1.04700112
680 141 -1.24274789 1.12930008
690 141 -1.14626963 1.21024416
700 141 -1.02954864 1.28368945
710 141 -0.91270691 1.35812742
720 141 -0.80339082 1.42038488
730 141 -0.72083697 1.43653613
740 141 -0.63927582 1.45280812
750 141 -0.55672197 1.46895937
760 141 -0.47404740 1.48610332
770 141 -0.39248624 1.50237530
780 141 -0.30993240 1.51852656
790 141 -0.22825051 1.53579123
600 153 -0.41639117 -0.25962741
610 153 -0.44754002 0.00607684
620 153 -0.45761444 0.23798956
630 153 -0.43564122 0.41865825
640 153 -0.41366800 0.59932695
650 153 -0.38987038 0.75358217
660 153 -0.36109593 0.86592998
670 153 -0.33343489 0.97740584
680 153 -0.30586776 1.07982680
690 153 -0.28369332 1.08821096
700 153 -0.26251156 1.09671586
710 153 -0.24132981 1.10522076
720 153 -0.22014805 1.11372566
730 153 -0.19896630 1.12223055
740 153 -0.17778454 1.13073545
750 153 -0.15660279 1.13924035
760 153 -0.13542103 1.14774524
770 153 -0.11423928 1.15625014
780 153 0.01784150 1.12406836
790 153 0.22505782 1.06360847
