3050 659 0.00000000 0.00000000
3060 659 0.00000000 0.01004988
3070 659 0.00109454 0.02099528
3080 659 0.00109454 0.03104516
3090 659 0.00119404 0.04209007
3100 659 0.00119404 0.05213995
3110 659 0.00129355 0.06318486
3120 659 0.00228859 0.07313523
3130 659 0.00238809 0.08418015
3140 659 0.00238809 0.09423002
3150 659 0.00248759 0.10527493
3160 659 0.00358213 0.11622034
3170 659 0.00358213 0.12627022
3180 659 0.00368164 0.13731513
3190 659 0.00368164 0.14736501
3200 659 -0.09333449 0.16209156
3210 659 -0.28935681 0.18169379
3220 659 -0.62508236 0.31174515
3230 659 -0.96090741 0.44080148
3240 659 -1.34200666 0.55931040
2930 665 1.29862304 1.04697813
2940 665 1.07384414 0.90966300
2950 665 0.84896573 0.77135283
2960 665 0.70876499 0.60548013
2970 665 0.65423695 0.41194540
2980 665 0.61373894 0.18786302
2990 665 0.58000718 -0.04895583
3000 665 0.58388782 -0.30159577
3010 665 0.61284341 -0.56478311
3020 665 0.61403745 -0.83423918
3030 665 0.55274316 -1.11553619
3040 665 0.49035433 -1.39772874
3050 665 0.42408485 -1.68857811
3060 665 0.35761637 -1.98141756
3070 665 0.29015284 -2.27415750
3080 665 0.27045111 -2.64202275
3090 665 0.25084888 -3.00889296
3100 665 0.23114714 -3.37675821
3110 665 0.23880893 -3.75238475
3120 665 0.31114813 -4.14452890
3010 582 -1.34837490 -0.71035705
3020 582 -1.36419599 -0.70776995
3030 582 -1.38001708 -0.70518286
3040 582 -1.39484313 -0.70269526
3050 582 -1.41066422 -0.70010817
3060 582 -1.42648532 -0.69752107
3070 582 -1.44220690 -0.69393894
3080 582 -1.45802799 -0.69135184
3090 582 -1.47384909 -0.68876474
3100 582 -1.48967018 -0.68617765
3110 582 -1.50549127 -0.68359055
3120 582 -1.52131236 -0.68100345
3130 582 -1.53713345 -0.67841636
3140 582 -1.55295454 -0.67582926
3150 582 -1.55733271 -0.67941139
3160 582 -1.55315355 -0.68786921
3170 582 -1.54897439 -0.69632703
3180 582 -1.54579027 -0.70468534
3190 582 -1.54161112 -0.71314315
3200 582 -1.53733246 -0.72060593
3020 651 -0.56776822 0.13114590
3030 651 -0.57821611 0.13721563
3040 651 -0.58856450 0.14428039
3050 651 -0.59801735 0.15025062
3060 651 -0.60836574 0.15731538
3070 651 -0.61881363 0.16338511
3080 651 -0.62916202 0.17044987
3090 651 -0.63951040 0.17751463
3100 651 -0.64896326 0.18348486
3110 651 -0.65931164 0.19054962
3120 651 -0.68786921 0.20647022
3130 651 -0.87891635 0.31602381
3140 651 -1.07105803 0.42468187
3150 651 -1.29006572 0.50587691
3160 651 -1.52141186 0.57423596
3170 651 -1.75285751 0.64159998
3180 651 -2.01932847 0.71045655
3190 651 -2.32082474 0.78080568
3200 651 -2.62182349 0.84608012
3210 651 -2.92521033 0.86737392
3210 583 -1.53414834 -0.72896425
3220 583 -1.52996918 -0.73742206
3230 583 -1.52579003 -0.74587988
3240 583 -1.52260591 -0.75423819
3250 583 -1.51842675 -0.76269601
3260 583 -1.51424760 -0.77115382
3270 583 -1.51106348 -0.77951213
3280 583 -1.50688432 -0.78796995
3290 583 -1.50270516 -0.79642777
3300 583 -1.49952105 -0.80478608
3310 583 -1.49534189 -0.81324390
3320 583 -1.49116273 -0.82170171
3330 583 -1.48797861 -0.83006002
3340 583 -1.48369995 -0.83752280
3350 583 -1.47952080 -0.84598062
3360 583 -1.47633668 -0.85433893
3370 583 -1.47215752 -0.86279675
3380 583 -1.46797837 -0.87125456
3390 583 -1.46479425 -0.87961288
3400 583 -1.46061509 -0.88807069
