3910 644 0.00000000 0.00000000
3920 644 0.00000000 0.10647065
3930 644 0.00088287 0.21247169
3940 644 -0.00343757 0.23629046
3950 644 -0.00967403 0.23734240
3960 644 -0.01497126 0.24016007
3970 644 -0.02162098 0.24256449
3980 644 -0.02738783 0.24449930
3990 644 -0.03315468 0.24643410
4000 644 -0.03892152 0.24836891
4010 644 -0.04557124 0.25077333
4020 644 -0.05133809 0.25270813
4030 644 -0.05710494 0.25464294
4040 644 -0.06287178 0.25657774
4050 644 -0.06863863 0.25851255
4060 644 -0.07528835 0.26091697
4070 644 -0.08058559 0.26373465
4080 644 -0.08635243 0.26566945
4090 644 -0.09211928 0.26760426
4100 644 -0.09788613 0.26953906
3780 441 0.00663094 -0.51775769
3790 441 0.08843752 -0.44913785
3800 441 0.15384521 -0.39218319
3810 441 0.15771482 -0.38064949
3820 441 0.16246730 -0.36958541
3830 441 0.16680653 -0.35716884
3840 441 0.17067614 -0.34563515
3850 441 0.17501536 -0.33321858
3860 441 0.17976785 -0.32215450
3870 441 0.18410707 -0.30973793
3880 441 0.18797668 -0.29820424
3890 441 0.19231590 -0.28578767
3900 441 0.19618552 -0.27425398
3910 441 0.20140761 -0.26230702
3920 441 0.20527722 -0.25077333
3930 441 0.20961645 -0.23835676
3940 441 0.22592141 -0.19492695
3950 441 0.24615234 -0.13772809
3960 441 0.26726614 -0.08099885
3970 441 0.28749706 -0.02379999
3920 430 -1.98820984 -0.29031474
3930 430 -1.85215357 -0.23469378
3940 430 -1.73262767 -0.17820873
3950 430 -1.61268852 -0.12307617
3960 430 -1.49274936 -0.06794360
3970 430 -1.37369308 -0.01234143
3980 430 -1.20976059 -0.05763090
3990 430 -1.04629770 -0.10380325
4000 430 -0.96593753 -0.27000867
4010 430 -0.92222596 -0.48807816
4020 430 -0.87336742 -0.67943605
4030 430 -0.81977519 -0.84272987
4040 430 -0.76084815 -0.98960603
4050 430 -0.68334323 -1.07387338
4060 430 -0.60625156 -1.15678824
4070 430 -0.52827703 -1.24017272
4080 430 -0.45030249 -1.32355720
4090 430 -0.37368043 -1.40735494
4100 430 -0.30646943 -1.49181014
4110 430 -0.23972803 -1.57714821
3940 436 -2.11570037 -0.53851459
3950 436 -2.01950484 -0.50246710
3960 436 -1.92268943 -0.49506600
3970 436 -1.82232375 -0.61301399
3980 436 -1.72237132 -0.72960950
3990 436 -1.61807968 -0.83378844
4000 436 -1.49372616 -0.88747460
4010 436 -1.37025552 -0.94069114
4020 436 -1.24590200 -0.99437729
4030 436 -1.13118494 -1.05766234
4040 436 -1.03756290 -1.14144129
4050 436 -0.94482373 -1.22475063
4060 436 -0.85120169 -1.30852959
4070 436 -0.75757965 -1.39230854
4080 436 -0.68206588 -1.48457810
4090 436 -0.63459740 -1.58911395
4100 436 -0.58624605 -1.69411941
4110 436 -0.53789470 -1.79912487
4120 436 -0.45695221 -1.90674138
4130 436 -0.34294896 -2.01608606
3950 455 -0.06486294 2.00534132
3960 455 -0.07436791 1.92997783
3970 455 -0.08434249 1.85373147
3980 455 -0.09591375 1.78513040
3990 455 -0.13107837 1.77438566
4000 455 -0.16536012 1.76317130
4010 455 -0.20052474 1.75242655
4020 455 -0.23568936 1.74168181
4030 455 -0.27085398 1.73093706
4040 455 -0.30513573 1.71972271
4050 455 -0.32824068 1.70822658
4060 455 -0.34240421 1.69650504
4070 455 -0.35745061 1.68525311
4080 455 -0.37208375 1.67264870
4090 455 -0.38624728 1.66092716
4100 455 -0.40176329 1.64879236
4110 455 -0.41592682 1.63707082
4120 455 -0.43097322 1.62581890
4130 455 -0.44560636 1.61321448
4140 455 -0.45976989 1.60149294
3970 459 -0.36894674 2.24071134
3980 459 -0.30430921 2.19613568
3990 459 -0.23967168 2.15156001
4000 459 -0.21140098 2.17276773
4010 459 -0.19167723 2.20984837
4020 459 -0.17195349 2.24692902
4030 459 -0.15176013 2.28489253
4040 459 -0.13203638 2.32197317
4050 459 -0.11231264 2.35905381
4060 459 -0.10575684 2.28194336
4070 459 -0.10393474 2.17676884
4080 459 -0.10076016 2.07200757
4090 459 -0.09805519 1.96636344
4100 459 -0.09097343 1.89237122
4110 459 -0.06950272 1.94551262
4120 459 -0.04761876 1.99730154
4130 459 -0.02573479 2.04909046
4140 459 -0.00385083 2.10087938
4150 459 -0.02383755 2.08885729
4160 459 -0.06020438 2.04817002
3980 442 0.30861086 0.03292926
3990 442 0.33207273 0.09407287
4000 442 0.38513899 0.19383745
4010 442 0.43773564 0.29271916
4020 442 0.49033230 0.39160087
4030 442 0.54292895 0.49048257
4040 442 0.61791675 0.60803609
4050 442 0.70753769 0.73819402
4060 442 0.79757189 0.86699947
4070 442 0.88719283 0.99715740
4080 442 0.96779720 1.08907005
4090 442 1.04441925 1.16497829
4100 442 1.11968882 1.24047328
4110 442 1.19631087 1.31638152
4120 442 1.26710972 1.39198921
4130 442 1.31450306 1.46192397
4140 442 1.36189641 1.53185873
4150 442 1.40840687 1.60226311
4160 442 1.45580022 1.67219787
4170 442 1.50319356 1.74213264
3980 463 0.24810593 2.40633444
3990 463 0.26225067 2.38182065
4000 463 0.27639541 2.35730685
4010 463 0.29054015 2.33279305
4020 463 0.30515451 2.30916213
4030 463 0.31841638 2.28511794
4040 463 0.33256112 2.26060414
4050 463 0.33806499 2.23049256
4060 463 0.32816555 2.19271689
4070 463 0.31914898 2.15447161
4080 463 0.31013241 2.11622633
4090 463 0.30111584 2.07798105
4100 463 0.29209927 2.03973577
4110 463 0.28308270 2.00149049
4120 463 0.26736006 1.96341427
4130 463 0.22299102 1.92471816
4140 463 0.17997448 1.88643531
4150 463 0.13560544 1.84773920
4160 463 0.09258889 1.80945635
4170 463 0.04821986 1.77076024
4080 709 -2.19110142 -0.54824497
4090 709 -2.02576009 -0.48441517
4100 709 -1.86130163 -0.42011577
4110 709 -1.71506415 -0.31554235
4120 709 -1.56835705 -0.21008606
4130 709 -1.42300245 -0.10504303
4140 709 -1.19338049 0.13074025
4150 709 -0.96422814 0.36564066
4160 709 -0.75592661 0.57198860
4170 709 -0.58004716 0.73441834
4180 709 -0.40328484 0.89637846
4190 709 -0.26888160 0.95740936
4200 709 -0.15125295 0.97412758
4210 709 -0.03403755 0.99219829
4220 709 0.01560994 0.99184138
4230 709 0.03602871 0.98551100
4240 709 0.05733035 0.97871100
4250 709 0.07774912 0.97238062
4260 709 0.09905077 0.96558063
4270 709 0.11988280 0.95789776
4090 712 -2.35022508 -0.75583269
4100 712 -2.18101414 -0.62723387
4110 712 -2.01140872 -0.42975222
4120 712 -1.84358782 -0.21433136
4130 712 -1.65876694 0.00110829
4140 712 -1.43547537 0.21647280
4150 712 -1.21353628 0.43142405
4160 712 -1.04714301 0.60796095
4170 712 -0.89662266 0.77595091
4180 712 -0.74595203 0.91441160
4190 712 -0.59680295 0.93928230
4200 712 -0.44853674 0.96462262
4210 712 -0.30027053 0.98996293
4220 712 -0.17058222 1.05916510
4230 712 -0.04089390 1.12836727
4240 712 0.08791155 1.19803905
4250 712 0.19603524 1.24586443
4260 712 0.21707390 1.21088766
4270 712 0.23811256 1.17591088
4280 712 0.25915122 1.14093411
