0 857 0.00000000 0.00000000
10 857 0.00000000 0.08340863
20 857 -0.00140273 0.16663743
30 857 -0.00079129 0.25083735
40 857 -0.00158257 0.33485743
50 857 -0.00158257 0.41826606
60 857 -0.06020960 0.48631657
70 857 -0.12365627 0.55303628
80 857 -0.18771438 0.61896471
90 857 -0.25195234 0.68629587
100 857 -0.32349170 0.76053279
110 857 -0.42732987 0.86983802
120 857 -0.53055659 0.97993454
130 857 -0.63360348 1.08862832
140 857 -0.73603892 1.19811339
150 857 -0.82041868 1.25573333
160 857 -0.89472753 1.29040600
170 857 -0.96982767 1.32569012
180 857 -1.04431636 1.36176552
190 857 -1.11941650 1.39704964
0 59 0.39179398 1.05327227
10 59 0.41085675 0.93238550
20 59 0.42991953 0.81149874
30 59 0.44757957 0.69043213
40 59 0.47146199 0.57087616
50 59 0.49973245 0.45045697
60 59 0.52782306 0.33144051
70 59 0.60846220 0.23627051
80 59 0.74006728 0.16616985
90 59 0.87167236 0.09606919
100 59 1.01011127 0.02827046
110 59 1.20117063 -0.01068235
120 59 1.39363272 -0.04945531
130 59 1.58469209 -0.08840812
140 59 1.73694251 -0.11380117
150 59 1.87164080 -0.13574135
160 59 2.00615925 -0.15627879
170 59 2.07636781 -0.17009031
180 59 2.08147520 -0.17656446
190 59 2.08737387 -0.18365006
0 62 0.07445273 1.03183564
10 62 0.12408788 1.00611888
20 62 0.17451431 0.97979067
30 62 0.22414946 0.95407391
40 62 0.27378461 0.92835714
50 62 0.27648217 0.79610465
60 62 0.25914584 0.61993583
70 62 0.24101822 0.44437846
80 62 0.30701858 0.26321017
90 62 0.38240646 0.08110671
100 62 0.46642654 -0.08491927
110 62 0.63903457 -0.11340553
120 62 0.81085132 -0.14128034
130 62 1.00022021 -0.14480516
140 62 1.23026834 -0.08750893
150 62 1.46110776 -0.03082415
160 62 1.69054444 0.02568080
170 62 1.85811702 0.03647105
180 62 2.01702144 0.04258552
190 62 2.17671714 0.04808855
0 65 -1.41827046 1.52056203
10 65 -1.16433991 1.45830229
20 65 -0.91181209 1.39586271
30 65 -0.68428169 1.33378280
40 65 -0.55753222 1.27375305
50 65 -0.43157403 1.21433474
60 65 -0.33108084 1.16448378
70 65 -0.26957641 1.12959531
80 65 -0.20825183 1.09610956
90 65 -0.14674740 1.06122109
100 65 -0.07326580 1.01075869
110 65 0.02909771 0.92407701
120 65 0.13066993 0.83800678
130 65 0.23224215 0.75193656
140 65 0.31370854 0.61695053
150 65 0.39308881 0.47599390
160 65 0.47228924 0.33644000
170 65 0.55911479 0.19857657
180 65 0.67791544 0.07265435
190 65 0.79750738 -0.05387932
0 68 -0.36255240 -0.11919630
10 68 -0.24990219 -0.15822103
20 68 -0.13646070 -0.19785722
30 68 -0.02240775 -0.23670212
40 68 0.09103374 -0.27633830
50 68 0.26490064 -0.25903794
60 68 0.47933887 -0.20231719
70 68 0.69316566 -0.14638773
80 68 0.93713321 -0.02528515
90 68 1.20113466 0.13973374
100 68 1.46513612 0.30475263
110 68 1.69741423 0.48922994
120 68 1.89674612 0.69158309
130 68 2.09668945 0.89472753
140 68 2.29663278 1.09787197
150 68 2.46697486 1.23163510
160 68 2.63731694 1.36539824
170 68 2.81136367 1.49250738
180 68 2.99274778 1.60130907
190 68 3.17413188 1.71011076
0 102 0.59116183 1.27202661
10 102 0.57918465 1.23199478
20 102 0.56702764 1.19336568
30 102 0.55566191 1.15412514
40 102 0.54350489 1.11549605
50 102 0.53073643 1.07607567
60 102 0.51937070 1.03683512
70 102 0.51429928 0.94849894
80 102 0.52095327 0.78538633
90 102 0.52681597 0.62288517
100 102 0.54562698 0.47059877
110 102 0.61745407 0.36075403
120 102 0.68787844 0.25072944
130 102 0.78272474 0.15595508
140 102 0.93087487 0.09581742
150 102 1.08042773 0.03585960
160 102 1.22857787 -0.02427806
170 102 1.36029085 -0.12858381
180 102 1.48973789 -0.23745744
190 102 1.61997620 -0.34694251
0 105 -0.10736299 1.22667159
10 105 -0.06636004 1.18487735
20 105 -0.02456580 1.14247167
30 105 0.01722843 1.10006599
40 105 0.05823138 1.05827175
50 105 0.10002562 1.01586607
60 105 0.13552554 0.93914739
70 105 0.16800419 0.84707059
80 105 0.20048285 0.75499379
90 105 0.23501165 0.65248642
100 105 0.27097915 0.53875718
110 105 0.30694665 0.42502795
120 105 0.34766186 0.30763003
130 105 0.42373312 0.15912022
140 105 0.50041583 0.01140170
150 105 0.59015474 -0.13250427
160 105 0.79168064 -0.23641438
170 105 0.99320655 -0.34032449
180 105 1.19412100 -0.44502588
190 105 1.31547535 -0.57418517
0 856 0.08560265 0.30540004
10 856 0.03100399 0.37539280
20 856 -0.02377452 0.44678829
30 856 -0.07837318 0.51678104
40 856 -0.13236040 0.58756508
50 856 -0.19702997 0.65270222
60 856 -0.28410728 0.70356027
70 856 -0.37118460 0.75441831
80 856 -0.45844176 0.80667909
90 856 -0.54551907 0.85753714
100 856 -0.63712830 0.92706231
110 856 -0.74114631 1.03777028
120 856 -0.84516432 1.14847824
130 856 -0.94777959 1.25936605
140 856 -1.05118616 1.37086530
150 856 -1.19268230 1.37910185
160 856 -1.33417845 1.38733841
170 856 -1.47427186 1.39575481
180 856 -1.61576801 1.40399136
190 856 -1.75665270 1.41301921
30 114 -0.71557341 2.74557912
40 114 -0.76053279 2.48459894
50 114 -0.80549216 2.22361876
60 114 -0.85124282 1.96325002
70 114 -0.79315531 1.78819620
80 114 -0.72413368 1.62238603
90 114 -0.64993273 1.48290406
100 114 -0.56382653 1.40625732
110 114 -0.47772034 1.32961057
120 114 -0.39834006 1.27206257
130 114 -0.32338379 1.22677949
140 114 -0.24983026 1.18131657
150 114 -0.17487399 1.13603349
160 114 -0.09862289 1.06952958
170 114 -0.01114993 0.92105574
180 114 0.07553175 0.77319335
190 114 0.16160198 0.62453967
200 114 0.27292139 0.45132019
210 114 0.40218859 0.26044067
220 114 0.53066450 0.07017259
