1840 515 0.00000000 0.00000000
1850 515 -0.00000000 0.00509902
1860 515 -0.00000000 0.01019804
1870 515 0.00078446 0.01647376
1880 515 0.00078446 0.02157277
1890 515 0.00176505 0.02686791
1900 515 0.00156893 0.03294751
1910 515 0.00156893 0.03804653
1920 515 0.00254951 0.04334167
1930 515 0.00235339 0.04942127
1940 515 0.00333397 0.05471640
1950 515 0.00333397 0.05981542
1960 515 0.00411844 0.06609114
1970 515 0.00411844 0.07119016
1980 515 0.00411844 0.07628918
1990 515 0.00490290 0.08256489
2000 515 0.00490290 0.08766391
2010 515 0.00588348 0.09295905
2020 515 0.00588348 0.09805807
2030 515 0.00568737 0.10413767
1680 211 -1.43713904 -0.12629879
1690 211 -1.41870412 -0.12669102
1700 211 -1.40164202 -0.12531821
1710 211 -1.38438380 -0.12492598
1720 211 -1.36712558 -0.12453375
1730 211 -1.34888678 -0.12394540
1740 211 -1.33162856 -0.12355317
1750 211 -1.31437034 -0.12316093
1760 211 -1.29711212 -0.12276870
1770 211 -1.29181698 -0.12374928
1780 211 -1.29946551 -0.12629879
1790 211 -1.30731016 -0.12786772
1800 211 -1.31495869 -0.13041723
1810 211 -1.32280333 -0.13198616
1820 211 -1.33045186 -0.13453567
1830 211 -1.33829651 -0.13610460
1840 211 -1.34594504 -0.13865411
1850 211 -1.35359356 -0.14120362
1860 211 -1.36143821 -0.14277255
1870 211 -1.36908674 -0.14532206
1750 335 -1.26847916 0.13688906
1760 335 -1.26671412 0.13826188
1770 335 -1.26475296 0.13865411
1780 335 -1.26396849 0.13983080
1790 335 -1.26200733 0.14022304
1800 335 -1.26024228 0.14159585
1810 335 -1.25847724 0.14296866
1820 335 -1.25769277 0.14414536
1830 335 -1.25573161 0.14453759
1840 335 -1.25396657 0.14591040
1850 335 -1.25318210 0.14708710
1860 335 -1.25122094 0.14747933
1870 335 -1.24945590 0.14885215
1880 335 -1.24769085 0.15022496
1890 335 -1.24690639 0.15140166
1900 335 -1.24494523 0.15179389
1910 335 -1.24318018 0.15316670
1920 335 -1.24141514 0.15453951
1930 335 -1.24043455 0.15473563
1940 335 -1.23866951 0.15610844
1880 212 -1.37693138 -0.14689099
1890 212 -1.38457991 -0.14944049
1900 212 -1.39222844 -0.15199000
1910 212 -1.40007309 -0.15355893
1920 212 -1.40772162 -0.15610844
1930 212 -1.41537015 -0.15865795
1940 212 -1.42321479 -0.16022688
1950 212 -1.43086332 -0.16277639
1960 212 -1.43870797 -0.16434532
1970 212 -1.44635650 -0.16689483
1980 212 -1.45420114 -0.16846376
1990 212 -1.46184967 -0.17101327
2000 212 -1.46949820 -0.17356278
2010 212 -1.47734285 -0.17513171
2020 212 -1.48499138 -0.17768122
2030 212 -1.49263990 -0.18023073
2040 212 -1.50048455 -0.18179966
2050 212 -1.50813308 -0.18434917
2060 212 -1.51597772 -0.18591810
2070 212 -1.52362625 -0.18846761
1880 346 -1.73052878 1.67718519
1890 346 -1.71758511 1.65325902
1900 346 -1.70542591 1.62815615
1910 346 -1.69228613 1.60324940
1920 346 -1.67934247 1.57932324
1930 346 -1.66620268 1.55441649
1940 346 -1.57030189 1.51852723
1950 346 -1.47342052 1.48283410
1960 346 -1.37751973 1.44694485
1970 346 -1.28161894 1.41105559
1980 346 -1.18473757 1.37536246
1990 346 -1.14786774 1.32358780
2000 346 -1.13610077 1.26475296
2010 346 -1.12433380 1.20591811
2020 346 -1.11276295 1.14806386
2030 346 -1.10099598 1.08922901
2040 346 -1.08922901 1.03039417
2050 346 -1.11197849 0.98607193
2060 346 -1.21258606 0.97410884
2070 346 -1.31397811 0.96096906
1920 573 -3.62226502 -1.24965201
1930 573 -3.39849651 -1.21611615
1940 573 -3.16609889 -1.20023075
1950 573 -2.93389738 -1.18336476
1960 573 -2.70169588 -1.16649877
1970 573 -2.47871183 -1.14433765
1980 573 -2.27043650 -1.11492023
1990 573 -2.06098446 -1.08628727
2000 573 -1.85270913 -1.05686985
2010 573 -1.63933477 -1.01215537
2020 573 -1.42203810 -0.95135937
2030 573 -1.20474142 -0.89056337
2040 573 -0.98626804 -0.83055183
2050 573 -0.77701213 -0.77034418
2060 573 -0.59991926 -0.71248992
2070 573 -0.42263027 -0.65561624
2080 573 -0.24553740 -0.59776198
2090 573 -0.16767930 -0.55873487
2100 573 -0.10060758 -0.52186504
2110 573 -0.03451644 -0.48519132
1950 336 -1.23690446 0.15748126
1960 336 -1.23612000 0.15865795
1970 336 -1.23415884 0.15905019
1980 336 -1.23239379 0.16042300
1990 336 -1.23062875 0.16179581
2000 336 -1.22964817 0.16199193
2010 336 -1.22788312 0.16336474
2020 336 -1.22611808 0.16473755
2030 336 -1.22533361 0.16591425
2040 336 -1.22337245 0.16630648
2050 336 -1.22160741 0.16767930
2060 336 -1.21984236 0.16905211
2070 336 -1.21886178 0.16924822
2080 336 -1.21709673 0.17062104
2090 336 -1.21533169 0.17199385
2100 336 -1.21454722 0.17317055
2110 336 -1.21258606 0.17356278
2120 336 -1.21082102 0.17493559
2130 336 -1.20905597 0.17630841
2140 336 -1.20807539 0.17650452
