2540 609 0.00000000 0.00000000
2550 609 0.00000000 0.07917702
2560 609 -0.00135140 0.15877082
2570 609 -0.01492857 0.22511583
2580 609 -0.05831238 0.26439491
2590 609 -0.10211297 0.30232258
2600 609 -0.14549677 0.34160166
2610 609 -0.18929736 0.37952933
2620 609 -0.23356525 0.41834110
2630 609 -0.27648175 0.45673608
2640 609 -0.32074964 0.49554784
2650 609 -0.36179691 0.53040644
2660 609 -0.39136357 0.55210466
2670 609 -0.42046292 0.57291878
2680 609 -0.45044637 0.59326559
2690 609 -0.48001303 0.61496381
2700 609 -0.50911239 0.63577793
2710 609 -0.53909583 0.65612474
2720 609 -0.56866250 0.67782296
2730 609 -0.59776185 0.69863708
2370 612 -0.07888653 0.04652865
2380 612 -0.02043522 0.23125398
2390 612 0.03890018 0.41644661
2400 612 0.09735148 0.60117193
2410 612 0.30542954 0.71681155
2420 612 0.57592470 0.80210145
2430 612 0.84730396 0.88785866
2440 612 1.00647894 1.02968012
2450 612 1.13670612 1.18560920
2460 612 1.26740062 1.34065420
2470 612 1.31761721 1.41470346
2480 612 1.28870730 1.40734022
2490 612 1.25979740 1.39997697
2500 612 1.23135480 1.39172963
2510 612 1.20244490 1.38436638
2520 612 1.17353499 1.37700313
2530 612 1.14509240 1.36875579
2540 612 1.11618249 1.36139254
2550 612 1.08727259 1.35402929
2560 612 1.05836268 1.34666604
2410 579 -1.07656241 -0.24441436
2420 579 -1.08248584 -0.23962762
2430 579 -1.08840928 -0.23484088
2440 579 -1.09298131 -0.23047092
2450 579 -1.09890475 -0.22568418
2460 579 -1.10482819 -0.22089744
2470 579 -1.10940022 -0.21652748
2480 579 -1.11532366 -0.21174074
2490 579 -1.12124709 -0.20695400
2500 579 -1.12581913 -0.20258404
2510 579 -1.13174256 -0.19779730
2520 579 -1.21616100 -0.18360126
2530 579 -1.41853033 -0.15596698
2540 579 -1.61586032 -0.13358675
2550 579 -1.77245880 -0.15188751
2560 579 -1.92905727 -0.17018828
2570 579 -2.09861405 -0.12973462
2580 579 -2.28159644 -0.02964244
2590 579 -2.46457884 0.07044974
2600 579 -2.65229745 0.16238298
2550 627 0.48698475 0.10583879
2560 627 0.45635718 0.17448245
2570 627 0.42572960 0.24312611
2580 627 0.39598612 0.31223707
2590 627 0.36535855 0.38088073
2600 627 0.33481938 0.42581801
2610 627 0.30373713 0.43540413
2620 627 0.27177078 0.44452294
2630 627 0.24068853 0.45410905
2640 627 0.21007359 0.46281107
2650 627 0.17810724 0.47192988
2660 627 0.14702499 0.48151599
2670 627 0.11594274 0.49110211
2680 627 0.08397639 0.50022092
2690 627 0.04458364 0.52124975
2700 627 -0.02446417 0.58768317
2710 627 -0.09486339 0.65453337
2720 627 -0.16437851 0.72185089
2730 627 -0.20759812 0.77365885
2740 627 -0.18965099 0.79106289
2570 613 1.02945278 1.33930280
2580 613 1.00012609 1.33058814
2590 613 0.97210028 1.32369220
2600 613 0.94230628 1.31586165
2610 613 0.91339637 1.30849840
2620 613 0.88495378 1.30025106
2630 613 0.62235232 1.28134406
2640 613 0.33739589 1.26193186
2650 613 0.09325939 1.25730930
2660 613 -0.14999302 1.25315406
2670 613 -0.32455125 1.27739089
2680 613 -0.48137707 1.30873837
2690 613 -0.62427207 1.33726938
2700 613 -0.64527564 1.33634739
2710 613 -0.66581190 1.33454131
2720 613 -0.68634816 1.33273523
2730 613 -0.70600033 1.33139646
2740 613 -0.72700390 1.33047448
2750 613 -0.74754016 1.32866840
2760 613 -0.76807642 1.32686232
2590 624 0.08843475 -0.15232956
2600 624 0.03237050 -0.02700279
2610 624 -0.02416105 0.09920808
2620 624 -0.05501597 0.13832297
2630 624 -0.08001059 0.15565123
2640 624 -0.10500522 0.17297949
2650 624 -0.12999985 0.19030775
2660 624 -0.15499447 0.20763601
2670 624 -0.17910500 0.22543158
2680 624 -0.20409963 0.24275984
2690 624 -0.22909426 0.26008810
2700 624 -0.25232070 0.27835098
2710 624 -0.27169501 0.30430548
2720 624 -0.29106931 0.33025998
2730 624 -0.31044362 0.35621448
2740 624 -0.32981793 0.38216898
2750 624 -0.34830815 0.40859079
2760 624 -0.36768246 0.43454529
2770 624 -0.38705676 0.46049979
2780 624 -0.40596377 0.48557020
2610 622 0.82880112 0.34080597
2620 622 0.76595460 0.58809995
2630 622 0.70222398 0.83492663
2640 622 0.59462963 1.02350408
2650 622 0.46747151 1.18703639
2660 622 0.34031340 1.35056869
2670 622 0.17777886 1.47617332
2680 622 -0.03444181 1.54384447
2690 622 -0.24712980 1.61239972
2700 622 -0.42710627 1.69824534
2710 622 -0.57478801 1.80002993
2720 622 -0.72205297 1.90316592
2730 622 -0.88300877 2.13705955
2740 622 -1.05310863 2.45887011
2750 622 -1.21507483 2.81665070
2760 622 -1.36665922 3.22968723
2770 622 -1.51735952 3.64319106
2780 622 -1.65843581 4.06630627
2790 622 -1.79207307 4.49674683
2800 622 -1.92612713 4.92583600
2680 631 0.79733997 0.16921577
2690 631 0.69825818 0.49576255
2700 631 0.59917640 0.82230933
2710 631 0.52698373 1.08728522
2720 631 0.46610748 1.32657183
2730 631 0.40481444 1.56450704
2740 631 0.38521280 1.71928680
2750 631 0.37594243 1.85238098
2760 631 0.36667206 1.98547516
2770 631 0.28467857 2.12989838
2780 631 0.17217117 2.27855263
2790 631 0.09716203 2.45042069
2800 631 0.10729124 2.67520814
2810 631 0.11877184 2.89957881
2820 631 0.09544436 3.08066671
2830 631 0.06296019 3.25125914
2840 631 0.03094332 3.42096748
2850 631 -0.00253862 3.49715121
2860 631 -0.03513646 3.57380224
2870 631 -0.06861840 3.64998596
2710 638 0.68982139 0.23567445
2720 638 0.60771423 0.52368732
2730 638 0.52892874 0.80327603
2740 638 0.47453164 1.01318543
2750 638 0.42060185 1.22221074
2760 638 0.38141119 1.39265161
2770 638 0.34844708 1.54489276
2780 638 0.31636706 1.69760121
2790 638 0.24700350 1.83738925
2800 638 0.17410355 1.97530807
2810 638 0.10073630 2.11411097
2820 638 0.04142616 2.28409717
2830 638 0.00252599 2.50106670
2840 638 -0.03772559 2.71845301
2850 638 -0.05476337 2.89834107
2860 638 -0.06904781 3.07516006
2870 638 -0.08421636 3.25151174
2880 638 -0.09332254 3.31795779
2890 638 -0.10182248 3.35757787
2900 638 -0.11073921 3.39584656
