800 159 0.00000000 0.00000000
810 159 0.00000000 0.12517588
820 159 -0.00402633 0.23755376
830 159 -0.00805267 0.34993164
840 159 -0.01207900 0.46230953
850 159 -0.01610534 0.57468741
860 159 -0.01138398 0.67165497
870 159 0.01375664 0.73219380
880 159 0.03959229 0.79345161
890 159 0.06614693 0.85401439
900 159 0.09128756 0.91455321
910 159 0.11712321 0.97581102
920 159 0.14442080 1.03426478
930 159 0.18413292 1.06959107
940 159 0.22384505 1.10491737
950 159 0.26355717 1.14024367
960 159 0.30326930 1.17556996
970 159 0.34298142 1.21089626
980 159 0.40447889 1.25437109
990 159 0.47580254 1.30225571
650 838 -0.22312606 -0.43800772
660 838 -0.20309025 -0.32663642
670 838 -0.18377343 -0.21457010
680 838 -0.16445661 -0.10250378
690 838 -0.08711742 0.04944243
700 838 -0.00908322 0.20210763
710 838 0.06825596 0.35405384
720 838 0.11858515 0.51402876
730 838 0.05447535 0.70813165
740 838 -0.00822043 0.90225851
750 838 -0.07233023 1.09636141
760 838 -0.10688961 1.29945166
770 838 -0.13020879 1.50697567
780 838 -0.15283296 1.71521867
790 838 -0.18796753 1.91051988
800 838 -0.24807496 2.07710949
810 838 -0.30887741 2.24298010
820 838 -0.36898483 2.40956971
830 838 -0.45972117 2.58907714
840 838 -0.56972639 2.77886611
690 841 0.35923056 1.00325241
700 841 0.36510230 0.99062218
710 841 0.37097404 0.97799196
720 841 0.37684577 0.96536173
730 841 0.38271751 0.95273150
740 841 0.38858925 0.94010127
750 841 0.39446099 0.92747104
760 841 0.40033273 0.91484081
770 841 0.40620447 0.90221058
780 841 0.41207620 0.88958035
790 841 0.41794794 0.87695012
800 841 0.42451470 0.86503888
810 841 0.43038644 0.85240865
820 841 0.43625818 0.83977842
830 841 0.44212992 0.82714819
840 841 0.44800166 0.81451796
850 841 0.45387340 0.80188774
860 841 0.45974513 0.78925751
870 841 0.44105144 0.72387750
880 841 0.41619840 0.64637055
810 737 -0.10746480 1.83409141
820 737 -0.29878760 1.64768170
830 737 -0.49152442 1.46124801
840 737 -0.63769476 1.23953596
850 737 -0.74012663 0.98249762
860 737 -0.84255851 0.72545927
870 737 -0.84790299 0.49835481
880 737 -0.81245686 0.28467146
890 737 -0.77698677 0.06957411
900 737 -0.75024040 -0.13152694
910 737 -0.75690303 -0.28086083
920 737 -0.76426068 -0.43091370
930 737 -0.77092330 -0.58024759
940 737 -0.88207891 -0.69811375
950 737 -1.01954948 -0.80723222
960 737 -1.15702006 -0.91635069
970 737 -1.30064997 -1.03759609
980 737 -1.49901887 -1.26726495
990 737 -1.69736379 -1.49834781
1000 737 -1.89573268 -1.72801666
820 738 -0.04798049 1.41218904
830 738 -0.17670338 1.20420966
840 738 -0.30614525 0.99692532
850 738 -0.43489210 0.79035996
860 738 -0.47894212 0.55199134
870 738 -0.48670720 0.30080077
880 738 -0.49305826 0.04963416
890 738 -0.50305220 -0.19522931
900 738 -0.54022390 -0.38044072
910 738 -0.57739560 -0.56565212
920 738 -0.61526232 -0.75158252
930 738 -0.69801788 -0.87603940
940 738 -0.79376317 -0.98515787
950 738 -0.88878946 -1.09497136
960 738 -1.03718867 -1.26863102
970 738 -1.18558787 -1.44229068
980 738 -1.33326808 -1.61664536
990 738 -1.48097226 -1.78958603
1000 738 -1.67195954 -1.99579190
1010 738 -1.89158652 -2.22299223
830 739 0.22075340 1.49595118
840 739 0.03563786 1.40229096
850 739 -0.14875870 1.30793572
860 739 -0.28586978 1.17760709
870 739 -0.35065063 0.99404936
880 739 -0.41543148 0.81049163
890 739 -0.46453839 0.62012747
900 739 -0.47877436 0.41691739
910 739 -0.49298636 0.21229330
920 739 -0.50657524 0.01263023
930 739 -0.51378909 -0.14590671
940 739 -0.52169797 -0.30516263
950 739 -0.56514883 -0.45370563
960 739 -0.64557966 -0.59014566
970 739 -0.72601050 -0.72658569
980 739 -0.82127646 -0.86398437
990 739 -1.04655948 -1.00782997
1000 739 -1.27184250 -1.15167558
1010 739 -1.49712553 -1.29552119
1020 739 -1.74009567 -1.48068466
890 842 0.39136934 0.56744959
900 842 0.36651631 0.48994265
910 842 0.34238226 0.41174068
920 842 0.32148367 0.39299905
930 842 0.30274204 0.41389764
940 842 0.28400041 0.43479624
950 842 0.26667279 0.45571880
960 842 0.24793116 0.47661739
970 842 0.22988455 0.49823498
980 842 0.21186191 0.51843855
990 842 0.19381530 0.54005614
1000 842 0.17579266 0.56025971
1010 842 0.15705103 0.58115830
1020 842 0.16790775 0.56649094
1030 842 0.19034019 0.53646119
1040 842 0.21277263 0.50643145
1050 842 0.23592405 0.47570668
1060 842 0.25835649 0.44567693
1070 842 0.28078893 0.41564718
1080 842 0.30322136 0.38561743
920 740 0.81147425 1.52576523
930 740 0.61296156 1.51320690
940 740 0.41375384 1.49992958
950 740 0.21524115 1.48737125
960 740 0.01603344 1.47409393
970 740 -0.18317427 1.46081662
980 740 -0.37090214 1.43783295
990 740 -0.46161450 1.32384933
1000 740 -0.55304586 1.21056073
1010 740 -0.64445325 1.09585812
1020 740 -0.73516561 0.98187449
1030 740 -0.77444635 0.83764542
1040 740 -0.76016244 0.66249986
1050 740 -0.74729255 0.48733032
1060 740 -0.73300865 0.31218475
1070 740 -0.71944374 0.13773421
1080 740 -0.70515983 -0.03741136
1090 740 -0.69228994 -0.21258090
1100 740 -0.67800604 -0.38772646
1110 740 -0.64255991 -0.60140981
980 743 -0.07638053 1.83603268
990 743 -0.18897411 1.71955657
1000 743 -0.30156769 1.60308045
1010 743 -0.39053052 1.46932465
1020 743 -0.45655762 1.31757017
1030 743 -0.52327974 1.16509670
1040 743 -0.58930684 1.01334222
1050 743 -0.63285357 0.87045526
1060 743 -0.65533394 0.73641186
1070 743 -0.67640030 0.60239243
1080 743 -0.69816168 0.46765401
1090 743 -0.71922804 0.33363457
1100 743 -0.74098942 0.19889615
1110 743 -0.76277477 0.06557174
1120 743 -0.78453615 -0.06916668
1130 743 -0.80560251 -0.20318612
1140 743 -0.78791540 -0.37049471
1150 743 -0.67558544 -0.61399211
1160 743 -0.56397448 -0.85679448
1170 743 -0.53327368 -1.04085551
