1990 550 0.00000000 0.00000000
2000 550 -0.00000000 0.01581139
2010 550 -0.00056921 0.03244497
2020 550 -0.00113842 0.04907855
2030 550 -0.00113842 0.06488994
2040 550 -0.00790569 0.08696264
2050 550 -0.03807382 0.13053882
2060 550 -0.06881116 0.17493720
2070 550 -0.09954850 0.21933558
2080 550 -0.12971663 0.26291176
2090 550 -0.15988476 0.30648795
2100 550 -0.18265316 0.33937564
2110 550 -0.18796578 0.34177897
2120 550 -0.19384762 0.34500449
2130 550 -0.19916025 0.34740782
2140 550 -0.20365068 0.35038036
2150 550 -0.20953252 0.35360589
2160 550 -0.21402295 0.35657843
2170 550 -0.21990479 0.35980395
2180 550 -0.22521741 0.36220728
1800 561 0.32078145 -0.78133556
1810 561 0.32280530 -0.77020435
1820 561 0.32457618 -0.76046453
1830 561 0.32660004 -0.74933331
1840 561 0.32780170 -0.73877131
1850 561 0.32982556 -0.72764009
1860 561 0.33241863 -0.71733106
1870 561 0.33362029 -0.70676906
1880 561 0.33564415 -0.69563784
1890 561 0.33741503 -0.68589802
1900 561 0.33943888 -0.67476681
1910 561 0.34064055 -0.66420480
1920 561 0.34266441 -0.65307358
1930 561 0.34525747 -0.64276456
1940 561 0.34645914 -0.63220255
1950 561 0.34848300 -0.62107133
1960 561 0.35025387 -0.61133152
1970 561 0.35227773 -0.60020030
1980 561 0.35430159 -0.58906908
1990 561 0.35550325 -0.57850708
1940 219 -0.80283905 -1.35611115
1950 219 -0.79638801 -1.36015887
1960 219 -0.78911477 -1.36363737
1970 219 -0.78184153 -1.36711588
1980 219 -0.77482127 -1.37198579
1990 219 -0.76811724 -1.37464210
2000 219 -0.76027480 -1.37894280
2010 219 -0.75382375 -1.38299051
2020 219 -0.74655051 -1.38646902
2030 219 -0.74009946 -1.39051673
2040 219 -0.73282622 -1.39399524
2050 219 -0.72555299 -1.39747374
2060 219 -0.71910194 -1.40152146
2070 219 -0.71182870 -1.40499996
2080 219 -0.70455546 -1.40847847
2090 219 -0.69810442 -1.41252619
2100 219 -0.69083118 -1.41600469
2110 219 -0.68355794 -1.41948320
2120 219 -0.67653768 -1.42435310
2130 219 -0.66926444 -1.42783161
1940 596 3.47667131 -2.06161530
1950 596 3.24544556 -1.75221805
1960 596 2.98993353 -1.43409292
1970 596 2.71740844 -1.11071841
1980 596 2.44621151 -0.81561465
1990 596 2.17419238 -0.63175983
2000 596 1.92215885 -0.44866395
2010 596 1.74886604 -0.26335448
2020 596 1.57557322 -0.07804501
2030 596 1.38261104 0.13743259
2040 596 1.17624080 0.37403420
2050 596 0.96987056 0.61063582
2060 596 0.79847511 0.81428650
2070 596 0.63131711 1.01357324
2080 596 0.46358990 1.21368217
2090 596 0.32811793 1.44098668
2100 596 0.19618771 1.67195944
2110 596 0.06507967 1.90350141
2120 596 -0.05325276 2.07091239
2130 596 -0.16798019 2.22257523
1960 225 -1.16763940 -0.70619985
1970 225 -1.16409765 -0.73415438
1980 225 -1.15973371 -0.76153971
1990 225 -1.15536977 -0.78892503
2000 225 -1.15100582 -0.81631036
2010 225 -1.13848320 -0.81858720
2020 225 -1.12545462 -0.81808123
2030 225 -1.11217305 -0.81618386
2040 225 -1.09914447 -0.81567790
2050 225 -1.08611589 -0.81517194
2060 225 -1.07283432 -0.81327457
2070 225 -1.05980574 -0.81276860
2080 225 -1.04595496 -0.81169343
2090 225 -1.03292637 -0.81118747
2100 225 -1.02046700 -0.80985931
2110 225 -1.00661622 -0.80878413
2120 225 -0.99358764 -0.80827817
2130 225 -0.98030607 -0.80638080
2140 225 -0.96727749 -0.80587484
2150 225 -0.95424891 -0.80536887
1970 229 -1.65380797 -1.02818296
1980 229 -1.63084983 -1.05607425
1990 229 -1.60871389 -1.08453475
2000 229 -1.58657795 -1.11299525
2010 229 -1.54401369 -1.12001550
2020 229 -1.49601032 -1.12083769
2030 229 -1.44800694 -1.12165989
2040 229 -1.40025655 -1.12387348
2050 229 -1.35168396 -1.12551786
2060 229 -1.30368059 -1.12634006
2070 229 -1.25567721 -1.12716225
2080 229 -1.22860812 -1.13639610
2090 229 -1.23354127 -1.15562275
2100 229 -1.23847442 -1.17484940
2110 229 -1.24340758 -1.19407604
2120 229 -1.24751854 -1.21273348
2130 229 -1.25245169 -1.23196013
2140 229 -1.25738484 -1.25118678
2150 229 -1.26231800 -1.27041343
2160 229 -1.26725115 -1.28964008
2000 562 0.35809632 -0.56819805
2010 562 0.35929799 -0.55763604
2020 562 0.36132185 -0.54650483
2030 562 0.36309272 -0.53676501
2040 562 0.36511658 -0.52563379
2050 562 0.36714044 -0.51450258
2060 562 0.36834210 -0.50394057
2070 562 0.37093517 -0.49363154
2080 562 0.37213684 -0.48306954
2090 562 0.37416069 -0.47193832
2100 562 0.37618455 -0.46080710
2110 562 0.37795543 -0.45106729
2120 562 0.37997928 -0.43993607
2130 562 0.38118095 -0.42937406
2140 562 0.38377402 -0.41906504
2150 562 0.38579787 -0.40793382
2160 562 0.38699954 -0.39737181
2170 562 0.38902340 -0.38624059
2180 562 0.39079427 -0.37650078
2190 562 0.39281813 -0.36536956
2160 226 -0.94039813 -0.80429370
2170 226 -0.92793876 -0.80296554
2180 226 -0.91408798 -0.80189037
2190 226 -0.90105940 -0.80138440
2200 226 -0.88860002 -0.80005625
2210 226 -0.87474925 -0.79898107
2220 226 -0.86172066 -0.79847511
2230 226 -0.84786989 -0.79739993
2240 226 -0.83541051 -0.79607178
2250 226 -0.82238193 -0.79556581
2260 226 -0.70980484 -0.90371571
2270 226 -0.57262524 -1.03861847
2280 226 -0.32976231 -1.14170873
2290 226 -0.06039950 -1.23739925
2300 226 0.20485235 -1.47823832
2310 226 0.46991446 -1.75569656
2320 226 0.67875128 -2.00640193
2330 226 0.87221942 -2.25071950
2340 226 1.03748005 -2.48415884
2350 226 1.17206659 -2.70842757
