250 133 0.00000000 0.00000000
260 133 -0.00000000 0.14383671
270 133 -0.02350582 0.25640881
280 133 -0.08306641 0.32345011
290 133 -0.14187616 0.38983093
300 133 -0.20068590 0.45621176
310 133 -0.25111809 0.52454619
320 133 -0.22852302 0.60322569
330 133 -0.20526748 0.68265603
340 133 -0.18201195 0.76208638
350 133 -0.15941688 0.84076588
360 133 -0.15078209 0.90508881
370 133 -0.17601209 0.93394098
380 133 -0.20058161 0.96354399
390 133 -0.22656246 0.99305662
400 133 -0.25113199 1.02265963
410 133 -0.38285775 1.12121583
420 133 -0.52566552 1.22685646
430 133 -0.66922414 1.33315755
440 133 -0.67592618 1.36036201
200 5 1.83758371 0.63704876
210 5 1.82575084 0.64479366
220 5 1.81457845 0.65328940
230 5 1.80274559 0.66103429
240 5 1.79091273 0.66877919
250 5 1.77907987 0.67652408
260 5 1.76724700 0.68426897
270 5 1.75541414 0.69201387
280 5 1.74358128 0.69975876
290 5 1.68708666 0.75211674
300 5 1.52276839 0.90597871
310 5 1.36052191 1.06068191
320 5 1.18569868 1.19048883
330 5 0.98617382 1.26344656
340 5 0.78598848 1.33565344
350 5 0.58646362 1.40861117
360 5 0.47033889 1.42951682
370 5 0.36313399 1.44390814
380 5 0.26580835 1.45893212
390 5 0.25820946 1.46694815
200 13 -1.66230161 3.65172416
210 13 -1.46826909 3.42111544
220 13 -1.22073841 3.10748898
230 13 -0.97885301 2.79350099
240 13 -0.78426431 2.48782103
250 13 -0.58967560 2.18214108
260 13 -0.41580483 1.86804881
270 13 -0.26340285 1.54620469
280 13 -0.11091049 1.22294925
290 13 0.08308727 1.01501207
300 13 0.28806971 0.83470345
310 13 0.50094999 0.65277493
320 13 0.77965491 0.46089068
330 13 1.05845022 0.26759510
340 13 1.32144983 0.07753931
350 13 1.43736599 -0.09501051
360 13 1.55328216 -0.26756034
370 13 1.66919832 -0.44011017
380 13 1.78586534 -0.61332047
390 13 1.95064246 -0.80754070
260 138 -0.44678440 0.67002365
270 138 -0.56428570 0.81200410
280 138 -0.61891014 0.96793091
290 138 -0.67362496 1.12526904
300 138 -0.72758893 1.28194670
310 138 -0.81146877 1.33042529
320 138 -0.90930193 1.33124566
330 138 -1.00722546 1.33347736
340 138 -1.10842355 1.34258491
350 138 -1.21917413 1.36808605
360 138 -1.32926425 1.39433804
370 138 -1.43926398 1.41917870
380 138 -1.62032346 1.50253016
390 138 -1.96452626 1.72139640
400 138 -2.30797821 1.93960217
410 138 -2.65143017 2.15780793
420 138 -2.99010587 2.51165361
430 138 -3.32836444 2.88111423
440 138 -3.64588421 3.30291892
450 138 -3.95563127 3.74718658
400 6 0.24985971 1.47562466
410 6 0.24226082 1.48364069
420 6 0.23457155 1.49306805
430 6 0.22697265 1.50108408
440 6 0.21862290 1.50976059
450 6 0.21168448 1.51852747
460 6 0.20408559 1.52654351
470 6 0.19573584 1.53522001
480 6 0.18879742 1.54398690
490 6 0.18044767 1.55266340
500 6 0.17284878 1.56067944
510 6 0.16449903 1.56935594
520 6 0.15756061 1.57812283
530 6 0.14996171 1.58613886
540 6 0.14161197 1.59481537
550 6 0.13467354 1.60358225
560 6 0.12632380 1.61225876
570 6 0.06225810 1.68326288
580 6 -0.02694722 1.78170785
590 6 -0.11540169 1.87949234
