2360 441 0.00000000 0.00000000
2370 441 0.00000000 0.01486607
2380 441 0.00000000 0.02973214
2390 441 -0.00033634 0.04365646
2400 441 -0.00033634 0.05852253
2410 441 -0.00067267 0.07244686
2420 441 -0.00067267 0.08731293
2430 441 -0.00161441 0.10251533
2440 441 -0.00195075 0.11643966
2450 441 -0.00195075 0.13130573
2460 441 -0.00228709 0.14523006
2470 441 -0.00228709 0.16009612
2480 441 -0.00262342 0.17402045
2490 441 -0.02125646 0.26456221
2500 441 -0.06874716 0.47053462
2510 441 -0.07507028 0.63419591
2520 441 -0.04237839 0.75843858
2530 441 -0.00726487 0.89243500
2540 441 0.03437358 1.06551371
2550 441 0.07601203 1.23859242
2230 412 0.22043487 -0.59585356
2240 412 0.22030034 -0.58731062
2250 412 0.22077121 -0.58004575
2260 412 0.22063668 -0.57150281
2270 412 0.22050214 -0.56295986
2280 412 0.22130935 -0.55475325
2290 412 0.22117481 -0.54621031
2300 412 0.22070394 -0.53860911
2310 412 0.22151115 -0.53040250
2320 412 0.22137662 -0.52185955
2330 412 0.22218382 -0.51365295
2340 412 0.22204929 -0.50511000
2350 412 0.22157842 -0.49750880
2360 412 0.22144388 -0.48896585
2370 412 0.22225109 -0.48075925
2380 412 0.22211656 -0.47221630
2390 412 0.22292376 -0.46400969
2400 412 0.22245289 -0.45640849
2410 412 0.22231836 -0.44786555
2420 412 0.22312557 -0.43965894
2240 426 0.81393408 -0.30768054
2250 426 0.79355210 -0.29933939
2260 426 0.77350645 -0.29005651
2270 426 0.75312446 -0.28171537
2280 426 0.73307881 -0.27243248
2290 426 0.71209142 -0.26281326
2300 426 0.69170943 -0.25447212
2310 426 0.67166378 -0.24518923
2320 426 0.65161814 -0.23590635
2330 426 0.63123615 -0.22756521
2340 426 0.61024876 -0.21794599
2350 426 0.58986677 -0.20960484
2360 426 0.56982112 -0.20032196
2370 426 0.58132383 -0.18000724
2380 426 0.59343194 -0.16097060
2390 426 0.60493464 -0.14065588
2400 426 0.61610101 -0.12128290
2410 426 0.62760372 -0.10096819
2420 426 0.63877009 -0.08159521
2430 426 0.65121453 -0.06161683
2350 648 -0.43723732 0.72319052
2360 648 -0.43663191 0.70704637
2370 648 -0.43629557 0.69312205
2380 648 -0.43663191 0.67731424
2390 648 -0.43569017 0.66211183
2400 648 -0.43569017 0.64724576
2410 648 -0.43569017 0.63237969
2420 648 -0.43569017 0.61751362
2430 648 -0.44268597 0.57116647
2440 648 -0.48432441 0.39808776
2450 648 -0.52596286 0.22500905
2460 648 -0.57621152 0.04863424
2470 648 -0.63029441 -0.12955678
2480 648 -0.68491544 -0.30330816
2490 648 -0.74902116 -0.43225954
2500 648 -0.81312687 -0.56121091
2510 648 -0.86768064 -0.68720253
2520 648 -0.89781638 -0.81023438
2530 648 -0.92761578 -0.93232449
2540 648 -0.95741519 -1.05441460
2410 455 -1.70583094 -1.25009512
2420 455 -1.64596306 -1.08246506
2430 455 -1.58575884 -0.91389326
2440 455 -1.54230418 -0.70005058
2450 455 -1.50961228 -0.45687936
2460 455 -1.47658405 -0.21276640
2470 455 -1.42720987 0.05630271
2480 455 -1.37420325 0.33256943
2490 455 -1.32119663 0.60883615
2500 455 -1.27464768 0.92351248
2510 455 -1.22843506 1.23724707
2520 455 -1.32005309 1.50994862
2530 455 -1.46958825 1.76616969
2540 455 -1.59901050 1.91220695
2550 455 -1.71383574 1.98613369
2560 455 -1.82960273 2.06039677
2570 455 -1.97167123 2.14723883
2580 455 -2.22116557 2.28412774
2590 455 -2.47065991 2.42101665
2600 455 -2.70939148 2.52857703
2410 458 -1.23428731 -1.14879060
2420 458 -1.18787289 -1.06342842
2430 458 -1.14112213 -0.97712450
2440 458 -1.09363143 -0.87090947
2450 458 -1.03114013 -0.57997848
2460 458 -0.96992690 -0.28965291
2470 458 -0.90831007 0.00477598
2480 458 -0.84501156 0.33364571
2490 458 -0.78171305 0.66251543
2500 458 -0.72641935 1.00167706
2510 458 -0.68868241 1.36303688
2520 458 -0.65060913 1.72533845
2530 458 -0.82927102 1.96541537
2540 458 -1.06363022 2.17441481
2550 458 -1.30384168 2.37594758
2560 458 -1.55212520 2.56974461
2570 458 -1.79946699 2.76320530
2580 458 -2.03241358 2.91966900
2590 458 -2.23017938 2.99029964
2600 458 -2.42888692 3.06126662
2430 413 0.22299103 -0.43111599
2440 413 0.22285650 -0.42257305
2450 413 0.22332737 -0.41530818
2460 413 0.22319283 -0.40676524
2470 413 0.22305830 -0.39822229
2480 413 0.22386551 -0.39001569
2490 413 0.22857422 -0.16870634
2500 413 0.23536821 0.07628109
2510 413 0.25379945 0.31817423
2520 413 0.38658505 0.52347397
2530 413 0.51970700 0.72971545
2540 413 0.64112444 0.92102359
2550 413 0.67146198 0.97920979
2560 413 0.70119412 1.03867406
2570 413 0.72541034 1.10647948
2580 413 0.73146440 1.21262725
2590 413 0.73657671 1.31911135
2600 413 0.74115088 1.41516902
2610 413 0.74256350 1.42209755
2620 413 0.74397611 1.42902608
2440 427 0.66271724 -0.04130211
2450 427 0.67388361 -0.02192913
2460 427 0.68632805 -0.00195075
2470 427 0.69749442 0.01742223
2480 427 0.73718211 0.05421743
2490 427 0.78453828 0.09464506
2500 427 0.83061637 0.13446729
2510 427 0.87703079 0.17523126
2520 427 0.93145002 0.23543548
2530 427 1.04815875 0.47302351
2540 427 1.16392574 0.71094788
2550 427 1.23946689 0.97598096
2560 427 1.29630774 1.25406389
2570 427 1.33142126 1.49212279
2580 427 1.31870775 1.63789099
2590 427 1.30471615 1.78305378
2600 427 1.29967111 1.84325799
2610 427 1.30068011 1.84608322
2620 427 1.30202546 1.84985018
2630 427 1.30337081 1.85361715
