3490 468 0.00000000 0.00000000
3500 468 0.00000000 0.00640312
3510 468 -0.00078087 0.01343094
3520 468 -0.00078087 0.01983407
3530 468 -0.00140556 0.02545632
3540 468 -0.00140556 0.03185945
3550 468 -0.00140556 0.03826257
3560 468 -0.00140556 0.04466570
3570 468 -0.00218643 0.05169352
3580 468 -0.00218643 0.05809664
3590 468 -0.00218643 0.06449976
3600 468 -0.00218643 0.07090289
3610 468 -0.00218643 0.07730601
3620 468 -0.00281113 0.08292827
3630 468 -0.00359200 0.08995609
3640 468 -0.00359200 0.09635921
3650 468 -0.00359200 0.10276234
3660 468 -0.00359200 0.10916546
3670 468 -0.00359200 0.11556858
3680 468 -0.00359200 0.12197171
3310 474 0.58783804 -0.06559298
3320 474 0.58815039 -0.06200098
3330 474 0.58846273 -0.05840899
3340 474 0.58799421 -0.05419230
3350 474 0.59174238 -0.04950708
3360 474 0.60142516 -0.04060518
3370 474 0.61048324 -0.03248414
3380 474 0.62016601 -0.02358224
3390 474 0.62922409 -0.01546120
3400 474 0.63828216 -0.00734017
3410 474 0.64796494 0.00156174
3420 474 0.65702302 0.00968277
3430 474 0.66670579 0.01858468
3440 474 0.67654474 0.02608102
3450 474 0.68560281 0.03420205
3460 474 0.69528559 0.04310396
3470 474 0.70434367 0.05122499
3480 474 0.71402644 0.06012690
3490 474 0.72308452 0.06824793
3500 474 0.73276729 0.07714984
3400 283 2.01089336 0.09323574
3410 283 1.99230868 0.09401660
3420 283 1.87658392 0.15586141
3430 283 1.73712075 0.23285508
3440 283 1.59687672 0.31047344
3450 283 1.45741355 0.38746710
3460 283 1.33309923 0.46898981
3470 283 1.34512461 0.59127386
3480 283 1.35714999 0.71355792
3490 283 1.36995624 0.83521728
3500 283 1.38198162 0.95750133
3510 283 1.32450967 1.07135201
3520 283 1.25017096 1.18332859
3530 283 1.17583225 1.29530518
3540 283 1.10149354 1.40728177
3550 283 1.08884347 1.46990745
3560 283 1.10274293 1.51129349
3570 283 1.11586153 1.55330424
3580 283 1.12913630 1.59390941
3590 283 1.14303576 1.63529546
3510 475 0.74182537 0.08527087
3520 475 0.75088345 0.09339191
3530 475 0.76134709 0.10166912
3540 475 0.77040517 0.10979015
3550 475 0.78008794 0.11869206
3560 475 0.78914602 0.12681309
3570 475 0.79820410 0.13493413
3580 475 0.80788687 0.14383603
3590 475 0.81694495 0.15195707
3600 475 0.82662772 0.16085897
3610 475 0.83646667 0.16835532
3620 475 0.84536857 0.17788191
3630 475 0.85520752 0.18537826
3640 475 0.86426560 0.19349929
3650 475 0.87394837 0.20240120
3660 475 0.88300645 0.21052223
3670 475 0.89268922 0.21942414
3680 475 0.90174730 0.22754517
3690 475 0.99279660 0.34936071
3700 475 1.16568096 0.58627630
