1350 643 0.00000000 0.00000000
1360 643 -0.00000000 0.17722584
1370 643 -0.00000000 0.35445169
1380 643 -0.00371278 0.52113167
1390 643 -0.03230906 0.59558469
1400 643 -0.06173479 0.67118315
1410 643 -0.09131851 0.74579416
1420 643 -0.08215506 0.77774774
1430 643 -0.07314960 0.80871388
1440 643 -0.06398615 0.84066746
1450 643 -0.05498069 0.87163359
1460 643 -0.04680469 0.90374516
1470 643 -0.03779923 0.93471130
1480 643 -0.02863578 0.96666488
1490 643 -0.01947233 0.99861846
1500 643 -0.01046687 1.02958460
1510 643 -0.00229086 1.06169617
1520 643 0.00671460 1.09266231
1530 643 0.01062486 1.09811298
1540 643 0.01437714 1.10257621
1230 601 0.09171349 -2.55356097
1240 601 0.17927972 -2.24046330
1250 601 0.24054054 -2.02847954
1260 601 0.27352106 -1.91729373
1270 601 0.30748901 -1.80626590
1280 601 0.32783029 -1.69812140
1290 601 0.34505125 -1.59049037
1300 601 0.36227222 -1.48285935
1310 601 0.39106599 -1.33454576
1320 601 0.44490125 -1.09301778
1330 601 0.49988195 -0.85066036
1340 601 0.53511383 -0.60514312
1350 601 0.55667953 -0.35642657
1360 601 0.57785026 -0.14815559
1370 601 0.59676962 -0.09953402
1380 601 0.61667642 -0.05107043
1390 601 0.63559579 -0.00244885
1400 601 0.65451515 0.04617272
1410 601 0.67442195 0.09463631
1420 601 0.72802023 0.19543425
1430 598 0.89896595 -0.20459770
1440 598 0.97164158 -0.13014468
1450 598 1.04431721 -0.05569165
1460 598 1.11699284 0.01876137
1470 598 1.16569341 0.13958461
1480 598 1.20341365 0.28039364
1490 598 1.24113388 0.42120268
1500 598 1.35172723 0.60605156
1510 598 1.47101006 0.79457373
1520 598 1.58946344 0.98424132
1530 598 1.71344648 1.15783339
1540 598 1.84868635 1.29417919
1550 598 1.98408421 1.43151243
1560 598 2.11695422 1.55304663
1570 598 2.23347222 1.53440375
1580 598 2.34999021 1.51576087
1590 598 2.45533038 1.44624505
1600 598 2.55446942 1.34430168
1610 598 2.65246303 1.24152886
1620 598 2.75045663 1.13875603
