3300 576 0.00000000 0.00000000
3310 576 -0.00000000 0.01523155
3320 576 -0.00039392 0.03138224
3330 576 -0.00131306 0.04621986
3340 576 -0.00131306 0.06145141
3350 576 -0.00262613 0.07720818
3360 576 -0.00262613 0.09243973
3370 576 -0.00262613 0.10767127
3380 576 -0.00354527 0.12250890
3390 576 -0.00393919 0.13865959
3400 576 -0.00485834 0.15349722
3410 576 -0.00485834 0.16872877
3420 576 -0.00525226 0.18487946
3430 576 -0.00617140 0.19971708
3440 576 -0.00617140 0.21494863
3450 576 -0.00748447 0.23070540
3460 576 -0.00748447 0.24593695
3470 576 -0.00748447 0.26116849
3480 576 -0.00879753 0.27692527
3490 576 -0.00879753 0.29215681
3120 578 0.00367658 -1.66627863
3130 578 0.10478253 -1.54678978
3140 578 0.20641371 -1.42598786
3150 578 0.30358047 -1.24399714
3160 578 0.39720196 -1.00042371
3170 578 0.49082345 -0.75685028
3180 578 0.58444493 -0.51327685
3190 578 0.60729225 -0.41427180
3200 578 0.61228190 -0.35229516
3210 578 0.61779677 -0.28900546
3220 578 0.62278641 -0.22702882
3230 578 0.61779677 -0.17476886
3240 578 0.60309045 -0.13537693
3250 578 0.58799021 -0.09506586
3260 578 0.57288997 -0.05475478
3270 578 0.55687058 -0.01483763
3280 578 0.54308341 0.02494822
3290 578 0.52706402 0.06486538
3300 578 0.51288293 0.10557037
3310 578 0.49686354 0.14548753
3140 580 0.06919849 -1.80139295
3150 580 0.16636525 -1.67271265
3160 580 0.26484508 -1.54455757
3170 580 0.35872917 -1.41837209
3180 580 0.42018059 -1.31043820
3190 580 0.48110677 -1.20381738
3200 580 0.54255818 -1.09588349
3210 580 0.57315258 -1.03272509
3220 580 0.60125216 -0.97389981
3230 580 0.62843259 -0.91546845
3240 580 0.65653216 -0.85664317
3250 580 0.68502566 -0.79873703
3260 580 0.71220609 -0.74030567
3270 580 0.74030567 -0.68148039
3280 580 0.76512258 -0.62514993
3290 580 0.76617304 -0.58444493
3300 580 0.76722349 -0.54373994
3310 580 0.76866786 -0.50395409
3320 580 0.76971831 -0.46324910
3330 580 0.77208183 -0.42306933
3180 495 -0.70747906 0.12762985
3190 495 -0.73032638 0.12001408
3200 495 -0.75277978 0.11147916
3210 495 -0.77562710 0.10386339
3220 495 -0.79847442 0.09624762
3230 495 -0.82092782 0.08771270
3240 495 -0.84430036 0.07878386
3250 495 -0.86714768 0.07116809
3260 495 -0.88999500 0.06355231
3270 495 -0.96470836 0.07287507
3280 495 -1.11938734 0.10885303
3290 495 -1.27406632 0.14483100
3300 495 -1.47365210 0.14089180
3310 495 -1.70343835 0.11095394
3320 495 -1.93230547 0.08140999
3330 495 -2.16419263 0.05383564
3340 495 -2.40159466 0.03151354
3350 495 -2.63807754 0.00958537
3360 495 -2.88007530 -0.04516941
3370 495 -3.12561833 -0.12211498
3200 583 0.10228771 -1.46734939
3210 583 0.10662082 -1.29468143
3220 583 0.11095394 -1.12201347
3230 583 0.11660011 -0.94987074
3240 583 0.11778187 -0.92216508
3250 583 0.11975147 -0.91152926
3260 583 0.12132714 -0.89997429
3270 583 0.12290282 -0.88841932
3280 583 0.12487242 -0.87778350
3290 583 0.12644809 -0.86622854
3300 583 0.12802377 -0.85467357
3310 583 0.12999337 -0.84403775
3320 583 0.13156905 -0.83248278
3330 583 0.13222558 -0.82132174
3340 583 0.13472040 -0.80937285
3350 583 0.13577085 -0.79913095
3360 583 0.13734653 -0.78757598
3370 583 0.13892221 -0.77602102
3380 583 0.14089180 -0.76538520
3390 583 0.14246748 -0.75383023
3320 579 0.48268245 0.18619252
3330 579 0.46705698 0.22519053
3340 579 0.47073356 0.37908167
3350 579 0.47598582 0.54452778
3360 579 0.47125879 0.70025721
3370 579 0.42871550 0.81475642
3380 579 0.38485915 0.92978085
3390 579 0.34139673 1.04388614
3400 579 0.30397439 1.16928378
3410 579 0.27876356 1.31949834
3420 579 0.25447187 1.47010682
3430 579 0.40074723 1.64920880
3440 579 0.80569627 1.86954099
3450 579 1.19055543 2.11390226
3460 579 1.49216630 2.45096588
3470 579 1.82043239 2.80706892
3480 579 2.25308708 3.23946101
3490 579 2.68574178 3.65662154
3500 579 3.11419467 4.01758293
3510 579 3.54264756 4.37854431
3340 581 0.77313228 -0.38236433
3350 581 0.77457665 -0.34257848
3360 581 0.77562710 -0.30187349
3370 581 0.77707147 -0.26208764
3380 581 0.77812192 -0.22138265
3390 581 0.77956629 -0.18159680
3400 581 0.75501199 -0.09637892
3410 581 0.73045769 -0.01116105
3420 581 0.70590338 0.07405683
3430 581 0.68633872 0.14509361
3440 581 0.68607611 0.15586074
3450 581 0.68541958 0.16754701
3460 581 0.68515697 0.17831414
3470 581 0.68450043 0.19000041
3480 581 0.68423782 0.20076754
3490 581 0.68450043 0.21284773
3500 581 0.68423782 0.22361486
3510 581 0.68358129 0.23530113
3520 581 0.68331868 0.24606826
3530 581 0.68266214 0.25775453
3400 584 0.14404316 -0.74227526
3410 584 0.14601275 -0.73163944
3420 584 0.14758843 -0.72008448
3430 584 0.14916411 -0.70852951
3440 584 0.15113370 -0.69789369
3450 584 0.15270938 -0.68633872
3460 584 0.15336591 -0.67517768
3470 584 0.15494159 -0.66362271
3480 584 0.15691119 -0.65298689
3490 584 0.15848686 -0.64143192
3500 584 0.16006254 -0.62987696
3510 584 0.16203214 -0.61924114
3520 584 0.16360782 -0.60768617
3530 584 0.16518349 -0.59613121
3540 584 0.16715309 -0.58549538
3550 584 0.16872877 -0.57394042
3560 584 0.18763689 -0.43528082
3570 584 0.20956507 -0.28335928
3580 584 0.23109932 -0.13051859
3590 584 0.28769239 0.15375983
