0 374 0.00000000 0.00000000
10 374 -0.00000000 0.02451530
20 374 0.00097898 0.04923456
30 374 0.00077503 0.07472884
40 374 0.00175401 0.09944809
50 374 0.00175401 0.12396340
60 374 0.00252903 0.14966163
70 374 0.00252903 0.17417693
80 374 0.00350801 0.19889619
90 374 0.00350801 0.22341149
100 374 0.00428304 0.24910973
110 374 0.00428304 0.27362503
120 374 0.00526202 0.29834428
130 374 0.00505807 0.32383856
140 374 0.05164122 0.50719344
150 374 0.09744934 0.68936538
160 374 0.12583977 0.81785656
170 374 0.12783853 0.86219621
180 374 0.12865434 0.90731089
190 374 0.13065310 0.95165055
0 366 0.43018031 0.62691459
10 366 0.45212579 0.60492832
20 366 0.47386731 0.58392103
30 366 0.49679177 0.56213872
40 366 0.51971623 0.54035640
50 366 0.54145775 0.51934911
60 366 0.56340323 0.49736284
70 366 0.58632769 0.47558053
80 366 0.60806921 0.45457324
90 366 0.63099367 0.43279093
100 366 0.65293915 0.41080466
110 366 0.67565965 0.39000132
120 366 0.69760513 0.36801506
130 366 0.72966674 0.47888459
140 366 0.76539952 0.64567838
150 366 0.80211129 0.81267612
160 366 0.80896415 1.08377212
170 366 0.79603345 1.42531391
180 366 0.78269485 1.74429836
190 366 0.76919307 1.86304053
0 370 -1.07251384 0.70099077
10 370 -1.04220624 0.71241221
20 370 -1.01189864 0.72383365
30 370 -0.98159103 0.73525509
40 370 -0.95030445 0.74688048
50 370 -0.91999685 0.75830192
60 370 -0.88968925 0.76972336
70 370 -0.85938165 0.78114479
80 370 -0.82907404 0.79256623
90 370 -0.79778746 0.80419162
100 370 -0.76747986 0.81561306
110 370 -0.73717226 0.82703450
120 370 -0.70686465 0.83845594
130 370 -0.66737911 0.87936916
140 370 -0.61549315 0.96372464
150 370 -0.56360719 1.04808012
160 370 -0.51172122 1.13243560
170 370 -0.47166461 1.12648014
180 370 -0.43348437 1.10991905
190 370 -0.39530414 1.09335797
