2960 444 0.00000000 0.00000000
2970 444 0.00000000 0.00447214
2980 444 0.00089443 0.00849706
2990 444 0.00089443 0.01296919
3000 444 0.00178885 0.01699412
3010 444 0.00178885 0.02146625
3020 444 0.00178885 0.02593839
3030 444 0.00268328 0.02996331
3040 444 0.00313050 0.03532987
3050 444 0.00313050 0.03980201
3060 444 0.00313050 0.04427415
3070 444 0.00402492 0.04829907
3080 444 0.00402492 0.05277120
3090 444 0.00402492 0.05724334
3100 444 0.00491935 0.06126826
3110 444 0.00491935 0.06574040
3120 444 0.00491935 0.07021253
3130 444 0.00581378 0.07423746
3140 444 0.00581378 0.07870959
3150 444 0.00581378 0.08318173
2830 415 0.36313744 -0.51250678
2840 415 0.36492629 -0.50669300
2850 415 0.36716236 -0.49998480
2860 415 0.36939843 -0.49327660
2870 415 0.37029286 -0.48701561
2880 415 0.37252893 -0.48030740
2890 415 0.37476499 -0.47359920
2900 415 0.37655385 -0.46778542
2910 415 0.37878992 -0.46107722
2920 415 0.38102598 -0.45436901
2930 415 0.38236762 -0.44721360
2940 415 0.38415648 -0.44139982
2950 415 0.38639255 -0.43469161
2960 415 0.38862861 -0.42798341
2970 415 0.39041747 -0.42216963
2980 415 0.39175911 -0.41501422
2990 415 0.39399518 -0.40830601
3000 415 0.39623125 -0.40159781
3010 415 0.39802010 -0.39578403
3020 415 0.40025617 -0.38907583
2840 429 0.96150923 -0.23031500
2850 429 0.96285087 -0.22763172
2860 429 0.96463973 -0.22405401
2870 429 0.96598137 -0.22137073
2880 429 0.96777022 -0.21779302
2890 429 0.96911186 -0.21510974
2900 429 0.97045350 -0.21242646
2910 429 0.97224236 -0.20884875
2920 429 0.97358400 -0.20616547
2930 429 0.97537285 -0.20258776
2940 429 0.97671449 -0.19990448
2950 429 0.97850335 -0.19632677
2960 429 0.97671449 -0.18648807
2970 429 0.96955908 -0.16278575
2980 429 0.96150923 -0.13863621
2990 429 0.95345939 -0.11448668
3000 429 0.94540954 -0.09033715
3010 429 0.93735970 -0.06618761
3020 429 0.92930985 -0.04203808
3030 429 0.92126001 -0.01788854
3030 416 0.40249224 -0.38236762
3040 416 0.40428109 -0.37655385
3050 416 0.40562273 -0.36939843
3060 416 0.40785880 -0.36269023
3070 416 0.41009487 -0.35598202
3080 416 0.41188372 -0.35016825
3090 416 0.41411979 -0.34346004
3100 416 0.41546143 -0.33630462
3110 416 0.41725028 -0.33049085
3120 416 0.41948635 -0.32378264
3130 416 0.42172242 -0.31707444
3140 416 0.42351127 -0.31126066
3150 416 0.42574734 -0.30455246
3160 416 0.42708898 -0.29739704
3170 416 0.42887784 -0.29158326
3180 416 0.43111391 -0.28487506
3190 416 0.43334997 -0.27816686
3200 416 0.43558604 -0.27145865
3210 416 0.43648047 -0.26519766
3220 416 0.43961096 -0.25893667
3030 616 -0.27503636 -0.67082039
3040 616 -0.21734581 -0.68513123
3050 616 -0.15786640 -0.69810042
3060 616 -0.10554241 -0.71196404
3070 616 -0.10554241 -0.72761652
3080 616 -0.10598962 -0.74192735
3090 616 -0.10598962 -0.75757983
3100 616 -0.10554241 -0.77233788
3110 616 -0.10509519 -0.78709593
3120 616 -0.10598962 -0.80230119
3130 616 -0.10554241 -0.81705924
3140 616 -0.10554241 -0.83271171
3150 616 -0.10509519 -0.84746976
3160 616 -0.10509519 -0.86312224
3170 616 -0.10554241 -0.87743307
3180 616 -0.10509519 -0.89219112
3190 616 -0.10509519 -0.90784360
3200 616 -0.10464798 -0.92260165
3210 616 -0.01788854 -0.97492564
3220 616 0.06797647 -1.02680242
3040 430 0.91365738 0.00715542
3050 430 0.90560753 0.03130495
3060 430 0.89755769 0.05545449
3070 430 0.88950784 0.07960402
3080 430 0.88145800 0.10375355
3090 430 0.87340815 0.12790309
3100 430 0.86535831 0.15205262
3110 430 0.85730846 0.17620216
3120 430 0.84925862 0.20035169
3130 430 0.84120877 0.22450122
3140 430 0.83360614 0.24954519
3150 430 0.79961791 0.33362134
3160 430 0.75534376 0.44408310
3170 430 0.71017519 0.55499207
3180 430 0.68647287 0.61268263
3190 430 0.68289516 0.61670755
3200 430 0.67931745 0.62073247
3210 430 0.67573974 0.62475739
3220 430 0.67260925 0.62967674
3230 430 0.66813711 0.63414888
3100 619 -0.81795367 -0.50445694
3110 619 -0.80766775 -0.52860647
3120 619 -0.79604020 -0.55230879
3130 619 -0.78530707 -0.57556390
3140 619 -0.77412673 -0.60016065
3150 619 -0.76339361 -0.62341575
3160 619 -0.75176605 -0.64711807
3170 619 -0.74058571 -0.67171482
3180 619 -0.72985259 -0.69496993
3190 619 -0.71822503 -0.71867225
3200 619 -0.70793912 -0.74282178
3210 619 -0.69631157 -0.76652410
3220 619 -0.54962551 -0.95837874
3230 619 -0.38818140 -1.16767470
3240 619 -0.23165664 -1.29289450
3250 619 -0.07602631 -1.40872283
3260 619 0.11493389 -1.52991771
3270 619 0.35687645 -1.66095129
3280 619 0.59926622 -1.79109045
3290 619 0.71509454 -1.73161104
