3590 292 0.00000000 0.00000000
3600 292 0.00000000 0.00984886
3610 292 0.00131995 0.01919004
3620 292 0.00131995 0.02903890
3630 292 0.00263990 0.03838009
3640 292 0.00263990 0.04822894
3650 292 0.00304604 0.05716399
3660 292 0.00395985 0.06741899
3670 292 0.00527980 0.07676017
3680 292 0.00527980 0.08660903
3690 292 0.00568594 0.09554407
3700 292 -0.08356299 0.09199036
3710 292 -0.23322501 0.07909547
3720 292 -0.38380085 0.06579443
3730 292 -0.49335670 0.05868701
3740 292 -0.43903568 0.07188651
3750 292 -0.38512080 0.08599982
3760 292 -0.33171359 0.09879318
3770 292 -0.27739257 0.11199268
3780 292 -0.22175160 0.10498679
3440 620 0.84862632 -1.59917021
3450 620 0.75237151 -1.48108545
3460 620 0.65520288 -1.36340683
3470 620 0.57123375 -1.24095608
3480 620 0.49863650 -1.11454549
3490 620 0.42644539 -0.98904870
3500 620 0.34501463 -0.88954478
3510 620 0.25992862 -0.80151426
3520 620 0.18357459 -0.72820627
3530 620 0.13971163 -0.70830548
3540 620 0.09584868 -0.68840470
3550 620 0.05289954 -0.66809778
3560 620 0.01563633 -0.65073536
3570 620 0.00263990 -0.64119110
3580 620 -0.01086420 -0.63296680
3590 620 -0.02477445 -0.62382868
3600 620 -0.03736474 -0.61519824
3610 620 -0.05127498 -0.60606013
3620 620 -0.06386527 -0.59742968
3630 620 -0.07645557 -0.58879924
3640 621 -0.09036581 -0.57966113
3650 621 -0.10295610 -0.57103068
3660 621 -0.11686634 -0.56189257
3670 621 -0.13037045 -0.55366826
3680 621 -0.14336688 -0.54412401
3690 621 -0.17017202 -0.54290559
3700 621 -0.20103854 -0.54239792
3710 621 -0.23099125 -0.54148411
3720 621 -0.26145164 -0.54189025
3730 621 -0.03218647 -0.66870698
3740 621 0.19667255 -0.79460991
3750 621 0.39192362 -0.91137472
3760 621 0.56372019 -1.02214898
3770 621 0.73602444 -1.13160330
3780 621 0.91157779 -1.32715897
3790 621 1.08794342 -1.54423998
3800 621 1.23831618 -1.73238363
3810 621 1.36269609 -1.89158991
3820 621 1.48575604 -2.05028851
3830 621 1.61013595 -2.20949479
3690 623 -1.29070805 -2.46353440
3700 623 -1.24390059 -2.16258580
3710 623 -1.19577318 -1.86214487
3720 623 -1.15556547 -1.55865790
3730 623 -1.17394324 -1.23415326
3740 623 -1.19282867 -0.91096858
3750 623 -1.16460205 -0.51650659
3760 623 -1.13068949 -0.11514026
3770 623 -1.05301551 0.26409154
3780 623 -0.90964863 0.61123839
3790 623 -0.76678942 0.95706530
3800 623 -0.67561134 1.31822393
3810 623 -0.58443325 1.67938256
3820 623 -0.42949143 1.96601478
3830 623 -0.25789793 2.23487844
3840 623 -0.08366452 2.37469161
3850 623 0.09168576 2.49968072
3860 623 0.24916595 2.60578440
3870 623 0.40085867 2.70274996
3880 623 0.55976034 2.82042858
3710 625 -0.76201730 -2.04033812
3720 625 -0.80171733 -1.76142253
3730 625 -0.84141737 -1.48250694
3740 625 -0.82923321 -1.16521126
3750 625 -0.81146466 -0.84324499
3760 625 -0.78323803 -0.46848072
3770 625 -0.75338685 -0.08752284
3780 625 -0.69337990 0.18865132
3790 625 -0.62108725 0.41994717
3800 625 -0.47244057 0.73551676
3810 625 -0.27241738 1.10784420
3820 625 -0.10224536 1.43407492
3830 625 -0.04843201 1.58383848
3840 625 0.00578747 1.73268823
3850 625 -0.02578979 2.00317645
3860 625 -0.06752052 2.28666110
3870 625 -0.03096806 2.34230207
3880 625 0.00558440 2.39794304
3890 625 0.04213687 2.45358401
3900 625 0.08000928 2.50871730
3720 672 -2.79484185 -0.24632298
3730 672 -2.40992412 -0.14966202
3740 672 -2.05160846 -0.05716399
3750 672 -1.93464058 -0.00517827
3760 672 -1.80619929 0.03330335
3770 672 -1.65511578 0.03807548
3780 672 -1.50291539 0.01817470
3790 672 -1.34898891 -0.10163615
3800 672 -1.19414862 -0.22104086
3810 672 -1.00316201 -0.32328622
3820 672 -0.79704674 -0.41771341
3830 672 -0.58961152 -0.51264828
3840 672 -0.43598964 -0.63916041
3850 672 -0.28744450 -0.76902319
3860 672 -0.14296074 -0.89959670
3870 672 -0.02903890 -1.04265898
3880 672 0.08579675 -1.18531511
3890 672 0.21037973 -1.34005387
3900 672 0.35120824 -1.51164737
3910 672 0.49112294 -1.68364701
