3440 620 0.00000000 0.00000000
3450 620 -0.00000000 0.15234500
3460 620 -0.00096492 0.30495257
3470 620 0.01131642 0.45291935
3480 620 0.03491417 0.59677048
3490 620 0.05824937 0.73965668
3500 620 0.05799993 0.86823327
3510 620 0.04766812 0.99022611
3520 620 0.03480259 1.09529027
3530 620 0.01337753 1.13842920
3540 620 -0.00804752 1.18156813
3550 620 -0.02850766 1.22444449
3560 620 -0.04642095 1.26144603
3570 620 -0.05046441 1.27705534
3580 620 -0.05573534 1.29196230
3590 620 -0.06074371 1.30783416
3600 620 -0.06504972 1.32247856
3610 620 -0.07005809 1.33835043
3620 620 -0.07436411 1.35299482
3630 620 -0.07867012 1.36763921
3250 668 -2.03196031 3.33761521
3260 668 -1.88455147 3.07572280
3270 668 -1.73810755 2.81409295
3280 668 -1.57940855 2.59369189
3290 668 -1.39489314 2.47197474
3300 668 -1.21064030 2.34929267
3310 668 -0.99567427 2.19856243
3320 668 -0.77763627 2.04388719
3330 668 -0.61625914 1.89426626
3340 668 -0.58872952 1.75930286
3350 668 -0.56146246 1.62337454
3360 668 -0.51619678 1.45456691
3370 668 -0.45802618 1.26462960
3380 668 -0.40082050 1.07495485
3390 668 -0.36177754 0.89851322
3400 668 -0.39407266 0.77982866
3410 668 -0.42636777 0.66114410
3420 668 -0.45647050 0.54289933
3430 668 -0.46552889 0.43343726
3440 668 -0.47335980 0.32467753
3270 669 -2.27060942 2.42630209
3280 669 -2.14250545 2.18106267
3290 669 -2.01562896 1.93512090
3300 669 -1.93049981 1.68810263
3310 669 -1.85536771 1.43862283
3320 669 -1.77471525 1.19800450
3330 669 -1.67066195 0.98625486
3340 669 -1.56731100 0.77573270
3350 669 -1.43926611 0.63310905
3360 669 -1.30885816 0.49916964
3370 669 -1.17748529 0.36496766
3380 669 -1.07593289 0.23162558
3390 669 -0.97727524 0.09907119
3400 669 -0.84101216 0.00188388
3410 669 -0.69580884 -0.08529981
3420 669 -0.55060552 -0.17248350
3430 669 -0.44106468 -0.31836292
3440 669 -0.34685745 -0.49012438
3450 669 -0.25238767 -0.66092092
3460 669 -0.15791788 -0.83171747
3270 670 -2.12511072 3.65417958
3280 670 -1.90579273 3.40899268
3290 670 -1.68647474 3.16380577
3300 670 -1.50893692 2.97455112
3310 670 -1.33236401 2.78555903
3320 670 -1.07492859 2.60047256
3330 670 -0.80872360 2.41714524
3340 670 -0.63877382 2.30664605
3350 670 -0.48005513 2.20438474
3360 670 -0.29821785 2.01188745
3370 670 -0.11224523 1.79650132
3380 670 0.03303686 1.57249660
3390 670 0.11456234 1.33889524
3400 670 0.19994748 1.10424363
3410 670 0.29550690 0.86889624
3420 670 0.39106632 0.63354884
3430 670 0.47326790 0.44432701
3440 670 0.54861662 0.27562440
3450 670 0.61870096 0.11042699
3460 670 0.66290326 -0.03943680
3390 291 -1.94157993 3.10989524
3400 291 -1.65291933 2.92149392
3410 291 -1.36522364 2.73335516
3420 291 -1.09859855 2.58204071
3430 291 -0.88552297 2.51577007
3440 291 -0.67121991 2.45020179
3450 291 -0.46112441 2.38059662
3460 291 -0.28635662 2.28018637
3470 291 -0.11185139 2.17881121
3480 291 0.02949883 2.08127601
3490 291 0.09068233 1.99000948
3500 291 0.15160327 1.89777803
3510 291 0.21278676 1.80651150
3520 291 0.23945649 1.79407263
3530 291 0.26682857 1.78040628
3540 291 0.29323574 1.76700249
3550 291 0.31990547 1.75456362
3560 291 0.33253470 1.75527254
3570 291 0.33945977 1.76167905
3580 291 0.34568249 1.76931304
3590 292 0.35260756 1.77571955
3600 292 0.35883028 1.78335354
3610 292 0.36575535 1.78976005
3620 292 0.37197807 1.79739403
3630 292 0.37890314 1.80380055
3640 292 0.38512586 1.81143453
3650 292 0.39108601 1.81810361
3660 292 0.39827365 1.82547503
3670 292 0.40519872 1.83188155
3680 292 0.41142144 1.83951553
3690 292 0.41738159 1.84618461
3700 292 0.34595818 1.89981945
3710 292 0.22180577 1.98438409
3720 292 0.09668844 2.06921129
3730 292 0.00727953 2.13292194
3740 292 0.05772424 2.10883188
3750 292 0.10843152 2.08570674
3760 292 0.15791132 2.06187924
3770 292 0.20835603 2.03778919
3780 292 0.24705766 1.99720367
