3100 575 0.00000000 0.00000000
3110 575 0.00000000 0.19991998
3120 575 0.00034014 0.39889959
3130 575 0.00162065 0.59821934
3140 575 -0.00982393 0.75040022
3150 575 -0.03907563 0.83127258
3160 575 -0.06866747 0.91308531
3170 575 -0.09681874 0.98797527
3180 575 -0.11310525 1.00654270
3190 575 -0.12905163 1.02416975
3200 575 -0.14533815 1.04273718
3210 575 -0.16128453 1.06036423
3220 575 -0.17757104 1.07893166
3230 575 -0.19351742 1.09655871
3240 575 -0.20980394 1.11512614
3250 575 -0.22575032 1.13275319
3260 575 -0.24203683 1.15132062
3270 575 -0.25798321 1.16894767
3280 575 -0.27426973 1.18751510
3290 575 -0.28355344 1.20436184
2980 494 0.79481799 3.05340161
2990 494 0.66140461 2.82543040
3000 494 0.52739100 2.59617868
3010 494 0.36710687 2.39251720
3020 494 0.18089237 2.21350558
3030 494 -0.00438175 2.03483410
3040 494 -0.24001603 1.88367362
3050 494 -0.47565030 1.73251314
3060 494 -0.65048024 1.61610657
3070 494 -0.68497404 1.57917180
3080 494 -0.71852747 1.54257715
3090 494 -0.75302127 1.50564238
3100 494 -0.78657469 1.46904774
3110 494 -0.82020815 1.43561436
3120 494 -0.84311731 1.42839147
3130 494 -0.86636662 1.42210896
3140 494 -0.88927578 1.41488607
3150 494 -0.91252508 1.40860355
3160 494 -0.93637462 1.40104053
3170 494 -0.95962393 1.39475801
3120 578 -0.37625053 -0.44447783
3130 578 -0.26840738 -0.33103244
3140 578 -0.15996400 -0.21630654
3150 578 -0.05244098 -0.04023610
3160 578 0.05510205 0.19751902
3170 578 0.16264507 0.43527414
3180 578 0.27018810 0.67302927
3190 578 0.29871951 0.77054828
3200 578 0.30728294 0.83213292
3210 578 0.31644660 0.89499807
3220 578 0.32501003 0.95658271
3230 578 0.32304925 1.00904370
3240 578 0.31064428 1.04921977
3250 578 0.29789918 1.09033622
3260 578 0.28515408 1.13145267
3270 578 0.27146861 1.17222899
3280 578 0.26000402 1.21274520
3290 578 0.24631855 1.25352151
3300 578 0.23451382 1.29497809
3310 578 0.22082835 1.33575441
3140 580 -0.31864748 -0.58315331
3150 580 -0.21420570 -0.46030416
3160 580 -0.10848340 -0.33805525
3170 580 -0.00746299 -0.21750702
3180 580 0.06012405 -0.11330533
3190 580 0.12711085 -0.01038415
3200 580 0.19469789 0.09381753
3210 580 0.22889157 0.15510205
3220 580 0.26034416 0.21220490
3230 580 0.29085637 0.26896761
3240 580 0.32230895 0.32607045
3250 580 0.35410167 0.38223292
3260 580 0.38461388 0.43899563
3270 580 0.41606646 0.49609848
3280 580 0.44409767 0.55090040
3290 580 0.44749904 0.59147664
3300 580 0.45090040 0.63205287
3310 580 0.45464189 0.67168873
3320 580 0.45804325 0.71226496
3330 580 0.46272513 0.75224096
3180 495 -0.98253309 1.38753513
3190 495 -1.00578239 1.38125261
3200 495 -1.02869156 1.37402972
3210 495 -1.05194086 1.36774721
3220 495 -1.07519016 1.36146469
3230 495 -1.09809933 1.35424181
3240 495 -1.12194887 1.34667878
3250 495 -1.14519817 1.34039627
3260 495 -1.16844747 1.33411375
3270 495 -1.24249710 1.34773920
3280 495 -1.39483805 1.39259715
3290 495 -1.54717900 1.43745510
3300 495 -1.74665880 1.44505814
3310 495 -1.97779127 1.42845149
3320 495 -2.20798337 1.41218499
3330 495 -2.44107663 1.39805934
3340 495 -2.67937196 1.38949591
3350 495 -2.91672692 1.38127262
3360 495 -3.16148485 1.34059635
3370 495 -3.41106470 1.27797129
3200 583 -0.26630654 -0.25158065
3210 583 -0.25200082 -0.07945179
3220 583 -0.23769510 0.09267708
3230 583 -0.22210886 0.26420570
3240 583 -0.21932775 0.29179674
3250 583 -0.21674672 0.30230094
3260 583 -0.21450582 0.31374552
3270 583 -0.21226492 0.32519010
3280 583 -0.20968389 0.33569430
3290 583 -0.20744299 0.34713888
3300 583 -0.20520210 0.35858346
3310 583 -0.20262106 0.36908766
3320 583 -0.20038017 0.38053224
3330 583 -0.19907965 0.39163669
3340 583 -0.19589838 0.40342140
3350 583 -0.19425772 0.41358547
3360 583 -0.19201682 0.42503005
3370 583 -0.18977593 0.43647462
3380 583 -0.18719489 0.44697883
3390 583 -0.18495400 0.45842341
