1750 645 0.00000000 0.00000000
1760 645 -0.00000000 0.00632456
1770 645 0.00126491 0.01201666
1780 645 0.00221359 0.01865744
1790 645 0.00316228 0.02529822
1800 645 0.00442719 0.03099032
1810 645 0.00537587 0.03763110
1820 645 0.00664078 0.04332320
1830 645 0.01043552 0.04775039
1840 645 0.01391402 0.05312626
1850 645 0.01770875 0.05755345
1860 645 0.02118726 0.06292933
1870 645 0.02498199 0.06735651
1880 645 0.02846050 0.07273239
1890 645 0.03225523 0.07715957
1900 645 0.03573374 0.08253545
1910 645 0.03952847 0.08696264
1920 645 0.04332320 0.09138982
1930 645 0.04680171 0.09676570
1940 645 0.05028021 0.10214157
1570 110 -0.81302159 1.01920209
1580 110 -0.62265247 1.04892750
1590 110 -0.43354827 1.07928537
1600 110 -0.25234976 1.12071120
1610 110 -0.10814990 1.20988743
1620 110 0.03541751 1.29779875
1630 110 0.17961737 1.38697498
1640 110 0.28365631 1.49227883
1650 110 0.34658563 1.61339406
1660 110 0.41014741 1.73577421
1670 110 0.49363154 1.82368553
1680 110 0.59767048 1.87839293
1690 110 0.70170941 1.93310033
1700 110 0.80701326 1.98717528
1710 110 0.91010351 1.99413229
1720 110 1.01414245 1.97926959
1730 110 1.11691647 1.96503934
1740 110 1.22285277 1.94448453
1750 110 1.34681406 1.87301706
1760 110 1.47109157 1.80060090
1630 603 2.16774134 1.48152708
1640 603 2.13738347 1.35756580
1650 603 2.10576069 1.23423697
1660 603 2.05105329 1.10742964
1670 603 1.89705037 0.96860565
1680 603 1.72027905 0.85065269
1690 603 1.44516089 0.81902991
1700 603 1.19375982 0.79531283
1710 603 1.14664188 0.84179831
1720 603 1.09952394 0.88828379
1730 603 1.05240601 0.93476928
1740 603 1.00623675 0.98157099
1750 603 0.95911881 1.02805647
1760 603 0.91200088 1.07454195
1770 603 0.86583162 1.12134366
1780 603 0.81871369 1.16782914
1790 603 0.69664977 1.25257818
1800 603 0.52398941 1.36262544
1810 603 0.27353702 1.33922459
1820 603 0.00284605 1.28167114
1710 386 2.36949465 1.44863940
1720 386 2.21833778 1.45306658
1730 386 2.05010461 1.44863940
1740 386 1.88155521 1.44516089
1750 386 1.71332204 1.44073370
1760 386 1.55425947 1.48152708
1770 386 1.39488068 1.52326915
1780 386 1.23581811 1.56406253
1790 386 1.12007875 1.59189057
1800 386 1.01635604 1.61529143
1810 386 0.91231710 1.63964097
1820 386 0.79120187 1.67094752
1830 386 0.66629190 1.70415143
1840 386 0.54138194 1.73735535
1850 386 0.42153161 1.76802944
1860 386 0.35449133 1.77625136
1870 386 0.28713481 1.78542197
1880 386 0.21882961 1.79427634
1890 386 0.15147310 1.80344695
1900 386 0.05375872 1.84993243
