1830 410 0.00000000 0.00000000
1840 410 -0.00000000 0.01029563
1850 410 -0.00135980 0.02097977
1860 410 -0.00271960 0.03166392
1870 410 -0.00271960 0.04195955
1880 410 -0.00407940 0.05264369
1890 410 -0.00495356 0.06245368
1900 410 -0.00543920 0.07362347
1910 410 -0.00679900 0.08430761
1920 410 -0.00767316 0.09411760
1930 410 -0.00815880 0.10528739
1940 410 -0.00951860 0.11597153
1950 410 -0.00796454 0.10081947
1960 410 -0.00563346 0.06779575
1970 410 -0.00242821 0.03525768
1980 410 -0.00058277 0.00310811
1990 410 0.00262247 -0.02942996
2000 410 0.00582772 -0.06196804
2010 410 0.00767316 -0.09411760
2020 410 -0.00369089 -0.14161348
1640 423 0.68951583 -1.59941643
1650 423 0.69437226 -1.49490607
1660 423 0.69922869 -1.39039571
1670 423 0.70408512 -1.28588535
1680 423 0.65522944 -1.24324590
1690 423 0.59316428 -1.21595277
1700 423 0.53022495 -1.18914528
1710 423 0.46815979 -1.16185215
1720 423 0.40522046 -1.13504466
1730 423 0.34315530 -1.10775153
1740 423 0.28109013 -1.08045839
1750 423 0.21815080 -1.05365090
1760 423 0.15608564 -1.02635777
1770 423 0.09314631 -0.99955028
1780 423 0.03156679 -0.97313131
1790 423 -0.03137253 -0.94632382
1800 423 -0.19823944 -0.88688112
1810 423 -0.41085392 -0.81510310
1820 423 -0.51361596 -0.63424967
1830 423 -0.58889062 -0.42668588
1730 606 2.04241991 -0.90271308
1740 606 1.90284613 -0.68854455
1750 606 1.68333553 -0.49933806
1760 606 1.46469908 -0.30964593
1770 606 1.27422992 -0.08828988
1780 606 1.09522194 0.14744119
1790 606 0.90494704 0.37462496
1800 606 0.69417801 0.58927913
1810 606 0.48476877 0.80354479
1820 606 0.33674481 0.95467687
1830 606 0.18920649 1.10493480
1840 606 0.04205668 1.25655252
1850 606 0.14258476 1.53890532
1860 606 0.24534681 1.80076399
1870 606 0.36092983 1.97365287
1880 606 0.47515304 2.14693027
1890 606 0.64153431 2.29427434
1900 606 0.80791558 2.44161840
1910 606 0.95050034 2.57002239
1920 606 1.08657749 2.69366708
1730 608 1.68139296 -1.42244815
1740 608 1.54405314 -1.15670433
1750 608 1.37786612 -0.94816926
1760 608 1.20565714 -0.75556327
1770 608 1.03597350 -0.55926640
1780 608 0.87580846 -0.35539350
1790 608 0.71476927 -0.15200624
1800 608 0.44572308 0.10577303
1810 608 0.17619126 0.36442646
1820 608 -0.07080674 0.64017451
1830 608 -0.28448963 0.94243867
1840 608 -0.49817252 1.24470283
1850 608 -0.37355654 1.62165888
1860 608 -0.24554107 1.96160893
1870 608 -0.10072234 2.15188383
1880 608 0.04409638 2.34215873
1890 608 0.23631385 2.54389480
1900 608 0.44183794 2.74844760
1910 608 0.58209162 2.89957968
1920 608 0.62453681 2.97349454
1800 188 -0.36481497 -1.96665961
1810 188 -0.25078601 -2.11837447
1820 188 -0.13763121 -2.27057496
1830 188 -0.09907116 -2.29262315
1840 188 -0.09334057 -2.25969656
1850 188 -0.08722147 -2.22541017
1860 188 -0.08149088 -2.19248358
1870 188 -0.07576030 -2.15955699
1880 188 -0.08207366 -2.11730605
1890 188 -0.19804519 -2.00327709
1900 188 -0.31489088 -1.88973377
1910 188 -0.43086241 -1.77570481
1920 188 -0.58510260 -1.56396450
1930 188 -0.73885716 -1.35309833
1940 188 -0.89222319 -1.14087237
1950 188 -1.10755727 -0.91388287
1960 188 -1.32250283 -0.68553356
1970 188 -1.53696275 -0.45805841
1980 188 -1.70907460 -0.23679949
1990 188 -1.85369907 -0.01971710
1840 424 -0.65484093 -0.23796504
1850 424 -0.64736203 -0.22465842
1860 424 -0.63939748 -0.21222596
1870 424 -0.63104442 -0.19843370
1880 424 -0.62220572 -0.18551560
1890 424 -0.61472682 -0.17220898
1900 424 -0.60588812 -0.15929088
1910 424 -0.59840922 -0.14598427
1920 424 -0.58957052 -0.13306616
1930 424 -0.58160597 -0.12063370
1940 424 -0.57325292 -0.10684144
1950 424 -0.56528837 -0.09440899
1960 424 -0.55693531 -0.08061673
1970 424 -0.54897077 -0.06818427
1980 424 -0.54061771 -0.05439201
1990 424 -0.54071484 -0.10363620
2000 424 -0.54081197 -0.15288039
2010 424 -0.54226890 -0.20173607
2020 424 -0.54236603 -0.25098027
2030 424 -0.54246315 -0.30022446
1860 437 1.93383015 -2.47192252
1870 437 1.78619470 -2.21647434
1880 437 1.52967810 -1.93800668
1890 437 1.27228735 -1.66002467
1900 437 1.06452931 -1.25723242
1910 437 0.86978649 -0.82433031
1920 437 0.67960872 -0.42435479
1930 437 0.49652133 -0.07420624
1940 437 0.31391959 0.27506816
1950 437 0.10829837 0.57723519
1960 437 -0.09644869 0.87988786
1970 437 -0.23349712 1.14922543
1980 437 -0.35451934 1.41030707
1990 437 -0.56188887 1.72179845
2000 437 -0.82753555 2.06611929
2010 437 -1.07492206 2.37139443
2020 437 -1.29414128 2.61567283
2030 437 -1.51005813 2.85606608
2040 437 -1.69703066 3.05877344
2050 437 -1.88400319 3.26148080
1940 123 0.91349435 -2.07670630
1950 123 0.66970160 -1.79231380
1960 123 0.42639449 -1.50879546
1970 123 0.18920649 -1.23217324
1980 123 0.00835306 -1.02606638
1990 123 -0.17250037 -0.81995953
2000 123 -0.35335380 -0.61385267
2010 123 -0.55411858 -0.41308788
2020 123 -0.76022544 -0.21300299
2030 123 -0.93068611 0.06293932
2040 123 -1.06783168 0.41687589
2050 123 -1.19186488 0.76780147
2060 123 -1.26092331 1.11037400
2070 123 -1.32910757 1.45343216
2080 123 -1.39904016 1.79551905
2090 123 -1.48898123 2.09331529
2100 123 -1.59329733 2.36139019
2110 123 -1.69712779 2.62859093
2120 123 -1.80183240 2.89530603
2130 123 -1.98783365 3.10656070
1960 439 -0.13889388 -0.37802446
1970 439 -0.11927390 -0.38657177
1980 439 -0.09256354 -0.40376353
1990 439 -0.05546042 -0.43348488
2000 439 -0.01923146 -0.46369187
2010 439 0.01835730 -0.49428738
2020 439 0.05546042 -0.52400872
2030 439 0.09168939 -0.55421571
2040 439 0.12879251 -0.58393706
2050 439 0.16589563 -0.61365841
2060 439 0.20853507 -0.65746340
2070 439 0.26593807 -0.73196103
2080 439 0.32334106 -0.80645865
2090 439 0.38074406 -0.88095628
2100 439 0.37103120 -1.18263767
2110 439 0.35432508 -1.50879546
2120 439 0.43299924 -1.83573028
2130 439 0.55334156 -2.16353926
2140 439 0.66173706 -2.45337096
2150 439 0.75905990 -2.70473974
1970 197 0.15161772 -2.45764462
1980 197 0.04574756 -2.13323514
1990 197 -0.08372484 -1.87341617
2000 197 -0.21407140 -1.61408285
2010 197 -0.34354381 -1.35426388
2020 197 -0.47359899 -1.09133679
2030 197 -0.60549961 -0.82714704
2040 197 -0.73604043 -0.56334580
2050 197 -0.86687263 -0.29284269
2060 197 -0.99498524 0.02836155
2070 197 -1.12358349 0.35043994
2080 197 -1.25169609 0.67164417
2090 197 -1.35999446 0.97983318
2100 197 -1.41992280 1.25655252
2110 197 -1.48121094 1.53366038
2120 197 -1.54113928 1.81037972
2130 197 -1.61010057 2.05805761
2140 197 -1.68624939 2.27543139
2150 197 -1.76375800 2.49319368
2160 197 -1.83990681 2.71056746
