2550 649 0.00000000 0.00000000
2560 649 -0.00000000 0.14168274
2570 649 -0.00000000 0.28336549
2580 649 -0.00000000 0.42504823
2590 649 -0.00822965 0.56725327
2600 649 -0.02091998 0.71192862
2610 649 -0.03391380 0.85565113
2620 649 -0.03711108 1.02354031
2630 649 -0.03727342 1.20095782
2640 649 -0.03713226 1.37932817
2650 649 -0.03940494 1.45456669
2660 649 -0.04360446 1.46115182
2670 649 -0.04750049 1.46868979
2680 649 -0.05170002 1.47527493
2690 649 -0.05589954 1.48186006
2700 649 -0.05979557 1.48939803
2710 649 -0.06399509 1.49598316
2720 649 -0.06819461 1.50256830
2730 649 -0.07239414 1.50915343
2740 649 -0.07629017 1.51669140
2390 558 0.46133353 -1.17440554
2400 558 0.31890969 -1.04822927
2410 558 0.17743869 -0.92235650
2420 558 -0.00135514 -0.74891265
2430 558 -0.18400265 -0.57109283
2440 558 -0.27900363 -0.32568539
2450 558 -0.33644182 -0.05131182
2460 558 -0.34527140 0.39543983
2470 558 -0.34234938 0.88567596
2480 558 -0.17203930 1.15677460
2490 558 -0.00237855 1.42912958
2500 558 0.22058438 1.64147724
2510 558 0.44965250 1.84663278
2520 558 0.70295081 1.96640742
2530 558 0.97316720 2.02726875
2540 558 1.10220903 2.19186890
2550 558 1.19193061 2.38788430
2560 558 1.27169332 2.59546780
2570 558 1.36263594 2.81838132
2580 558 1.47125891 3.06714838
2510 233 -1.18706763 2.18429564
2520 233 -1.02211459 2.35949693
2530 233 -0.84422419 2.48964687
2540 233 -0.66269891 2.60814401
2550 233 -0.48182297 2.72789747
2560 233 -0.31529598 2.80919178
2570 233 -0.18240753 2.80464641
2580 233 -0.04951909 2.80010104
2590 233 0.08336936 2.79555568
2600 233 0.21318051 2.78464398
2610 233 0.33037898 2.74731409
2620 233 0.44662461 2.71028771
2630 233 0.56382307 2.67295783
2640 233 0.74728931 2.76459919
2650 233 0.95784424 2.91163192
2660 233 1.16935200 3.05836115
2670 233 1.27899132 3.23124035
2680 233 1.28706570 3.43122236
2690 233 1.29514008 3.63120437
2700 233 1.30321445 3.83118638
