1550 644 0.00000000 0.00000000
1560 644 -0.00000000 0.00670820
1570 644 0.00044721 0.01252198
1580 644 -0.00044721 0.01878297
1590 644 -0.00044721 0.02549117
1600 644 0.00000000 0.03130495
1610 644 0.00000000 0.03801316
1620 644 0.00044721 0.04382693
1630 644 0.00044721 0.05053514
1640 644 -0.00044721 0.05679613
1650 644 0.00000000 0.06260990
1660 644 0.00000000 0.06931811
1670 644 0.00000000 0.07602631
1680 644 0.00044721 0.08184009
1690 644 0.00044721 0.08854829
1700 644 -0.00044721 0.09480928
1710 644 -0.00000000 0.10062306
1720 644 -0.00000000 0.10733126
1730 644 0.00000000 0.11403947
1740 644 0.00044721 0.11985324
1430 598 1.48072421 -0.55320322
1440 598 1.49637669 -0.45034409
1450 598 1.51202917 -0.34748496
1460 598 1.52768164 -0.24462584
1470 598 1.49682390 -0.11806439
1480 598 1.44539434 0.01833576
1490 598 1.39396478 0.15473590
1500 598 1.37607623 0.36939843
1510 598 1.36310704 0.59211080
1520 598 1.34879620 0.81527038
1530 598 1.34834899 1.02859127
1540 598 1.37875951 1.21820983
1550 598 1.40872283 1.40872283
1560 598 1.44584155 1.58492498
1570 598 1.55138396 1.63769619
1580 598 1.65692637 1.69046739
1590 598 1.78304061 1.69538674
1600 598 1.92301846 1.67034278
1610 598 2.06254910 1.64395718
1620 598 2.20207974 1.61757157
1570 110 -0.94854004 1.02054142
1580 110 -0.76428803 1.07689034
1590 110 -0.58137767 1.13368646
1600 110 -0.40785880 1.20032129
1610 110 -0.27771964 1.30899419
1620 110 -0.14802770 1.41632546
1630 110 -0.01788854 1.52499836
1640 110 0.07021253 1.64395718
1650 110 0.11538111 1.77275469
1660 110 0.16099689 1.90289385
1670 110 0.23120943 2.00172805
1680 110 0.32646592 2.07059895
1690 110 0.42172242 2.13946984
1700 110 0.51832056 2.20789352
1710 110 0.61939083 2.22935977
1720 110 0.72448602 2.22935977
1730 110 0.82823958 2.22980699
1740 110 0.93601806 2.22444042
1750 110 1.06884049 2.17122201
1760 110 1.20211014 2.11710916
1630 603 1.93688208 1.89976335
1640 603 1.92436010 1.77275469
1650 603 1.91049648 1.64619325
1660 603 1.87427218 1.51292359
1670 603 1.74144974 1.35371555
1680 603 1.58313613 1.21194884
1690 603 1.31525518 1.14173631
1700 603 1.06973492 1.08270411
1710 603 1.01651650 1.12205891
1720 603 0.96329808 1.16141371
1730 603 0.91007967 1.20076850
1740 603 0.85775568 1.24057051
1750 603 0.80453726 1.27992531
1760 603 0.75131884 1.31928011
1770 603 0.69899485 1.35908212
1780 603 0.64577643 1.39843691
1790 603 0.51295399 1.46507174
1800 603 0.32646592 1.54959511
1810 603 0.08184009 1.49101013
1820 603 -0.17799101 1.39575363
