700 64 0.00000000 0.00000000
710 64 -0.00000000 0.27687542
720 64 0.00099684 0.55383030
730 64 0.00099684 0.83070573
740 64 -0.11465806 1.02312440
750 64 -0.28052327 1.17843612
760 64 -0.45313520 1.30512126
770 64 -0.65831773 1.31183908
780 64 -0.86250342 1.31863636
790 64 -0.96108205 1.27165494
800 64 -0.95297732 1.16997744
810 64 -0.94487260 1.06829995
820 64 -0.93668841 0.96562561
830 64 -0.96973576 0.85163933
840 64 -1.00278312 0.73765305
850 64 -1.03575101 0.62266993
860 64 -1.02591988 0.56226009
870 64 -0.98681204 0.53728857
880 64 -0.94762474 0.51132021
890 64 -0.90851690 0.48634869
560 534 1.73788628 1.37945071
570 534 1.58458268 1.40234187
580 534 1.43127908 1.42523304
590 534 1.26561612 1.45215489
600 534 1.07132658 1.48582346
610 534 0.87703703 1.51949203
620 534 0.67393486 1.55045181
630 534 0.44830270 1.57459985
640 534 0.22267054 1.59874789
650 534 0.02926226 1.64653112
660 534 -0.09128293 1.74927769
670 534 -0.21182812 1.85202426
680 534 -0.33791370 1.96135140
690 534 -0.51433962 2.13588477
700 534 -0.69076554 2.31041814
710 534 -0.84844656 2.50149324
720 534 -0.96389198 2.72903962
730 534 -1.07941686 2.95758284
740 534 -1.19960810 3.18174141
750 534 -1.36035909 3.37357498
