3230 417 0.00000000 0.00000000
3240 417 0.00000000 0.00608276
3250 417 0.00016440 0.01315192
3260 417 0.00032880 0.02022108
3270 417 0.00049320 0.02729023
3280 417 -0.00049320 0.03353739
3290 417 -0.00032880 0.04060655
3300 417 -0.00016440 0.04767571
3310 417 -0.00016440 0.05375847
3320 417 0.00000000 0.06082763
3330 417 0.00016440 0.06789678
3340 417 -0.00065760 0.07513034
3350 417 -0.00065760 0.08121310
3360 417 -0.00049320 0.08828226
3370 417 -0.00032880 0.09535141
3380 417 -0.00032880 0.10143418
3390 417 -0.00115079 0.10866773
3400 417 -0.00098639 0.11573689
3410 417 -0.00098639 0.12181965
3420 417 0.04192174 0.20286835
3040 430 0.37565169 0.38650202
3050 430 0.36085578 0.40721629
3060 430 0.34605987 0.42793056
3070 430 0.33126396 0.44864484
3080 430 0.31646805 0.46935911
3090 430 0.30167214 0.49007338
3100 430 0.28687623 0.51078765
3110 430 0.27208032 0.53150193
3120 430 0.25728442 0.55221620
3130 430 0.24248851 0.57293047
3140 430 0.22785700 0.59463114
3150 430 0.17064615 0.66499390
3160 430 0.09584461 0.75755053
3170 430 0.02005668 0.85027156
3180 430 -0.01956348 0.89844047
3190 430 -0.02416665 0.90123525
3200 430 -0.02876982 0.90403003
3210 430 -0.03337299 0.90682481
3220 430 -0.03781177 0.91060599
3230 430 -0.04340133 0.91356517
3100 619 -1.12892785 -0.61172863
3110 619 -1.11199475 -0.63178531
3120 619 -1.09391086 -0.65101999
3130 619 -1.07681337 -0.67009027
3140 619 -1.05889388 -0.69031135
3150 619 -1.04179638 -0.70938163
3160 619 -1.02371249 -0.72861631
3170 619 -1.00579300 -0.74883739
3180 619 -0.98869551 -0.76790767
3190 619 -0.97061162 -0.78714235
3200 619 -0.95367853 -0.80719903
3210 619 -0.93559464 -0.82643371
3220 619 -0.73897345 -0.96666605
3230 619 -0.52311758 -1.11922831
3240 619 -0.33668913 -1.19287905
3250 619 -0.15387745 -1.25781665
3260 619 0.06428000 -1.31749348
3270 619 0.33405874 -1.37158075
3280 619 0.60400188 -1.42468162
3290 619 0.69721611 -1.33376898
3160 445 -0.51473323 0.19629239
3170 445 -0.51604842 0.20056676
3180 445 -0.51736361 0.20484114
3190 445 -0.51769241 0.20895111
3200 445 -0.51719921 0.21191029
3210 445 -0.50980126 0.21371868
3220 445 -0.50355410 0.21470508
3230 445 -0.49714254 0.21667787
3240 445 -0.48990898 0.21749986
3250 445 -0.48366182 0.21848625
3260 445 -0.47725026 0.22045904
3270 445 -0.47001670 0.22128104
3280 445 -0.46360514 0.22325382
3290 445 -0.45637159 0.22407582
3300 445 -0.45012443 0.22506221
3310 445 -0.44371287 0.22703500
3320 445 -0.43746571 0.22802140
3330 445 -0.43006775 0.22982978
3340 445 -0.42382059 0.23081618
3350 445 -0.41757343 0.23180257
3230 617 -0.03929136 -0.86835545
3240 617 0.03649658 -0.87591780
3250 617 0.11228451 -0.88348016
3260 617 0.18708605 -0.89087811
3270 617 0.28753383 -0.86605387
3280 617 0.44469926 -0.76856527
3290 617 0.60301549 -0.67025467
3300 617 0.80950061 -0.46541353
3310 617 1.02108211 -0.24824247
3320 617 1.20734616 -0.06740358
3330 617 1.38193789 0.09814620
3340 617 1.61456245 0.27734109
3350 617 1.93366089 0.47659266
3360 617 2.24486817 0.66499390
3370 617 2.52352446 0.81015821
3380 617 2.81253787 0.95663771
3390 617 3.14758301 1.10558319
3400 617 3.48164175 1.25469307
3410 617 3.80287737 1.41202290
3420 617 4.11868783 1.57329831
3240 431 -0.04800450 0.91635996
3250 431 -0.05260768 0.91915474
3260 431 -0.05704645 0.92293591
3270 431 -0.06164962 0.92573070
3280 431 -0.06625279 0.92852548
3290 431 -0.07085596 0.93132026
3300 431 -0.07529474 0.93510144
3310 431 -0.08088430 0.93806062
3320 431 -0.08548747 0.94085540
3330 431 -0.09009065 0.94365019
3340 431 -0.09452942 0.94743136
3350 431 -0.09913259 0.95022615
3360 431 -0.10373576 0.95302093
3370 431 -0.10340696 0.97324200
3380 431 -0.10143418 0.99724426
3390 431 -0.09929699 1.02223290
3400 431 -0.09831059 1.04639955
3410 431 -0.09633781 1.07040181
3420 431 -0.09436502 1.09440406
3430 431 -0.09321423 1.11955710
3380 496 -0.94891095 -2.62775341
3390 496 -0.95400732 -2.37244179
3400 496 -0.97735198 -2.11713016
3410 496 -0.96403566 -1.87908042
3420 496 -0.92638829 -1.65319622
3430 496 -0.91882594 -1.41925646
3440 496 -0.98359914 -1.16312284
3450 496 -1.04755035 -0.90814001
3460 496 -1.11133715 -0.65217078
3470 496 -1.16706841 -0.42086141
3480 496 -1.22132008 -0.19284001
3490 496 -1.27639374 0.03633218
3500 496 -1.36319640 0.25153045
3510 496 -1.48386526 0.45209722
3520 496 -1.60436972 0.65365037
3530 496 -1.73391612 0.84353120
3540 496 -1.90045229 0.98787351
3550 496 -2.06715287 1.13122943
3560 496 -2.23368904 1.27557174
3570 496 -2.33808240 1.41563968
3380 498 0.24774927 -3.75684566
3390 498 0.12790241 -3.33236747
3400 498 0.00887755 -2.90904008
3410 498 -0.06838998 -2.48456190
3420 498 0.02679703 -2.05942611
3430 498 0.12198405 -1.63429033
3440 498 0.21667787 -1.21211373
3450 498 0.31153608 -0.80111627
3460 498 0.40639430 -0.39011880
3470 498 0.52114479 -0.02400225
3480 498 0.66745989 0.27602590
3490 498 0.81476138 0.57588965
3500 498 0.86999944 0.79174552
3510 498 0.91438717 0.99724426
3520 498 0.80950061 1.18301511
3530 498 0.60482387 1.35399006
3540 498 0.40014714 1.52496501
3550 498 0.16571418 1.73638210
3560 498 -0.07628113 1.95716994
3570 498 -0.31712565 2.17877978
