830 595 0.00000000 0.00000000
840 595 -0.00000000 0.07432362
850 595 -0.00000000 0.14864723
860 595 -0.00000000 0.22297085
870 595 0.00686188 0.27568626
880 595 0.02018201 0.30587855
890 595 0.03350214 0.33607084
900 595 0.04682226 0.36626312
910 595 0.06014239 0.39645541
920 595 0.07346252 0.42664770
930 595 0.08678264 0.45683999
940 595 0.10010277 0.48703227
950 595 0.11342290 0.51722456
960 595 0.12553210 0.54467209
970 595 0.12257208 0.55034997
980 595 0.12052697 0.55562420
990 595 0.11888550 0.56181335
1000 595 0.11684039 0.56708758
1010 595 0.11388036 0.57276545
1020 595 0.11183525 0.57803969
710 381 -0.11694802 -0.41620687
720 381 0.00010764 -0.22520433
730 381 0.11675966 -0.03511670
740 381 0.21971482 0.15117671
750 381 0.19729933 0.29113223
760 381 0.17488385 0.43108774
770 381 0.14983124 0.57002070
780 381 0.10532318 0.69458407
790 381 0.06041148 0.81823252
800 381 0.02010128 0.93001395
810 381 0.02314204 0.93195142
820 381 0.02577915 0.93297397
830 381 0.02973483 0.93450781
840 381 0.03277558 0.93644528
850 381 0.03541270 0.93746783
860 381 0.03845346 0.93940531
870 381 0.04200549 0.94002422
880 381 0.04504625 0.94196170
890 381 0.04768336 0.94298425
900 381 0.05072412 0.94492172
790 394 1.82550320 -0.96822522
800 394 1.81196780 -0.80814151
810 394 1.79934731 -0.64846145
820 394 1.78581191 -0.48837774
830 394 1.77319143 -0.32869767
840 394 1.67502613 -0.18701996
850 394 1.56752329 -0.04668772
860 394 1.45961681 0.09272961
870 394 1.36223188 0.28324779
880 394 1.27577215 0.52578173
890 394 1.18799386 0.76780440
900 394 1.10562434 0.99978988
910 394 1.03469131 1.20814896
920 394 0.96243971 1.41599675
930 394 0.90463843 1.61200444
940 394 0.89661945 1.75981748
950 394 0.88860046 1.90763053
960 394 0.88149639 2.05503993
970 394 0.87170139 2.22112442
980 394 0.86050710 2.41624410
810 391 1.34124259 -0.69337315
820 391 1.28435623 -0.57209272
830 391 1.22746987 -0.45081229
840 391 1.17190207 -0.32902059
850 391 1.11501571 -0.20774016
860 391 1.06063192 -0.07335488
870 391 1.00735141 0.06600863
880 391 0.95407090 0.20537214
890 391 0.90533807 0.35256627
900 391 0.90232423 0.56375082
910 391 0.89839546 0.77533902
920 391 0.89578526 0.98743849
930 391 0.82162310 1.18847822
940 391 0.74746093 1.38951796
950 391 0.67238386 1.59096133
960 391 0.59660713 1.71401777
970 391 0.52034604 1.82854395
980 391 0.44408496 1.94307014
990 391 0.56227081 2.01771666
1000 391 0.68045666 2.09236319
820 541 -1.70336167 0.41265484
830 541 -1.64408038 0.56684540
840 541 -1.58571401 0.72143960
850 541 -1.45703351 0.85703580
860 541 -1.22623204 0.96397354
870 541 -0.99451565 1.07050765
880 541 -0.96983978 1.10661999
890 541 -0.96757939 1.13404062
900 541 -0.96583029 1.16277980
910 541 -0.96316626 1.19111534
920 541 -0.96141715 1.21985452
930 541 -0.95915677 1.24727515
940 541 -0.95740766 1.27601433
950 541 -0.95474364 1.30434987
960 541 -0.95339817 1.33217414
970 541 -0.95073414 1.36050968
980 541 -0.94807012 1.38884522
990 541 -0.94632101 1.41758441
1000 541 -0.94406062 1.44500503
1010 541 -0.95463600 1.45076363
910 382 0.05467979 0.94645556
920 382 0.05731691 0.94747811
930 382 0.06035767 0.94941558
940 382 0.06299478 0.95043814
950 382 0.06603554 0.95237561
960 382 0.06958757 0.95299453
970 382 0.07262833 0.95493200
980 382 0.07526544 0.95595456
990 382 0.08196587 0.95627747
1000 382 0.09455945 0.95509346
1010 382 0.10623810 0.95431309
1020 382 0.11842804 0.95221416
1030 382 0.13010669 0.95143379
1040 382 0.14229663 0.94933486
1050 382 0.15489020 0.94815085
1060 382 0.16656886 0.94737047
1070 382 0.17875879 0.94527155
1080 382 0.19043745 0.94449117
1090 382 0.20303102 0.94330716
1100 382 0.21430604 0.94161187
930 538 -0.67951483 2.83990486
940 538 -0.50664919 2.70899088
950 538 -0.33429482 2.57939547
960 538 -0.16056807 2.35629007
970 538 0.01186702 2.12282457
980 538 0.24611289 1.86099663
990 538 0.48878138 1.60091779
1000 538 0.74573874 1.38809176
1010 538 1.00178117 1.17566938
1020 538 1.01187218 1.01273328
1030 538 1.02287810 0.84939354
1040 538 1.02957853 0.70106922
1050 538 1.02139809 0.61068072
1060 538 1.01281401 0.51937731
1070 538 1.00463356 0.42898881
1080 538 0.92285606 0.29565300
1090 538 0.79048898 0.13435837
1100 538 0.71377043 -0.06678900
1110 538 0.66024774 -0.28472780
1120 538 0.60672505 -0.50266660
940 539 -0.86672316 2.46016015
950 539 -0.65639970 2.29523276
960 539 -0.42056619 2.08407511
970 539 -0.12289499 1.76038258
980 539 0.17345765 1.43617876
990 539 0.33905777 1.28879627
1000 539 0.50374298 1.14181742
1010 539 0.58705432 0.93674128
1020 539 0.66164703 0.72676765
1030 539 0.66498379 0.58320628
1040 539 0.63869335 0.46911065
1050 539 0.61240292 0.35501502
1060 539 0.55349836 0.21158820
1070 539 0.48730137 0.06154168
1080 539 0.42070073 -0.08941976
1090 539 0.37589667 -0.19097564
1100 539 0.33351445 -0.28704201
1110 539 0.28273651 -0.43186811
1120 539 0.21713152 -0.64994146
1130 539 0.15152653 -0.86801481
970 600 0.61657387 -0.16818342
980 600 0.76250326 -0.06533589
990 600 0.90934757 0.03710799
1000 600 1.05438895 -0.01813690
1010 600 1.19894596 -0.23055929
1020 600 1.34309933 -0.44389659
1030 600 1.35039177 -0.51160051
1040 600 1.29923710 -0.51854312
1050 600 1.24808243 -0.52548573
1060 600 1.19601284 -0.53202470
1070 600 1.14485817 -0.53896731
1080 600 1.09278859 -0.54550628
1090 600 1.04163392 -0.55244890
1100 600 1.05315112 -0.41981272
1110 600 1.10594726 -0.19608841
1120 600 1.11415461 0.07026031
1130 600 1.09335368 0.36252272
1140 600 1.09518352 0.65900991
1150 600 1.14989022 0.96386590
1160 600 1.20459692 1.26872190
