3850 263 0.00000000 0.00000000
3860 263 0.00000000 0.01500000
3870 263 0.00000000 0.03000000
3880 263 0.00000000 0.04500000
3890 263 0.00000000 0.06000000
3900 263 0.00000000 0.07500000
3910 263 0.00000000 0.09000000
3920 263 0.00000000 0.10500000
3930 263 0.00900000 0.13700000
3940 263 0.02100000 0.17200000
3950 263 0.03300000 0.20700000
3960 263 0.04500000 0.24300000
3970 263 0.05600000 0.27800000
3980 263 -0.05200000 0.28000000
3990 263 -0.34100000 0.23200000
4000 263 -0.62900000 0.18500000
4010 263 -0.91800000 0.13700000
4020 263 -1.12700000 0.13200000
4030 263 -1.32700000 0.13200000
4040 263 -1.52800000 0.13200000
3730 593 0.90500000 2.28000000
3740 593 0.93800000 2.16100000
3750 593 0.97000000 2.04100000
3760 593 0.98600000 1.86300000
3770 593 0.97800000 1.59700000
3780 593 0.97000000 1.33100000
3790 593 0.92600000 0.92000000
3800 593 0.87400000 0.47200000
3810 593 0.78800000 0.12600000
3820 593 0.65500000 -0.06900000
3830 593 0.51100000 -0.28400000
3840 593 0.32800000 -0.57400000
3850 593 0.14500000 -0.86500000
3860 593 -0.02300000 -1.02800000
3870 593 -0.19000000 -1.17700000
3880 593 -0.37900000 -1.17300000
3890 593 -0.58900000 -1.01300000
3900 593 -0.84600000 -0.92100000
3910 593 -1.13800000 -0.83900000
3920 593 -1.56700000 -0.80000000
3820 592 1.11300000 0.69800000
3830 592 1.08300000 0.39100000
3840 592 0.97800000 0.04900000
3850 592 0.84100000 -0.30900000
3860 592 0.61800000 -0.58400000
3870 592 0.35700000 -0.82200000
3880 592 0.07500000 -0.83300000
3890 592 -0.22200000 -0.69200000
3900 592 -0.54400000 -0.55800000
3910 592 -0.90600000 -0.43400000
3920 592 -1.26800000 -0.31000000
3930 592 -1.70800000 -0.28800000
3940 592 -2.15700000 -0.27800000
3950 592 -2.57800000 -0.25000000
3960 592 -2.98100000 -0.21000000
3970 592 -3.40700000 -0.19300000
3980 592 -3.91900000 -0.26500000
3990 592 -4.43200000 -0.33800000
4000 592 -4.78400000 -0.36500000
4010 592 -5.11900000 -0.38600000
3900 306 -3.31800000 -1.71900000
3910 306 -3.02000000 -1.66600000
3920 306 -2.73600000 -1.55500000
3930 306 -2.47500000 -1.35700000
3940 306 -2.21400000 -1.16000000
3950 306 -1.98100000 -0.94200000
3960 306 -1.77700000 -0.70300000
3970 306 -1.57300000 -0.46400000
3980 306 -1.39500000 -0.23200000
3990 306 -1.45100000 -0.05100000
4000 306 -1.50800000 0.13000000
4010 306 -1.56500000 0.31000000
4020 306 -1.60700000 0.46300000
4030 306 -1.62500000 0.57600000
4040 306 -1.64400000 0.68800000
4050 306 -1.66200000 0.80000000
4060 306 -1.52700000 0.75500000
4070 306 -1.39200000 0.71000000
4080 306 -1.25600000 0.66400000
4090 306 -1.12100000 0.61900000
3900 701 0.46500000 -0.22900000
3910 701 0.40100000 -0.23800000
3920 701 0.33600000 -0.24800000
3930 701 0.27200000 -0.25800000
3940 701 0.20700000 -0.26800000
3950 701 0.08800000 -0.25800000
3960 701 -0.11400000 -0.21800000
3970 701 -0.31500000 -0.17800000
3980 701 -0.48900000 -0.17800000
3990 701 -0.66300000 -0.17800000
4000 701 -0.85200000 -0.25000000
4010 701 -1.04800000 -0.35200000
4020 701 -1.24300000 -0.45400000
4030 701 -1.54300000 -0.48300000
4040 701 -1.85400000 -0.50400000
4050 701 -2.04400000 -0.53300000
4060 701 -2.15300000 -0.56900000
4070 701 -2.26200000 -0.60400000
4080 701 -2.33900000 -0.59600000
4090 701 -2.41300000 -0.58300000
