3650 262 0.00000000 0.00000000
3660 262 0.00000000 0.01500000
3670 262 0.00000000 0.03000000
3680 262 0.00000000 0.04500000
3690 262 0.00000000 0.06000000
3700 262 0.00000000 0.07500000
3710 262 0.00000000 0.09100000
3720 262 0.00000000 0.10600000
3730 262 0.00000000 0.12100000
3740 262 0.00000000 0.13600000
3750 262 0.00000000 0.15100000
3760 262 0.00000000 0.16600000
3770 262 0.00000000 0.18100000
3780 262 0.00000000 0.19600000
3790 262 0.00000000 0.21100000
3800 262 0.00000000 0.22600000
3810 262 0.00000000 0.24100000
3820 262 0.00000000 0.25600000
3830 262 0.00000000 0.27100000
3840 262 0.00000000 0.28700000
3730 593 0.90500000 2.58200000
3740 593 0.93800000 2.46300000
3750 593 0.97000000 2.34300000
3760 593 0.98600000 2.16500000
3770 593 0.97800000 1.89900000
3780 593 0.97000000 1.63300000
3790 593 0.92600000 1.22200000
3800 593 0.87400000 0.77400000
3810 593 0.78800000 0.42800000
3820 593 0.65500000 0.23300000
3830 593 0.51100000 0.01800000
3840 593 0.32800000 -0.27200000
3850 593 0.14500000 -0.56300000
3860 593 -0.02300000 -0.72600000
3870 593 -0.19000000 -0.87500000
3880 593 -0.37900000 -0.87100000
3890 593 -0.58900000 -0.71100000
3900 593 -0.84600000 -0.61900000
3910 593 -1.13800000 -0.53700000
3920 593 -1.56700000 -0.49800000
