2390 216 0.00000000 0.00000000
2400 216 0.00000000 0.17585505
2410 216 0.00556140 0.17360320
2420 216 0.01112280 0.17135134
2430 216 0.01668419 0.16909949
2440 216 0.02224559 0.16684764
2450 216 0.02780699 0.16459578
2460 216 0.03336839 0.16234393
2470 216 0.03892979 0.16009207
2480 216 0.04449119 0.15784022
2490 216 0.05005258 0.15558836
2500 216 0.05561398 0.15333651
2510 216 0.06117538 0.15108465
2520 216 0.06673678 0.14883280
2530 216 0.07229818 0.14658095
2540 216 0.07785958 0.14432909
2550 216 0.08342097 0.14207724
2560 216 0.08898237 0.13982538
2570 216 0.09454377 0.13757353
2580 216 0.10103207 0.13494636
2210 207 1.86091894 -1.17533728
2220 207 1.56854747 -1.06342693
2230 207 1.27562441 -0.95021437
2240 207 0.98362826 -0.83737713
2250 207 0.68852158 -0.71357062
2260 207 0.38534008 -0.56707497
2270 207 0.08253388 -0.41965243
2280 207 -0.21934542 -0.27260519
2290 207 -0.51899560 -0.12538167
2300 207 -0.78540819 0.02133007
2310 207 -1.05144547 0.16896870
2320 207 -1.31785806 0.31568044
2330 207 -1.58427065 0.46239217
2340 207 -1.77567260 0.56254852
2350 207 -1.89243921 0.61522258
2360 207 -2.00920583 0.66789664
2370 207 -2.12597245 0.72057070
2380 207 -2.24236376 0.77417167
2390 207 -2.33235264 0.70380121
2400 207 -2.41812783 0.61985708
2210 209 1.73684516 -1.84146542
2220 209 1.43346463 -1.69812578
2230 209 1.11867698 -1.52966886
2240 209 0.80481622 -1.36158725
2250 209 0.48965326 -1.19405724
2260 209 0.19103801 -1.06559349
2270 209 -0.10133345 -0.95368314
2280 209 -0.39408023 -0.84269969
2290 209 -0.68645170 -0.73078935
2300 209 -0.90953883 -0.57033334
2310 209 -1.13355286 -0.40950202
2320 209 -1.35756690 -0.24867070
2330 209 -1.58670447 -0.11381532
2340 209 -1.81626284 0.00934292
2350 209 -2.04674811 0.13287648
2360 209 -2.25357754 0.22956975
2370 209 -2.40312115 0.25991292
2380 209 -2.55228946 0.29118299
2390 209 -2.70238466 0.32282837
2400 209 -2.78738079 0.29143319
2210 454 -1.79243071 1.38711396
2220 454 -1.60636270 1.34306063
2230 454 -1.35883499 1.25362334
2240 454 -1.11130727 1.16418605
2250 454 -0.74583583 1.08093567
2260 454 -0.35008377 1.00052854
2270 454 0.02589633 0.94323135
2280 454 0.32596732 0.98356002
2290 454 0.62566300 1.02296179
2300 454 0.93726621 0.97986379
2310 454 1.25268507 0.91688010
2320 454 1.57578639 0.87020530
2330 454 1.91180175 0.84743086
2340 454 2.24781711 0.82465642
2350 454 2.56473721 0.76538033
2360 454 2.88015606 0.70239665
2370 454 3.17460879 0.64358685
2380 454 3.28019006 0.62457119
2390 454 3.38577133 0.60555553
2400 454 3.49172791 0.58746677
2210 457 -2.04924449 0.99266411
2220 457 -1.95218160 0.97925534
2230 457 -1.69644257 0.89943960
2240 457 -1.27942300 0.75432009
2250 457 -0.86639534 0.63131538
2260 457 -0.45965128 0.55940388
2270 457 -0.05290721 0.48749239
2280 457 0.31442372 0.44880143
2290 457 0.67213309 0.41832178
2300 457 1.02074974 0.38936612
2310 457 1.28049206 0.37805567
2320 457 1.54153659 0.36729681
2330 457 1.81074694 0.35538927
2340 457 2.15808412 0.33126714
2350 457 2.50672352 0.30769659
2360 457 2.85498761 0.28319914
2370 457 3.10364694 0.24185259
2380 457 3.32758705 0.19541093
2390 457 3.55152716 0.14896928
2400 457 3.64918145 0.09971849
2420 221 0.43841219 0.25942388
2430 221 0.43750804 0.26518430
2440 221 0.43567699 0.27132004
2450 221 0.43439752 0.27615356
2460 221 0.43256647 0.28228930
2470 221 0.43166232 0.28804973
2480 221 0.42983126 0.29418546
2490 221 0.42855180 0.29901899
2500 221 0.42672075 0.30515472
2510 221 0.42581659 0.31091515
2520 221 0.42398554 0.31705088
2530 221 0.42177918 0.32225972
2540 221 0.42087502 0.32802014
2550 221 0.41997087 0.33378057
2560 221 0.41813982 0.33991630
2570 221 0.41723566 0.34567673
2580 221 0.41502930 0.35088557
2590 221 0.41319825 0.35702130
2600 221 0.41229409 0.36278173
2610 221 0.41046304 0.36891746
2490 230 1.09604470 -0.90878821
2500 230 1.00635720 -0.68798705
2510 230 0.91722129 -0.46848810
2520 230 0.87131985 -0.25678534
2530 230 0.86790227 -0.05473258
2540 230 0.86485999 0.14824709
2550 230 0.85523843 0.33231345
2560 230 0.83003017 0.47522092
2570 230 0.80574881 0.61775307
2580 230 0.78054055 0.76066054
2590 230 0.56528941 0.92981121
2600 230 0.35041359 1.09988878
2610 230 0.14743392 1.27270155
2620 230 -0.00555571 1.45440233
2630 230 -0.15817003 1.63703001
2640 230 -0.29257049 1.86730488
2650 230 -0.34685384 2.29278028
2660 230 -0.40243939 2.71770409
2670 230 -0.43662095 3.11022622
2680 230 -0.46822083 3.49846641
2510 233 1.41465368 -1.22767583
2520 233 1.25254859 -1.04983619
2530 233 1.13635062 -0.86253421
2540 233 1.03204881 -0.67249702
2550 233 0.92644480 -0.48301142
2560 233 0.85809305 -0.31076730
2570 233 0.87276423 -0.17861301
2580 233 0.88743540 -0.04645872
2590 233 0.90210657 0.08569558
2600 233 0.92289074 0.21429580
2610 233 0.96905375 0.32830447
2620 233 1.01484146 0.44138623
2630 233 1.06100448 0.55539490
2640 233 0.98362826 0.74531836
2650 233 0.85308893 0.96647777
2660 233 0.72292492 1.18856408
2670 233 0.55891484 1.31107406
2680 233 0.36013182 1.33438303
2690 233 0.16134879 1.35769200
2700 233 -0.03743424 1.38100097
2510 236 2.23860498 -0.12533049
2520 236 2.09970081 0.09382159
2530 236 1.96172355 0.31259835
2540 236 1.82696484 0.50202140
2550 236 1.69813715 0.64480945
2560 236 1.56930946 0.78759750
2570 236 1.43993018 0.93168775
2580 236 1.31015285 1.06946599
2590 236 1.18075082 1.20817113
2600 236 1.05097349 1.34594938
2610 236 0.89049474 1.46918723
2620 236 0.71792079 1.58653387
2630 236 0.54497154 1.70295362
2640 236 0.38246271 1.82917120
2650 236 0.23597843 1.96831989
2660 236 0.08856726 2.10784388
2670 236 -0.04407607 2.27051763
2680 236 -0.16064935 2.45689271
2690 236 -0.27759794 2.64234089
2700 236 -0.34825272 2.75294334
2510 240 1.83396492 -0.69835354
2520 240 1.67891677 -0.56436820
2530 240 1.58287177 -0.35393922
2540 240 1.48682676 -0.14351023
2550 240 1.39484191 0.06095929
2560 240 1.34290710 0.20713650
2570 240 1.29189918 0.35293839
2580 240 1.24089126 0.49874029
2590 240 1.15075453 0.65714915
2600 240 1.00275196 0.83251517
2610 240 0.85474939 1.00788118
2620 240 0.67257663 1.13882425
2630 240 0.45846280 1.22552065
2640 240 0.24342206 1.31259236
2650 240 0.00477666 1.48258463
2660 240 -0.25709810 1.73642436
2670 240 -0.51934817 1.98933720
2680 240 -0.69603345 2.23241807
2690 240 -0.83559725 2.47125681
2700 240 -0.91691422 2.73937535
