2160 440 0.00000000 0.00000000
2170 440 0.00000000 0.35264713
2180 440 0.00265421 0.71524189
2190 440 0.00421384 0.81565387
2200 440 0.00562035 0.85106604
2210 440 0.00702685 0.88647821
2220 440 0.00843336 0.92189038
2230 440 0.00983986 0.95730255
2240 440 0.01221618 0.99295859
2250 440 0.01362268 1.02837076
2260 440 0.01527306 1.06281312
2270 440 0.01667956 1.09822529
2280 440 0.01808607 1.13363746
2290 440 0.01949257 1.16904963
2300 440 0.02089908 1.20446180
2310 440 0.01263586 1.21681976
2320 440 0.00461651 1.22820792
2330 440 -0.00364670 1.24056588
2340 440 -0.01166605 1.25195403
2350 440 -0.02089908 1.26406813
2040 425 0.68087892 -2.87990432
2050 425 0.69366791 -2.83234970
2060 425 0.72121953 -2.76149133
2070 425 0.87531691 -2.47217663
2080 425 1.02941430 -2.18286193
2090 425 1.10263763 -1.81386418
2100 425 1.09401712 -1.36542724
2110 425 1.08539660 -0.91699030
2120 425 1.02086184 -0.54963725
2130 425 0.94954976 -0.19223749
2140 425 0.88730057 0.10041766
2150 425 0.84344937 0.24199828
2160 425 0.79984203 0.38260909
2170 425 0.78458032 0.54581473
2180 425 0.83812393 0.76344304
2190 425 0.89094160 0.97985768
2200 425 0.93553008 1.18389166
2210 425 0.90459831 1.27819556
2220 425 0.87269673 1.37225559
2230 425 0.84200883 1.46558969
2230 412 0.48552784 0.90265869
2240 412 0.48066746 0.90968555
2250 412 0.47702075 0.91598646
2260 412 0.47216037 0.92301332
2270 412 0.46729999 0.93004017
2280 412 0.46340941 0.93731090
2290 412 0.45854903 0.94433775
2300 412 0.45393252 0.95039480
2310 412 0.45004194 0.95766552
2320 412 0.44518156 0.96469238
2330 412 0.44129098 0.97196310
2340 412 0.43643060 0.97898995
2350 412 0.43181409 0.98504700
2360 412 0.42695371 0.99207385
2370 412 0.42306313 0.99934458
2380 412 0.41820275 1.00637143
2390 412 0.41431217 1.01364216
2400 412 0.40969566 1.01969920
2410 412 0.40483528 1.02672606
2420 412 0.40094470 1.03399678
2240 426 0.81871643 1.47210611
2250 426 0.79713678 1.46771079
2260 426 0.77531327 1.46428527
2270 426 0.75373362 1.45988994
2280 426 0.73191011 1.45646442
2290 426 0.70911678 1.45279503
2300 426 0.68753714 1.44839970
2310 426 0.66571362 1.44497418
2320 426 0.64389011 1.44154866
2330 426 0.62231046 1.43715333
2340 426 0.59951714 1.43348394
2350 426 0.57793749 1.42908861
2360 426 0.55611398 1.42566309
2370 426 0.55438420 1.44894415
2380 426 0.55386811 1.47149928
2390 426 0.55213833 1.49478034
2400 426 0.55065243 1.51709159
2410 426 0.54892265 1.54037266
2420 426 0.54743675 1.56268391
2430 426 0.54667678 1.58620884
2350 648 -0.79436914 1.63359899
2360 648 -0.78489225 1.62051509
2370 648 -0.77687290 1.60912694
2380 648 -0.76836581 1.59579917
2390 648 -0.75913279 1.58368507
2400 648 -0.75086957 1.57132711
2410 648 -0.74260635 1.55896915
2420 648 -0.73434313 1.54661119
2430 648 -0.71439685 1.50419485
2440 648 -0.65280554 1.33717236
2450 648 -0.59121422 1.17014988
2460 648 -0.53494835 0.99560146
2470 648 -0.48086028 0.81741201
2480 648 -0.42968732 0.64261404
2490 648 -0.41130066 0.49978572
2500 648 -0.39291401 0.35695739
2510 648 -0.36823212 0.22189887
2520 648 -0.32489701 0.10287337
2530 648 -0.28180578 -0.01518232
2540 648 -0.23871455 -0.13323800
