2770 570 0.00000000 0.00000000
2780 570 -0.00000000 0.13138112
2790 570 -0.00092098 0.26168904
2800 570 -0.00084487 0.39207306
2810 570 0.00634033 0.48188048
2820 570 0.04595028 0.40968594
2830 570 0.08548412 0.33848850
2840 570 0.12509407 0.26629396
2850 570 0.16470402 0.19409942
2860 570 0.20431398 0.12190488
2870 570 0.24384781 0.05070744
2880 570 0.28345776 -0.02148710
2890 570 0.32306772 -0.09368165
2900 570 0.36267767 -0.16587619
2910 570 0.35761606 -0.16525966
2920 570 0.24458612 0.00162124
2930 570 0.13247717 0.16957535
2940 570 0.02044434 0.33653236
2950 570 -0.26282314 0.42121728
2960 570 -0.56634467 0.49532990
2690 231 -0.05735984 -1.03536943
2700 231 -0.16904255 -0.79417040
2710 231 -0.27965204 -0.55389235
2720 231 -0.43972070 -0.42770984
2730 231 -0.59886837 -0.30045412
2740 231 -0.75793992 -0.17419549
2750 231 -0.96465151 -0.06762006
2760 231 -1.17612024 0.03558350
2770 231 -1.38736063 0.13579576
2780 231 -1.59831178 0.20594282
2790 231 -1.80826584 0.27616600
2800 231 -2.01929311 0.34731016
2810 231 -2.20831569 0.40609334
2820 231 -2.37633069 0.45243942
2830 231 -2.54342471 0.49985871
2840 231 -2.71151583 0.54720189
2850 231 -2.88361056 0.69954493
2860 231 -3.05654256 0.86285606
2870 231 -3.22955067 1.02716429
2880 231 -3.40255878 1.19147252
2710 237 0.43385228 -1.87341218
2720 237 0.32981146 -1.81115057
2730 237 0.27790141 -1.65665350
2740 237 0.27812214 -1.40992095
2750 237 0.27834287 -1.16318840
2760 237 0.26283836 -0.92066497
2770 237 0.17944739 -0.69535864
2780 237 0.09605642 -0.47005230
2790 237 0.01266544 -0.24474596
2800 237 -0.13874139 -0.12692843
2810 237 -0.29014822 -0.00911090
2820 237 -0.44155506 0.10870664
2830 237 -0.62116990 0.25445817
2840 237 -0.86402061 0.46658909
2850 237 -1.10687133 0.67872002
2860 237 -1.32228279 0.85984954
2870 237 -1.52014226 1.02125781
2880 237 -1.71692852 1.18174509
2890 237 -1.91471187 1.34215627
2900 237 -2.11257135 1.50356453
2710 241 -0.06644029 -1.87549772
2720 241 -0.16649271 -1.55016940
2730 241 -0.23176084 -1.28637200
2740 241 -0.26316566 -1.08517871
2750 241 -0.29364949 -0.88291221
2760 241 -0.33453055 -0.75465178
2770 241 -0.37910316 -0.64372260
2780 241 -0.42260256 -0.53371441
2790 241 -0.46617808 -0.42270912
2800 241 -0.59433956 -0.29409095
2810 241 -0.77863544 -0.15270839
2820 241 -0.96285520 -0.01232293
2830 241 -1.14783611 0.13803353
2840 241 -1.33241362 0.32251969
2850 241 -1.51607014 0.50807907
2860 241 -1.70072375 0.69356234
2870 241 -1.89415337 0.82321566
2880 241 -2.09374063 0.91529129
2890 241 -2.29332790 1.00736693
2900 241 -2.49391227 1.09936644
2790 572 -0.16397333 -3.14660877
2800 572 -0.38982008 -3.23605845
2810 572 -0.39033004 -3.18996355
2820 572 -0.36697813 -3.12800640
2830 572 -0.34262913 -3.06597314
2840 572 -0.31820400 -3.00493697
2850 572 -0.21785473 -2.82176759
2860 572 -0.04142909 -2.51845918
2870 572 0.10901109 -2.19005584
2880 572 0.24113053 -1.84499866
2890 572 0.33411953 -1.52599546
2900 572 0.40140469 -1.22500093
2910 572 0.47751913 -0.90828877
2920 572 0.56146574 -0.57593509
2930 572 0.64648556 -0.24450240
2940 572 0.26095834 -0.06833554
2950 572 -0.12449277 0.10683422
2960 572 -0.44532272 0.09237248
2970 572 -0.75949266 0.05635513
2980 572 -1.10142914 0.14759350
2820 573 -0.46977829 1.16161283
2830 573 -0.41747245 1.02820706
2840 573 -0.36509050 0.89380419
2850 573 -0.31270854 0.75940132
2860 573 -0.26032659 0.62499845
2870 573 -0.21178080 0.48829693
2880 573 -0.19945026 0.32676688
2890 573 -0.18711973 0.16523683
2900 573 -0.13760729 -0.02354219
2910 573 -0.00414824 -0.27411091
2920 573 0.12341194 -0.51309501
2930 573 0.18715017 -0.63860771
2940 573 0.25196161 -0.76504140
2950 573 0.31577595 -0.89155120
2960 573 0.45880259 -1.17548849
2970 573 0.60282632 -1.45934966
2980 573 0.78451147 -1.73732718
2990 573 1.02487325 -2.00881976
3000 573 1.26615600 -2.27923912
3010 573 1.49008467 -2.45370102
