200 5 0.00000000 0.00000000
210 5 0.00000000 0.01414214
220 5 0.00098995 0.02814285
230 5 0.00098995 0.04228499
240 5 0.00098995 0.05642712
250 5 0.00098995 0.07056926
260 5 0.00098995 0.08471139
270 5 0.00098995 0.09885353
280 5 0.00098995 0.11299566
290 5 0.01385929 0.18893893
300 5 0.05260874 0.41068762
310 5 0.09319667 0.63116351
320 5 0.10606602 0.84852814
330 5 0.05784133 1.05542758
340 5 0.00862670 1.26246845
350 5 -0.03959798 1.46936789
360 5 -0.08570134 1.57797949
370 5 -0.13237039 1.67556023
380 5 -0.17309974 1.76522137
390 5 -0.17055416 1.77596939
60 137 -1.55011949 -2.61304240
70 137 -1.52197664 -2.36654498
80 137 -1.49397521 -2.12103750
90 137 -1.46554951 -1.87963125
100 137 -1.43726524 -1.68164135
110 137 -1.40912239 -1.48464140
120 137 -1.38097954 -1.28764145
130 137 -1.36881731 -1.08229764
140 137 -1.39172757 -0.86083180
150 137 -1.41548635 -0.63823458
160 137 -1.43839661 -0.41676874
170 137 -1.43966941 -0.17111984
180 137 -1.43613387 0.07990307
190 137 -1.43160839 0.33078455
200 137 -1.42793143 0.58279741
210 137 -1.39837437 0.83212326
220 137 -1.36980726 1.08159053
230 137 -1.34010877 1.33190633
240 137 -1.30602622 1.55634203
250 137 -1.26515545 1.74344248
190 140 -1.16559482 -2.60837549
200 140 -1.10209663 -2.36894914
210 140 -1.03859844 -2.12952278
220 140 -0.97495883 -1.88910648
230 140 -0.91146064 -1.64968012
240 140 -0.89053028 -1.39003051
250 140 -0.88741901 -1.12076425
260 140 -0.88444916 -0.85248794
270 140 -0.90849079 -0.58237314
280 140 -0.99376787 -0.30957135
290 140 -1.07918637 -0.03775950
300 140 -1.16135218 0.22853691
310 140 -1.23375991 0.46414489
320 140 -1.30503628 0.70060140
330 140 -1.37744401 0.93620938
340 140 -1.42651722 1.29980369
350 140 -1.47544901 1.66438794
360 140 -1.52452222 2.02798225
370 140 -1.57713096 2.41632529
380 140 -1.63030539 2.80777961
250 133 -1.53937146 1.18864650
260 133 -1.41902189 1.26741819
270 133 -1.33770461 1.34873547
280 133 -1.31422866 1.43528534
290 133 -1.29089414 1.52084526
300 133 -1.26755962 1.60640519
310 133 -1.23800255 1.68602541
320 133 -1.15979654 1.71020846
330 133 -1.08060058 1.73425009
340 133 -1.00140462 1.75829172
350 133 -0.92319861 1.78247477
360 133 -0.86465017 1.81047620
370 133 -0.85432641 1.84738718
380 133 -0.84301270 1.88415673
390 133 -0.83254752 1.92205765
400 133 -0.82123382 1.95882721
410 133 -0.81091006 2.12301740
420 133 -0.80072772 2.30035978
430 133 -0.79040396 2.47869211
440 133 -0.77131208 2.49919821
330 145 0.53994674 -2.78939483
340 145 0.49766175 -2.43485149
350 145 0.45438682 -2.08016673
360 145 0.41111188 -1.72548197
370 145 0.30957135 -1.36146340
380 145 0.15075517 -0.98825244
390 145 -0.00919239 -0.61589001
400 145 -0.14396694 -0.23702219
410 145 -0.06081118 0.18950462
420 145 0.02333452 0.61589001
430 145 0.10649028 1.04241682
440 145 0.17635243 1.51730973
450 145 0.24480037 1.99644529
460 145 0.31338973 2.47657079
470 145 0.36896832 2.94340269
480 145 0.41507168 3.40047651
490 145 0.46131646 3.85854028
500 145 0.50756125 4.31660406
510 145 0.54334085 4.77212224
520 145 0.57600918 5.22707475
