3030 416 0.00000000 0.00000000
3040 416 0.00000000 0.00608276
3050 416 -0.00082199 0.01331632
3060 416 -0.00065760 0.02038547
3070 416 -0.00049320 0.02745463
3080 416 -0.00049320 0.03353739
3090 416 -0.00032880 0.04060655
3100 416 -0.00115079 0.04784011
3110 416 -0.00115079 0.05392287
3120 416 -0.00098639 0.06099202
3130 416 -0.00082199 0.06806118
3140 416 -0.00082199 0.07414394
3150 416 -0.00065760 0.08121310
3160 416 -0.00147959 0.08844666
3170 416 -0.00147959 0.09452942
3180 416 -0.00131519 0.10159857
3190 416 -0.00115079 0.10866773
3200 416 -0.00098639 0.11573689
3210 416 -0.00197279 0.12198405
3220 416 -0.00082199 0.12888881
2840 429 0.48958018 0.30972769
2850 429 0.49007338 0.31268687
2860 429 0.49073098 0.31663245
2870 429 0.49122417 0.31959163
2880 429 0.49188177 0.32353721
2890 429 0.49237497 0.32649639
2900 429 0.49286816 0.32945557
2910 429 0.49352576 0.33340115
2920 429 0.49401896 0.33636033
2930 429 0.49467655 0.34030590
2940 429 0.49516975 0.34326509
2950 429 0.49582735 0.34721066
2960 429 0.49122417 0.35608821
2970 429 0.47741466 0.37663808
2980 429 0.46261875 0.39735235
2990 429 0.44782284 0.41806662
3000 429 0.43302693 0.43878090
3010 429 0.41823102 0.45949517
3020 429 0.40343511 0.48020944
3030 429 0.38863921 0.50092371
2960 444 -0.49714254 0.24709168
2970 444 -0.49845773 0.25136605
2980 444 -0.49878653 0.25547603
2990 444 -0.50010172 0.25975040
3000 444 -0.50043052 0.26386037
3010 444 -0.50174571 0.26813475
3020 444 -0.50306090 0.27240912
3030 444 -0.50338970 0.27651910
3040 444 -0.50454049 0.28177986
3050 444 -0.50585568 0.28605424
3060 444 -0.50717088 0.29032861
3070 444 -0.50749967 0.29443859
3080 444 -0.50881487 0.29871296
3090 444 -0.51013006 0.30298733
3100 444 -0.51045886 0.30709731
3110 444 -0.51177405 0.31137168
3120 444 -0.51308924 0.31564606
3130 444 -0.51341804 0.31975603
3140 444 -0.51473323 0.32403040
3150 444 -0.51604842 0.32830478
3030 616 -0.56273773 -0.47494867
3040 616 -0.50338970 -0.47166069
3050 616 -0.44272647 -0.46656433
3060 616 -0.38863921 -0.46442714
3070 616 -0.38403603 -0.47938745
3080 616 -0.38025486 -0.49319696
3090 616 -0.37565169 -0.50815727
3100 616 -0.37088412 -0.52213118
3110 616 -0.36611654 -0.53610510
3120 616 -0.36249977 -0.55090101
3130 616 -0.35773220 -0.56487492
3140 616 -0.35312902 -0.57983523
3150 616 -0.34836145 -0.59380914
3160 616 -0.34375828 -0.60876945
3170 616 -0.33997711 -0.62257896
3180 616 -0.33520954 -0.63655288
3190 616 -0.33060636 -0.65151319
3200 616 -0.32583879 -0.66548710
3210 616 -0.22752820 -0.68998255
3220 616 -0.13020400 -0.71431360
3040 430 0.37400770 0.52262438
3050 430 0.35921179 0.54333865
3060 430 0.34441588 0.56405293
3070 430 0.32961997 0.58476720
3080 430 0.31482406 0.60548147
3090 430 0.30002815 0.62619574
3100 430 0.28523224 0.64691002
3110 430 0.27043633 0.66762429
3120 430 0.25564043 0.68833856
3130 430 0.24084452 0.70905283
3140 430 0.22621301 0.73075350
3150 430 0.16900216 0.80111627
3160 430 0.09420062 0.89367289
3170 430 0.01841269 0.98639392
3180 430 -0.02120747 1.03456283
3190 430 -0.02581064 1.03735761
3200 430 -0.03041381 1.04015239
3210 430 -0.03501698 1.04294718
3220 430 -0.03945576 1.04672835
3230 430 -0.04504532 1.04968753
3100 619 -1.13057184 -0.47560627
3110 619 -1.11363874 -0.49566295
3120 619 -1.09555485 -0.51489763
3130 619 -1.07845736 -0.53396791
3140 619 -1.06053787 -0.55418899
3150 619 -1.04344037 -0.57325927
3160 619 -1.02535648 -0.59249395
3170 619 -1.00743699 -0.61271503
3180 619 -0.99033950 -0.63178531
3190 619 -0.97225561 -0.65101999
3200 619 -0.95532252 -0.67107667
3210 619 -0.93723863 -0.69031135
3220 619 -0.74061744 -0.83054368
3230 619 -0.52476157 -0.98310594
3240 619 -0.33833312 -1.05675669
3250 619 -0.15552144 -1.12169429
3260 619 0.06263601 -1.18137112
3270 619 0.33241475 -1.23545839
3280 619 0.60235789 -1.28855926
3290 619 0.69557212 -1.19764662
3160 445 -0.51637722 0.33241475
3170 445 -0.51769241 0.33668913
3180 445 -0.51900760 0.34096350
3190 445 -0.51933640 0.34507347
3200 445 -0.51884320 0.34803266
3210 445 -0.51144525 0.34984104
3220 445 -0.50519809 0.35082744
3230 445 -0.49878653 0.35280023
3240 445 -0.49155297 0.35362222
3250 445 -0.48530581 0.35460862
3260 445 -0.47889425 0.35658140
3270 445 -0.47166069 0.35740340
3280 445 -0.46524913 0.35937619
3290 445 -0.45801558 0.36019818
3300 445 -0.45176842 0.36118458
3310 445 -0.44535686 0.36315736
3320 445 -0.43910970 0.36414376
3330 445 -0.43171174 0.36595215
3340 445 -0.42546458 0.36693854
3350 445 -0.41921742 0.36792493
