1440 422 0.00000000 0.00000000
1450 422 0.00000000 0.00943398
1460 422 -0.00053000 0.01971596
1470 422 -0.00106000 0.02999794
1480 422 -0.00106000 0.03943192
1490 422 -0.01399197 0.03370793
1500 422 -0.04017392 0.01144798
1510 422 -0.06635587 -0.01081198
1520 422 -0.09168982 -0.03254193
1530 422 -0.11787176 -0.05480189
1540 422 -0.14320571 -0.07653185
1550 422 -0.16938766 -0.09879180
1560 422 -0.19419161 -0.12136976
1570 422 -0.22037356 -0.14362971
1580 422 -0.24570751 -0.17479365
1590 422 -0.26998146 -0.29255941
1600 422 -0.29340741 -0.40979518
1610 422 -0.31630337 -0.52787894
1620 422 -0.33972932 -0.64511471
1630 422 -0.44435111 -0.64564471
1430 408 0.38053924 0.36283727
1440 408 0.34958730 0.36707727
1450 408 0.31863536 0.37131726
1460 408 0.28683543 0.37502725
1470 408 0.25535349 0.38011524
1480 408 0.22440155 0.38435523
1490 408 0.19344961 0.38859522
1500 408 0.16249768 0.39283521
1510 408 -0.00593599 0.33591333
1520 408 -0.23341153 0.25270349
1530 408 -0.45049910 0.15475969
1540 408 -0.64299471 0.02501595
1550 408 -0.83549033 -0.10472779
1560 408 -1.01632597 -0.27199546
1570 408 -1.17850564 -0.49364101
1580 408 -1.34100332 -0.71666457
1590 408 -1.49608101 -0.91382417
1600 408 -1.64628271 -1.09614381
1610 408 -1.79701441 -1.27761544
1620 408 -1.89071822 -1.38806722
1530 609 -0.85393429 2.73044854
1540 609 -0.63695273 2.63610873
1550 609 -0.41944116 2.54092092
1560 609 -0.30188740 2.41509917
1570 609 -0.18263763 2.29033742
1580 609 -0.06455387 2.16366767
1590 609 -0.01780796 1.94170412
1600 609 0.01971596 1.70808058
1610 609 0.04091592 1.48548103
1620 609 0.05204590 1.26955946
1630 609 0.04547391 1.07441385
1640 609 -0.03349593 0.96491607
1650 609 -0.11193578 0.85457029
1660 609 -0.19175362 0.74454251
1670 609 -0.18157764 0.61882676
1680 609 -0.08363383 0.47721105
1690 609 0.01515797 0.33612533
1700 609 0.15401769 0.30262939
1710 609 0.29287741 0.26913346
1720 609 0.56519087 0.27305545
