1030 596 0.00000000 0.00000000
1040 596 0.00000000 0.00565685
1050 596 0.00000000 0.01131371
1060 596 -0.00070711 0.01767767
1070 596 -0.00070711 0.02333452
1080 596 0.00000000 0.02969848
1090 596 0.00000000 0.03535534
1100 596 -0.00070711 0.04171930
1110 596 -0.00070711 0.04737615
1120 596 -0.00070711 0.05303301
1130 596 -0.00070711 0.05868986
1140 596 -0.00070711 0.06434672
1150 596 -0.00141421 0.07071068
1160 596 -0.00070711 0.07707464
1170 596 -0.00070711 0.08273149
1180 596 -0.00141421 0.08909545
1190 596 -0.00141421 0.09475231
1200 596 -0.00141421 0.10040916
1210 596 -0.00141421 0.10606602
1220 596 -0.00141421 0.11172287
910 382 0.07990307 0.35850314
920 382 0.08273149 0.35850314
930 382 0.08626703 0.35921024
940 382 0.08909545 0.35921024
950 382 0.09263099 0.35991735
960 382 0.09616652 0.35921024
970 382 0.09970206 0.35991735
980 382 0.10253048 0.35991735
990 382 0.10889444 0.35779603
1000 382 0.12020815 0.35213918
1010 382 0.13081475 0.34718943
1020 382 0.14142136 0.34082547
1030 382 0.15202796 0.33587572
1040 382 0.16263456 0.32951176
1050 382 0.17394827 0.32385491
1060 382 0.18455487 0.31890516
1070 382 0.19516147 0.31254120
1080 382 0.20576807 0.30759145
1090 382 0.21708178 0.30193460
1100 382 0.22698128 0.29627774
930 538 0.07990307 2.38931381
940 538 0.19374726 2.20475894
950 538 0.30759145 2.02161829
960 538 0.38890873 1.75079639
970 538 0.46527626 1.47078210
980 538 0.58901995 1.14197745
990 538 0.72124892 0.81175858
1000 538 0.88388348 0.52043059
1010 538 1.04581093 0.22980970
1020 538 0.99631345 0.07424621
1030 538 0.94752309 -0.08202439
1040 538 0.90014693 -0.22273864
1050 538 0.85984185 -0.30405592
1060 538 0.81882965 -0.38608030
1070 538 0.77852457 -0.46739758
1080 538 0.65407377 -0.56214989
1090 538 0.47234733 -0.66468037
1100 538 0.32809755 -0.82448651
1110 538 0.19940411 -1.00833427
1120 538 0.07071068 -1.19218203
940 539 -0.23193102 2.10293557
950 539 -0.09545942 1.87312586
960 539 0.04808326 1.59099026
970 539 0.20859650 1.18157543
980 539 0.36769553 0.77216061
990 539 0.46881180 0.57487781
1000 539 0.56922096 0.37830213
1010 539 0.57275649 0.15697771
1020 539 0.56639253 -0.06576093
1030 539 0.51760216 -0.20081833
1040 539 0.45184123 -0.29769195
1050 539 0.38608030 -0.39456558
1060 539 0.27930718 -0.50699556
1070 539 0.16334167 -0.62296107
1080 539 0.04666905 -0.73963369
1090 539 -0.03181981 -0.81812255
1100 539 -0.10606602 -0.89236876
1110 539 -0.20576807 -1.00904138
1120 539 -0.34577522 -1.18864650
1130 539 -0.48578236 -1.36825162
970 600 0.20081833 -0.88388348
980 600 0.37405949 -0.84074996
990 600 0.54800776 -0.79832356
1000 600 0.66326616 -0.90226825
1010 600 0.72124892 -1.15258405
1020 600 0.77852457 -1.40360696
1030 600 0.76084690 -1.46936789
1040 600 0.71064232 -1.45734708
1050 600 0.66043773 -1.44532626
1060 600 0.60952605 -1.43259834
1070 600 0.55932146 -1.42057752
1080 600 0.50840978 -1.40784960
1090 600 0.45820519 -1.39582879
1100 600 0.51689506 -1.27632774
1110 600 0.64700270 -1.08682312
1120 600 0.75094740 -0.84145707
1130 600 0.83721443 -0.56144278
1140 600 0.94610887 -0.28567114
1150 600 1.10732922 -0.02121320
1160 600 1.26854957 0.24324473
1090 540 -0.25667976 2.09657161
1100 540 -0.13930004 1.82787103
1110 540 0.00212132 1.54785674
1120 540 0.16687720 1.25865007
1130 540 0.32102648 1.02671905
1140 540 0.46739758 0.83226468
1150 540 0.62013265 0.56780675
1160 540 0.78064589 0.23193102
1170 540 0.94115913 -0.10394470
1180 540 1.07197388 -0.35072496
1190 540 1.19571757 -0.57770624
1200 540 1.32936075 -0.84711392
1210 540 1.47431764 -1.16177644
1220 540 1.60866793 -1.44886179
1230 540 1.64968012 -1.50260191
1240 540 1.68998521 -1.55563492
1250 540 1.73099740 -1.60796082
1260 540 1.77200959 -1.66170094
1270 540 1.81231468 -1.71473394
1280 540 1.90282435 -1.90848120
1110 383 0.23829499 0.29062089
1120 383 0.24890159 0.28567114
1130 383 0.25950819 0.27930718
1140 383 0.27011479 0.27435743
1150 383 0.28142850 0.26870058
1160 383 0.29203510 0.26233662
1170 383 0.30264170 0.25738687
1180 383 0.31395541 0.25173001
1190 383 0.32385491 0.24607316
1200 383 0.33516861 0.24041631
1210 383 0.34506811 0.23475945
1220 383 0.35638182 0.22910260
1230 383 0.36698842 0.22415285
1240 383 0.37759502 0.21778889
1250 383 0.38890873 0.21213203
1260 383 0.39951533 0.20718229
1270 383 0.41012193 0.20081833
1280 383 0.42072853 0.19586858
1290 383 0.43133514 0.18950462
1300 383 0.44194174 0.18455487
1120 160 1.79392990 1.33996735
1130 160 1.57048416 1.29046988
1140 160 1.37602980 1.29400541
1150 160 1.18157543 1.29754094
1160 160 0.98712107 1.30107648
1170 160 0.85206367 1.09813683
1180 160 0.71771338 0.89449008
1190 160 0.64912403 0.67033723
1200 160 0.68165094 0.41295036
1210 160 0.71347074 0.15627060
1220 160 0.73256263 -0.09475231
1230 160 0.64134585 -0.29486353
1240 160 0.54942197 -0.49568185
1250 160 0.45042702 -0.69225754
1260 160 0.28213561 -0.84782103
1270 160 0.11384419 -1.00338452
1280 160 -0.03181981 -1.14197745
1290 160 -0.16899852 -1.27208510
1300 160 -0.30547013 -1.40289985
1310 160 -0.44123463 -1.53300750
1150 542 0.62437529 3.67766237
1160 542 0.62225397 3.37714199
1170 542 0.61871843 3.07662160
1180 542 0.56002857 2.74357431
1190 542 0.47729708 2.39779910
1200 542 0.40446508 2.06475180
1210 542 0.41790011 1.84201316
1220 542 0.43133514 1.61927453
1230 542 0.44689149 1.39441457
1240 542 0.47376154 1.16248355
1250 542 0.50063160 0.93055252
1260 542 0.61164737 0.71629917
1270 542 0.73185552 0.50558135
1280 542 0.79973777 0.28354982
1290 542 0.74316923 0.04030509
1300 542 0.68730779 -0.20364675
1310 542 0.57558492 -0.39032294
1320 542 0.42709250 -0.53881537
1330 542 0.27860007 -0.68730779
1340 542 0.13010765 -0.83580022
1150 642 -0.61164737 0.83085047
1160 642 -0.60316208 0.84782103
1170 642 -0.59467680 0.86479159
1180 642 -0.58689863 0.88246926
1190 642 -0.57841335 0.89943983
1200 642 -0.56992807 0.91641039
1210 642 -0.56214989 0.93408806
1220 642 -0.55366461 0.95105862
1230 642 -0.55083618 0.99631345
1240 642 -0.54800776 1.04156829
1250 642 -0.48436815 1.07409520
1260 642 -0.41365747 1.10520790
1270 642 -0.34365390 1.13561349
1280 642 -0.20930361 1.19642467
1290 642 -0.06717514 1.26077139
1300 642 0.07000357 1.36683741
1310 642 0.20506097 1.50189480
1320 642 0.33375440 1.63907352
1330 642 0.40658640 1.79110148
1340 642 0.47941840 1.94312943
1190 604 -1.22117341 1.47431764
1200 604 -1.14551299 1.25299322
1210 604 -1.06985256 1.03025458
1220 604 -1.03661854 0.78771695
1230 604 -1.10025815 0.49780317
1240 604 -1.11793582 0.20718229
1250 604 -0.95812969 -0.08555992
1260 604 -0.79761645 -0.37759502
1270 604 -0.64558849 -0.50558135
1280 604 -0.49426764 -0.61447579
1290 604 -0.28849957 -0.75943268
1300 604 -0.02899138 -0.93833070
1310 604 0.22698128 -1.15187695
1320 604 0.47658997 -1.41704199
1330 604 0.71771338 -1.68786389
1340 604 0.92630988 -1.98414163
1350 604 1.13490638 -2.28041937
1360 604 1.30673333 -2.52012857
1370 604 1.47431764 -2.75276670
1380 604 1.64190195 -2.98540483
