3250 260 0.00000000 0.00000000
3260 260 -0.00000000 0.00583095
3270 260 0.00137199 0.01200490
3280 260 0.00188648 0.01869335
3290 260 0.00240098 0.02538179
3300 260 0.00377297 0.03155574
3310 260 0.00377297 0.03738669
3320 260 0.00514496 0.04356064
3330 260 0.00565945 0.05024909
3340 260 0.00703144 0.05642303
3350 260 0.00703144 0.06225399
3360 260 0.00840343 0.06842794
3370 260 0.00891793 0.07511638
3380 260 0.01028992 0.08129033
3390 260 0.01080441 0.08797877
3400 260 0.01166190 0.09329523
3410 260 0.01217640 0.09998368
3420 260 0.01269090 0.10667212
3430 260 0.01406288 0.11284607
3440 260 0.01406288 0.11867702
3180 495 1.90363430 -0.92060441
3190 495 1.88408346 -0.90654152
3200 495 1.86401812 -0.89333613
3210 495 1.84446728 -0.87927325
3220 495 1.82491644 -0.86521036
3230 495 1.80485111 -0.85200497
3240 495 1.78392828 -0.83828508
3250 495 1.76437744 -0.82422220
3260 495 1.74482661 -0.81015932
3270 495 1.70864040 -0.74413236
3280 495 1.64724391 -0.59767257
3290 495 1.58584742 -0.45121278
3300 495 1.46579841 -0.29171909
3310 495 1.30699072 -0.12296449
3320 495 1.14904052 0.04527563
3330 495 0.99091882 0.21711721
3340 495 0.83382612 0.39650473
3350 495 0.67759091 0.57537775
3360 495 0.49151495 0.73950190
3370 495 0.28537365 0.89350763
