450 134 0.00000000 0.00000000
460 134 0.00000000 0.05186521
470 134 -0.00082907 0.10428956
480 134 -0.00082907 0.15615477
490 134 -0.05078549 0.15004277
500 134 -0.11385281 0.12985583
510 134 -0.17553192 0.10993882
520 134 -0.23859925 0.08975188
530 134 -0.30027836 0.06983487
540 134 -0.39126420 0.01540532
550 134 -0.51070843 -0.07049041
560 134 -0.62932359 -0.15694528
570 134 -0.74849789 -0.24422922
580 134 -0.79594781 -0.30027836
590 134 -0.81198939 -0.34373716
600 134 -0.82859011 -0.38802504
610 134 -0.84463169 -0.43148384
620 134 -0.86067327 -0.47494265
630 134 -0.87727400 -0.51923052
640 134 -0.89857922 -0.56155176
260 138 0.65541044 0.26358709
270 138 0.52960356 0.12891108
280 138 0.38193232 0.05481516
290 138 0.23287286 -0.01955068
300 138 0.08437255 -0.09308745
310 138 0.04700646 -0.18247299
320 138 0.05869059 -0.27960940
330 138 0.06898651 -0.37701573
340 138 0.07288122 -0.47854815
350 138 0.06173695 -0.59164901
360 138 0.04976361 -0.70419073
370 138 0.03917848 -0.81646252
380 138 -0.02036047 -1.00668637
390 138 -0.19346302 -1.37602836
400 138 -0.36600642 -1.74454129
410 138 -0.53854983 -2.11305421
420 138 -0.84623199 -2.49415746
430 138 -1.16945444 -2.87684173
440 138 -1.54724140 -3.24564386
450 138 -1.94830022 -3.60960652
400 6 -0.23258365 0.85161132
410 6 -0.23956328 0.84305067
420 6 -0.24793113 0.83422009
430 6 -0.25491076 0.82565944
440 6 -0.26244953 0.81626971
450 6 -0.27025823 0.80826820
460 6 -0.27723786 0.79970755
470 6 -0.28477664 0.79031783
480 6 -0.29258534 0.78231632
490 6 -0.30012411 0.77292659
500 6 -0.30710374 0.76436594
510 6 -0.31464251 0.75497622
520 6 -0.32245122 0.74697471
530 6 -0.32943085 0.73841406
540 6 -0.33696962 0.72902433
550 6 -0.34477832 0.72102282
560 6 -0.35231709 0.71163310
570 6 -0.41455535 0.63902180
580 6 -0.50079813 0.53797141
590 6 -0.58648177 0.43775008
600 7 -0.67430557 0.35223997
610 7 -0.76536854 0.28338842
620 7 -0.85643151 0.21453687
630 7 -0.94666541 0.14512618
640 7 -0.99382611 0.09129434
650 7 -1.00986770 0.04783553
660 7 -1.02646842 0.00354766
670 7 -1.04306914 -0.04074022
680 7 -1.05966987 -0.08502810
690 7 -1.07627059 -0.12931597
700 7 -1.09370038 -0.17304471
710 7 -1.11030111 -0.21733258
720 7 -1.12690183 -0.26162046
730 7 -1.14350255 -0.30590833
740 7 -1.16010328 -0.35019621
750 7 -1.24769571 -0.44430554
760 7 -1.38206324 -0.57200193
770 7 -1.51560169 -0.70025746
780 7 -1.65052836 -0.82878292
790 7 -1.88515577 -0.98173709
