4970 355 0.00000000 0.00000000
4980 355 0.00000000 0.34488984
4990 355 -0.00000000 0.68977967
5000 355 -0.00713561 1.00815380
5010 355 -0.01924962 1.30060080
5020 355 -0.03210880 1.59238093
5030 355 -0.00734437 1.80913130
5040 355 0.02554149 2.00631020
5050 355 0.05917252 2.20415599
5060 355 0.08971850 2.28248825
5070 355 0.11862628 2.28017736
5080 355 0.14753407 2.27786648
5090 355 0.17644185 2.27555560
5100 355 0.20542791 2.27465676
5110 355 0.23433570 2.27234588
5120 355 0.26324348 2.27003499
5130 355 0.22808732 2.03190678
5140 355 0.13027928 1.55788296
5150 355 0.14198447 1.06645647
5160 355 0.22680286 0.56531095
4980 364 -2.50337617 4.07634220
4990 364 -2.28376981 3.77097513
5000 364 -2.06416346 3.46560806
5010 364 -1.84381194 3.16090787
5020 364 -1.62420558 2.85554079
5030 364 -1.42187431 2.69843555
5040 364 -1.21946475 2.54274236
5050 364 -1.01713348 2.38563712
5060 364 -0.81472392 2.22994393
5070 364 -0.55186317 2.00220454
5080 364 -0.28300051 1.76775867
5090 364 -0.01347097 1.53256763
5100 364 0.26500056 1.30537914
5110 364 0.63054047 1.14134995
5120 364 0.99615866 0.97873281
5130 364 1.36169857 0.81470362
5140 364 1.75237695 0.68256578
5150 364 2.20309768 0.62429210
5160 364 2.65374012 0.56460637
5170 364 3.10446086 0.50633269
4990 365 -2.07902908 4.15550371
5000 365 -1.89680857 3.90390743
5010 365 -1.71525495 3.65305632
5020 365 -1.53303444 3.40146004
5030 365 -1.35796115 3.22532844
5040 365 -1.18457535 3.05708051
5050 365 -1.01044439 2.88949946
5060 365 -0.83639171 2.72050637
5070 365 -0.55635156 2.49606369
5080 365 -0.25018713 2.25742517
5090 365 0.05597729 2.01878665
5100 365 0.36214172 1.78014813
5110 365 0.71018909 1.60717406
5120 365 1.05749129 1.43353311
5130 365 1.40479349 1.25989215
5140 365 1.77264429 1.12477075
5150 365 2.16029850 1.02750201
5160 365 2.54861960 0.92948810
5170 365 2.92520942 0.86257688
5180 365 3.25389408 0.91517338
