3030 616 0.00000000 0.00000000
3040 616 0.00000000 0.05943904
3050 616 -0.00173287 0.12029130
3060 616 -0.00087485 0.17441397
3070 616 0.01431719 0.17818254
3080 616 0.02831472 0.18119403
3090 616 0.04350676 0.18496260
3100 616 0.05772300 0.18894987
3110 616 0.07193925 0.19293715
3120 616 0.08691257 0.19572993
3130 616 0.10112881 0.19971721
3140 616 0.11632085 0.20348577
3150 616 0.13053709 0.20747305
3160 616 0.14572913 0.21124162
3170 616 0.15972666 0.21425311
3180 616 0.17394290 0.21824039
3190 616 0.18913494 0.22200895
3200 616 0.20335118 0.22599623
3210 616 0.23324736 0.32280129
3220 616 0.26292482 0.41863055
2840 429 -0.72526402 1.09411248
2850 429 -0.72819138 1.09476861
2860 429 -0.73209454 1.09564346
2870 429 -0.73502191 1.09629959
2880 429 -0.73892507 1.09717444
2890 429 -0.74185244 1.09783057
2900 429 -0.74477981 1.09848670
2910 429 -0.74868296 1.09936155
2920 429 -0.75161033 1.10001768
2930 429 -0.75551349 1.10089253
2940 429 -0.75844086 1.10154866
2950 429 -0.76234402 1.10242351
2960 429 -0.77146260 1.09831846
2970 429 -0.79274491 1.08566685
2980 429 -0.81424593 1.07203944
2990 429 -0.83574695 1.05841204
3000 429 -0.85724797 1.04478463
3010 429 -0.87874899 1.03115722
3020 429 -0.90025000 1.01752982
3030 429 -0.92175102 1.00390241
2960 444 -0.71730628 0.10543575
2970 444 -0.72164686 0.10435901
2980 444 -0.72576873 0.10425807
2990 444 -0.73010932 0.10318134
3000 444 -0.73423118 0.10308039
3010 444 -0.73857177 0.10200366
3020 444 -0.74291235 0.10092693
3030 444 -0.74703422 0.10082598
3040 444 -0.75235059 0.09996796
3050 444 -0.75669117 0.09889123
3060 444 -0.76103175 0.09781449
3070 444 -0.76515362 0.09771355
3080 444 -0.76949420 0.09663682
3090 444 -0.77383478 0.09556008
3100 444 -0.77795665 0.09545914
3110 444 -0.78229723 0.09438241
3120 444 -0.78663781 0.09330567
3130 444 -0.79075968 0.09320473
3140 444 -0.79510027 0.09212800
3150 444 -0.79944085 0.09105126
3030 416 -0.44309259 0.58814876
3040 416 -0.44916604 0.58848523
3050 416 -0.45643399 0.58806464
3060 416 -0.46348323 0.58861983
3070 416 -0.47053246 0.58917502
3080 416 -0.47660591 0.58951150
3090 416 -0.48365515 0.59006669
3100 416 -0.49092310 0.58964609
3110 416 -0.49699655 0.58998257
3120 416 -0.50404579 0.59053776
3130 416 -0.51109503 0.59109295
3140 416 -0.51716848 0.59142943
3150 416 -0.52421771 0.59198462
3160 416 -0.53148566 0.59156402
3170 416 -0.53755911 0.59190050
3180 416 -0.54460835 0.59245569
3190 416 -0.55165759 0.59301088
3200 416 -0.55870683 0.59356607
3210 416 -0.56499899 0.59292676
3220 416 -0.57182952 0.59445774
3040 430 -0.94422783 0.99049372
3050 430 -0.96572885 0.97686631
3060 430 -0.98722987 0.96323890
3070 430 -1.00873089 0.94961150
3080 430 -1.03023191 0.93598409
3090 430 -1.05173292 0.92235669
3100 430 -1.07323394 0.90872928
3110 430 -1.09473496 0.89510187
3120 430 -1.11623598 0.88147447
3130 430 -1.13773700 0.86784706
3140 430 -1.16021381 0.85443837
3150 430 -1.23363356 0.80120736
3160 430 -1.33018626 0.73164030
3170 430 -1.42695766 0.66109744
3180 430 -1.47724448 0.62420250
3190 430 -1.48028961 0.61976097
3200 430 -1.48333475 0.61531945
3210 430 -1.48637989 0.61087792
3220 430 -1.49040081 0.60665511
3230 430 -1.49366466 0.60123780
3100 619 -0.03075420 -0.56700104
3110 619 -0.00979154 -0.55120334
3120 619 0.01041403 -0.53421115
3130 619 0.03040089 -0.51819474
3140 619 0.05158226 -0.50142125
3150 619 0.07156912 -0.48540484
3160 619 0.09177469 -0.46841264
3170 619 0.11295606 -0.45163916
3180 619 0.13294292 -0.43562275
3190 619 0.15314849 -0.41863055
3200 619 0.17411114 -0.40283286
3210 619 0.19431672 -0.38584066
3220 619 0.34521080 -0.19727773
3230 619 0.50947993 0.00980837
3240 619 0.59333053 0.19187724
3250 619 0.66828127 0.37081686
3260 619 0.73993451 0.58533915
3270 619 0.80886226 0.85171289
3280 619 0.87681423 1.11830533
3290 619 0.79119711 1.21640583
3160 445 -0.80356272 0.09095032
3170 445 -0.80790330 0.08987358
3180 445 -0.81224388 0.08879685
3190 445 -0.81636575 0.08869591
3200 445 -0.81929312 0.08935204
3210 445 -0.82068951 0.09683870
3220 445 -0.82132882 0.10313086
3230 445 -0.82294392 0.10964174
3240 445 -0.82336452 0.11690969
3250 445 -0.82400383 0.12320185
3260 445 -0.82561893 0.12971272
3270 445 -0.82603952 0.13698067
3280 445 -0.82765462 0.14349154
3290 445 -0.82807522 0.15075949
3300 445 -0.82871453 0.15705165
3310 445 -0.83032963 0.16356252
3320 445 -0.83096894 0.16985468
3330 445 -0.83236533 0.17734134
3340 445 -0.83300464 0.18363350
3350 445 -0.83364395 0.18992566
