4050 264 0.00000000 0.00000000
4060 264 -0.00000000 0.15608011
4070 264 0.00035238 0.30116586
4080 264 0.00167222 0.44728314
4090 264 0.00302409 0.59240092
4100 264 0.01444771 0.64179223
4110 264 0.03288696 0.62837604
4120 264 0.05132621 0.61495985
4130 264 0.06976546 0.60154367
4140 264 0.08820471 0.58812748
4150 264 0.10667599 0.57371180
4160 264 0.12411575 0.56026358
4170 264 0.14255500 0.54684739
4180 264 0.16099425 0.53343121
4190 264 0.17946553 0.51901553
4200 264 0.19790478 0.50559934
4210 264 0.21634403 0.49218316
4220 264 0.23478328 0.47876697
4230 264 0.27693471 0.38106714
4240 264 0.37540338 0.08707067
3900 306 -1.90098536 1.52988746
3910 306 -1.83846618 1.23373826
3920 306 -1.71842526 0.95343989
3930 306 -1.51216579 0.69891674
3940 306 -1.30690581 0.44436156
3950 306 -1.08155359 0.21846474
3960 306 -0.83614115 0.02222577
3970 306 -0.59072871 -0.17401321
3980 306 -0.35314558 -0.34448977
3990 306 -0.17403243 -0.28272020
4000 306 0.00504869 -0.21995116
4010 306 0.18313032 -0.15721414
4020 306 0.33470633 -0.11033437
4030 306 0.44707171 -0.08872367
4040 306 0.55840556 -0.06614552
4050 306 0.66977145 -0.04456686
4060 306 0.62911925 -0.18093914
4070 306 0.58846705 -0.31731142
4080 306 0.54684739 -0.45471522
4090 306 0.50619519 -0.59108750
3900 701 -0.29056233 -2.20343902
3910 701 -0.30160794 -2.13976019
3920 701 -0.31368507 -2.07511389
3930 701 -0.32573017 -2.01146709
3940 701 -0.33780730 -1.94682080
3950 701 -0.33162458 -1.82756153
3960 701 -0.29811615 -1.62438381
3970 701 -0.26457568 -1.42220558
3980 701 -0.27014974 -1.24829488
3990 701 -0.27572380 -1.07438419
4000 701 -0.35374143 -0.88778770
4010 701 -0.46196790 -0.69515585
4020 701 -0.57016234 -0.50352349
4030 701 -0.60875791 -0.20460647
4040 701 -0.63970996 0.10556118
4050 701 -0.67478170 0.29453465
4060 701 -0.71425502 0.40232545
4070 701 -0.75272885 0.51014829
4080 701 -0.74719964 0.58736505
4090 701 -0.73657689 0.66174352
4100 702 -0.72595414 0.73612199
4110 702 -0.71565814 0.78947921
4120 702 -0.70666917 0.75875140
4130 702 -0.69768020 0.72802359
4140 702 -0.68965867 0.69626426
4150 702 -0.68066970 0.66553645
4160 702 -0.67168073 0.63480863
4170 702 -0.66265972 0.60308134
4180 702 -0.65367074 0.57235353
4190 702 -0.64468177 0.54162572
4200 702 -0.63566076 0.50989842
4210 702 -0.62667179 0.47917061
4220 702 -0.61868230 0.44841076
4230 702 -0.60879635 0.38969732
4240 702 -0.59905776 0.08585335
4250 702 -0.51419749 -0.22058545
4260 702 -0.25304314 -0.53337995
4270 702 -0.03628906 -0.86560678
4280 702 0.11336486 -1.22699813
4290 702 0.33249593 -1.60217086
