400 6 0.00000000 0.00000000
410 6 -0.00000000 0.01104536
420 6 0.00090536 0.02317715
430 6 0.00090536 0.03422251
440 6 0.00081482 0.04626377
450 6 0.00181071 0.05739966
460 6 0.00181071 0.06844502
470 6 0.00172018 0.08048628
480 6 0.00271607 0.09162217
490 6 0.00262554 0.10366343
500 6 0.00262554 0.11470879
510 6 0.00253500 0.12675004
520 6 0.00353089 0.13788594
530 6 0.00353089 0.14893130
540 6 0.00344036 0.16097256
550 6 0.00443625 0.17210845
560 6 0.00434572 0.18414971
570 6 0.00669965 0.27975546
580 6 0.00968732 0.41257139
590 6 0.01276554 0.54439144
250 133 -1.19652042 -0.89901996
260 133 -1.09756485 -0.79463224
270 133 -1.03717751 -0.69676310
280 133 -1.03428036 -0.60713271
290 133 -1.03129268 -0.51849822
300 133 -1.02830500 -0.42986372
310 133 -1.01789339 -0.34557494
320 133 -0.94736605 -0.30401904
330 133 -0.87584281 -0.26237259
340 133 -0.80431957 -0.22072615
350 133 -0.73379222 -0.17917024
360 133 -0.68327328 -0.13842916
370 133 -0.68173417 -0.10013254
380 133 -0.67919917 -0.06174538
390 133 -0.67775059 -0.02245287
400 133 -0.67521559 0.01593429
410 133 -0.70301007 0.17808381
420 133 -0.73397329 0.35299887
430 133 -0.76502705 0.52890983
440 133 -0.75117508 0.55326394
260 138 -1.05981144 -0.10538361
270 138 -1.04740805 0.07849449
280 138 -0.97977784 0.22923651
290 138 -0.91124228 0.38106496
300 138 -0.84261619 0.53189751
310 138 -0.87013906 0.62478718
320 138 -0.94057587 0.69268899
330 138 -1.01010732 0.76167723
340 138 -1.07728484 0.83790833
350 138 -1.14011665 0.93260872
360 138 -1.20195256 1.02739965
370 138 -1.26469384 1.12110414
380 138 -1.33875208 1.30615921
390 138 -1.43797925 1.70180042
400 138 -1.53711590 2.09644574
410 138 -1.63625254 2.49109105
420 138 -1.63860647 2.98088944
430 138 -1.62991504 3.48173319
440 138 -1.57016144 4.00629730
450 138 -1.48931302 4.54181624
450 134 -0.71840114 0.51306607
460 134 -0.68562720 0.47286820
470 134 -0.65185737 0.43276087
480 134 -0.61908343 0.39256299
490 134 -0.58422717 0.42886783
500 134 -0.54810341 0.48436624
510 134 -0.51288500 0.53877822
520 134 -0.47676124 0.59427664
530 134 -0.44154283 0.64868862
540 134 -0.40541907 0.74836848
550 134 -0.36712245 0.89041906
560 134 -0.32982172 1.03237911
570 134 -0.29261153 1.17533506
580 134 -0.29125350 1.24875955
590 134 -0.30628243 1.29257885
600 134 -0.32140190 1.33739404
610 134 -0.33643083 1.38121334
620 134 -0.35145977 1.42503264
630 134 -0.36657924 1.46984784
640 134 -0.37680978 1.51611160
