546 30 0.00000000 0.00000000
548 30 -0.00000000 0.12369317
550 30 -0.05093248 0.20858064
552 30 -0.11641710 0.31772167
554 30 -0.26921454 0.36622879
556 30 -0.44626555 0.40018378
558 30 -0.59663764 0.45839233
560 30 -0.77126329 0.46081769
562 30 -0.90223253 0.47294447
564 30 -1.05988068 0.46081769
566 30 -1.18114849 0.47051911
568 30 -1.29514024 0.46809376
570 30 -1.41640805 0.47779518
572 30 -1.54252658 0.46809376
574 30 -1.62983940 0.44869091
576 30 -1.68319724 0.35895273
578 30 -1.67834653 0.21343135
580 30 -1.67107046 0.07761140
582 30 -1.64681689 -0.07276069
584 30 -1.63469011 -0.18917779
529 23 -0.91435931 -2.00819498
531 23 -0.84402398 -1.72685365
533 23 -0.77368864 -1.36305021
535 23 -0.67909975 -0.98469464
537 23 -0.59663764 -0.61361513
539 23 -0.51175017 -0.23283420
541 23 -0.45839233 0.06305926
543 23 -0.42443734 0.32257238
545 23 -0.40988521 0.54570516
547 23 -0.42686270 0.72518152
549 23 -0.37835558 0.87797896
551 23 -0.32257238 0.97741857
553 23 -0.25223705 1.01137356
555 23 -0.18190172 1.00409749
557 23 -0.07276069 1.02835105
559 23 -0.01212678 1.02350034
561 23 0.07276069 1.03320176
563 23 0.15764816 1.04290319
565 23 0.22555813 1.02592569
567 23 0.34440059 1.04775390
