4430 104 0.00000000 0.00000000
4440 104 0.00000000 0.00000000
4450 104 0.00000000 0.00000000
4460 104 0.00000000 0.00000000
4470 104 0.00000000 0.00000000
4480 104 0.00000000 0.02000000
4490 104 0.00000000 0.02000000
4500 104 0.00000000 0.02000000
4510 104 0.00000000 0.00000000
4520 104 0.00000000 0.00000000
4530 104 0.00000000 0.00000000
4540 104 0.00000000 0.00000000
4550 104 0.00000000 0.00000000
4560 104 0.00000000 0.00000000
4570 104 0.00000000 0.00000000
4580 104 0.00000000 0.00000000
4590 104 0.00000000 0.02000000
4600 104 -0.02000000 0.02000000
4610 104 -0.04000000 0.04000000
4620 104 -0.05000000 0.06000000
4430 106 0.03000000 0.95000000
4440 106 0.03000000 0.95000000
4450 106 0.03000000 0.95000000
4460 106 0.03000000 0.95000000
4470 106 0.03000000 0.95000000
4480 106 0.03000000 0.95000000
4490 106 0.03000000 0.95000000
4500 106 0.03000000 0.95000000
4510 106 0.03000000 0.95000000
4520 106 0.03000000 0.95000000
4530 106 0.03000000 0.95000000
4540 106 0.03000000 0.95000000
4550 106 0.03000000 0.95000000
4560 106 0.03000000 0.95000000
4570 106 0.03000000 0.95000000
4580 106 0.03000000 0.95000000
4590 106 0.03000000 0.95000000
4600 106 0.03000000 0.95000000
4610 106 0.03000000 0.95000000
4620 106 0.03000000 0.95000000
