0 5 0.00000000 0.00000000
10 5 0.00000000 0.00000000
20 5 0.00000000 0.00000000
30 5 0.00000000 0.00000000
40 5 0.00000000 0.00000000
50 5 0.00000000 0.00000000
60 5 0.00000000 0.00000000
70 5 0.00000000 0.00000000
80 5 0.00000000 0.00000000
90 5 0.00000000 0.00000000
100 5 0.00000000 0.00000000
110 5 0.00000000 0.00000000
120 5 0.00000000 0.00000000
130 5 0.00000000 0.00000000
140 5 0.00000000 0.00000000
150 5 0.00000000 0.00000000
160 5 0.00000000 0.00000000
170 5 0.00000000 0.00000000
180 5 0.00000000 0.00000000
190 5 0.00000000 0.00000000
0 6 -0.13000000 0.39000000
10 6 -0.13000000 0.39000000
20 6 -0.13000000 0.39000000
30 6 -0.13000000 0.39000000
40 6 -0.13000000 0.39000000
50 6 -0.13000000 0.39000000
60 6 -0.13000000 0.39000000
70 6 -0.13000000 0.39000000
80 6 -0.13000000 0.39000000
90 6 -0.13000000 0.39000000
100 6 -0.13000000 0.39000000
110 6 -0.11000000 0.39000000
120 6 -0.11000000 0.39000000
130 6 -0.11000000 0.39000000
140 6 -0.11000000 0.39000000
150 6 -0.11000000 0.39000000
160 6 -0.11000000 0.39000000
170 6 -0.11000000 0.39000000
180 6 -0.11000000 0.39000000
190 6 -0.11000000 0.39000000
0 8 0.14000000 -1.69000000
10 8 0.14000000 -1.69000000
20 8 0.14000000 -1.69000000
30 8 0.14000000 -1.69000000
40 8 0.14000000 -1.69000000
50 8 0.14000000 -1.69000000
60 8 0.14000000 -1.69000000
70 8 0.14000000 -1.69000000
80 8 0.14000000 -1.69000000
90 8 0.14000000 -1.69000000
100 8 0.14000000 -1.69000000
110 8 0.14000000 -1.69000000
120 8 0.14000000 -1.69000000
130 8 0.14000000 -1.69000000
140 8 0.14000000 -1.69000000
150 8 0.14000000 -1.69000000
160 8 0.14000000 -1.69000000
170 8 0.14000000 -1.69000000
180 8 0.08000000 -1.58000000
190 8 0.14000000 -1.67000000
