6840 138 0.00000000 0.00000000
6850 138 0.00000000 0.02000000
6860 138 0.00000000 0.04000000
6870 138 0.00000000 0.04000000
6880 138 0.00000000 0.04000000
6890 138 -0.07000000 0.08000000
6900 138 -0.06000000 0.08000000
6910 138 -0.06000000 0.08000000
6920 138 -0.05000000 0.01000000
6930 138 -0.01000000 -0.01000000
6940 138 0.01000000 -0.03000000
6950 138 -0.00000000 -0.02000000
6960 138 0.02000000 0.02000000
6970 138 0.00000000 0.01000000
6980 138 0.01000000 -0.01000000
6990 138 0.03000000 -0.05000000
7000 138 0.05000000 -0.04000000
7010 138 0.00000000 0.00000000
7020 138 0.07000000 -0.00000000
7030 138 -0.03000000 0.07000000
6840 140 1.00000000 -0.17000000
6850 140 0.98000000 -0.13000000
6860 140 0.96000000 -0.11000000
6870 140 0.96000000 -0.12000000
6880 140 0.97000000 -0.12000000
6890 140 0.96000000 -0.14000000
6900 140 0.95000000 -0.21000000
6910 140 0.95000000 -0.18000000
6920 140 0.97000000 -0.15000000
6930 140 0.98000000 -0.11000000
6940 140 0.98000000 -0.09000000
6950 140 0.98000000 -0.09000000
6960 140 0.98000000 -0.09000000
6970 140 0.98000000 -0.09000000
6980 140 0.98000000 -0.09000000
6990 140 0.98000000 -0.09000000
7000 140 0.98000000 -0.09000000
7010 140 0.98000000 -0.09000000
7020 140 0.98000000 -0.09000000
7030 140 0.98000000 -0.09000000
