12520 294 0.00000000 0.00000000
12530 294 0.00000000 0.16031220
12540 294 -0.00561405 0.25013693
12550 294 0.01309944 0.11103335
12560 294 0.01746592 0.20148186
12570 294 0.01309944 0.27134554
12580 294 0.01185187 0.29130660
12590 294 0.06424963 0.09419121
12600 294 0.07797286 0.03493184
12610 294 0.02432753 0.09169608
12620 294 0.04865506 0.18339216
12630 294 0.03992210 0.16280733
12640 294 0.03805075 0.19274890
12650 294 0.03430806 0.25263206
12660 294 0.01933727 0.17154029
12670 294 0.01559457 0.23142344
12680 294 0.01309944 0.27134554
12690 294 0.01185187 0.29130660
12700 294 0.01060431 0.31126765
12710 294 0.00998053 0.32124817
12520 292 0.33746653 1.97489654
12530 292 0.33746653 1.97489654
12540 292 0.33746653 1.97489654
12550 292 0.33746653 1.97489654
12560 292 0.33746653 1.97489654
12570 292 0.33746653 1.97489654
12580 292 0.33746653 1.97489654
12590 292 0.33746653 1.97489654
12600 292 0.33746653 1.97489654
12610 292 0.33746653 1.97489654
12620 292 0.33746653 1.97489654
12630 292 0.33746653 1.97489654
12640 292 0.33746653 1.97489654
12650 292 0.33746653 1.97489654
12660 292 0.33746653 1.97489654
12670 292 0.33746653 1.97489654
12680 292 0.33746653 1.97489654
12690 292 0.33746653 1.97489654
12700 292 0.33746653 1.97489654
12710 292 0.33746653 1.97489654
12520 293 0.40233995 0.29567308
12530 293 0.40233995 0.29567308
12540 293 0.40233995 0.29567308
12550 293 0.40233995 0.29567308
12560 293 0.40233995 0.29567308
12570 293 0.40233995 0.29567308
12580 293 0.40233995 0.29567308
12590 293 0.40233995 0.29567308
12600 293 0.40233995 0.29567308
12610 293 0.40233995 0.29567308
12620 293 0.40233995 0.29567308
12630 293 0.40233995 0.29567308
12640 293 0.40233995 0.29567308
12650 293 0.40233995 0.29567308
12660 293 0.40233995 0.29567308
12670 293 0.40233995 0.29567308
12680 293 0.40233995 0.29567308
12690 293 0.40233995 0.29567308
12700 293 0.40233995 0.29567308
12710 293 0.40233995 0.29567308
