7040 139 0.00000000 0.00000000
7050 139 -0.00000000 0.06000000
7060 139 0.04000000 -0.06000000
7070 139 0.05000000 -0.07000000
7080 139 0.05000000 -0.07000000
7090 139 0.05000000 -0.07000000
7100 139 0.02000000 0.01000000
7110 139 0.05000000 -0.06000000
7120 139 -0.00000000 0.07000000
7130 139 0.04000000 -0.06000000
7140 139 0.05000000 -0.07000000
7150 139 0.05000000 -0.07000000
7160 139 0.05000000 -0.07000000
7170 139 0.05000000 -0.07000000
7180 139 0.05000000 -0.07000000
7190 139 0.05000000 -0.07000000
7200 139 0.05000000 -0.07000000
7210 139 0.05000000 -0.07000000
7220 139 0.05000000 -0.07000000
7230 139 0.05000000 -0.07000000
7040 141 -0.97000000 0.10000000
7050 141 -0.97000000 0.10000000
7060 141 -0.97000000 0.10000000
7070 141 -0.97000000 0.10000000
7080 141 -0.97000000 0.10000000
7090 141 -0.97000000 0.10000000
7100 141 -0.97000000 0.10000000
7110 141 -0.97000000 0.10000000
7120 141 -0.97000000 0.10000000
7130 141 -0.97000000 0.10000000
7140 141 -0.97000000 0.10000000
7150 141 -0.97000000 0.10000000
7160 141 -0.97000000 0.10000000
7170 141 -0.97000000 0.10000000
7180 141 -0.97000000 0.10000000
7190 141 -0.97000000 0.10000000
7200 141 -0.97000000 0.10000000
7210 141 -0.97000000 0.10000000
7220 141 -0.97000000 0.10000000
7230 141 -0.97000000 0.10000000
