16320 370 0.00000000 0.00000000
16330 370 -0.00000000 0.02828427
16340 370 -0.01414214 0.04242641
16350 370 -0.01414214 0.05656854
16360 370 -0.06363961 0.04949747
16370 370 -0.06363961 0.04949747
16380 370 -0.06363961 0.04949747
16390 370 -0.06363961 0.04949747
16400 370 -0.03535534 0.04949747
16410 370 -0.03535534 0.04949747
16420 370 -0.03535534 0.04949747
16430 370 -0.04949747 -0.03535534
16440 370 -0.16263456 -0.00707107
16450 370 -0.20506097 -0.02121320
16460 370 -0.07778175 -0.10606602
16470 370 -0.07071068 -0.11313708
16480 370 -0.17677670 -0.06363961
16490 370 -0.19798990 -0.07071068
16500 370 -0.22627417 -0.07071068
16510 370 -0.08485281 -0.11313708
16320 373 0.31819805 0.41719300
16330 373 0.31819805 0.41719300
16340 373 0.31112698 0.42426407
16350 373 0.29698485 0.43840620
16360 373 0.27577164 0.44547727
16370 373 0.26870058 0.45254834
16380 373 0.26870058 0.45254834
16390 373 0.11313708 0.38183766
16400 373 0.14849242 0.37476659
16410 373 0.25455844 0.43840620
16420 373 0.26870058 0.45254834
16430 373 0.26870058 0.38183766
16440 373 0.27577164 0.30405592
16450 373 0.28284271 0.29698485
16460 373 0.28284271 0.29698485
16470 373 0.28284271 0.29698485
16480 373 0.28284271 0.29698485
16490 373 0.25455844 0.36769553
16500 373 0.27577164 0.30405592
16510 373 0.28284271 0.29698485
