13130 309 0.00000000 0.00000000
13140 309 0.00000000 0.00000000
13150 309 0.00000000 0.00000000
13160 309 0.00000000 0.02828427
13170 309 0.00000000 0.02828427
13180 309 0.00000000 0.02828427
13190 309 -0.00000000 0.05656854
13200 309 0.00707107 0.06363961
13210 309 0.00707107 0.06363961
13220 309 0.00707107 0.06363961
13230 309 0.00707107 0.06363961
13240 309 -0.00707107 0.07778175
13250 309 -0.02121320 0.09192388
13260 309 -0.02121320 0.09192388
13270 309 -0.02121320 0.09192388
13280 309 -0.02121320 0.09192388
13290 309 -0.02121320 0.09192388
13300 309 -0.02121320 0.09192388
13310 309 -0.02121320 0.09192388
13320 309 -0.01414214 0.02828427
13130 310 -1.01823376 -1.08894444
13140 310 -1.01823376 -1.08894444
13150 310 -1.01823376 -1.08894444
13160 310 -1.00409163 -1.10308658
13170 310 -0.98994949 -1.11722871
13180 310 -0.96873629 -1.09601551
13190 310 -0.92630988 -1.05358910
13200 310 -0.91923882 -1.04651804
13210 310 -0.97580736 -1.10308658
13220 310 -1.04651804 -1.14551299
13230 310 -1.09601551 -1.18086832
13240 310 -1.08894444 -1.17379726
13250 310 -1.07480231 -1.15965512
13260 310 -1.04651804 -1.15965512
13270 310 -1.03237590 -1.17379726
13280 310 -1.03237590 -1.17379726
13290 310 -1.03237590 -1.17379726
13300 310 -1.03237590 -1.17379726
13310 310 -1.03237590 -1.17379726
13320 310 -0.94752309 -1.24450793
