6840 140 0.00000000 0.00000000
6850 140 0.00000000 0.04472136
6860 140 -0.00894427 0.07155418
6870 140 -0.01341641 0.06260990
6880 140 -0.00447214 0.05813777
6890 140 -0.02236068 0.04472136
6900 140 -0.06260990 -0.01341641
6910 140 -0.04919350 0.01341641
6920 140 -0.01788854 0.03130495
6930 140 0.00894427 0.06260990
6940 140 0.01788854 0.08049845
6950 140 0.01788854 0.08049845
6960 140 0.01788854 0.08049845
6970 140 0.01788854 0.08049845
6980 140 0.01788854 0.08049845
6990 140 0.01788854 0.08049845
7000 140 0.01788854 0.08049845
7010 140 0.01788854 0.08049845
7020 140 0.01788854 0.08049845
7030 140 0.01788854 0.08049845
6840 138 -0.81840088 0.59926622
6850 138 -0.80945661 0.61715476
6860 138 -0.80051234 0.63504331
6870 138 -0.80051234 0.63504331
6880 138 -0.80051234 0.63504331
6890 138 -0.84523370 0.70212534
6900 138 -0.83628942 0.69765321
6910 138 -0.83628942 0.69765321
6920 138 -0.85865010 0.63057117
6930 138 -0.83181729 0.59479408
6940 138 -0.82287302 0.56796127
6950 138 -0.82734515 0.58137767
6960 138 -0.79156806 0.60821049
6970 138 -0.81392874 0.60821049
6980 138 -0.81392874 0.58584981
6990 138 -0.81392874 0.54112845
7000 138 -0.79156806 0.54112845
7010 138 -0.81840088 0.59926622
7020 138 -0.75579098 0.56796127
7030 138 -0.81392874 0.67529253
