16520 374 0.00000000 0.00000000
16530 374 0.00000000 0.00000000
16540 374 0.00000000 0.00000000
16550 374 0.00000000 0.00000000
16560 374 0.00000000 0.00000000
16570 374 0.00000000 0.00000000
16580 374 0.00000000 0.00000000
16590 374 0.00000000 0.00000000
16600 374 0.00000000 0.00000000
16610 374 -0.00000000 0.08062258
16620 374 -0.00496139 0.00868243
16630 374 0.00000000 0.00000000
16640 374 0.00000000 0.00000000
16650 374 0.00000000 0.00000000
16660 374 0.00000000 0.00000000
16670 374 0.00000000 0.00000000
16680 374 0.00000000 0.00000000
16690 374 0.00000000 0.00000000
16700 374 0.00000000 0.00000000
16710 374 0.00000000 0.00000000
16520 371 -0.44900574 -0.30264475
16530 371 -0.55195457 -0.22326252
16540 371 -0.57055978 -0.21085905
16550 371 -0.57055978 -0.21085905
16560 371 -0.54327214 -0.21830113
16570 371 -0.54823353 -0.20961870
16580 371 -0.54079144 -0.18233106
16590 371 -0.57180013 -0.18853280
16600 371 -0.45396713 -0.29396232
16610 371 -0.53458971 -0.21333974
16620 371 -0.56187735 -0.20589766
16630 371 -0.46264956 -0.29892371
16640 371 -0.44900574 -0.30264475
16650 371 -0.44900574 -0.30264475
16660 371 -0.53458971 -0.21333974
16670 371 -0.55071422 -0.24558877
16680 371 -0.46264956 -0.29892371
16690 371 -0.44900574 -0.30264475
16700 371 -0.57180013 -0.26915537
16710 371 -0.54823353 -0.20961870
