9610 204 0.00000000 0.00000000
9620 204 0.00000000 0.00000000
9630 204 -0.00000000 0.35846897
9640 204 0.08675786 0.52780022
9650 204 0.33113048 0.70968486
9660 204 0.46614914 0.86255723
9670 204 0.53644811 0.98362769
9680 204 0.66588749 1.04723152
9690 204 0.80620647 1.06982762
9700 204 0.81987571 1.07345415
9710 204 0.81987571 1.07345415
9720 204 0.80983300 1.05615837
9730 204 0.80983300 1.05615837
9740 204 0.80983300 1.05615837
9750 204 0.80983300 1.05615837
9760 204 0.80983300 1.05615837
9770 204 0.80983300 1.05615837
9780 204 0.80983300 1.05615837
9790 204 0.80983300 1.05615837
9800 204 0.80983300 1.05615837
9570 181 -0.26529493 1.27570318
9580 181 -0.26529493 1.27570318
9590 181 -0.26529493 1.27570318
9600 181 -0.26529493 1.27570318
9610 181 -0.26529493 1.27570318
9620 181 -0.26529493 1.27570318
9630 181 -0.26529493 1.27570318
9640 181 -0.26529493 1.27570318
9650 181 -0.23795644 1.28295625
9660 181 -0.23795644 1.28295625
9670 181 -0.23795644 1.28295625
9680 181 -0.23795644 1.28295625
9690 181 -0.23795644 1.28295625
9700 181 -0.23795644 1.28295625
9710 181 -0.23795644 1.28295625
9720 181 -0.23795644 1.28295625
9730 181 -0.23795644 1.28295625
9740 181 -0.23795644 1.28295625
9750 181 -0.23795644 1.28295625
9760 181 -0.23795644 1.28295625
9770 182 -0.23795644 1.28295625
9780 182 -0.23795644 1.28295625
9790 182 -0.23795644 1.28295625
9800 182 -0.23795644 1.28295625
9810 182 -0.23795644 1.28295625
9820 182 -0.23795644 1.28295625
9830 182 -0.23795644 1.28295625
9840 182 -0.23795644 1.28295625
9850 182 -0.23795644 1.28295625
9860 182 -0.23795644 1.28295625
9870 182 -0.23795644 1.28295625
9880 182 -0.23795644 1.28295625
9890 182 -0.23795644 1.28295625
9900 182 -0.23795644 1.28295625
9910 182 -0.23795644 1.28295625
9920 182 -0.23795644 1.28295625
9930 182 -0.23795644 1.28295625
9940 182 -0.23795644 1.28295625
9950 182 -0.23795644 1.28295625
9960 182 -0.23795644 1.28295625
