12520 293 0.00000000 0.00000000
12530 293 0.00000000 0.00000000
12540 293 0.00000000 0.00000000
12550 293 0.00000000 0.00000000
12560 293 0.00000000 0.00000000
12570 293 0.00000000 0.00000000
12580 293 0.00000000 0.00000000
12590 293 0.00000000 0.00000000
12600 293 0.00000000 0.00000000
12610 293 0.00000000 0.00000000
12620 293 0.00000000 0.00000000
12630 293 0.00000000 0.00000000
12640 293 0.00000000 0.00000000
12650 293 0.00000000 0.00000000
12660 293 0.00000000 0.00000000
12670 293 0.00000000 0.00000000
12680 293 0.00000000 0.00000000
12690 293 0.00000000 0.00000000
12700 293 0.00000000 0.00000000
12710 293 0.00000000 0.00000000
12520 292 -0.04000000 -1.68000000
12530 292 -0.04000000 -1.68000000
12540 292 -0.04000000 -1.68000000
12550 292 -0.04000000 -1.68000000
12560 292 -0.04000000 -1.68000000
12570 292 -0.04000000 -1.68000000
12580 292 -0.04000000 -1.68000000
12590 292 -0.04000000 -1.68000000
12600 292 -0.04000000 -1.68000000
12610 292 -0.04000000 -1.68000000
12620 292 -0.04000000 -1.68000000
12630 292 -0.04000000 -1.68000000
12640 292 -0.04000000 -1.68000000
12650 292 -0.04000000 -1.68000000
12660 292 -0.04000000 -1.68000000
12670 292 -0.04000000 -1.68000000
12680 292 -0.04000000 -1.68000000
12690 292 -0.04000000 -1.68000000
12700 292 -0.04000000 -1.68000000
12710 292 -0.04000000 -1.68000000
12520 294 0.42000000 0.27000000
12530 294 0.41000000 0.11000000
12540 294 0.41000000 0.02000000
12550 294 0.40000000 0.16000000
12560 294 0.39000000 0.07000000
12570 294 0.39000000 0.00000000
12580 294 0.39000000 -0.02000000
12590 294 0.35000000 0.18000000
12600 294 0.34000000 0.24000000
12610 294 0.39000000 0.18000000
12620 294 0.36000000 0.09000000
12630 294 0.37000000 0.11000000
12640 294 0.37000000 0.08000000
12650 294 0.37000000 0.02000000
12660 294 0.39000000 0.10000000
12670 294 0.39000000 0.04000000
12680 294 0.39000000 0.00000000
12690 294 0.39000000 -0.02000000
12700 294 0.39000000 -0.04000000
12710 294 0.39000000 -0.05000000
