5800 163 0.00000000 0.00000000
5810 163 -0.00000000 0.00412311
5820 163 -0.00121268 0.00897382
5830 163 -0.00145521 0.01406707
5840 163 -0.00242536 0.01794764
5850 163 -0.00363803 0.02279835
5860 163 -0.00363803 0.02692145
5870 163 -0.00485071 0.03177217
5880 163 -0.00509325 0.03686542
5890 163 -0.00606339 0.04074599
5900 163 -0.00630593 0.04583923
5910 163 -0.00751860 0.05068995
5920 163 -0.00751860 0.05481305
5930 163 -0.00873128 0.05966376
5940 163 -0.00873128 0.06378687
5950 163 -0.00994396 0.06863758
5960 163 -0.01018650 0.07373083
5970 163 -0.01115664 0.07761140
5980 163 -0.01139917 0.08270465
5990 163 -0.01261185 0.08755536
5710 105 0.54910066 0.09604411
5720 105 0.54861558 0.09798439
5730 105 0.54837305 0.09895454
5740 105 0.54788798 0.10089482
5750 105 0.54643276 0.10259257
5760 105 0.54619023 0.10356271
5770 105 0.54570516 0.10550300
5780 105 0.54522009 0.10744328
5790 105 0.54497755 0.10841342
5800 105 0.54449248 0.11035371
5810 105 0.54400741 0.11229399
5820 105 0.54376487 0.11326414
5830 105 0.54327980 0.11520442
5840 105 0.54182459 0.11690217
5850 105 0.54158205 0.11787231
5860 105 0.54109698 0.11981260
5870 105 0.54061191 0.12175288
5880 105 0.54036937 0.12272303
5890 105 0.53988430 0.12466331
5900 105 0.53867162 0.12539092
5720 134 0.57456690 -0.72324123
5730 134 0.49234732 -0.74895001
5740 134 0.28643457 -0.81176674
5750 134 0.10695821 -0.87725136
5760 134 -0.03249977 -0.94613147
5770 134 -0.17268537 -1.01622427
5780 134 -0.32742309 -1.08995510
5790 134 -0.48313097 -1.16392846
5800 134 -0.63980898 -1.23814437
5810 134 -0.70529360 -1.25245397
5820 134 -0.74846494 -1.25293904
5830 134 -0.79090867 -1.25221143
5840 134 -0.83408001 -1.25269650
5850 134 -0.83917326 -1.25293904
5860 134 -0.83408001 -1.25269650
5870 134 -0.82995691 -1.25269650
5880 134 -0.82486366 -1.25245397
5890 134 -0.82074056 -1.25245397
5900 134 -0.81540477 -1.25318157
5910 134 -0.81128167 -1.25318157
5810 215 -1.29441263 -1.32448705
5820 215 -1.22504744 -1.39579252
5830 215 -1.22237955 -1.40646409
5840 215 -1.21971166 -1.41713566
5850 215 -1.21704377 -1.42780722
5860 215 -1.21413334 -1.43944893
5870 215 -1.21170798 -1.44915036
5880 215 -1.20879756 -1.46079207
5890 215 -1.20612966 -1.47146364
5900 215 -1.20346177 -1.48213520
5910 215 -1.20079388 -1.49280677
5920 215 -1.19812599 -1.50347834
5930 215 -1.19545810 -1.51414991
5940 215 -1.19521556 -1.51512005
5950 215 -1.19376035 -1.51681780
5960 215 -1.19254767 -1.51754541
5970 215 -1.19109245 -1.51924316
5980 215 -1.18987978 -1.51997076
5990 215 -1.18842456 -1.52166851
6000 215 -1.18818203 -1.52263865
5830 235 -1.26797625 -0.80764363
5840 235 -1.25560693 -0.83650537
5850 235 -1.24348015 -0.86439697
5860 235 -1.23208098 -0.89350124
5870 235 -1.22310716 -0.91290409
5880 235 -1.22310716 -0.91290409
5890 235 -1.22237955 -0.91169141
5900 235 -1.22262209 -0.91072127
5910 235 -1.22262209 -0.91072127
5920 235 -1.22189448 -0.90950859
5930 235 -1.22213701 -0.90853845
5940 235 -1.22213701 -0.90853845
5950 235 -1.22140941 -0.90732577
5960 235 -1.22165194 -0.90635563
5970 235 -1.22165194 -0.90635563
5980 235 -1.22092434 -0.90514295
5990 235 -1.22116687 -0.90417281
6000 235 -1.22043927 -0.90296013
6010 235 -1.22043927 -0.90296013
6020 235 -1.22068180 -0.90198999
5910 106 0.53818655 0.12733120
5920 106 0.53770148 0.12927149
5930 106 0.53745895 0.13024163
5940 106 0.53697387 0.13218192
5950 106 0.53648880 0.13412220
5960 106 0.53624627 0.13509234
5970 106 0.53479105 0.13679009
5980 106 0.53430598 0.13873038
5990 106 0.53406345 0.13970052
6000 106 0.53357838 0.14164081
6010 106 0.53309330 0.14358109
6020 106 0.53285077 0.14455123
6030 106 0.53236570 0.14649152
6040 106 0.53091048 0.14818927
6050 106 0.53066795 0.14915941
6060 106 0.53018288 0.15109969
6070 106 0.52994034 0.15206984
6080 106 0.52945527 0.15401012
6090 106 0.52897020 0.15595041
6100 106 0.52775752 0.15667801
5920 135 -0.80618842 -1.25293904
5930 135 -0.80182278 -1.25390918
5940 135 -0.79672953 -1.25366665
5950 135 -0.79163628 -1.25342411
5960 135 -0.78751317 -1.25342411
5970 135 -0.78241993 -1.25318157
5980 135 -0.77805429 -1.25415172
5990 135 -0.77296104 -1.25390918
6000 135 -0.76883793 -1.25390918
6010 135 -0.76374468 -1.25366665
6020 135 -0.75840890 -1.25439425
6030 135 -0.75428579 -1.25439425
6040 135 -0.74919255 -1.25415172
6050 135 -0.74506944 -1.25415172
6060 135 -0.73973366 -1.25487932
6070 135 -0.73561055 -1.25487932
6080 135 -0.73051730 -1.25463679
6090 135 -0.72639420 -1.25463679
6100 135 -0.72105841 -1.25536440
6110 135 -0.71596517 -1.25512186
