4710 100 0.00000000 0.00000000
4720 100 -0.00000000 0.00141421
4730 100 0.00141421 0.00282843
4740 100 0.00282843 0.00424264
4750 100 0.00353553 0.00494975
4760 100 0.00494975 0.00636396
4770 100 0.00636396 0.00777817
4780 100 0.00707107 0.00848528
4790 100 0.00777817 0.01060660
4800 100 0.00848528 0.01131371
4810 100 0.00989949 0.01272792
4820 100 0.01131371 0.01414214
4830 100 0.01202082 0.01484924
4840 100 0.01343503 0.01626346
4850 100 0.01484924 0.01767767
4860 100 0.01484924 0.01909188
4870 100 0.01626346 0.02050610
4880 100 0.01767767 0.02192031
4890 100 0.01838478 0.02262742
4900 100 0.01979899 0.02404163
4520 128 -0.39103005 -0.28072139
4530 128 -0.39315137 -0.28142850
4540 128 -0.39456558 -0.28142850
4550 128 -0.39597980 -0.28142850
4560 128 -0.39810112 -0.28213561
4570 128 -0.39951533 -0.28213561
4580 128 -0.40092954 -0.28213561
4590 128 -0.40305087 -0.28284271
4600 128 -0.40375797 -0.28354982
4610 128 -0.40517219 -0.28354982
4620 128 -0.40729351 -0.28425693
4630 128 -0.40870772 -0.28425693
4640 128 -0.41082904 -0.28496403
4650 128 -0.41224325 -0.28496403
4660 128 -0.41365747 -0.28496403
4670 128 -0.41577879 -0.28567114
4680 128 -0.41719300 -0.28567114
4690 128 -0.41860721 -0.28567114
4700 128 -0.42072853 -0.28637825
4710 128 -0.42143564 -0.28708535
4600 157 -0.51053110 0.39739401
4610 157 -0.50911688 0.40022244
4620 157 -0.50911688 0.40305087
4630 157 -0.50840978 0.40658640
4640 157 -0.50699556 0.40941483
4650 157 -0.50699556 0.41224325
4660 157 -0.50628846 0.41577879
4670 157 -0.50558135 0.41790011
4680 157 -0.50487424 0.42143564
4690 157 -0.50346003 0.42426407
4700 157 -0.50346003 0.42709250
4710 157 -0.50275292 0.43062803
4720 157 -0.50204581 0.43274935
4730 157 -0.50133871 0.43628488
4740 157 -0.50063160 0.43982042
4750 157 -0.49992449 0.44194174
4760 157 -0.49921739 0.44547727
4770 157 -0.49851028 0.44901281
4780 157 -0.49780317 0.45113413
4790 157 -0.49709607 0.45466966
4720 129 -0.42284986 -0.28708535
4730 129 -0.42497118 -0.28779246
4740 129 -0.42638539 -0.28779246
4750 129 -0.42779960 -0.28779246
4760 129 -0.42992092 -0.28849957
4770 129 -0.43133514 -0.28849957
4780 129 -0.43274935 -0.28849957
4790 129 -0.43487067 -0.28920667
4800 129 -0.43628488 -0.28920667
4810 129 -0.43769910 -0.28920667
4820 129 -0.43982042 -0.28991378
4830 129 -0.44123463 -0.28991378
4840 129 -0.44264885 -0.28991378
4850 129 -0.44406306 -0.29132799
4860 129 -0.44547727 -0.29132799
4870 129 -0.44689149 -0.29132799
4880 129 -0.44901281 -0.29203510
4890 129 -0.45042702 -0.29203510
4900 129 -0.45184123 -0.29203510
4910 129 -0.45396255 -0.29274221
4800 158 -0.49568185 0.45749809
4810 158 -0.49568185 0.46032651
4820 158 -0.49497475 0.46386205
4830 158 -0.49426764 0.46598337
4840 158 -0.49356053 0.46951890
4850 158 -0.49285343 0.47305444
4860 158 -0.49214632 0.47517576
4870 158 -0.49143921 0.47871129
4880 158 -0.49143921 0.48153972
4890 158 -0.49002500 0.48436815
4900 158 -0.48931789 0.48790368
4910 158 -0.48931789 0.49073211
4920 158 -0.48790368 0.49356053
4930 158 -0.48790368 0.49638896
4940 158 -0.48719657 0.49992449
4950 158 -0.48578236 0.50275292
4960 158 -0.48578236 0.50558135
4970 158 -0.48507525 0.50911688
4980 158 -0.48436815 0.51123820
4990 158 -0.48366104 0.51477374
