8030 246 0.00000000 0.00000000
8040 246 0.00000000 0.00000000
8050 246 -0.00000000 0.00100000
8060 246 -0.00000000 0.00100000
8070 246 -0.00000000 0.00200000
8080 246 -0.00000000 0.00200000
8090 246 -0.00000000 0.00200000
8100 246 -0.00000000 0.00300000
8110 246 -0.00000000 0.00300000
8120 246 -0.00000000 0.00400000
8130 246 -0.00000000 0.00400000
8140 246 -0.00000000 0.00500000
8150 246 -0.00000000 0.00500000
8160 246 -0.00000000 0.00500000
8170 246 -0.00000000 0.00600000
8180 246 -0.00000000 0.00600000
8190 246 -0.00000000 0.00700000
8200 246 -0.00000000 0.00700000
8210 246 -0.00000000 0.00700000
8220 246 -0.00000000 0.00800000
7910 116 0.81800000 -0.02800000
7920 116 0.81800000 -0.02800000
7930 116 0.81800000 -0.02700000
7940 116 0.81800000 -0.02700000
7950 116 0.81800000 -0.02600000
7960 116 0.81800000 -0.02600000
7970 116 0.81800000 -0.02500000
7980 116 0.81900000 -0.02400000
7990 116 0.81900000 -0.02400000
8000 116 0.81900000 -0.02300000
8010 116 0.81900000 -0.02300000
8020 116 0.81900000 -0.02200000
8030 116 0.81900000 -0.02200000
8040 116 0.81900000 -0.02100000
8050 116 0.81900000 -0.02100000
8060 116 0.81900000 -0.02000000
8070 116 0.81900000 -0.02000000
8080 116 0.82000000 -0.01900000
8090 116 0.82000000 -0.01900000
8100 116 0.82000000 -0.01800000
7920 145 0.66800000 -0.45400000
7930 145 0.66800000 -0.45300000
7940 145 0.66800000 -0.45300000
7950 145 0.66800000 -0.45200000
7960 145 0.66800000 -0.45100000
7970 145 0.66800000 -0.45100000
7980 145 0.66800000 -0.45000000
7990 145 0.66800000 -0.45000000
8000 145 0.66800000 -0.44900000
8010 145 0.66800000 -0.44900000
8020 145 0.66800000 -0.44800000
8030 145 0.66800000 -0.44700000
8040 145 0.66800000 -0.44700000
8050 145 0.66800000 -0.44600000
8060 145 0.66800000 -0.44600000
8070 145 0.66800000 -0.44500000
8080 145 0.66800000 -0.44500000
8090 145 0.66800000 -0.44400000
8100 145 0.66800000 -0.44300000
8110 145 0.66800000 -0.44300000
8010 226 -0.12000000 -0.82700000
8020 226 -0.12000000 -0.82700000
8030 226 -0.12000000 -0.82700000
8040 226 -0.12000000 -0.82700000
8050 226 -0.12000000 -0.82600000
8060 226 -0.12000000 -0.82600000
8070 226 -0.12000000 -0.82600000
8080 226 -0.12000000 -0.82500000
8090 226 -0.12000000 -0.82500000
8100 226 -0.12000000 -0.82500000
8110 226 -0.12000000 -0.82400000
8120 226 -0.12000000 -0.82400000
8130 226 -0.12000000 -0.82400000
8140 226 -0.12000000 -0.82300000
8150 226 -0.12000000 -0.82300000
8160 226 -0.12000000 -0.82300000
8170 226 -0.12000000 -0.82300000
8180 226 -0.12000000 -0.82200000
8190 226 -0.12000000 -0.82200000
8200 226 -0.12000000 -0.82200000
8110 117 0.82000000 -0.01800000
8120 117 0.82000000 -0.01700000
8130 117 0.82000000 -0.01700000
8140 117 0.82000000 -0.01600000
8150 117 0.82000000 -0.01500000
8160 117 0.82000000 -0.01500000
8170 117 0.82100000 -0.01400000
8180 117 0.82100000 -0.01400000
8190 117 0.82100000 -0.01300000
8200 117 0.82100000 -0.01300000
8210 117 0.82100000 -0.01200000
8220 117 0.82100000 -0.01200000
8230 117 0.82100000 -0.01100000
8240 117 0.82100000 -0.01100000
8250 117 0.82100000 -0.01000000
8260 117 0.82200000 -0.01000000
8270 117 0.82200000 -0.00900000
8280 117 0.82200000 -0.00900000
8290 117 0.82200000 -0.00800000
8300 117 0.82200000 -0.00700000
8120 146 0.66800000 -0.44200000
8130 146 0.66800000 -0.44200000
8140 146 0.66800000 -0.44100000
8150 146 0.66800000 -0.44100000
8160 146 0.66800000 -0.44000000
8170 146 0.66800000 -0.43900000
8180 146 0.66800000 -0.43900000
8190 146 0.66800000 -0.43800000
8200 146 0.66800000 -0.43800000
8210 146 0.66800000 -0.43700000
8220 146 0.66800000 -0.43700000
8230 146 0.66800000 -0.43600000
8240 146 0.66800000 -0.43500000
8250 146 0.66800000 -0.43500000
8260 146 0.66800000 -0.43400000
8270 146 0.66800000 -0.43400000
8280 146 0.66800000 -0.43300000
8290 146 0.66800000 -0.43300000
8300 146 0.66800000 -0.43200000
8310 146 0.66800000 -0.43100000
8210 227 -0.12000000 -0.82100000
8220 227 -0.12000000 -0.82100000
8230 227 -0.12000000 -0.82100000
8240 227 -0.12000000 -0.82000000
8250 227 -0.12000000 -0.82000000
8260 227 -0.12000000 -0.82000000
8270 227 -0.12000000 -0.82000000
8280 227 -0.12000000 -0.81900000
8290 227 -0.12000000 -0.81900000
8300 227 -0.12000000 -0.81900000
8310 227 -0.12000000 -0.81800000
8320 227 -0.12000000 -0.81800000
8330 227 -0.12000000 -0.81800000
8340 227 -0.12000000 -0.81800000
8350 227 -0.12000000 -0.81700000
8360 227 -0.12000000 -0.81700000
8370 227 -0.12000000 -0.81600000
8380 227 -0.12000000 -0.81600000
8390 227 -0.12000000 -0.81600000
8400 227 -0.12000000 -0.81600000
