9280 347 0.00000000 0.00000000
9290 347 -0.00000000 0.03106445
9300 347 0.00054725 0.06129193
9310 347 0.00109450 0.09151941
9320 347 0.00247872 0.12229414
9330 347 0.00247872 0.15335859
9340 347 0.00302597 0.18358607
9350 347 0.00357322 0.21381355
9360 347 0.00412047 0.24404102
9370 347 0.00412047 0.27510547
9380 347 0.00550468 0.30588020
9390 347 0.00605193 0.33610768
9400 347 0.00659918 0.36633516
9410 347 0.01442163 0.37264463
9420 347 0.02681522 0.36282633
9430 347 0.03920881 0.35300803
9440 347 0.05214965 0.34235276
9450 347 0.06454323 0.33253447
9460 347 0.07693682 0.32271617
9470 347 0.08987766 0.31206090
9100 350 -1.76037244 1.21585932
9110 350 -1.50561176 0.95231047
9120 350 -1.31861344 0.74123317
9130 350 -1.16081247 0.55288281
9140 350 -1.00677787 0.37760206
9150 350 -0.86362388 0.25733597
9160 350 -0.72159657 0.13513840
9170 350 -0.64832954 0.07790256
9180 350 -0.64523919 0.08231274
9190 350 -0.64214884 0.08672293
9200 350 -0.63960574 0.09197008
9210 350 -0.63567842 0.09692752
9220 350 -0.63258807 0.10133771
9230 350 -0.63004497 0.10658486
9240 350 -0.62695462 0.11099505
9250 350 -0.62386427 0.11540523
9260 350 -0.62048420 0.12119964
9270 350 -0.61739385 0.12560982
9280 350 -0.61430351 0.13002001
9290 350 -0.61176041 0.13526717
9110 122 -0.62209376 1.96011845
9120 122 -0.62154651 1.95928148
9130 122 -0.62154651 1.95928148
9140 122 -0.62099926 1.95844451
9150 122 -0.62183623 1.95789727
9160 122 -0.62128898 1.95706030
9170 122 -0.62128898 1.95706030
9180 122 -0.62074173 1.95622333
9190 122 -0.62019448 1.95538636
9200 122 -0.62019448 1.95538636
9210 122 -0.61964723 1.95454939
9220 122 -0.61964723 1.95454939
9230 122 -0.61909999 1.95371242
9240 122 -0.61909999 1.95371242
9250 122 -0.61938971 1.95232820
9260 122 -0.61938971 1.95232820
9270 122 -0.61884246 1.95149123
9280 122 -0.61884246 1.95149123
9290 122 -0.61829521 1.95065426
9300 122 -0.61774796 1.94981729
9300 351 -0.60783309 0.14022460
9310 351 -0.60474274 0.14463479
9320 351 -0.60219964 0.14988194
9330 351 -0.59910929 0.15429213
9340 351 -0.59601894 0.15870232
9350 351 -0.59263887 0.16449672
9360 351 -0.58954852 0.16890691
9370 351 -0.58645817 0.17331709
9380 351 -0.58336782 0.17772728
9390 351 -0.57998775 0.18352168
9400 351 -0.57689740 0.18793187
9410 351 -0.57380705 0.19234206
9420 351 -0.57126395 0.19758921
9430 351 -0.56817360 0.20199940
9440 351 -0.56234701 0.20222474
9450 351 -0.53772079 0.16456110
9460 351 -0.51254732 0.12606050
9470 351 -0.48737384 0.08755990
9480 351 -0.46220037 0.04905930
9490 351 -0.44436648 0.02726589
9310 123 -0.61774796 1.94981729
9320 123 -0.61720071 1.94898032
9330 123 -0.61720071 1.94898032
9340 123 -0.61749043 1.94759610
9350 123 -0.61749043 1.94759610
9360 123 -0.61694318 1.94675913
9370 123 -0.61694318 1.94675913
9380 123 -0.61639593 1.94592216
9390 123 -0.61639593 1.94592216
9400 123 -0.61584868 1.94508519
9410 123 -0.61530143 1.94424822
9420 123 -0.61530143 1.94424822
9430 123 -0.61475418 1.94341125
9440 123 -0.61475418 1.94341125
9450 123 -0.61420693 1.94257428
9460 123 -0.61504390 1.94202703
9470 123 -0.61449665 1.94119006
9480 123 -0.61449665 1.94119006
9490 123 -0.61394940 1.94035309
9500 123 -0.61394940 1.94035309
