4510 99 0.00000000 0.00000000
4520 99 0.00000000 0.00640312
4530 99 0.00000000 0.01280625
4540 99 0.00000000 0.01920937
4550 99 0.00015617 0.02061494
4560 99 0.00140556 0.01905320
4570 99 0.00343582 0.01811616
4580 99 0.00406052 0.01733529
4590 99 0.00530991 0.01577355
4600 99 0.00655930 0.01421181
4610 99 0.00718399 0.01343094
4620 99 0.00843338 0.01186921
4630 99 0.00905808 0.01108834
4640 99 0.01108834 0.01015129
4650 99 0.01233773 0.00858956
4660 99 0.01296242 0.00780869
4670 99 0.01421181 0.00624695
4680 99 0.01546120 0.00468521
4690 99 0.01608590 0.00390434
4700 99 0.01733529 0.00234261
4320 127 -0.21442658 0.38809180
4330 127 -0.21427040 0.38949736
4340 127 -0.21473892 0.39168379
4350 127 -0.21458275 0.39308936
4360 127 -0.21505127 0.39527579
4370 127 -0.21567597 0.39605666
4380 127 -0.21551979 0.39746222
4390 127 -0.21598831 0.39964866
4400 127 -0.21583214 0.40105422
4410 127 -0.21567597 0.40245978
4420 127 -0.21614449 0.40464622
4430 127 -0.21598831 0.40605178
4440 127 -0.21583214 0.40745734
4450 127 -0.21630066 0.40964378
4460 127 -0.21614449 0.41104934
4470 127 -0.21598831 0.41245491
4480 127 -0.21723770 0.41401664
4490 127 -0.21708153 0.41542221
4500 127 -0.21755005 0.41760864
4510 127 -0.21739388 0.41901420
4400 156 0.41167404 0.48429484
4410 156 0.41370430 0.48335779
4420 156 0.41714012 0.48226458
4430 156 0.42057594 0.48117136
4440 156 0.42260620 0.48023432
4450 156 0.42604202 0.47914110
4460 156 0.42869698 0.47742319
4470 156 0.43150810 0.47711084
4480 156 0.43494393 0.47601763
4490 156 0.43697419 0.47508058
4500 156 0.44041001 0.47398737
4510 156 0.44384583 0.47289415
4520 156 0.44587609 0.47195711
4530 156 0.44931191 0.47086389
4540 156 0.45212304 0.47055154
4550 156 0.45477799 0.46883363
4560 156 0.45821382 0.46774042
4570 156 0.46102495 0.46742807
4580 156 0.46367990 0.46571016
4590 156 0.46711572 0.46461694
4520 128 -0.21723770 0.42041977
4530 128 -0.21770622 0.42260620
4540 128 -0.21755005 0.42401176
4550 128 -0.21739388 0.42541733
4560 128 -0.21786240 0.42760376
4570 128 -0.21770622 0.42900932
4580 128 -0.21755005 0.43041489
4590 128 -0.21801857 0.43260132
4600 128 -0.21864327 0.43338219
4610 128 -0.21848709 0.43478775
4620 128 -0.21895561 0.43697419
4630 128 -0.21879944 0.43837975
4640 128 -0.21926796 0.44056618
4650 128 -0.21911179 0.44197175
4660 128 -0.21895561 0.44337731
4670 128 -0.21942414 0.44556374
4680 128 -0.21926796 0.44696931
4690 128 -0.21911179 0.44837487
4700 128 -0.21958031 0.45056130
4710 128 -0.22020500 0.45134217
4600 157 0.46992685 0.46430459
4610 157 0.47258180 0.46258668
4620 157 0.47539293 0.46227434
4630 157 0.47882875 0.46118112
4640 157 0.48148371 0.45946321
4650 157 0.48429484 0.45915086
4660 157 0.48773066 0.45805764
4670 157 0.48976092 0.45712060
4680 157 0.49319674 0.45602738
4690 157 0.49585169 0.45430947
4700 157 0.49866282 0.45399713
4710 157 0.50209864 0.45290391
4720 157 0.50412890 0.45196687
4730 157 0.50756473 0.45087365
4740 157 0.51100055 0.44978043
4750 157 0.51303081 0.44884339
4760 157 0.51646663 0.44775018
4770 157 0.51990245 0.44665696
4780 157 0.52193271 0.44571992
4790 157 0.52536853 0.44462670
