6610 219 0.00000000 0.00000000
6620 219 0.00000000 0.00100000
6630 219 -0.00100000 0.00300000
6640 219 -0.00200000 0.00400000
6650 219 -0.00300000 0.00600000
6660 219 -0.00400000 0.00700000
6670 219 -0.00500000 0.00800000
6680 219 -0.00500000 0.01000000
6690 219 -0.00600000 0.01100000
6700 219 -0.00700000 0.01300000
6710 219 -0.00800000 0.01400000
6720 219 -0.00900000 0.01600000
6730 219 -0.01000000 0.01700000
6740 219 -0.01000000 0.01900000
6750 219 -0.01100000 0.02000000
6760 219 -0.01200000 0.02100000
6770 219 -0.01300000 0.02300000
6780 219 -0.01400000 0.02400000
6790 219 -0.01500000 0.02600000
6800 219 -0.01500000 0.02700000
6430 238 -0.08200000 -0.72700000
6440 238 -0.08200000 -0.72800000
6450 238 -0.08300000 -0.72900000
6460 238 -0.08300000 -0.72900000
6470 238 -0.08300000 -0.73000000
6480 238 -0.08400000 -0.73100000
6490 238 -0.08400000 -0.73100000
6500 238 -0.08400000 -0.73200000
6510 238 -0.08400000 -0.73300000
6520 238 -0.08500000 -0.73300000
6530 238 -0.08500000 -0.73400000
6540 238 -0.08600000 -0.73500000
6550 238 -0.08600000 -0.73500000
6560 238 -0.08600000 -0.73600000
6570 238 -0.08700000 -0.73700000
6580 238 -0.08700000 -0.73800000
6590 238 -0.08700000 -0.73800000
6600 238 -0.08800000 -0.73900000
6610 238 -0.08800000 -0.74000000
6620 238 -0.08800000 -0.74000000
6510 109 -0.73600000 -0.94900000
6520 109 -0.75700000 -0.88300000
6530 109 -0.77800000 -0.81800000
6540 109 -0.79900000 -0.75200000
6550 109 -0.82000000 -0.68700000
6560 109 -0.82500000 -0.67000000
6570 109 -0.82300000 -0.67300000
6580 109 -0.82100000 -0.67700000
6590 109 -0.81800000 -0.68100000
6600 109 -0.81600000 -0.68400000
6610 109 -0.81400000 -0.68800000
6620 109 -0.81200000 -0.69200000
6630 109 -0.81000000 -0.69500000
6640 109 -0.80700000 -0.69900000
6650 109 -0.80500000 -0.70200000
6660 109 -0.80300000 -0.70600000
6670 109 -0.80000000 -0.71000000
6680 109 -0.79800000 -0.71300000
6690 109 -0.79600000 -0.71700000
6700 109 -0.79400000 -0.72100000
6520 138 -0.65800000 -0.18400000
6530 138 -0.66200000 -0.18500000
6540 138 -0.66500000 -0.18800000
6550 138 -0.66800000 -0.19200000
6560 138 -0.67100000 -0.19500000
6570 138 -0.67400000 -0.19800000
6580 138 -0.67700000 -0.20100000
6590 138 -0.68000000 -0.20400000
6600 138 -0.68300000 -0.20700000
6610 138 -0.68600000 -0.21000000
6620 138 -0.68900000 -0.21300000
6630 138 -0.69200000 -0.21600000
6640 138 -0.69500000 -0.21900000
6650 138 -0.69800000 -0.22200000
6660 138 -0.70100000 -0.22600000
6670 138 -0.70400000 -0.22900000
6680 138 -0.70700000 -0.23200000
6690 138 -0.71000000 -0.23500000
6700 138 -0.71300000 -0.23800000
6710 138 -0.71600000 -0.24100000
6630 239 -0.08900000 -0.74100000
6640 239 -0.08900000 -0.74200000
6650 239 -0.08900000 -0.74200000
6660 239 -0.09000000 -0.74300000
6670 239 -0.09000000 -0.74400000
6680 239 -0.09000000 -0.74500000
6690 239 -0.09100000 -0.74500000
6700 239 -0.09100000 -0.74600000
6710 239 -0.09100000 -0.74700000
6720 239 -0.09200000 -0.74700000
6730 239 -0.09200000 -0.74800000
6740 239 -0.09200000 -0.74900000
6750 239 -0.09300000 -0.74900000
6760 239 -0.09300000 -0.75000000
6770 239 -0.09300000 -0.75100000
6780 239 -0.09400000 -0.75100000
6790 239 -0.09400000 -0.75200000
6800 239 -0.09400000 -0.75300000
6810 239 -0.09500000 -0.75300000
6820 239 -0.09500000 -0.75400000
6710 110 -0.79100000 -0.72400000
6720 110 -0.78900000 -0.72800000
6730 110 -0.78700000 -0.73100000
6740 110 -0.78500000 -0.73500000
6750 110 -0.78300000 -0.73900000
6760 110 -0.78000000 -0.74200000
6770 110 -0.77800000 -0.74600000
6780 110 -0.77600000 -0.75000000
6790 110 -0.77400000 -0.75300000
6800 110 -0.77100000 -0.75700000
6810 110 -0.76900000 -0.76100000
6820 110 -0.76700000 -0.76400000
6830 110 -0.76400000 -0.76800000
6840 110 -0.76200000 -0.77100000
6850 110 -0.76000000 -0.77500000
6860 110 -0.75800000 -0.77900000
6870 110 -0.75600000 -0.78200000
6880 110 -0.75300000 -0.78600000
6890 110 -0.75100000 -0.79000000
6900 110 -0.74900000 -0.79300000
6720 139 -0.71900000 -0.24400000
6730 139 -0.72200000 -0.24700000
6740 139 -0.72500000 -0.25000000
6750 139 -0.72800000 -0.25300000
6760 139 -0.73100000 -0.25600000
6770 139 -0.73400000 -0.25900000
6780 139 -0.73700000 -0.26300000
6790 139 -0.74000000 -0.26600000
6800 139 -0.74300000 -0.26900000
6810 139 -0.74600000 -0.27200000
6820 139 -0.74900000 -0.27500000
6830 139 -0.75200000 -0.27800000
6840 139 -0.75500000 -0.28100000
6850 139 -0.75800000 -0.28400000
6860 139 -0.76100000 -0.28700000
6870 139 -0.76400000 -0.29000000
6880 139 -0.76700000 -0.29300000
6890 139 -0.77000000 -0.29700000
6900 139 -0.77300000 -0.30000000
6910 139 -0.77600000 -0.30300000
