9010 231 0.00000000 0.00000000
9020 231 0.00000000 0.00000000
9030 231 -0.00000000 0.00100000
9040 231 -0.00000000 0.00100000
9050 231 -0.00000000 0.00100000
9060 231 -0.00000000 0.00100000
9070 231 -0.00000000 0.00200000
9080 231 -0.00000000 0.00200000
9090 231 -0.00000000 0.00200000
9100 231 -0.00000000 0.00300000
9110 231 -0.00000000 0.00300000
9120 231 -0.00000000 0.00300000
9130 231 -0.00000000 0.00400000
9140 231 -0.00000000 0.00400000
9150 231 -0.00000000 0.00400000
9160 231 -0.00000000 0.00500000
9170 231 -0.00000000 0.00500000
9180 231 -0.00000000 0.00500000
9190 231 -0.00000000 0.00500000
9200 231 -0.00000000 0.00600000
8830 250 0.12000000 0.83100000
8840 250 0.12000000 0.83100000
8850 250 0.12000000 0.83100000
8860 250 0.12000000 0.83200000
8870 250 0.12000000 0.83200000
8880 250 0.12000000 0.83300000
8890 250 0.12000000 0.83300000
8900 250 0.12000000 0.83400000
8910 250 0.12000000 0.83400000
8920 250 0.12000000 0.83400000
8930 250 0.12000000 0.83500000
8940 250 0.12000000 0.83500000
8950 250 0.12000000 0.83600000
8960 250 0.12000000 0.83600000
8970 250 0.12000000 0.83600000
8980 250 0.12000000 0.83700000
8990 250 0.12000000 0.83700000
9000 250 0.12000000 0.83800000
9010 250 0.12000000 0.83800000
9020 250 0.12000000 0.83900000
8910 121 0.94800000 0.82300000
8920 121 0.94800000 0.82300000
8930 121 0.94800000 0.82400000
8940 121 0.94800000 0.82400000
8950 121 0.94800000 0.82500000
8960 121 0.94800000 0.82500000
8970 121 0.94900000 0.82600000
8980 121 0.94900000 0.82600000
8990 121 0.94900000 0.82700000
9000 121 0.94900000 0.82700000
9010 121 0.94900000 0.82800000
9020 121 0.94900000 0.82800000
9030 121 0.94900000 0.82900000
9040 121 0.94900000 0.83000000
9050 121 0.94900000 0.83000000
9060 121 0.95000000 0.83100000
9070 121 0.95000000 0.83100000
9080 121 0.95000000 0.83200000
9090 121 0.95000000 0.83200000
9100 121 0.95000000 0.83300000
8920 150 0.78800000 0.40100000
8930 150 0.78800000 0.40100000
8940 150 0.78800000 0.40200000
8950 150 0.78800000 0.40200000
8960 150 0.78800000 0.40300000
8970 150 0.78800000 0.40400000
8980 150 0.78800000 0.40400000
8990 150 0.78800000 0.40500000
9000 150 0.78800000 0.40500000
9010 150 0.78800000 0.40600000
9020 150 0.78800000 0.40600000
9030 150 0.78800000 0.40700000
9040 150 0.78800000 0.40800000
9050 150 0.78800000 0.40800000
9060 150 0.78800000 0.40900000
9070 150 0.78800000 0.40900000
9080 150 0.78800000 0.41000000
9090 150 0.78800000 0.41000000
9100 150 0.78800000 0.41100000
9110 150 0.78800000 0.41200000
9030 251 0.12000000 0.83900000
9040 251 0.12000000 0.83900000
9050 251 0.12000000 0.84000000
9060 251 0.12000000 0.84000000
9070 251 0.12000000 0.84100000
9080 251 0.12000000 0.84100000
9090 251 0.12000000 0.84200000
9100 251 0.12000000 0.84200000
9110 251 0.12000000 0.84200000
9120 251 0.12000000 0.84300000
9130 251 0.12000000 0.84300000
9140 251 0.12000000 0.84400000
9150 251 0.12000000 0.84400000
9160 251 0.12000000 0.84400000
9170 251 0.12000000 0.84500000
9180 251 0.12000000 0.84500000
9190 251 0.12000000 0.84600000
9200 251 0.12000000 0.84600000
9210 251 0.12000000 0.84700000
9220 251 0.12000000 0.84700000
9110 122 0.95000000 0.83300000
9120 122 0.95000000 0.83400000
9130 122 0.95000000 0.83400000
9140 122 0.95000000 0.83500000
9150 122 0.95100000 0.83500000
9160 122 0.95100000 0.83600000
9170 122 0.95100000 0.83600000
9180 122 0.95100000 0.83700000
9190 122 0.95100000 0.83800000
9200 122 0.95100000 0.83800000
9210 122 0.95100000 0.83900000
9220 122 0.95100000 0.83900000
9230 122 0.95100000 0.84000000
9240 122 0.95100000 0.84000000
9250 122 0.95200000 0.84100000
9260 122 0.95200000 0.84100000
9270 122 0.95200000 0.84200000
9280 122 0.95200000 0.84200000
9290 122 0.95200000 0.84300000
9300 122 0.95200000 0.84400000
9120 151 0.78800000 0.41200000
9130 151 0.78800000 0.41300000
9140 151 0.78800000 0.41300000
9150 151 0.78800000 0.41400000
9160 151 0.78800000 0.41400000
9170 151 0.78800000 0.41500000
9180 151 0.78800000 0.41600000
9190 151 0.78800000 0.41600000
9200 151 0.78800000 0.41700000
9210 151 0.78800000 0.41700000
9220 151 0.78800000 0.41800000
9230 151 0.78800000 0.41800000
9240 151 0.78800000 0.41900000
9250 151 0.78800000 0.42000000
9260 151 0.78800000 0.42000000
9270 151 0.78800000 0.42100000
9280 151 0.78800000 0.42100000
9290 151 0.78800000 0.42200000
9300 151 0.78800000 0.42200000
9310 151 0.78800000 0.42300000
