6920 140 0.00000000 0.00000000
6930 140 0.00000000 0.00424264
6940 140 -0.00000000 0.00848528
6950 140 -0.00000000 0.01272792
6960 140 -0.00000000 0.01697056
6970 140 -0.00000000 0.02121320
6980 140 0.00000000 0.02545584
6990 140 -0.00000000 0.02969848
7000 140 -0.00070711 0.03464823
7010 140 -0.00070711 0.03464823
7020 140 -0.00141421 0.03535534
7030 140 -0.00141421 0.03535534
7040 140 -0.00212132 0.03606245
7050 140 -0.00212132 0.03606245
7060 140 -0.00282843 0.03676955
7070 140 -0.00353553 0.03747666
7080 140 -0.00353553 0.03747666
7090 140 -0.00424264 0.03818377
7100 140 -0.00424264 0.03818377
7110 140 -0.00494975 0.03889087
6810 220 -0.30476302 -0.77569614
6820 220 -0.30476302 -0.77569614
6830 220 -0.30547013 -0.77498903
6840 220 -0.30547013 -0.77498903
6850 220 -0.30547013 -0.77498903
6860 220 -0.30617724 -0.77428193
6870 220 -0.30617724 -0.77428193
6880 220 -0.30617724 -0.77428193
6890 220 -0.30617724 -0.77428193
6900 220 -0.30688434 -0.77357482
6910 220 -0.30688434 -0.77357482
6920 220 -0.30688434 -0.77357482
6930 220 -0.30759145 -0.77286771
6940 220 -0.30759145 -0.77286771
6950 220 -0.30759145 -0.77286771
6960 220 -0.30829856 -0.77216061
6970 220 -0.30829856 -0.77216061
6980 220 -0.30829856 -0.77216061
6990 220 -0.30829856 -0.77216061
7000 220 -0.30900566 -0.77145350
6830 240 -0.80115198 -0.16617009
6840 240 -0.80044488 -0.16546299
6850 240 -0.80115198 -0.16475588
6860 240 -0.80185909 -0.16404877
6870 240 -0.80185909 -0.16263456
6880 240 -0.80185909 -0.16263456
6890 240 -0.80256620 -0.16192745
6900 240 -0.80256620 -0.16051324
6910 240 -0.80256620 -0.16051324
6920 240 -0.80327330 -0.15980613
6930 240 -0.80327330 -0.15839192
6940 240 -0.80327330 -0.15839192
6950 240 -0.80398041 -0.15768481
6960 240 -0.80398041 -0.15627060
6970 240 -0.80468752 -0.15556349
6980 240 -0.80468752 -0.15556349
6990 240 -0.80468752 -0.15414928
7000 240 -0.80539462 -0.15344217
7010 240 -0.80539462 -0.15344217
7020 240 -0.80539462 -0.15202796
6910 111 -0.36981685 0.32456201
6920 111 -0.37476659 0.32526912
6930 111 -0.37830213 0.32597623
6940 111 -0.38254477 0.32739044
6950 111 -0.38608030 0.32809755
6960 111 -0.39103005 0.32880465
6970 111 -0.39527269 0.33021887
6980 111 -0.39880822 0.33092597
6990 111 -0.40305087 0.33234019
7000 111 -0.40800061 0.33304729
7010 111 -0.41153615 0.33375440
7020 111 -0.41577879 0.33516861
7030 111 -0.41931432 0.33587572
7040 111 -0.42426407 0.33658283
7050 111 -0.42850671 0.33799704
7060 111 -0.43204224 0.33870415
7070 111 -0.43628488 0.34011836
7080 111 -0.44123463 0.34082547
7090 111 -0.44477017 0.34153258
7100 111 -0.44901281 0.34294679
7010 221 -0.30900566 -0.77145350
7020 221 -0.30900566 -0.77145350
7030 221 -0.30971277 -0.77074639
7040 221 -0.30971277 -0.77074639
7050 221 -0.30971277 -0.77074639
7060 221 -0.31041988 -0.77003928
7070 221 -0.31041988 -0.77003928
7080 221 -0.31041988 -0.77003928
7090 221 -0.31112698 -0.76933218
7100 221 -0.31112698 -0.76933218
7110 221 -0.31112698 -0.76933218
7120 221 -0.31112698 -0.76933218
7130 221 -0.31183409 -0.76862507
7140 221 -0.31183409 -0.76862507
7150 221 -0.31183409 -0.76862507
7160 221 -0.31254120 -0.76791796
7170 221 -0.31254120 -0.76791796
7180 221 -0.31254120 -0.76791796
7190 221 -0.31324830 -0.76721086
7200 221 -0.31324830 -0.76721086
7030 241 -0.80610173 -0.15132085
7040 241 -0.80610173 -0.15132085
7050 241 -0.80610173 -0.14990664
7060 241 -0.80680884 -0.14919953
7070 241 -0.80680884 -0.14919953
7080 241 -0.80680884 -0.14778532
7090 241 -0.80751594 -0.14707821
7100 241 -0.80822305 -0.14637110
7110 241 -0.80751594 -0.14566400
7120 241 -0.80822305 -0.14495689
7130 241 -0.80822305 -0.14495689
7140 241 -0.80822305 -0.14354268
7150 241 -0.80893016 -0.14283557
7160 241 -0.80963726 -0.14212846
7170 241 -0.80893016 -0.14142136
7180 241 -0.80963726 -0.14071425
7190 241 -0.81034437 -0.14000714
7200 241 -0.80963726 -0.13930004
7210 241 -0.81034437 -0.13859293
7220 241 -0.81105148 -0.13788582
7110 112 -0.45254834 0.34365390
7120 112 -0.45679098 0.34506811
7130 112 -0.46174073 0.34577522
7140 112 -0.46527626 0.34648232
7150 112 -0.46951890 0.34789654
7160 112 -0.47446865 0.34860364
7170 112 -0.47800418 0.34931075
7180 112 -0.48224682 0.35072496
7190 112 -0.48578236 0.35143207
7200 112 -0.43487067 0.36981685
7210 112 -0.37830213 0.38961584
7220 112 -0.32102648 0.41012193
7230 112 -0.26304372 0.42992092
7240 112 -0.21213203 0.44830570
7250 112 -0.21213203 0.44830570
7260 112 -0.21283914 0.44901281
7270 112 -0.21283914 0.44901281
7280 112 -0.21283914 0.45042702
7290 112 -0.21283914 0.45042702
7300 112 -0.21354625 0.45113413
