2370 57 0.00000000 0.00000000
2380 57 -0.00000000 0.00806226
2390 57 -0.00136438 0.01649662
2400 57 -0.00223263 0.02406274
2410 57 -0.00359701 0.03249710
2420 57 -0.00359701 0.04055936
2430 57 -0.00446525 0.04812548
2440 57 -0.00582963 0.05655984
2450 57 -0.00669788 0.06412596
2460 57 -0.00719401 0.07305646
2470 57 -0.00806226 0.08062258
2480 57 -0.00942664 0.08905694
2490 57 -0.01029488 0.09662306
2500 57 -0.01116313 0.10418918
2510 57 -0.01165927 0.11311968
2520 57 -0.01252751 0.12068580
2530 57 -0.01389189 0.12912016
2540 57 -0.01389189 0.13718242
2550 57 -0.01525627 0.14561678
2560 57 -0.01612452 0.15318290
2360 52 0.37024368 -0.60156846
2370 52 0.36056897 -0.58866885
2380 52 0.35139040 -0.57663748
2390 52 0.34171569 -0.56373787
2400 52 0.33204098 -0.55083826
2410 52 0.32199417 -0.53930303
2420 52 0.31231946 -0.52640341
2430 52 0.30264475 -0.51350380
2440 52 0.29297004 -0.50060419
2450 52 0.28329533 -0.48770458
2460 52 0.27262835 -0.47306848
2470 52 0.26109312 -0.45892852
2480 52 0.25042613 -0.44429242
2490 52 0.23975914 -0.42965632
2500 52 0.22909215 -0.41502022
2510 52 0.21755692 -0.40088026
2520 52 0.20639380 -0.38537592
2530 52 0.19572681 -0.37073982
2540 52 0.18505982 -0.35610372
2550 52 0.17352459 -0.34196376
2560 53 0.16285761 -0.32732766
2570 53 0.15219062 -0.31269157
2580 53 0.14065539 -0.29855161
2590 53 0.12998840 -0.28391551
2600 53 0.11882528 -0.26841117
2610 53 0.10815829 -0.25377507
2620 53 0.09662306 -0.23963511
2630 53 0.08595607 -0.22499901
2640 53 0.07528908 -0.21036291
2650 53 0.06375385 -0.19622295
2660 53 0.04862162 -0.17377266
2670 53 -0.00781419 -0.08508783
2680 53 -0.06424999 0.00359701
2690 53 -0.12118194 0.09315009
2700 53 -0.17761774 0.18183492
2710 53 -0.30028809 0.26952748
2720 53 -0.57552117 0.35411917
2730 53 -0.85211863 0.43908296
2740 53 -1.02551919 0.48857282
2750 53 -1.04734930 0.48646423
