4990 188 0.00000000 0.00000000
5000 188 -0.00000000 0.24418026
5010 188 -0.00000000 0.48836052
5020 188 -0.01144237 0.66102804
5030 188 -0.02836429 0.80285769
5040 188 -0.03607990 0.89411814
5050 188 -0.02097631 0.86633538
5060 188 -0.00676549 0.83900312
5070 188 0.00833810 0.81122036
5080 188 0.02254892 0.78388810
5090 188 0.03765251 0.75610534
5100 188 0.05186332 0.72877308
5110 188 0.05940693 0.71264565
5120 188 0.06518135 0.70189130
5130 188 0.07006299 0.69158743
5140 188 0.07583742 0.68083308
5150 188 0.08071906 0.67052922
5160 188 0.08649348 0.65977487
5170 188 0.09092463 0.64857822
5180 188 0.09669905 0.63782387
4800 158 -0.84426153 0.75531085
4810 158 -0.84157499 0.75619544
4820 158 -0.83799566 0.75662955
4830 158 -0.83575961 0.75662135
4840 158 -0.83218029 0.75705546
4850 158 -0.82860096 0.75748957
4860 158 -0.82636491 0.75748137
4870 158 -0.82278559 0.75791548
4880 158 -0.82009905 0.75880007
4890 158 -0.81697021 0.75834140
4900 158 -0.81339089 0.75877550
4910 158 -0.81070435 0.75966009
4920 158 -0.80757551 0.75920142
4930 158 -0.80488897 0.76008601
4940 158 -0.80130965 0.76052011
4950 158 -0.79818082 0.76006144
4960 158 -0.79549428 0.76094603
4970 158 -0.79191495 0.76138013
4980 158 -0.78967890 0.76137194
4990 158 -0.78609958 0.76180605
4910 101 -1.09297123 0.12922420
4920 101 -1.09162796 0.12966650
4930 101 -1.08984239 0.12876553
4940 101 -1.08805683 0.12786455
4950 101 -1.08716404 0.12741407
4960 101 -1.08537848 0.12651309
4970 101 -1.08448569 0.12606261
4980 101 -1.08270013 0.12516163
4990 101 -1.08046407 0.12515344
5000 101 -1.07957129 0.12470295
5010 101 -1.07778573 0.12380198
5020 101 -1.07600016 0.12290101
5030 101 -1.07510738 0.12245052
5040 101 -1.07332181 0.12154955
5050 101 -1.07108576 0.12154136
5060 101 -1.07019297 0.12109087
5070 101 -1.06840741 0.12018990
5080 101 -1.06662184 0.11928892
5090 101 -1.06572906 0.11883843
5100 101 -1.06394349 0.11793746
4920 130 -1.54426078 0.48238952
4930 130 -1.54559586 0.48418328
4940 130 -1.54603815 0.48552655
4950 130 -1.54648045 0.48686982
4960 130 -1.54781553 0.48866358
4970 130 -1.54825782 0.49000685
4980 130 -1.54870012 0.49135012
4990 130 -1.55048569 0.49225109
5000 130 -1.55092798 0.49359436
5010 130 -1.55137028 0.49493763
5020 130 -1.55270536 0.49673139
5030 130 -1.55314765 0.49807466
5040 130 -1.55358995 0.49941793
5050 130 -1.55492503 0.50121168
5060 130 -1.55536733 0.50255495
5070 130 -1.55670241 0.50434871
5080 130 -1.55714470 0.50569198
5090 130 -1.55758700 0.50703525
5100 130 -1.55892208 0.50882901
5110 130 -1.55981486 0.50927949
5000 159 -0.78297074 0.76134737
5010 159 -0.78028420 0.76223196
5020 159 -0.77670488 0.76266607
5030 159 -0.77357604 0.76220739
5040 159 -0.77088950 0.76309198
5050 159 -0.76911213 0.75995496
5060 159 -0.76822753 0.75726842
5070 159 -0.76734294 0.75458188
5080 159 -0.76645835 0.75189534
5090 159 -0.76512327 0.75010158
5100 159 -0.76334589 0.74696455
5110 159 -0.76246130 0.74427801
5120 159 -0.76157671 0.74159147
5130 159 -0.76069212 0.73890493
5140 159 -0.75980753 0.73621839
5150 159 -0.75803015 0.73308137
5160 159 -0.75714556 0.73039483
5170 159 -0.75581048 0.72860107
5180 159 -0.75492589 0.72591453
5190 159 -0.75314851 0.72277750
5110 102 -1.06215793 0.11703649
5120 102 -1.06126514 0.11658600
5130 102 -1.05947958 0.11568503
5140 102 -1.05813631 0.11612732
5150 102 -1.05635074 0.11522635
5160 102 -1.05456518 0.11432538
5170 102 -1.05367239 0.11387489
5180 102 -1.05188683 0.11297391
5190 102 -1.05010126 0.11207294
5200 102 -1.04875799 0.11251524
5210 102 -1.04697242 0.11161426
5220 102 -1.04518686 0.11071329
5230 102 -1.04429407 0.11026280
5240 102 -1.04250851 0.10936183
5250 102 -1.04072294 0.10846086
5260 102 -1.03983016 0.10801037
5270 102 -1.03759411 0.10800218
5280 102 -1.03670132 0.10755169
5290 102 -1.03491576 0.10665072
5300 102 -1.03313019 0.10574974
5120 131 -1.56025716 0.51062276
5130 131 -1.56159224 0.51241652
5140 131 -1.56203453 0.51375979
5150 131 -1.56247683 0.51510306
5160 131 -1.56381191 0.51689682
5170 131 -1.56425420 0.51824009
5180 131 -1.56469650 0.51958336
5190 131 -1.56603158 0.52137711
5200 131 -1.56647387 0.52272038
5210 131 -1.56780895 0.52451414
5220 131 -1.56825125 0.52585741
5230 131 -1.56914403 0.52630790
5240 131 -1.57047911 0.52810165
5250 131 -1.57092141 0.52944492
5260 131 -1.57136370 0.53078819
5270 131 -1.57269878 0.53258195
5280 131 -1.57314108 0.53392522
5290 131 -1.57358338 0.53526849
5300 131 -1.57491846 0.53706225
5310 131 -1.57536075 0.53840552
