5810 215 0.00000000 0.00000000
5820 215 0.00000000 0.09947864
5830 215 0.00552883 0.10898822
5840 215 0.01105765 0.11849780
5850 215 0.01658648 0.12800738
5860 215 0.02261792 0.13838146
5870 215 0.02764413 0.14702654
5880 215 0.03367557 0.15740062
5890 215 0.03920440 0.16691020
5900 215 0.04473322 0.17641978
5910 215 0.05026205 0.18592936
5920 215 0.05579087 0.19543894
5930 215 0.06131970 0.20494852
5940 215 0.06182232 0.20581302
5950 215 0.06196305 0.20804466
5960 215 0.06160116 0.20941179
5970 215 0.06174190 0.21164342
5980 215 0.06138001 0.21301055
5990 215 0.06152074 0.21524218
6000 215 0.06202336 0.21610669
5720 134 -1.75891024 0.87224754
5730 134 -1.68204952 0.83334472
5740 134 -1.49065165 0.73479090
5750 134 -1.31634287 0.65658316
5760 134 -1.16835131 0.60871358
5770 134 -1.01899261 0.56120590
5780 134 -0.85666631 0.50615891
5790 134 -0.69347550 0.45060929
5800 134 -0.52942018 0.39455706
5810 134 -0.47250344 0.35915247
5820 134 -0.44122034 0.32939734
5830 134 -0.41130437 0.29928033
5840 134 -0.38002128 0.26952519
5850 134 -0.37620136 0.26614758
5860 134 -0.38002128 0.26952519
5870 134 -0.38297668 0.27240018
5880 134 -0.38679660 0.27577779
5890 134 -0.38975201 0.27865278
5900 134 -0.39306930 0.28289490
5910 134 -0.39602471 0.28576989
5800 163 -1.85137230 -0.04680402
5810 163 -1.85424729 -0.04975943
5820 163 -1.85676039 -0.05408196
5830 163 -1.86013800 -0.05790188
5840 163 -1.86214848 -0.06135991
5850 163 -1.86466158 -0.06568244
5860 163 -1.86753657 -0.06863785
5870 163 -1.87004967 -0.07296039
5880 163 -1.87342728 -0.07678030
5890 163 -1.87543777 -0.08023833
5900 163 -1.87881537 -0.08405825
5910 163 -1.88132848 -0.08838078
5920 163 -1.88420347 -0.09133619
5930 163 -1.88671657 -0.09565873
5940 163 -1.88959156 -0.09861413
5950 163 -1.89210466 -0.10293667
5960 163 -1.89548227 -0.10675659
5970 163 -1.89749275 -0.11021461
5980 163 -1.90087036 -0.11403453
5990 163 -1.90338346 -0.11835707
5830 235 -0.37933771 -0.35203537
5840 235 -0.36807901 -0.32272254
5850 235 -0.35732294 -0.29427423
5860 235 -0.34519973 -0.26546402
5870 235 -0.33810273 -0.24529889
5880 235 -0.33810273 -0.24529889
5890 235 -0.33946986 -0.24566077
5900 235 -0.33997248 -0.24652528
5910 235 -0.33997248 -0.24652528
5920 235 -0.34133961 -0.24688717
5930 235 -0.34184223 -0.24775168
5940 235 -0.34184223 -0.24775168
5950 235 -0.34320935 -0.24811356
5960 235 -0.34371197 -0.24897807
5970 235 -0.34371197 -0.24897807
5980 235 -0.34507910 -0.24933996
5990 235 -0.34558172 -0.25020446
6000 235 -0.34694885 -0.25056635
6010 235 -0.34694885 -0.25056635
6020 235 -0.34745147 -0.25143086
5920 135 -0.39984463 0.28914750
5930 135 -0.40229741 0.29288699
5940 135 -0.40611733 0.29626460
5950 135 -0.40993725 0.29964221
5960 135 -0.41289265 0.30251720
5970 135 -0.41671257 0.30589481
5980 135 -0.41916536 0.30963431
5990 135 -0.42298527 0.31301192
6000 135 -0.42594068 0.31588691
6010 135 -0.42976060 0.31926451
6020 135 -0.43307789 0.32350663
6030 135 -0.43603330 0.32638162
6040 135 -0.43985321 0.32975923
6050 135 -0.44280862 0.33263422
6060 135 -0.44612592 0.33687634
6070 135 -0.44908133 0.33975132
6080 135 -0.45290124 0.34312893
6090 135 -0.45585665 0.34600392
6100 135 -0.45917395 0.35024604
6110 135 -0.46299386 0.35362365
6000 164 -1.90625845 -0.12131247
6010 164 -1.90877155 -0.12563501
6020 164 -1.91164654 -0.12859042
6030 164 -1.91415965 -0.13291295
6040 164 -1.91753725 -0.13673287
6050 164 -1.91954774 -0.14019090
6060 164 -1.92292535 -0.14401081
6070 164 -1.92543845 -0.14833335
6080 164 -1.92744893 -0.15179138
6090 164 -1.93082654 -0.15561129
6100 164 -1.93333964 -0.15993383
6110 164 -1.93621463 -0.16288924
6120 164 -1.93872773 -0.16721177
6130 164 -1.94160272 -0.17016718
6140 164 -1.94411582 -0.17448972
6150 164 -1.94749343 -0.17830963
6160 164 -1.94950392 -0.18176766
6170 164 -1.95288153 -0.18558758
6180 164 -1.95539463 -0.18991011
6190 164 -1.95826962 -0.19286552
