6630 239 0.00000000 0.00000000
6640 239 -0.00000000 0.00100000
6650 239 -0.00000000 0.00100000
6660 239 0.00100000 0.00200000
6670 239 0.00100000 0.00300000
6680 239 0.00100000 0.00400000
6690 239 0.00200000 0.00400000
6700 239 0.00200000 0.00500000
6710 239 0.00200000 0.00600000
6720 239 0.00300000 0.00600000
6730 239 0.00300000 0.00700000
6740 239 0.00300000 0.00800000
6750 239 0.00400000 0.00800000
6760 239 0.00400000 0.00900000
6770 239 0.00400000 0.01000000
6780 239 0.00500000 0.01000000
6790 239 0.00500000 0.01100000
6800 239 0.00500000 0.01200000
6810 239 0.00600000 0.01200000
6820 239 0.00600000 0.01300000
6510 109 0.64700000 0.20800000
6520 109 0.66800000 0.14200000
6530 109 0.68900000 0.07700000
6540 109 0.71000000 0.01100000
6550 109 0.73100000 -0.05400000
6560 109 0.73600000 -0.07100000
6570 109 0.73400000 -0.06800000
6580 109 0.73200000 -0.06400000
6590 109 0.72900000 -0.06000000
6600 109 0.72700000 -0.05700000
6610 109 0.72500000 -0.05300000
6620 109 0.72300000 -0.04900000
6630 109 0.72100000 -0.04600000
6640 109 0.71800000 -0.04200000
6650 109 0.71600000 -0.03900000
6660 109 0.71400000 -0.03500000
6670 109 0.71100000 -0.03100000
6680 109 0.70900000 -0.02800000
6690 109 0.70700000 -0.02400000
6700 109 0.70500000 -0.02000000
6520 138 0.56900000 -0.55700000
6530 138 0.57300000 -0.55600000
6540 138 0.57600000 -0.55300000
6550 138 0.57900000 -0.54900000
6560 138 0.58200000 -0.54600000
6570 138 0.58500000 -0.54300000
6580 138 0.58800000 -0.54000000
6590 138 0.59100000 -0.53700000
6600 138 0.59400000 -0.53400000
6610 138 0.59700000 -0.53100000
6620 138 0.60000000 -0.52800000
6630 138 0.60300000 -0.52500000
6640 138 0.60600000 -0.52200000
6650 138 0.60900000 -0.51900000
6660 138 0.61200000 -0.51500000
6670 138 0.61500000 -0.51200000
6680 138 0.61800000 -0.50900000
6690 138 0.62100000 -0.50600000
6700 138 0.62400000 -0.50300000
6710 138 0.62700000 -0.50000000
6610 219 -0.08900000 -0.74100000
6620 219 -0.08900000 -0.74200000
6630 219 -0.08800000 -0.74400000
6640 219 -0.08700000 -0.74500000
6650 219 -0.08600000 -0.74700000
6660 219 -0.08500000 -0.74800000
6670 219 -0.08400000 -0.74900000
6680 219 -0.08400000 -0.75100000
6690 219 -0.08300000 -0.75200000
6700 219 -0.08200000 -0.75400000
6710 219 -0.08100000 -0.75500000
6720 219 -0.08000000 -0.75700000
6730 219 -0.07900000 -0.75800000
6740 219 -0.07900000 -0.76000000
6750 219 -0.07800000 -0.76100000
6760 219 -0.07700000 -0.76200000
6770 219 -0.07600000 -0.76400000
6780 219 -0.07500000 -0.76500000
6790 219 -0.07400000 -0.76700000
6800 219 -0.07400000 -0.76800000
6710 110 0.70200000 -0.01700000
6720 110 0.70000000 -0.01300000
6730 110 0.69800000 -0.01000000
6740 110 0.69600000 -0.00600000
6750 110 0.69400000 -0.00200000
6760 110 0.69100000 0.00100000
6770 110 0.68900000 0.00500000
6780 110 0.68700000 0.00900000
6790 110 0.68500000 0.01200000
6800 110 0.68200000 0.01600000
6810 110 0.68000000 0.02000000
6820 110 0.67800000 0.02300000
6830 110 0.67500000 0.02700000
6840 110 0.67300000 0.03000000
6850 110 0.67100000 0.03400000
6860 110 0.66900000 0.03800000
6870 110 0.66700000 0.04100000
6880 110 0.66400000 0.04500000
6890 110 0.66200000 0.04900000
6900 110 0.66000000 0.05200000
6720 139 0.63000000 -0.49700000
6730 139 0.63300000 -0.49400000
6740 139 0.63600000 -0.49100000
6750 139 0.63900000 -0.48800000
6760 139 0.64200000 -0.48500000
6770 139 0.64500000 -0.48200000
6780 139 0.64800000 -0.47800000
6790 139 0.65100000 -0.47500000
6800 139 0.65400000 -0.47200000
6810 139 0.65700000 -0.46900000
6820 139 0.66000000 -0.46600000
6830 139 0.66300000 -0.46300000
6840 139 0.66600000 -0.46000000
6850 139 0.66900000 -0.45700000
6860 139 0.67200000 -0.45400000
6870 139 0.67500000 -0.45100000
6880 139 0.67800000 -0.44800000
6890 139 0.68100000 -0.44400000
6900 139 0.68400000 -0.44100000
6910 139 0.68700000 -0.43800000
6810 220 -0.07400000 -0.76800000
6820 220 -0.07400000 -0.76800000
6830 220 -0.07400000 -0.76700000
6840 220 -0.07400000 -0.76700000
6850 220 -0.07400000 -0.76700000
6860 220 -0.07400000 -0.76600000
6870 220 -0.07400000 -0.76600000
6880 220 -0.07400000 -0.76600000
6890 220 -0.07400000 -0.76600000
6900 220 -0.07400000 -0.76500000
6910 220 -0.07400000 -0.76500000
6920 220 -0.07400000 -0.76500000
6930 220 -0.07400000 -0.76400000
6940 220 -0.07400000 -0.76400000
6950 220 -0.07400000 -0.76400000
6960 220 -0.07400000 -0.76300000
6970 220 -0.07400000 -0.76300000
6980 220 -0.07400000 -0.76300000
6990 220 -0.07400000 -0.76300000
7000 220 -0.07400000 -0.76200000
