7410 223 0.00000000 0.00000000
7420 223 -0.00000000 0.00100000
7430 223 -0.00000000 0.00100000
7440 223 -0.00000000 0.00100000
7450 223 -0.00000000 0.00200000
7460 223 -0.00000000 0.00200000
7470 223 -0.00000000 0.00200000
7480 223 -0.00000000 0.00200000
7490 223 -0.00000000 0.00300000
7500 223 -0.00000000 0.00300000
7510 223 -0.00000000 0.00300000
7520 223 -0.00000000 0.00400000
7530 223 -0.00000000 0.00400000
7540 223 -0.00000000 0.00400000
7550 223 -0.00000000 0.00400000
7560 223 -0.00000000 0.00500000
7570 223 -0.00000000 0.00500000
7580 223 -0.00000000 0.00600000
7590 223 -0.00000000 0.00600000
7600 223 -0.00000000 0.00600000
7230 242 0.09400000 0.79100000
7240 242 0.09400000 0.79200000
7250 242 0.09500000 0.79300000
7260 242 0.09500000 0.79400000
7270 242 0.09500000 0.79400000
7280 242 0.09600000 0.79500000
7290 242 0.09600000 0.79600000
7300 242 0.09600000 0.79600000
7310 242 0.09600000 0.79700000
7320 242 0.09700000 0.79800000
7330 242 0.09700000 0.79800000
7340 242 0.09700000 0.79900000
7350 242 0.09800000 0.80000000
7360 242 0.09800000 0.80000000
7370 242 0.09800000 0.80100000
7380 242 0.09900000 0.80200000
7390 242 0.09900000 0.80300000
7400 242 0.10000000 0.80300000
7410 242 0.10000000 0.80400000
7420 242 0.10000000 0.80500000
7310 113 0.93200000 0.78500000
7320 113 0.93200000 0.78600000
7330 113 0.93200000 0.78600000
7340 113 0.93200000 0.78700000
7350 113 0.93200000 0.78700000
7360 113 0.93200000 0.78800000
7370 113 0.93200000 0.78900000
7380 113 0.93200000 0.78900000
7390 113 0.93200000 0.79000000
7400 113 0.93300000 0.79000000
7410 113 0.93300000 0.79100000
7420 113 0.93300000 0.79100000
7430 113 0.93300000 0.79200000
7440 113 0.93300000 0.79200000
7450 113 0.93300000 0.79300000
7460 113 0.93300000 0.79400000
7470 113 0.93300000 0.79400000
7480 113 0.93300000 0.79500000
7490 113 0.93400000 0.79500000
7500 113 0.93400000 0.79600000
7320 142 0.78800000 0.35800000
7330 142 0.78800000 0.35800000
7340 142 0.78800000 0.35900000
7350 142 0.78800000 0.36000000
7360 142 0.78800000 0.36000000
7370 142 0.78800000 0.36100000
7380 142 0.78800000 0.36100000
7390 142 0.78800000 0.36200000
7400 142 0.78800000 0.36200000
7410 142 0.78800000 0.36300000
7420 142 0.78800000 0.36400000
7430 142 0.78800000 0.36400000
7440 142 0.78800000 0.36500000
7450 142 0.78800000 0.36500000
7460 142 0.78800000 0.36600000
7470 142 0.78800000 0.36600000
7480 142 0.78800000 0.36700000
7490 142 0.78800000 0.36800000
7500 142 0.78800000 0.36800000
7510 142 0.78800000 0.36900000
7430 243 0.10100000 0.80500000
7440 243 0.10100000 0.80600000
7450 243 0.10100000 0.80700000
7460 243 0.10100000 0.80700000
7470 243 0.10200000 0.80800000
7480 243 0.10200000 0.80900000
7490 243 0.10200000 0.81000000
7500 243 0.10300000 0.81000000
7510 243 0.10300000 0.81100000
7520 243 0.10300000 0.81100000
7530 243 0.10400000 0.81200000
7540 243 0.10400000 0.81300000
7550 243 0.10500000 0.81400000
7560 243 0.10500000 0.81400000
7570 243 0.10500000 0.81500000
7580 243 0.10600000 0.81600000
7590 243 0.10600000 0.81600000
7600 243 0.10600000 0.81700000
7610 243 0.10600000 0.81800000
7620 243 0.10700000 0.81800000
7510 114 0.93400000 0.79600000
7520 114 0.93400000 0.79700000
7530 114 0.93400000 0.79700000
7540 114 0.93400000 0.79800000
7550 114 0.93400000 0.79800000
7560 114 0.93400000 0.79900000
7570 114 0.93400000 0.79900000
7580 114 0.93500000 0.80000000
7590 114 0.93500000 0.80000000
7600 114 0.93500000 0.80100000
7610 114 0.93500000 0.80200000
7620 114 0.93500000 0.80200000
7630 114 0.93500000 0.80300000
7640 114 0.93500000 0.80300000
7650 114 0.93500000 0.80400000
7660 114 0.93500000 0.80400000
7670 114 0.93500000 0.80500000
7680 114 0.93600000 0.80500000
7690 114 0.93600000 0.80600000
7700 114 0.93600000 0.80600000
7520 143 0.78800000 0.36900000
7530 143 0.78800000 0.37000000
7540 143 0.78800000 0.37000000
7550 143 0.78800000 0.37100000
7560 143 0.78800000 0.37200000
7570 143 0.78800000 0.37200000
7580 143 0.78800000 0.37300000
7590 143 0.78800000 0.37300000
7600 143 0.78800000 0.37400000
7610 143 0.78800000 0.37400000
7620 143 0.78800000 0.37500000
7630 143 0.78800000 0.37600000
7640 143 0.78800000 0.37600000
7650 143 0.78800000 0.37700000
7660 143 0.78800000 0.37700000
7670 143 0.78800000 0.37800000
7680 143 0.78800000 0.37800000
7690 143 0.78800000 0.37900000
7700 143 0.78800000 0.38000000
7710 143 0.78800000 0.38000000
