6010 216 0.00000000 0.00000000
6020 216 0.00000000 0.00141421
6030 216 0.00000000 0.00282843
6040 216 0.00070711 0.00494975
6050 216 0.00141421 0.00565685
6060 216 0.00212132 0.00777817
6070 216 0.00212132 0.00919239
6080 216 0.00282843 0.01131371
6090 216 0.00282843 0.01272792
6100 216 0.00353553 0.01484924
6110 216 0.00424264 0.01555635
6120 216 0.00494975 0.01767767
6130 216 0.00494975 0.01909188
6140 216 0.00494975 0.02050610
6150 216 0.00565685 0.02262742
6160 216 0.00565685 0.02404163
6170 216 0.00707107 0.02545584
6180 216 0.00707107 0.02687006
6190 216 0.00777817 0.02899138
6200 216 0.00777817 0.03040559
5830 235 -0.57275649 -0.43840620
5840 235 -0.55437172 -0.41295036
5850 235 -0.53669405 -0.38820162
5860 235 -0.51760216 -0.36345289
5870 235 -0.50558135 -0.34577522
5880 235 -0.50558135 -0.34577522
5890 235 -0.50699556 -0.34577522
5900 235 -0.50770267 -0.34648232
5910 235 -0.50770267 -0.34648232
5920 235 -0.50911688 -0.34648232
5930 235 -0.50982399 -0.34718943
5940 235 -0.50982399 -0.34718943
5950 235 -0.51123820 -0.34718943
5960 235 -0.51194531 -0.34789654
5970 235 -0.51194531 -0.34789654
5980 235 -0.51335952 -0.34789654
5990 235 -0.51406663 -0.34860364
6000 235 -0.51548084 -0.34860364
6010 235 -0.51548084 -0.34860364
6020 235 -0.51618795 -0.34931075
5920 135 -0.42850671 0.18667619
5930 135 -0.42992092 0.19091883
5940 135 -0.43274935 0.19516147
5950 135 -0.43557778 0.19940411
5960 135 -0.43769910 0.20293965
5970 135 -0.44052752 0.20718229
5980 135 -0.44194174 0.21142493
5990 135 -0.44477017 0.21566757
6000 135 -0.44689149 0.21920310
6010 135 -0.44971991 0.22344574
6020 135 -0.45184123 0.22839549
6030 135 -0.45396255 0.23193102
6040 135 -0.45679098 0.23617366
6050 135 -0.45891230 0.23970920
6060 135 -0.46103362 0.24465895
6070 135 -0.46315494 0.24819448
6080 135 -0.46598337 0.25243712
6090 135 -0.46810469 0.25597265
6100 135 -0.47022601 0.26092240
6110 135 -0.47305444 0.26516504
6030 236 -0.51618795 -0.34931075
6040 236 -0.51760216 -0.34931075
6050 236 -0.51830927 -0.35001786
6060 236 -0.51901638 -0.35072496
6070 236 -0.51972348 -0.35001786
6080 236 -0.52043059 -0.35072496
6090 236 -0.52113770 -0.35143207
6100 236 -0.52184480 -0.35072496
6110 236 -0.52255191 -0.35143207
6120 236 -0.52396612 -0.35143207
6130 236 -0.52396612 -0.35143207
6140 236 -0.52467323 -0.35213918
6150 236 -0.52608745 -0.35213918
6160 236 -0.52679455 -0.35284628
6170 236 -0.52679455 -0.35284628
6180 236 -0.52820877 -0.35284628
6190 236 -0.52891587 -0.35355339
6200 236 -0.52891587 -0.35355339
6210 236 -0.52962298 -0.35426050
6220 236 -0.53103719 -0.35426050
6120 136 -0.47517576 0.26870058
6130 136 -0.47800418 0.27294322
6140 136 -0.48012550 0.27647875
6150 136 -0.48224682 0.28142850
6160 136 -0.48436815 0.28496403
6170 136 -0.48719657 0.28920667
6180 136 -0.48931789 0.29274221
6190 136 -0.49143921 0.29769195
6200 136 -0.49356053 0.30122749
6210 136 -0.49638896 0.30547013
6220 136 -0.49921739 0.30971277
6230 136 -0.50063160 0.31395541
6240 136 -0.50346003 0.31819805
6250 136 -0.50558135 0.32173359
6260 136 -0.50840978 0.32597623
6270 136 -0.51053110 0.32951176
6280 136 -0.51265242 0.33446151
6290 136 -0.51477374 0.33799704
6300 136 -0.51760216 0.34223968
6310 136 -0.52043059 0.34648232
6200 165 -2.06192337 0.11596551
6210 165 -2.06545891 0.11384419
6220 165 -2.06899444 0.11030866
6230 165 -2.07323708 0.10748023
6240 165 -2.07606551 0.10465180
6250 165 -2.08030815 0.10182338
6260 165 -2.08384368 0.09828784
6270 165 -2.08737922 0.09616652
6280 165 -2.09091475 0.09263099
6290 165 -2.09445029 0.08909545
6300 165 -2.09798582 0.08697413
6310 165 -1.97989899 0.15556349
6320 165 -1.86039794 0.22415285
6330 165 -1.73806847 0.32244069
6340 165 -1.60796082 0.48931789
6350 165 -1.47643896 0.65619509
6360 165 -1.36330187 0.84569971
6370 165 -1.26713535 1.05924596
6380 165 -1.17167594 1.27208510
6390 165 -1.10803633 1.41209224
