5920 135 0.00000000 0.00000000
5930 135 -0.00000000 0.00447214
5940 135 -0.00134164 0.00939149
5950 135 -0.00268328 0.01431084
5960 135 -0.00357771 0.01833576
5970 135 -0.00491935 0.02325511
5980 135 -0.00491935 0.02772724
5990 135 -0.00626099 0.03264659
6000 135 -0.00715542 0.03667151
6010 135 -0.00849706 0.04159086
6020 135 -0.00894427 0.04695743
6030 135 -0.00983870 0.05098235
6040 135 -0.01118034 0.05590170
6050 135 -0.01207477 0.05992662
6060 135 -0.01252198 0.06529318
6070 135 -0.01341641 0.06931811
6080 135 -0.01475805 0.07423746
6090 135 -0.01565248 0.07826238
6100 135 -0.01609969 0.08362894
6110 135 -0.01744133 0.08854829
5800 163 -1.39798970 0.51519006
5810 163 -1.40201462 0.51429563
5820 163 -1.40648676 0.51205957
5830 163 -1.41140611 0.51071793
5840 163 -1.41498382 0.50892907
5850 163 -1.41945595 0.50669300
5860 163 -1.42348087 0.50579858
5870 163 -1.42795301 0.50356251
5880 163 -1.43287236 0.50222087
5890 163 -1.43645007 0.50043201
5900 163 -1.44136942 0.49909037
5910 163 -1.44584155 0.49685430
5920 163 -1.44986648 0.49595988
5930 163 -1.45433861 0.49372381
5940 163 -1.45836353 0.49282938
5950 163 -1.46283567 0.49059331
5960 163 -1.46775502 0.48925167
5970 163 -1.47133273 0.48746282
5980 163 -1.47625208 0.48612118
5990 163 -1.48072421 0.48388511
5810 215 0.17575494 -0.46107722
5820 215 0.23031500 -0.37789549
5830 215 0.24015370 -0.37297614
5840 215 0.24999240 -0.36805679
5850 215 0.25983110 -0.36313744
5860 215 0.27056423 -0.35777088
5870 215 0.27950850 -0.35329874
5880 215 0.29024162 -0.34793218
5890 215 0.30008032 -0.34301283
5900 215 0.30991902 -0.33809348
5910 215 0.31975772 -0.33317413
5920 215 0.32959642 -0.32825478
5930 215 0.33943512 -0.32333543
5940 215 0.34032955 -0.32288822
5950 215 0.34167119 -0.32109936
5960 215 0.34211840 -0.31975772
5970 215 0.34346004 -0.31796887
5980 215 0.34390725 -0.31662723
5990 215 0.34524890 -0.31483837
6000 215 0.34614332 -0.31439116
5830 235 -0.33451577 -0.54738944
5840 235 -0.30902459 -0.52905368
5850 235 -0.28442785 -0.51116514
5860 235 -0.25848946 -0.49372381
5870 235 -0.24149534 -0.48075462
5880 235 -0.24149534 -0.48075462
5890 235 -0.24283698 -0.48030740
5900 235 -0.24373141 -0.48075462
5910 235 -0.24373141 -0.48075462
5920 235 -0.24507305 -0.48030740
5930 235 -0.24596748 -0.48075462
5940 235 -0.24596748 -0.48075462
5950 235 -0.24730912 -0.48030740
5960 235 -0.24820355 -0.48075462
5970 235 -0.24820355 -0.48075462
5980 235 -0.24954519 -0.48030740
5990 235 -0.25043961 -0.48075462
6000 235 -0.25178125 -0.48030740
6010 235 -0.25178125 -0.48030740
6020 235 -0.25267568 -0.48075462
5910 106 -1.63903783 1.01293879
5920 106 -1.64082668 1.01204437
5930 106 -1.64172111 1.01159715
5940 106 -1.64350996 1.01070273
5950 106 -1.64529882 1.00980830
5960 106 -1.64619325 1.00936109
5970 106 -1.64753489 1.00757223
5980 106 -1.64932374 1.00667780
5990 106 -1.65021817 1.00623059
6000 106 -1.65200702 1.00533616
6010 106 -1.65379588 1.00444174
6020 106 -1.65469030 1.00399452
6030 106 -1.65647916 1.00310009
6040 106 -1.65782080 1.00131124
6050 106 -1.65871523 1.00086403
6060 106 -1.66050408 0.99996960
6070 106 -1.66139851 0.99952239
6080 106 -1.66318736 0.99862796
6090 106 -1.66497622 0.99773353
6100 106 -1.66542343 0.99639189
6000 164 -1.48474914 0.48299068
6010 164 -1.48922127 0.48075462
6020 164 -1.49324620 0.47986019
6030 164 -1.49771833 0.47762412
6040 164 -1.50263768 0.47628248
6050 164 -1.50621539 0.47449362
6060 164 -1.51113474 0.47315198
6070 164 -1.51560688 0.47091592
6080 164 -1.51918458 0.46912706
6090 164 -1.52410393 0.46778542
6100 164 -1.52857607 0.46554935
6110 164 -1.53260099 0.46465493
6120 164 -1.53707313 0.46241886
6130 164 -1.54109805 0.46152443
6140 164 -1.54557019 0.45928836
6150 164 -1.55048954 0.45794672
6160 164 -1.55406724 0.45615787
6170 164 -1.55898659 0.45481623
6180 164 -1.56345873 0.45258016
6190 164 -1.56748365 0.45168573
6010 216 0.34748496 -0.31260230
6020 216 0.34793218 -0.31126066
6030 216 0.34837939 -0.30991902
6040 216 0.34972103 -0.30813017
6050 216 0.35061546 -0.30768295
6060 216 0.35195710 -0.30589410
6070 216 0.35240431 -0.30455246
6080 216 0.35374595 -0.30276360
6090 216 0.35419317 -0.30142196
6100 216 0.35553481 -0.29963311
6110 216 0.35642924 -0.29918590
6120 216 0.35777088 -0.29739704
6130 216 0.35821809 -0.29605540
6140 216 0.35866530 -0.29471376
6150 216 0.36000694 -0.29292491
6160 216 0.36045416 -0.29158326
6170 216 0.36224301 -0.29068884
6180 216 0.36269023 -0.28934720
6190 216 0.36403187 -0.28755834
6200 216 0.36447908 -0.28621670
6030 236 -0.25267568 -0.48075462
6040 236 -0.25401732 -0.48030740
6050 236 -0.25491175 -0.48075462
6060 236 -0.25580618 -0.48120183
6070 236 -0.25625339 -0.48030740
6080 236 -0.25714782 -0.48075462
6090 236 -0.25804224 -0.48120183
6100 236 -0.25848946 -0.48030740
6110 236 -0.25938389 -0.48075462
6120 236 -0.26072553 -0.48030740
6130 236 -0.26072553 -0.48030740
6140 236 -0.26161995 -0.48075462
6150 236 -0.26296159 -0.48030740
6160 236 -0.26385602 -0.48075462
6170 236 -0.26385602 -0.48075462
6180 236 -0.26519766 -0.48030740
6190 236 -0.26609209 -0.48075462
6200 236 -0.26609209 -0.48075462
6210 236 -0.26698652 -0.48120183
6220 236 -0.26832816 -0.48075462
6110 107 -1.66721228 0.99549746
6120 107 -1.66900114 0.99460304
6130 107 -1.66989557 0.99415582
6140 107 -1.67168442 0.99326140
6150 107 -1.67347327 0.99236697
6160 107 -1.67436770 0.99191975
6170 107 -1.67570934 0.99013090
6180 107 -1.67749820 0.98923647
6190 107 -1.67839262 0.98878926
6200 107 -1.68018148 0.98789483
6210 107 -1.66721228 0.99102533
6220 107 -1.64172111 0.99818075
6230 107 -1.61488829 1.00488895
6240 107 -1.58894990 1.01114994
6250 107 -1.56256430 1.01875257
6260 107 -1.53662591 1.02501356
6270 107 -1.50979310 1.03172176
6280 107 -1.48430192 1.03887718
6290 107 -1.45746911 1.04558539
6300 107 -1.43197793 1.05274080
