5520 133 0.00000000 0.00000000
5530 133 0.00000000 0.00223607
5540 133 0.00044721 0.00357771
5550 133 0.00089443 0.00491935
5560 133 0.00089443 0.00715542
5570 133 0.00134164 0.00849706
5580 133 0.00178885 0.00983870
5590 133 0.00178885 0.01207477
5600 133 0.00134164 0.01296919
5610 133 0.00178885 0.01431084
5620 133 0.00178885 0.01654690
5630 133 0.00223607 0.01788854
5640 133 0.00223607 0.02012461
5650 133 0.00268328 0.02146625
5660 133 0.00313050 0.02280789
5670 133 0.00313050 0.02504396
5680 133 0.00357771 0.02638560
5690 133 0.00402492 0.02772724
5700 133 0.00402492 0.02996331
5710 133 0.00447214 0.03130495
5400 161 0.74997720 -0.43558604
5410 161 0.74908277 -0.43826932
5420 161 0.74818835 -0.44095261
5430 161 0.74863556 -0.44408310
5440 161 0.74774113 -0.44676638
5450 161 0.74684670 -0.44944966
5460 161 0.74595228 -0.45213295
5470 161 0.74550506 -0.45571065
5480 161 0.74461064 -0.45839394
5490 161 0.74371621 -0.46107722
5500 161 0.74282178 -0.46376050
5510 161 0.74282178 -0.46599657
5520 161 0.74237457 -0.46957428
5530 161 0.74148014 -0.47225756
5540 161 0.74058571 -0.47494084
5550 161 0.73969129 -0.47762412
5560 161 0.73879686 -0.48030740
5570 161 0.73834965 -0.48388511
5580 161 0.73745522 -0.48656839
5590 161 0.73745522 -0.48880446
5510 104 0.19006578 -0.73343030
5520 104 0.19096021 -0.73521915
5530 104 0.19185463 -0.73700801
5540 104 0.19230185 -0.73790243
5550 104 0.19409070 -0.73924407
5560 104 0.19453791 -0.74013850
5570 104 0.19543234 -0.74192735
5580 104 0.19632677 -0.74371621
5590 104 0.19677398 -0.74461064
5600 104 0.19766841 -0.74639949
5610 104 0.19856284 -0.74818835
5620 104 0.19990448 -0.74863556
5630 104 0.20079890 -0.75042441
5640 104 0.20169333 -0.75221327
5650 104 0.20214055 -0.75310769
5660 104 0.20303497 -0.75489655
5670 104 0.20392940 -0.75668540
5680 104 0.20437661 -0.75757983
5690 104 0.20616547 -0.75892147
5700 104 0.20705989 -0.76071033
5600 162 0.73656079 -0.49148774
5610 162 0.73611358 -0.49506545
5620 162 0.73521915 -0.49774873
5630 162 0.73432472 -0.50043201
5640 162 0.73343030 -0.50311529
5650 162 0.73253587 -0.50579858
5660 162 0.73208866 -0.50937629
5670 162 0.73119423 -0.51205957
5680 162 0.73119423 -0.51429563
5690 162 0.73029980 -0.51697892
5700 162 0.72985259 -0.52055663
5710 162 0.72895816 -0.52323991
5720 162 0.72806373 -0.52592319
5730 162 0.72716931 -0.52860647
5740 162 0.72627488 -0.53128975
5750 162 0.72538045 -0.53397303
5760 162 0.72582767 -0.53710353
5770 162 0.72493324 -0.53978681
5780 162 0.72403881 -0.54247009
5790 162 0.72314438 -0.54515337
5710 105 0.20750711 -0.76160475
5720 105 0.20840154 -0.76339361
5730 105 0.20884875 -0.76428803
5740 105 0.20974318 -0.76607689
5750 105 0.21153203 -0.76741853
5760 105 0.21197924 -0.76831296
5770 105 0.21287367 -0.77010181
5780 105 0.21376810 -0.77189067
5790 105 0.21421531 -0.77278509
5800 105 0.21510974 -0.77457395
5810 105 0.21600417 -0.77636280
5820 105 0.21645138 -0.77725723
5830 105 0.21734581 -0.77904608
5840 105 0.21913466 -0.78038772
5850 105 0.21958188 -0.78128215
5860 105 0.22047630 -0.78307101
5870 105 0.22137073 -0.78485986
5880 105 0.22181794 -0.78575429
5890 105 0.22271237 -0.78754314
5900 105 0.22405401 -0.78799036
