7810 225 0.00000000 0.00000000
7820 225 -0.00000000 0.00100000
7830 225 -0.00000000 0.00100000
7840 225 -0.00000000 0.00100000
7850 225 -0.00000000 0.00200000
7860 225 -0.00000000 0.00200000
7870 225 -0.00000000 0.00200000
7880 225 -0.00000000 0.00300000
7890 225 -0.00000000 0.00300000
7900 225 -0.00000000 0.00300000
7910 225 -0.00000000 0.00300000
7920 225 -0.00000000 0.00400000
7930 225 -0.00000000 0.00400000
7940 225 -0.00000000 0.00400000
7950 225 -0.00000000 0.00500000
7960 225 -0.00000000 0.00500000
7970 225 -0.00000000 0.00500000
7980 225 -0.00000000 0.00600000
7990 225 -0.00000000 0.00600000
8000 225 -0.00000000 0.00600000
7630 244 0.10700000 0.80700000
7640 244 0.10700000 0.80800000
7650 244 0.10800000 0.80800000
7660 244 0.10800000 0.80900000
7670 244 0.10900000 0.81000000
7680 244 0.10900000 0.81100000
7690 244 0.10900000 0.81100000
7700 244 0.11000000 0.81200000
7710 244 0.11000000 0.81300000
7720 244 0.11000000 0.81300000
7730 244 0.11100000 0.81400000
7740 244 0.11100000 0.81500000
7750 244 0.11100000 0.81500000
7760 244 0.11100000 0.81600000
7770 244 0.11200000 0.81700000
7780 244 0.11200000 0.81700000
7790 244 0.11200000 0.81800000
7800 244 0.11300000 0.81900000
7810 244 0.11300000 0.82000000
7820 244 0.11400000 0.82000000
7710 115 0.93600000 0.79500000
7720 115 0.93600000 0.79500000
7730 115 0.93600000 0.79600000
7740 115 0.93600000 0.79600000
7750 115 0.93600000 0.79700000
7760 115 0.93600000 0.79800000
7770 115 0.93700000 0.79800000
7780 115 0.93700000 0.79900000
7790 115 0.93700000 0.79900000
7800 115 0.93700000 0.80000000
7810 115 0.93700000 0.80000000
7820 115 0.93700000 0.80100000
7830 115 0.93700000 0.80100000
7840 115 0.93700000 0.80200000
7850 115 0.93700000 0.80200000
7860 115 0.93700000 0.80300000
7870 115 0.93700000 0.80400000
7880 115 0.93700000 0.80400000
7890 115 0.93800000 0.80500000
7900 115 0.93800000 0.80500000
7720 144 0.78800000 0.36900000
7730 144 0.78800000 0.36900000
7740 144 0.78800000 0.37000000
7750 144 0.78800000 0.37000000
7760 144 0.78800000 0.37100000
7770 144 0.78800000 0.37200000
7780 144 0.78800000 0.37200000
7790 144 0.78800000 0.37300000
7800 144 0.78800000 0.37300000
7810 144 0.78800000 0.37400000
7820 144 0.78800000 0.37400000
7830 144 0.78800000 0.37500000
7840 144 0.78800000 0.37600000
7850 144 0.78800000 0.37600000
7860 144 0.78800000 0.37700000
7870 144 0.78800000 0.37700000
7880 144 0.78800000 0.37800000
7890 144 0.78800000 0.37900000
7900 144 0.78800000 0.37900000
7910 144 0.78800000 0.38000000
7830 245 0.11400000 0.82100000
7840 245 0.11400000 0.82100000
7850 245 0.11500000 0.82200000
7860 245 0.11500000 0.82300000
7870 245 0.11500000 0.82400000
7880 245 0.11600000 0.82400000
7890 245 0.11600000 0.82500000
7900 245 0.11600000 0.82600000
7910 245 0.11700000 0.82600000
7920 245 0.11700000 0.82700000
7930 245 0.11700000 0.82800000
7940 245 0.11800000 0.82800000
7950 245 0.11800000 0.82900000
7960 245 0.11800000 0.83000000
7970 245 0.11900000 0.83100000
7980 245 0.11900000 0.83100000
7990 245 0.11900000 0.83200000
8000 245 0.12000000 0.83300000
8010 245 0.12000000 0.83300000
8020 245 0.12000000 0.83300000
7910 116 0.93800000 0.80600000
7920 116 0.93800000 0.80600000
7930 116 0.93800000 0.80700000
7940 116 0.93800000 0.80700000
7950 116 0.93800000 0.80800000
7960 116 0.93800000 0.80800000
7970 116 0.93800000 0.80900000
7980 116 0.93900000 0.81000000
7990 116 0.93900000 0.81000000
8000 116 0.93900000 0.81100000
8010 116 0.93900000 0.81100000
8020 116 0.93900000 0.81200000
8030 116 0.93900000 0.81200000
8040 116 0.93900000 0.81300000
8050 116 0.93900000 0.81300000
8060 116 0.93900000 0.81400000
8070 116 0.93900000 0.81400000
8080 116 0.94000000 0.81500000
8090 116 0.94000000 0.81500000
8100 116 0.94000000 0.81600000
7920 145 0.78800000 0.38000000
7930 145 0.78800000 0.38100000
7940 145 0.78800000 0.38100000
7950 145 0.78800000 0.38200000
7960 145 0.78800000 0.38300000
7970 145 0.78800000 0.38300000
7980 145 0.78800000 0.38400000
7990 145 0.78800000 0.38400000
8000 145 0.78800000 0.38500000
8010 145 0.78800000 0.38500000
8020 145 0.78800000 0.38600000
8030 145 0.78800000 0.38700000
8040 145 0.78800000 0.38700000
8050 145 0.78800000 0.38800000
8060 145 0.78800000 0.38800000
8070 145 0.78800000 0.38900000
8080 145 0.78800000 0.38900000
8090 145 0.78800000 0.39000000
8100 145 0.78800000 0.39100000
8110 145 0.78800000 0.39100000
