5000 159 0.00000000 0.00000000
5010 159 -0.00000000 0.00282843
5020 159 0.00070711 0.00636396
5030 159 0.00212132 0.00919239
5040 159 0.00212132 0.01202082
5050 159 0.00565685 0.01272792
5060 159 0.00848528 0.01272792
5070 159 0.01131371 0.01272792
5080 159 0.01414214 0.01272792
5090 159 0.01626346 0.01343503
5100 159 0.01979899 0.01414214
5110 159 0.02262742 0.01414214
5120 159 0.02545584 0.01414214
5130 159 0.02828427 0.01414214
5140 159 0.03111270 0.01414214
5150 159 0.03464823 0.01484924
5160 159 0.03747666 0.01484924
5170 159 0.03959798 0.01555635
5180 159 0.04242641 0.01555635
5190 159 0.04596194 0.01626346
4910 101 0.50346003 -0.49214632
4920 101 0.50346003 -0.49073211
4930 101 0.50487424 -0.48931789
4940 101 0.50628846 -0.48790368
4950 101 0.50699556 -0.48719657
4960 101 0.50840978 -0.48578236
4970 101 0.50911688 -0.48507525
4980 101 0.51053110 -0.48366104
4990 101 0.51123820 -0.48153972
5000 101 0.51194531 -0.48083261
5010 101 0.51335952 -0.47941840
5020 101 0.51477374 -0.47800418
5030 101 0.51548084 -0.47729708
5040 101 0.51689506 -0.47588286
5050 101 0.51760216 -0.47376154
5060 101 0.51830927 -0.47305444
5070 101 0.51972348 -0.47164022
5080 101 0.52113770 -0.47022601
5090 101 0.52184480 -0.46951890
5100 101 0.52325902 -0.46810469
4920 130 0.02687006 -0.81034437
4930 130 0.02474874 -0.81105148
4940 130 0.02333452 -0.81105148
4950 130 0.02192031 -0.81105148
4960 130 0.01979899 -0.81175858
4970 130 0.01838478 -0.81175858
4980 130 0.01697056 -0.81175858
4990 130 0.01555635 -0.81317280
5000 130 0.01414214 -0.81317280
5010 130 0.01272792 -0.81317280
5020 130 0.01060660 -0.81387991
5030 130 0.00919239 -0.81387991
5040 130 0.00777817 -0.81387991
5050 130 0.00565685 -0.81458701
5060 130 0.00424264 -0.81458701
5070 130 0.00212132 -0.81529412
5080 130 0.00070711 -0.81529412
5090 130 -0.00070711 -0.81529412
5100 130 -0.00282843 -0.81600123
5110 130 -0.00353553 -0.81670833
4990 188 0.96802918 0.50558135
5000 188 0.73609816 0.58194888
5010 188 0.50416713 0.65831641
5020 188 0.33658283 0.70144993
5030 188 0.19657569 0.72973420
5040 188 0.10748023 0.75094740
5050 188 0.13859293 0.75660426
5060 188 0.16899852 0.76155400
5070 188 0.20011122 0.76721086
5080 188 0.23051681 0.77216061
5090 188 0.26162951 0.77781746
5100 188 0.29203510 0.78276721
5110 188 0.30971277 0.78488853
5120 188 0.32173359 0.78700985
5130 188 0.33304729 0.78842406
5140 188 0.34506811 0.79054538
5150 188 0.35638182 0.79195959
5160 188 0.36840263 0.79408092
5170 188 0.38042345 0.79478802
5180 188 0.39244426 0.79690934
5110 102 0.52467323 -0.46669048
5120 102 0.52538034 -0.46598337
5130 102 0.52679455 -0.46456916
5140 102 0.52679455 -0.46315494
5150 102 0.52820877 -0.46174073
5160 102 0.52962298 -0.46032651
5170 102 0.53033009 -0.45961941
5180 102 0.53174430 -0.45820519
5190 102 0.53315851 -0.45679098
5200 102 0.53315851 -0.45537677
5210 102 0.53457273 -0.45396255
5220 102 0.53598694 -0.45254834
5230 102 0.53669405 -0.45184123
5240 102 0.53810826 -0.45042702
5250 102 0.53952247 -0.44901281
5260 102 0.54022958 -0.44830570
5270 102 0.54093669 -0.44618438
5280 102 0.54164379 -0.44547727
5290 102 0.54305801 -0.44406306
5300 102 0.54447222 -0.44264885
5120 131 -0.00494975 -0.81670833
5130 131 -0.00707107 -0.81741544
5140 131 -0.00848528 -0.81741544
5150 131 -0.00989949 -0.81741544
5160 131 -0.01202082 -0.81812255
5170 131 -0.01343503 -0.81812255
5180 131 -0.01484924 -0.81812255
5190 131 -0.01697056 -0.81882965
5200 131 -0.01838478 -0.81882965
5210 131 -0.02050610 -0.81953676
5220 131 -0.02192031 -0.81953676
5230 131 -0.02262742 -0.82024387
5240 131 -0.02474874 -0.82095097
5250 131 -0.02616295 -0.82095097
5260 131 -0.02757716 -0.82095097
5270 131 -0.02969848 -0.82165808
5280 131 -0.03111270 -0.82165808
5290 131 -0.03252691 -0.82165808
5300 131 -0.03464823 -0.82236519
5310 131 -0.03606245 -0.82236519
