9210 232 0.00000000 0.00000000
9220 232 0.00000000 0.00000000
9230 232 -0.00000000 0.00100000
9240 232 -0.00000000 0.00100000
9250 232 -0.00000000 0.00100000
9260 232 -0.00000000 0.00100000
9270 232 -0.00000000 0.00200000
9280 232 -0.00000000 0.00200000
9290 232 -0.00000000 0.00300000
9300 232 -0.00000000 0.00300000
9310 232 -0.00000000 0.00300000
9320 232 -0.00000000 0.00300000
9330 232 -0.00000000 0.00400000
9340 232 -0.00000000 0.00400000
9350 232 -0.00000000 0.00400000
9360 232 -0.00000000 0.00500000
9370 232 -0.00000000 0.00500000
9380 232 -0.00000000 0.00500000
9390 232 -0.00000000 0.00500000
9400 232 -0.00000000 0.00600000
9030 251 0.12000000 0.83300000
9040 251 0.12000000 0.83300000
9050 251 0.12000000 0.83400000
9060 251 0.12000000 0.83400000
9070 251 0.12000000 0.83500000
9080 251 0.12000000 0.83500000
9090 251 0.12000000 0.83600000
9100 251 0.12000000 0.83600000
9110 251 0.12000000 0.83600000
9120 251 0.12000000 0.83700000
9130 251 0.12000000 0.83700000
9140 251 0.12000000 0.83800000
9150 251 0.12000000 0.83800000
9160 251 0.12000000 0.83800000
9170 251 0.12000000 0.83900000
9180 251 0.12000000 0.83900000
9190 251 0.12000000 0.84000000
9200 251 0.12000000 0.84000000
9210 251 0.12000000 0.84100000
9220 251 0.12000000 0.84100000
9110 122 0.95000000 0.82700000
9120 122 0.95000000 0.82800000
9130 122 0.95000000 0.82800000
9140 122 0.95000000 0.82900000
9150 122 0.95100000 0.82900000
9160 122 0.95100000 0.83000000
9170 122 0.95100000 0.83000000
9180 122 0.95100000 0.83100000
9190 122 0.95100000 0.83200000
9200 122 0.95100000 0.83200000
9210 122 0.95100000 0.83300000
9220 122 0.95100000 0.83300000
9230 122 0.95100000 0.83400000
9240 122 0.95100000 0.83400000
9250 122 0.95200000 0.83500000
9260 122 0.95200000 0.83500000
9270 122 0.95200000 0.83600000
9280 122 0.95200000 0.83600000
9290 122 0.95200000 0.83700000
9300 122 0.95200000 0.83800000
9120 151 0.78800000 0.40600000
9130 151 0.78800000 0.40700000
9140 151 0.78800000 0.40700000
9150 151 0.78800000 0.40800000
9160 151 0.78800000 0.40800000
9170 151 0.78800000 0.40900000
9180 151 0.78800000 0.41000000
9190 151 0.78800000 0.41000000
9200 151 0.78800000 0.41100000
9210 151 0.78800000 0.41100000
9220 151 0.78800000 0.41200000
9230 151 0.78800000 0.41200000
9240 151 0.78800000 0.41300000
9250 151 0.78800000 0.41400000
9260 151 0.78800000 0.41400000
9270 151 0.78800000 0.41500000
9280 151 0.78800000 0.41500000
9290 151 0.78800000 0.41600000
9300 151 0.78800000 0.41600000
9310 151 0.78800000 0.41700000
9230 252 0.12000000 0.84100000
9240 252 0.12000000 0.84200000
9250 252 0.12000000 0.84200000
9260 252 0.12000000 0.84300000
9270 252 0.12000000 0.84300000
9280 252 0.12000000 0.84400000
9290 252 0.12000000 0.84400000
9300 252 0.12000000 0.84400000
9310 252 0.12000000 0.84500000
9320 252 0.12000000 0.84500000
9330 252 0.12000000 0.84600000
9340 252 0.12000000 0.84600000
9350 252 0.12000000 0.84600000
9360 252 0.12000000 0.84700000
9370 252 0.12000000 0.84700000
9380 252 0.12000000 0.84800000
9390 252 0.12000000 0.84800000
9400 252 0.12000000 0.84900000
9410 252 0.12000000 0.84900000
9420 252 0.12000000 0.84900000
9310 123 0.95200000 0.83800000
9320 123 0.95200000 0.83900000
9330 123 0.95200000 0.83900000
9340 123 0.95300000 0.84000000
9350 123 0.95300000 0.84000000
9360 123 0.95300000 0.84100000
9370 123 0.95300000 0.84100000
9380 123 0.95300000 0.84200000
9390 123 0.95300000 0.84200000
9400 123 0.95300000 0.84300000
9410 123 0.95300000 0.84400000
9420 123 0.95300000 0.84400000
9430 123 0.95300000 0.84500000
9440 123 0.95300000 0.84500000
9450 123 0.95300000 0.84600000
9460 123 0.95400000 0.84600000
9470 123 0.95400000 0.84700000
9480 123 0.95400000 0.84700000
9490 123 0.95400000 0.84800000
9500 123 0.95400000 0.84800000
9320 152 0.78800000 0.41800000
9330 152 0.78800000 0.41800000
9340 152 0.78800000 0.41900000
9350 152 0.78800000 0.41900000
9360 152 0.78800000 0.42000000
9370 152 0.78800000 0.42000000
9380 152 0.78800000 0.42100000
9390 152 0.78800000 0.42200000
9400 152 0.78800000 0.42200000
9410 152 0.78800000 0.42300000
9420 152 0.78800000 0.42300000
9430 152 0.78800000 0.42400000
9440 152 0.78800000 0.42400000
9450 152 0.78800000 0.42500000
9460 152 0.78800000 0.42600000
9470 152 0.78800000 0.42600000
9480 152 0.78800000 0.42700000
9490 152 0.78800000 0.42700000
9500 152 0.78800000 0.42800000
9510 152 0.78800000 0.42800000
