9230 252 0.00000000 0.00000000
9240 252 -0.00000000 0.00100000
9250 252 -0.00000000 0.00100000
9260 252 -0.00000000 0.00200000
9270 252 -0.00000000 0.00200000
9280 252 -0.00000000 0.00300000
9290 252 -0.00000000 0.00300000
9300 252 -0.00000000 0.00300000
9310 252 -0.00000000 0.00400000
9320 252 -0.00000000 0.00400000
9330 252 -0.00000000 0.00500000
9340 252 -0.00000000 0.00500000
9350 252 -0.00000000 0.00500000
9360 252 -0.00000000 0.00600000
9370 252 -0.00000000 0.00600000
9380 252 -0.00000000 0.00700000
9390 252 -0.00000000 0.00700000
9400 252 -0.00000000 0.00800000
9410 252 -0.00000000 0.00800000
9420 252 -0.00000000 0.00800000
9110 122 0.83000000 -0.01400000
9120 122 0.83000000 -0.01300000
9130 122 0.83000000 -0.01300000
9140 122 0.83000000 -0.01200000
9150 122 0.83100000 -0.01200000
9160 122 0.83100000 -0.01100000
9170 122 0.83100000 -0.01100000
9180 122 0.83100000 -0.01000000
9190 122 0.83100000 -0.00900000
9200 122 0.83100000 -0.00900000
9210 122 0.83100000 -0.00800000
9220 122 0.83100000 -0.00800000
9230 122 0.83100000 -0.00700000
9240 122 0.83100000 -0.00700000
9250 122 0.83200000 -0.00600000
9260 122 0.83200000 -0.00600000
9270 122 0.83200000 -0.00500000
9280 122 0.83200000 -0.00500000
9290 122 0.83200000 -0.00400000
9300 122 0.83200000 -0.00300000
9120 151 0.66800000 -0.43500000
9130 151 0.66800000 -0.43400000
9140 151 0.66800000 -0.43400000
9150 151 0.66800000 -0.43300000
9160 151 0.66800000 -0.43300000
9170 151 0.66800000 -0.43200000
9180 151 0.66800000 -0.43100000
9190 151 0.66800000 -0.43100000
9200 151 0.66800000 -0.43000000
9210 151 0.66800000 -0.43000000
9220 151 0.66800000 -0.42900000
9230 151 0.66800000 -0.42900000
9240 151 0.66800000 -0.42800000
9250 151 0.66800000 -0.42700000
9260 151 0.66800000 -0.42700000
9270 151 0.66800000 -0.42600000
9280 151 0.66800000 -0.42600000
9290 151 0.66800000 -0.42500000
9300 151 0.66800000 -0.42500000
9310 151 0.66800000 -0.42400000
9210 232 -0.12000000 -0.84100000
9220 232 -0.12000000 -0.84100000
9230 232 -0.12000000 -0.84000000
9240 232 -0.12000000 -0.84000000
9250 232 -0.12000000 -0.84000000
9260 232 -0.12000000 -0.84000000
9270 232 -0.12000000 -0.83900000
9280 232 -0.12000000 -0.83900000
9290 232 -0.12000000 -0.83800000
9300 232 -0.12000000 -0.83800000
9310 232 -0.12000000 -0.83800000
9320 232 -0.12000000 -0.83800000
9330 232 -0.12000000 -0.83700000
9340 232 -0.12000000 -0.83700000
9350 232 -0.12000000 -0.83700000
9360 232 -0.12000000 -0.83600000
9370 232 -0.12000000 -0.83600000
9380 232 -0.12000000 -0.83600000
9390 232 -0.12000000 -0.83600000
9400 232 -0.12000000 -0.83500000
9310 123 0.83200000 -0.00300000
9320 123 0.83200000 -0.00200000
9330 123 0.83200000 -0.00200000
9340 123 0.83300000 -0.00100000
9350 123 0.83300000 -0.00100000
9360 123 0.83300000 0.00000000
9370 123 0.83300000 0.00000000
9380 123 0.83300000 0.00100000
9390 123 0.83300000 0.00100000
9400 123 0.83300000 0.00200000
9410 123 0.83300000 0.00300000
9420 123 0.83300000 0.00300000
9430 123 0.83300000 0.00400000
9440 123 0.83300000 0.00400000
9450 123 0.83300000 0.00500000
9460 123 0.83400000 0.00500000
9470 123 0.83400000 0.00600000
9480 123 0.83400000 0.00600000
9490 123 0.83400000 0.00700000
9500 123 0.83400000 0.00700000
9320 152 0.66800000 -0.42300000
9330 152 0.66800000 -0.42300000
9340 152 0.66800000 -0.42200000
9350 152 0.66800000 -0.42200000
9360 152 0.66800000 -0.42100000
9370 152 0.66800000 -0.42100000
9380 152 0.66800000 -0.42000000
9390 152 0.66800000 -0.41900000
9400 152 0.66800000 -0.41900000
9410 152 0.66800000 -0.41800000
9420 152 0.66800000 -0.41800000
9430 152 0.66800000 -0.41700000
9440 152 0.66800000 -0.41700000
9450 152 0.66800000 -0.41600000
9460 152 0.66800000 -0.41500000
9470 152 0.66800000 -0.41500000
9480 152 0.66800000 -0.41400000
9490 152 0.66800000 -0.41400000
9500 152 0.66800000 -0.41300000
9510 152 0.66800000 -0.41300000
9410 233 -0.12000000 -0.83500000
9420 233 -0.12000000 -0.83500000
9430 233 -0.12000000 -0.83400000
9440 233 -0.12000000 -0.83400000
9450 233 -0.12000000 -0.83400000
9460 233 -0.12000000 -0.83300000
9470 233 -0.12000000 -0.83300000
9480 233 -0.12000000 -0.83300000
9490 233 -0.12000000 -0.83200000
9500 233 -0.12000000 -0.83200000
9510 233 -0.12000000 -0.83200000
9520 233 -0.12000000 -0.83200000
9530 233 -0.12000000 -0.83100000
9540 233 -0.12000000 -0.83100000
9550 233 -0.12000000 -0.83100000
9560 233 -0.12000000 -0.83000000
9570 233 -0.12000000 -0.86400000
9580 233 -0.12000000 -1.20600000
9590 233 -0.04200000 -1.59200000
9600 233 0.11400000 -2.02200000
