4720 129 0.00000000 0.00000000
4730 129 0.00000000 0.00223607
4740 129 0.00044721 0.00357771
4750 129 0.00089443 0.00491935
4760 129 0.00089443 0.00715542
4770 129 0.00134164 0.00849706
4780 129 0.00178885 0.00983870
4790 129 0.00178885 0.01207477
4800 129 0.00223607 0.01341641
4810 129 0.00268328 0.01475805
4820 129 0.00268328 0.01699412
4830 129 0.00313050 0.01833576
4840 129 0.00357771 0.01967740
4850 129 0.00268328 0.02146625
4860 129 0.00313050 0.02280789
4870 129 0.00357771 0.02414953
4880 129 0.00357771 0.02638560
4890 129 0.00402492 0.02772724
4900 129 0.00447214 0.02906888
4910 129 0.00447214 0.03130495
4600 157 0.67708138 -0.13326965
4610 157 0.67931745 -0.13550572
4620 157 0.68200073 -0.13640015
4630 157 0.68513123 -0.13818900
4640 157 0.68736730 -0.14042507
4650 157 0.69005058 -0.14131950
4660 157 0.69318107 -0.14310835
4670 157 0.69496993 -0.14444999
4680 157 0.69810042 -0.14623885
4690 157 0.70033649 -0.14847491
4700 157 0.70301977 -0.14936934
4710 157 0.70615027 -0.15115820
4720 157 0.70793912 -0.15249984
4730 157 0.71106962 -0.15428869
4740 157 0.71420011 -0.15607754
4750 157 0.71598897 -0.15741919
4760 157 0.71911946 -0.15920804
4770 157 0.72224996 -0.16099689
4780 157 0.72403881 -0.16233854
4790 157 0.72716931 -0.16412739
4710 100 0.13863621 -0.49193496
4720 100 0.13997786 -0.49238217
4730 100 0.14087228 -0.49417102
4740 100 0.14176671 -0.49595988
4750 100 0.14221392 -0.49685430
4760 100 0.14310835 -0.49864316
4770 100 0.14400278 -0.50043201
4780 100 0.14444999 -0.50132644
4790 100 0.14623885 -0.50266808
4800 100 0.14668606 -0.50356251
4810 100 0.14758049 -0.50535136
4820 100 0.14847491 -0.50714022
4830 100 0.14892213 -0.50803464
4840 100 0.14981655 -0.50982350
4850 100 0.15071098 -0.51161235
4860 100 0.15205262 -0.51205957
4870 100 0.15294705 -0.51384842
4880 100 0.15384148 -0.51563728
4890 100 0.15428869 -0.51653170
4900 100 0.15518312 -0.51832056
4800 158 0.72940537 -0.16636346
4810 158 0.73208866 -0.16725788
4820 158 0.73521915 -0.16904674
4830 158 0.73700801 -0.17038838
4840 158 0.74013850 -0.17217723
4850 158 0.74326900 -0.17396609
4860 158 0.74505785 -0.17530773
4870 158 0.74818835 -0.17709658
4880 158 0.75087163 -0.17799101
4890 158 0.75310769 -0.18022708
4900 158 0.75623819 -0.18201593
4910 158 0.75892147 -0.18291036
4920 158 0.76115754 -0.18514643
4930 158 0.76384082 -0.18604086
4940 158 0.76697132 -0.18782971
4950 158 0.76920738 -0.19006578
4960 158 0.77189067 -0.19096021
4970 158 0.77502116 -0.19274906
4980 158 0.77681002 -0.19409070
4990 158 0.77994051 -0.19587955
4910 101 0.15607754 -0.52010941
4920 101 0.15741919 -0.52055663
4930 101 0.15831361 -0.52234548
4940 101 0.15920804 -0.52413433
4950 101 0.15965525 -0.52502876
4960 101 0.16054968 -0.52681762
4970 101 0.16099689 -0.52771204
4980 101 0.16189132 -0.52950090
4990 101 0.16368018 -0.53084254
5000 101 0.16412739 -0.53173697
5010 101 0.16502182 -0.53352582
5020 101 0.16591624 -0.53531467
5030 101 0.16636346 -0.53620910
5040 101 0.16725788 -0.53799796
5050 101 0.16904674 -0.53933960
5060 101 0.16949395 -0.54023402
5070 101 0.17038838 -0.54202288
5080 101 0.17128281 -0.54381173
5090 101 0.17173002 -0.54470616
5100 101 0.17262445 -0.54649501
