7030 241 0.00000000 0.00000000
7040 241 0.00000000 0.00000000
7050 241 -0.00000000 0.00141421
7060 241 -0.00070711 0.00212132
7070 241 -0.00070711 0.00212132
7080 241 -0.00070711 0.00353553
7090 241 -0.00141421 0.00424264
7100 241 -0.00212132 0.00494975
7110 241 -0.00141421 0.00565685
7120 241 -0.00212132 0.00636396
7130 241 -0.00212132 0.00636396
7140 241 -0.00212132 0.00777817
7150 241 -0.00282843 0.00848528
7160 241 -0.00353553 0.00919239
7170 241 -0.00282843 0.00989949
7180 241 -0.00353553 0.01060660
7190 241 -0.00424264 0.01131371
7200 241 -0.00353553 0.01202082
7210 241 -0.00424264 0.01272792
7220 241 -0.00494975 0.01343503
6910 111 0.43628488 0.47588286
6920 111 0.43133514 0.47658997
6930 111 0.42779960 0.47729708
6940 111 0.42355696 0.47871129
6950 111 0.42002143 0.47941840
6960 111 0.41507168 0.48012550
6970 111 0.41082904 0.48153972
6980 111 0.40729351 0.48224682
6990 111 0.40305087 0.48366104
7000 111 0.39810112 0.48436815
7010 111 0.39456558 0.48507525
7020 111 0.39032294 0.48648947
7030 111 0.38678741 0.48719657
7040 111 0.38183766 0.48790368
7050 111 0.37759502 0.48931789
7060 111 0.37405949 0.49002500
7070 111 0.36981685 0.49143921
7080 111 0.36486710 0.49214632
7090 111 0.36133157 0.49285343
7100 111 0.35708892 0.49426764
6920 140 0.80610173 0.15132085
6930 140 0.80610173 0.15556349
6940 140 0.80610173 0.15980613
6950 140 0.80610173 0.16404877
6960 140 0.80610173 0.16829141
6970 140 0.80610173 0.17253405
6980 140 0.80610173 0.17677670
6990 140 0.80610173 0.18101934
7000 140 0.80539462 0.18596908
7010 140 0.80539462 0.18596908
7020 140 0.80468752 0.18667619
7030 140 0.80468752 0.18667619
7040 140 0.80398041 0.18738330
7050 140 0.80398041 0.18738330
7060 140 0.80327330 0.18809040
7070 140 0.80256620 0.18879751
7080 140 0.80256620 0.18879751
7090 140 0.80185909 0.18950462
7100 140 0.80185909 0.18950462
7110 140 0.80115198 0.19021172
7010 221 0.49709607 -0.62013265
7020 221 0.49709607 -0.62013265
7030 221 0.49638896 -0.61942554
7040 221 0.49638896 -0.61942554
7050 221 0.49638896 -0.61942554
7060 221 0.49568185 -0.61871843
7070 221 0.49568185 -0.61871843
7080 221 0.49568185 -0.61871843
7090 221 0.49497475 -0.61801133
7100 221 0.49497475 -0.61801133
7110 221 0.49497475 -0.61801133
7120 221 0.49497475 -0.61801133
7130 221 0.49426764 -0.61730422
7140 221 0.49426764 -0.61730422
7150 221 0.49426764 -0.61730422
7160 221 0.49356053 -0.61659711
7170 221 0.49356053 -0.61659711
7180 221 0.49356053 -0.61659711
7190 221 0.49285343 -0.61589001
7200 221 0.49285343 -0.61589001
7110 112 0.35355339 0.49497475
7120 112 0.34931075 0.49638896
7130 112 0.34436100 0.49709607
7140 112 0.34082547 0.49780317
7150 112 0.33658283 0.49921739
7160 112 0.33163308 0.49992449
7170 112 0.32809755 0.50063160
7180 112 0.32385491 0.50204581
7190 112 0.32031937 0.50275292
7200 112 0.37123106 0.52113770
7210 112 0.42779960 0.54093669
7220 112 0.48507525 0.56144278
7230 112 0.54305801 0.58124177
7240 112 0.59396970 0.59962655
7250 112 0.59396970 0.59962655
7260 112 0.59326259 0.60033366
7270 112 0.59326259 0.60033366
7280 112 0.59326259 0.60174787
7290 112 0.59326259 0.60174787
7300 112 0.59255548 0.60245498
7120 141 0.80115198 0.19021172
7130 141 0.80044488 0.19091883
7140 141 0.79973777 0.19162594
7150 141 0.79973777 0.19162594
7160 141 0.79903066 0.19233304
7170 141 0.79903066 0.19233304
7180 141 0.79832356 0.19304015
7190 141 0.79832356 0.19304015
7200 141 0.79761645 0.19374726
7210 141 0.79690934 0.19445436
7220 141 0.79690934 0.19445436
7230 141 0.79620224 0.19516147
7240 141 0.79620224 0.19516147
7250 141 0.79549513 0.19586858
7260 141 0.79549513 0.19586858
7270 141 0.79478802 0.19657569
7280 141 0.79408092 0.19728279
7290 141 0.79408092 0.19728279
7300 141 0.79337381 0.19798990
7310 141 0.79337381 0.19798990
7210 222 0.49285343 -0.61589001
7220 222 0.49214632 -0.61518290
7230 222 0.49214632 -0.61518290
7240 222 0.49214632 -0.61518290
7250 222 0.49214632 -0.61518290
7260 222 0.49143921 -0.61447579
7270 222 0.49143921 -0.61447579
7280 222 0.49143921 -0.61447579
7290 222 0.49073211 -0.61376869
7300 222 0.49073211 -0.61376869
7310 222 0.49073211 -0.61376869
7320 222 0.49002500 -0.61306158
7330 222 0.49002500 -0.61306158
7340 222 0.49002500 -0.61306158
7350 222 0.49002500 -0.61306158
7360 222 0.48931789 -0.61235447
7370 222 0.48931789 -0.61235447
7380 222 0.48931789 -0.61235447
7390 222 0.48861079 -0.61164737
7400 222 0.48861079 -0.61164737
