5910 106 0.00000000 0.00000000
5920 106 -0.00000000 0.00200000
5930 106 -0.00000000 0.00300000
5940 106 -0.00000000 0.00500000
5950 106 -0.00000000 0.00700000
5960 106 -0.00000000 0.00800000
5970 106 -0.00100000 0.01000000
5980 106 -0.00100000 0.01200000
5990 106 -0.00100000 0.01300000
6000 106 -0.00100000 0.01500000
6010 106 -0.00100000 0.01700000
6020 106 -0.00100000 0.01800000
6030 106 -0.00100000 0.02000000
6040 106 -0.00200000 0.02200000
6050 106 -0.00200000 0.02300000
6060 106 -0.00200000 0.02500000
6070 106 -0.00200000 0.02600000
6080 106 -0.00200000 0.02800000
6090 106 -0.00200000 0.03000000
6100 106 -0.00300000 0.03100000
5720 134 -0.17100000 -0.83400000
5730 134 -0.25700000 -0.83900000
5740 134 -0.47200000 -0.85000000
5750 134 -0.66200000 -0.87000000
5760 134 -0.81400000 -0.90300000
5770 134 -0.96700000 -0.93700000
5780 134 -1.13500000 -0.97100000
5790 134 -1.30400000 -1.00500000
5800 134 -1.47400000 -1.03900000
5810 134 -1.54100000 -1.03700000
5820 134 -1.58300000 -1.02700000
5830 134 -1.62400000 -1.01600000
5840 134 -1.66600000 -1.00600000
5850 134 -1.67100000 -1.00500000
5860 134 -1.66600000 -1.00600000
5870 134 -1.66200000 -1.00700000
5880 134 -1.65700000 -1.00800000
5890 134 -1.65300000 -1.00900000
5900 134 -1.64800000 -1.01100000
5910 134 -1.64400000 -1.01200000
5800 163 -0.55300000 0.00700000
5810 163 -0.55200000 0.01100000
5820 163 -0.55200000 0.01600000
5830 163 -0.55100000 0.02100000
5840 163 -0.55100000 0.02500000
5850 163 -0.55100000 0.03000000
5860 163 -0.55000000 0.03400000
5870 163 -0.55000000 0.03900000
5880 163 -0.54900000 0.04400000
5890 163 -0.54900000 0.04800000
5900 163 -0.54800000 0.05300000
5910 163 -0.54800000 0.05800000
5920 163 -0.54700000 0.06200000
5930 163 -0.54700000 0.06700000
5940 163 -0.54600000 0.07100000
5950 163 -0.54600000 0.07600000
5960 163 -0.54500000 0.08100000
5970 163 -0.54500000 0.08500000
5980 163 -0.54400000 0.09000000
5990 163 -0.54400000 0.09500000
5920 135 -1.63900000 -1.01300000
5930 135 -1.63500000 -1.01500000
5940 135 -1.63000000 -1.01600000
5950 135 -1.62500000 -1.01700000
5960 135 -1.62100000 -1.01800000
5970 135 -1.61600000 -1.01900000
5980 135 -1.61200000 -1.02100000
5990 135 -1.60700000 -1.02200000
6000 135 -1.60300000 -1.02300000
6010 135 -1.59800000 -1.02400000
6020 135 -1.59300000 -1.02600000
6030 135 -1.58900000 -1.02700000
6040 135 -1.58400000 -1.02800000
6050 135 -1.58000000 -1.02900000
6060 135 -1.57500000 -1.03100000
6070 135 -1.57100000 -1.03200000
6080 135 -1.56600000 -1.03300000
6090 135 -1.56200000 -1.03400000
6100 135 -1.55700000 -1.03600000
6110 135 -1.55200000 -1.03700000
6000 164 -0.54300000 0.09900000
6010 164 -0.54300000 0.10400000
6020 164 -0.54200000 0.10800000
6030 164 -0.54200000 0.11300000
6040 164 -0.54100000 0.11800000
6050 164 -0.54100000 0.12200000
6060 164 -0.54000000 0.12700000
6070 164 -0.54000000 0.13200000
6080 164 -0.54000000 0.13600000
6090 164 -0.53900000 0.14100000
6100 164 -0.53900000 0.14600000
6110 164 -0.53800000 0.15000000
6120 164 -0.53800000 0.15500000
6130 164 -0.53700000 0.15900000
6140 164 -0.53700000 0.16400000
6150 164 -0.53600000 0.16900000
6160 164 -0.53600000 0.17300000
6170 164 -0.53500000 0.17800000
6180 164 -0.53500000 0.18300000
6190 164 -0.53400000 0.18700000
