8010 226 0.00000000 0.00000000
8020 226 0.00000000 0.00000000
8030 226 0.00000000 0.00000000
8040 226 0.00000000 0.00000000
8050 226 -0.00000000 0.00100000
8060 226 -0.00000000 0.00100000
8070 226 -0.00000000 0.00100000
8080 226 -0.00000000 0.00200000
8090 226 -0.00000000 0.00200000
8100 226 -0.00000000 0.00200000
8110 226 -0.00000000 0.00300000
8120 226 -0.00000000 0.00300000
8130 226 -0.00000000 0.00300000
8140 226 -0.00000000 0.00400000
8150 226 -0.00000000 0.00400000
8160 226 -0.00000000 0.00400000
8170 226 -0.00000000 0.00400000
8180 226 -0.00000000 0.00500000
8190 226 -0.00000000 0.00500000
8200 226 -0.00000000 0.00500000
7830 245 0.11400000 0.81400000
7840 245 0.11400000 0.81400000
7850 245 0.11500000 0.81500000
7860 245 0.11500000 0.81600000
7870 245 0.11500000 0.81700000
7880 245 0.11600000 0.81700000
7890 245 0.11600000 0.81800000
7900 245 0.11600000 0.81900000
7910 245 0.11700000 0.81900000
7920 245 0.11700000 0.82000000
7930 245 0.11700000 0.82100000
7940 245 0.11800000 0.82100000
7950 245 0.11800000 0.82200000
7960 245 0.11800000 0.82300000
7970 245 0.11900000 0.82400000
7980 245 0.11900000 0.82400000
7990 245 0.11900000 0.82500000
8000 245 0.12000000 0.82600000
8010 245 0.12000000 0.82600000
8020 245 0.12000000 0.82600000
7910 116 0.93800000 0.79900000
7920 116 0.93800000 0.79900000
7930 116 0.93800000 0.80000000
7940 116 0.93800000 0.80000000
7950 116 0.93800000 0.80100000
7960 116 0.93800000 0.80100000
7970 116 0.93800000 0.80200000
7980 116 0.93900000 0.80300000
7990 116 0.93900000 0.80300000
8000 116 0.93900000 0.80400000
8010 116 0.93900000 0.80400000
8020 116 0.93900000 0.80500000
8030 116 0.93900000 0.80500000
8040 116 0.93900000 0.80600000
8050 116 0.93900000 0.80600000
8060 116 0.93900000 0.80700000
8070 116 0.93900000 0.80700000
8080 116 0.94000000 0.80800000
8090 116 0.94000000 0.80800000
8100 116 0.94000000 0.80900000
7920 145 0.78800000 0.37300000
7930 145 0.78800000 0.37400000
7940 145 0.78800000 0.37400000
7950 145 0.78800000 0.37500000
7960 145 0.78800000 0.37600000
7970 145 0.78800000 0.37600000
7980 145 0.78800000 0.37700000
7990 145 0.78800000 0.37700000
8000 145 0.78800000 0.37800000
8010 145 0.78800000 0.37800000
8020 145 0.78800000 0.37900000
8030 145 0.78800000 0.38000000
8040 145 0.78800000 0.38000000
8050 145 0.78800000 0.38100000
8060 145 0.78800000 0.38100000
8070 145 0.78800000 0.38200000
8080 145 0.78800000 0.38200000
8090 145 0.78800000 0.38300000
8100 145 0.78800000 0.38400000
8110 145 0.78800000 0.38400000
8030 246 0.12000000 0.82700000
8040 246 0.12000000 0.82700000
8050 246 0.12000000 0.82800000
8060 246 0.12000000 0.82800000
8070 246 0.12000000 0.82900000
8080 246 0.12000000 0.82900000
8090 246 0.12000000 0.82900000
8100 246 0.12000000 0.83000000
8110 246 0.12000000 0.83000000
8120 246 0.12000000 0.83100000
8130 246 0.12000000 0.83100000
8140 246 0.12000000 0.83200000
8150 246 0.12000000 0.83200000
8160 246 0.12000000 0.83200000
8170 246 0.12000000 0.83300000
8180 246 0.12000000 0.83300000
8190 246 0.12000000 0.83400000
8200 246 0.12000000 0.83400000
8210 246 0.12000000 0.83400000
8220 246 0.12000000 0.83500000
8110 117 0.94000000 0.80900000
8120 117 0.94000000 0.81000000
8130 117 0.94000000 0.81000000
8140 117 0.94000000 0.81100000
8150 117 0.94000000 0.81200000
8160 117 0.94000000 0.81200000
8170 117 0.94100000 0.81300000
8180 117 0.94100000 0.81300000
8190 117 0.94100000 0.81400000
8200 117 0.94100000 0.81400000
8210 117 0.94100000 0.81500000
8220 117 0.94100000 0.81500000
8230 117 0.94100000 0.81600000
8240 117 0.94100000 0.81600000
8250 117 0.94100000 0.81700000
8260 117 0.94200000 0.81700000
8270 117 0.94200000 0.81800000
8280 117 0.94200000 0.81800000
8290 117 0.94200000 0.81900000
8300 117 0.94200000 0.82000000
8120 146 0.78800000 0.38500000
8130 146 0.78800000 0.38500000
8140 146 0.78800000 0.38600000
8150 146 0.78800000 0.38600000
8160 146 0.78800000 0.38700000
8170 146 0.78800000 0.38800000
8180 146 0.78800000 0.38800000
8190 146 0.78800000 0.38900000
8200 146 0.78800000 0.38900000
8210 146 0.78800000 0.39000000
8220 146 0.78800000 0.39000000
8230 146 0.78800000 0.39100000
8240 146 0.78800000 0.39200000
8250 146 0.78800000 0.39200000
8260 146 0.78800000 0.39300000
8270 146 0.78800000 0.39300000
8280 146 0.78800000 0.39400000
8290 146 0.78800000 0.39400000
8300 146 0.78800000 0.39500000
8310 146 0.78800000 0.39600000
