5510 104 0.00000000 0.00000000
5520 104 -0.00000000 0.00200000
5530 104 -0.00000000 0.00400000
5540 104 -0.00000000 0.00500000
5550 104 -0.00100000 0.00700000
5560 104 -0.00100000 0.00800000
5570 104 -0.00100000 0.01000000
5580 104 -0.00100000 0.01200000
5590 104 -0.00100000 0.01300000
5600 104 -0.00100000 0.01500000
5610 104 -0.00100000 0.01700000
5620 104 -0.00200000 0.01800000
5630 104 -0.00200000 0.02000000
5640 104 -0.00200000 0.02200000
5650 104 -0.00200000 0.02300000
5660 104 -0.00200000 0.02500000
5670 104 -0.00200000 0.02700000
5680 104 -0.00200000 0.02800000
5690 104 -0.00300000 0.03000000
5700 104 -0.00300000 0.03200000
5320 132 -0.14000000 -0.71400000
5330 132 -0.14100000 -0.71600000
5340 132 -0.14100000 -0.71700000
5350 132 -0.14200000 -0.71900000
5360 132 -0.14300000 -0.72000000
5370 132 -0.14400000 -0.72100000
5380 132 -0.14500000 -0.72300000
5390 132 -0.14600000 -0.72400000
5400 132 -0.14700000 -0.72500000
5410 132 -0.14800000 -0.72700000
5420 132 -0.14900000 -0.72800000
5430 132 -0.15000000 -0.72900000
5440 132 -0.15100000 -0.73100000
5450 132 -0.15200000 -0.73200000
5460 132 -0.15200000 -0.73300000
5470 132 -0.15300000 -0.73500000
5480 132 -0.15400000 -0.73600000
5490 132 -0.15500000 -0.73700000
5500 132 -0.15600000 -0.73900000
5510 132 -0.15700000 -0.74000000
5400 161 -0.63400000 -0.01600000
5410 161 -0.63200000 -0.01400000
5420 161 -0.63000000 -0.01200000
5430 161 -0.62900000 -0.00900000
5440 161 -0.62700000 -0.00700000
5450 161 -0.62500000 -0.00500000
5460 161 -0.62300000 -0.00300000
5470 161 -0.62100000 -0.00000000
5480 161 -0.61900000 0.00200000
5490 161 -0.61700000 0.00400000
5500 161 -0.61500000 0.00600000
5510 161 -0.61400000 0.00800000
5520 161 -0.61200000 0.01100000
5530 161 -0.61000000 0.01300000
5540 161 -0.60800000 0.01500000
5550 161 -0.60600000 0.01700000
5560 161 -0.60400000 0.01900000
5570 161 -0.60200000 0.02200000
5580 161 -0.60000000 0.02400000
5590 161 -0.59900000 0.02600000
5520 133 -0.15800000 -0.74100000
5530 133 -0.15900000 -0.74300000
5540 133 -0.16000000 -0.74400000
5550 133 -0.16100000 -0.74500000
5560 133 -0.16200000 -0.74700000
5570 133 -0.16300000 -0.74800000
5580 133 -0.16400000 -0.74900000
5590 133 -0.16500000 -0.75100000
5600 133 -0.16500000 -0.75200000
5610 133 -0.16600000 -0.75300000
5620 133 -0.16700000 -0.75500000
5630 133 -0.16800000 -0.75600000
5640 133 -0.16900000 -0.75800000
5650 133 -0.17000000 -0.75900000
5660 133 -0.17100000 -0.76000000
5670 133 -0.17200000 -0.76200000
5680 133 -0.17300000 -0.76300000
5690 133 -0.17400000 -0.76400000
5700 133 -0.17500000 -0.76600000
5710 133 -0.17600000 -0.76700000
5600 162 -0.59700000 0.02800000
5610 162 -0.59500000 0.03100000
5620 162 -0.59300000 0.03300000
5630 162 -0.59100000 0.03500000
5640 162 -0.58900000 0.03700000
5650 162 -0.58700000 0.03900000
5660 162 -0.58500000 0.04200000
5670 162 -0.58300000 0.04400000
5680 162 -0.58200000 0.04600000
5690 162 -0.58000000 0.04800000
5700 162 -0.57800000 0.05100000
5710 162 -0.57600000 0.05300000
5720 162 -0.57400000 0.05500000
5730 162 -0.57200000 0.05700000
5740 162 -0.57000000 0.05900000
5750 162 -0.56800000 0.06100000
5760 162 -0.56700000 0.06400000
5770 162 -0.56500000 0.06600000
5780 162 -0.56300000 0.06800000
5790 162 -0.56100000 0.07000000
