8910 342 0.00000000 0.00000000
8920 342 0.00000000 0.00800000
8930 342 0.00000000 0.01700000
8940 342 0.00000000 0.02600000
8950 342 0.00000000 0.03400000
8960 342 0.00000000 0.04300000
8970 342 0.00000000 0.05100000
8980 342 0.00000000 0.06000000
8990 342 0.00000000 0.06900000
9000 342 0.00000000 0.07700000
9010 342 0.00000000 0.08600000
9020 342 0.00000000 0.09500000
9030 342 0.00000000 0.10300000
9040 342 0.00000000 0.11200000
9050 342 0.00000000 0.12000000
9060 342 0.00000000 0.12900000
9070 342 0.00000000 0.13800000
9080 342 0.00000000 0.14600000
9090 342 0.00000000 0.15500000
9100 342 0.00000000 0.16400000
8900 330 -0.27700000 -1.56700000
8910 330 -0.27200000 -1.56500000
8920 330 -0.26800000 -1.56200000
8930 330 -0.26400000 -1.56000000
8940 330 -0.25900000 -1.55800000
8950 330 -0.25500000 -1.55600000
8960 330 -0.25000000 -1.55400000
8970 330 -0.24600000 -1.55100000
8980 330 -0.24100000 -1.54900000
8990 330 -0.23700000 -1.54700000
9000 330 -0.23200000 -1.54500000
9010 330 -0.22800000 -1.54200000
9020 330 -0.22300000 -1.54000000
9030 330 -0.21900000 -1.53800000
9040 330 -0.21500000 -1.53600000
9050 330 -0.21000000 -1.53300000
9060 330 -0.20600000 -1.53100000
9070 330 -0.20100000 -1.52900000
9080 330 -0.19700000 -1.52700000
9090 330 -0.19200000 -1.52400000
9100 331 -0.18800000 -1.52200000
9110 331 -0.18300000 -1.52000000
9120 331 -0.17900000 -1.51800000
9130 331 -0.17500000 -1.51500000
9140 331 -0.17000000 -1.51300000
9150 331 -0.16600000 -1.51100000
9160 331 -0.16100000 -1.50900000
9170 331 -0.15700000 -1.50700000
9180 331 -0.15200000 -1.50400000
9190 331 -0.14800000 -1.50200000
9200 331 -0.15000000 -1.50600000
9210 331 -0.15400000 -1.51200000
9220 331 -0.15800000 -1.51800000
9230 331 -0.16200000 -1.52400000
9240 331 -0.16600000 -1.53000000
9250 331 -0.17000000 -1.53600000
9260 331 -0.17400000 -1.54200000
9270 331 -0.17800000 -1.54800000
9280 331 -0.18200000 -1.55400000
9290 331 -0.18600000 -1.56000000
