7430 243 0.00000000 0.00000000
7440 243 -0.00000000 0.00100000
7450 243 -0.00000000 0.00200000
7460 243 -0.00000000 0.00200000
7470 243 0.00100000 0.00300000
7480 243 0.00100000 0.00400000
7490 243 0.00100000 0.00500000
7500 243 0.00200000 0.00500000
7510 243 0.00200000 0.00600000
7520 243 0.00200000 0.00600000
7530 243 0.00300000 0.00700000
7540 243 0.00300000 0.00800000
7550 243 0.00400000 0.00900000
7560 243 0.00400000 0.00900000
7570 243 0.00400000 0.01000000
7580 243 0.00500000 0.01100000
7590 243 0.00500000 0.01100000
7600 243 0.00500000 0.01200000
7610 243 0.00500000 0.01300000
7620 243 0.00600000 0.01300000
7310 113 0.83100000 -0.02000000
7320 113 0.83100000 -0.01900000
7330 113 0.83100000 -0.01900000
7340 113 0.83100000 -0.01800000
7350 113 0.83100000 -0.01800000
7360 113 0.83100000 -0.01700000
7370 113 0.83100000 -0.01600000
7380 113 0.83100000 -0.01600000
7390 113 0.83100000 -0.01500000
7400 113 0.83200000 -0.01500000
7410 113 0.83200000 -0.01400000
7420 113 0.83200000 -0.01400000
7430 113 0.83200000 -0.01300000
7440 113 0.83200000 -0.01300000
7450 113 0.83200000 -0.01200000
7460 113 0.83200000 -0.01100000
7470 113 0.83200000 -0.01100000
7480 113 0.83200000 -0.01000000
7490 113 0.83300000 -0.01000000
7500 113 0.83300000 -0.00900000
7320 142 0.68700000 -0.44700000
7330 142 0.68700000 -0.44700000
7340 142 0.68700000 -0.44600000
7350 142 0.68700000 -0.44500000
7360 142 0.68700000 -0.44500000
7370 142 0.68700000 -0.44400000
7380 142 0.68700000 -0.44400000
7390 142 0.68700000 -0.44300000
7400 142 0.68700000 -0.44300000
7410 142 0.68700000 -0.44200000
7420 142 0.68700000 -0.44100000
7430 142 0.68700000 -0.44100000
7440 142 0.68700000 -0.44000000
7450 142 0.68700000 -0.44000000
7460 142 0.68700000 -0.43900000
7470 142 0.68700000 -0.43900000
7480 142 0.68700000 -0.43800000
7490 142 0.68700000 -0.43700000
7500 142 0.68700000 -0.43700000
7510 142 0.68700000 -0.43600000
7410 223 -0.10100000 -0.80500000
7420 223 -0.10100000 -0.80400000
7430 223 -0.10100000 -0.80400000
7440 223 -0.10100000 -0.80400000
7450 223 -0.10100000 -0.80300000
7460 223 -0.10100000 -0.80300000
7470 223 -0.10100000 -0.80300000
7480 223 -0.10100000 -0.80300000
7490 223 -0.10100000 -0.80200000
7500 223 -0.10100000 -0.80200000
7510 223 -0.10100000 -0.80200000
7520 223 -0.10100000 -0.80100000
7530 223 -0.10100000 -0.80100000
7540 223 -0.10100000 -0.80100000
7550 223 -0.10100000 -0.80100000
7560 223 -0.10100000 -0.80000000
7570 223 -0.10100000 -0.80000000
7580 223 -0.10100000 -0.79900000
7590 223 -0.10100000 -0.79900000
7600 223 -0.10100000 -0.79900000
7510 114 0.83300000 -0.00900000
7520 114 0.83300000 -0.00800000
7530 114 0.83300000 -0.00800000
7540 114 0.83300000 -0.00700000
7550 114 0.83300000 -0.00700000
7560 114 0.83300000 -0.00600000
7570 114 0.83300000 -0.00600000
7580 114 0.83400000 -0.00500000
7590 114 0.83400000 -0.00500000
7600 114 0.83400000 -0.00400000
7610 114 0.83400000 -0.00300000
7620 114 0.83400000 -0.00300000
7630 114 0.83400000 -0.00200000
7640 114 0.83400000 -0.00200000
7650 114 0.83400000 -0.00100000
7660 114 0.83400000 -0.00100000
7670 114 0.83400000 0.00000000
7680 114 0.83500000 0.00000000
7690 114 0.83500000 0.00100000
7700 114 0.83500000 0.00100000
7520 143 0.68700000 -0.43600000
7530 143 0.68700000 -0.43500000
7540 143 0.68700000 -0.43500000
7550 143 0.68700000 -0.43400000
7560 143 0.68700000 -0.43300000
7570 143 0.68700000 -0.43300000
7580 143 0.68700000 -0.43200000
7590 143 0.68700000 -0.43200000
7600 143 0.68700000 -0.43100000
7610 143 0.68700000 -0.43100000
7620 143 0.68700000 -0.43000000
7630 143 0.68700000 -0.42900000
7640 143 0.68700000 -0.42900000
7650 143 0.68700000 -0.42800000
7660 143 0.68700000 -0.42800000
7670 143 0.68700000 -0.42700000
7680 143 0.68700000 -0.42700000
7690 143 0.68700000 -0.42600000
7700 143 0.68700000 -0.42500000
7710 143 0.68700000 -0.42500000
7610 224 -0.10100000 -0.79900000
7620 224 -0.10100000 -0.79800000
7630 224 -0.10100000 -0.79800000
7640 224 -0.10100000 -0.79800000
7650 224 -0.10100000 -0.79700000
7660 224 -0.10100000 -0.79700000
7670 224 -0.10100000 -0.79700000
7680 224 -0.10100000 -0.79700000
7690 224 -0.10100000 -0.79600000
7700 224 -0.10100000 -0.79600000
7710 224 -0.10100000 -0.79600000
7720 224 -0.10100000 -0.79500000
7730 224 -0.10100000 -0.79500000
7740 224 -0.10100000 -0.79500000
7750 224 -0.10100000 -0.79400000
7760 224 -0.10100000 -0.79400000
7770 224 -0.10100000 -0.79400000
7780 224 -0.10100000 -0.79300000
7790 224 -0.10100000 -0.79300000
7800 224 -0.10100000 -0.79300000
