5060 178 0.00000000 0.00000000
5070 178 -0.00000000 0.00894427
5080 178 0.00044721 0.01699412
5090 178 0.00044721 0.02593839
5100 178 0.00089443 0.03398823
5110 178 0.00134164 0.04203808
5120 178 0.00134164 0.05098235
5130 178 0.00178885 0.05903219
5140 178 0.00178885 0.06797647
5150 178 0.00223607 0.07602631
5160 178 0.00268328 0.08407616
5170 178 0.00357771 0.09346764
5180 178 0.00402492 0.10151749
5190 178 0.00402492 0.11046176
5200 178 0.00447214 0.11851160
5210 178 0.00134164 0.12924473
5220 178 -0.00178885 0.13997786
5230 178 -0.00447214 0.14981655
5240 178 -0.00760263 0.16054968
5250 178 -0.01073313 0.17128281
5050 173 -0.54112845 0.12745587
5060 173 -0.54425895 0.13371687
5070 173 -0.54738944 0.13997786
5080 173 -0.55096715 0.14713327
5090 173 -0.55409764 0.15339426
5100 173 -0.55722814 0.15965525
5110 173 -0.56080585 0.16681067
5120 173 -0.56393634 0.17307166
5130 173 -0.56706684 0.17933265
5140 173 -0.57064455 0.18648807
5150 173 -0.57377504 0.19274906
5160 173 -0.57690554 0.19901005
5170 173 -0.58048325 0.20616547
5180 173 -0.58361374 0.21242646
5190 173 -0.58674424 0.21868745
5200 173 -0.59032195 0.22584287
5210 173 -0.59345244 0.23210386
5220 173 -0.59658294 0.23836485
5230 173 -0.59971343 0.24462584
5240 173 -0.60329114 0.25178125
5250 174 -0.60642164 0.25804224
5260 174 -0.60955213 0.26430323
5270 174 -0.61312984 0.27145865
5280 174 -0.61626033 0.27771964
5290 174 -0.61939083 0.28398063
5300 174 -0.62296854 0.29113605
5310 174 -0.62609903 0.29739704
5320 174 -0.62922953 0.30365803
5330 174 -0.63280724 0.31081345
5340 174 -0.63593773 0.31707444
5350 174 -0.63951544 0.32422986
5360 174 -0.64264594 0.33049085
5370 174 -0.64577643 0.33675184
5380 174 -0.64890693 0.34301283
5390 174 -0.65248464 0.35016825
5400 174 -0.65561513 0.35642924
5410 174 -0.65874563 0.36269023
5420 174 -0.66232333 0.36984564
5430 174 -0.66545383 0.37610663
5440 174 -0.66858433 0.38236762
