7910 116 0.00000000 0.00000000
7920 116 0.00000000 0.00000000
7930 116 -0.00000000 0.00100000
7940 116 -0.00000000 0.00100000
7950 116 -0.00000000 0.00200000
7960 116 -0.00000000 0.00200000
7970 116 -0.00000000 0.00300000
7980 116 0.00100000 0.00400000
7990 116 0.00100000 0.00400000
8000 116 0.00100000 0.00500000
8010 116 0.00100000 0.00500000
8020 116 0.00100000 0.00600000
8030 116 0.00100000 0.00600000
8040 116 0.00100000 0.00700000
8050 116 0.00100000 0.00700000
8060 116 0.00100000 0.00800000
8070 116 0.00100000 0.00800000
8080 116 0.00200000 0.00900000
8090 116 0.00200000 0.00900000
8100 116 0.00200000 0.01000000
7720 144 -0.15000000 -0.43700000
7730 144 -0.15000000 -0.43700000
7740 144 -0.15000000 -0.43600000
7750 144 -0.15000000 -0.43600000
7760 144 -0.15000000 -0.43500000
7770 144 -0.15000000 -0.43400000
7780 144 -0.15000000 -0.43400000
7790 144 -0.15000000 -0.43300000
7800 144 -0.15000000 -0.43300000
7810 144 -0.15000000 -0.43200000
7820 144 -0.15000000 -0.43200000
7830 144 -0.15000000 -0.43100000
7840 144 -0.15000000 -0.43000000
7850 144 -0.15000000 -0.43000000
7860 144 -0.15000000 -0.42900000
7870 144 -0.15000000 -0.42900000
7880 144 -0.15000000 -0.42800000
7890 144 -0.15000000 -0.42700000
7900 144 -0.15000000 -0.42700000
7910 144 -0.15000000 -0.42600000
7810 225 -0.93800000 -0.80600000
7820 225 -0.93800000 -0.80500000
7830 225 -0.93800000 -0.80500000
7840 225 -0.93800000 -0.80500000
7850 225 -0.93800000 -0.80400000
7860 225 -0.93800000 -0.80400000
7870 225 -0.93800000 -0.80400000
7880 225 -0.93800000 -0.80300000
7890 225 -0.93800000 -0.80300000
7900 225 -0.93800000 -0.80300000
7910 225 -0.93800000 -0.80300000
7920 225 -0.93800000 -0.80200000
7930 225 -0.93800000 -0.80200000
7940 225 -0.93800000 -0.80200000
7950 225 -0.93800000 -0.80100000
7960 225 -0.93800000 -0.80100000
7970 225 -0.93800000 -0.80100000
7980 225 -0.93800000 -0.80000000
7990 225 -0.93800000 -0.80000000
8000 225 -0.93800000 -0.80000000
7830 245 -0.82400000 0.01500000
7840 245 -0.82400000 0.01500000
7850 245 -0.82300000 0.01600000
7860 245 -0.82300000 0.01700000
7870 245 -0.82300000 0.01800000
7880 245 -0.82200000 0.01800000
7890 245 -0.82200000 0.01900000
7900 245 -0.82200000 0.02000000
7910 245 -0.82100000 0.02000000
7920 245 -0.82100000 0.02100000
7930 245 -0.82100000 0.02200000
7940 245 -0.82000000 0.02200000
7950 245 -0.82000000 0.02300000
7960 245 -0.82000000 0.02400000
7970 245 -0.81900000 0.02500000
7980 245 -0.81900000 0.02500000
7990 245 -0.81900000 0.02600000
8000 245 -0.81800000 0.02700000
8010 245 -0.81800000 0.02700000
8020 245 -0.81800000 0.02700000
7920 145 -0.15000000 -0.42600000
7930 145 -0.15000000 -0.42500000
7940 145 -0.15000000 -0.42500000
7950 145 -0.15000000 -0.42400000
7960 145 -0.15000000 -0.42300000
7970 145 -0.15000000 -0.42300000
7980 145 -0.15000000 -0.42200000
7990 145 -0.15000000 -0.42200000
8000 145 -0.15000000 -0.42100000
8010 145 -0.15000000 -0.42100000
8020 145 -0.15000000 -0.42000000
8030 145 -0.15000000 -0.41900000
8040 145 -0.15000000 -0.41900000
8050 145 -0.15000000 -0.41800000
8060 145 -0.15000000 -0.41800000
8070 145 -0.15000000 -0.41700000
8080 145 -0.15000000 -0.41700000
8090 145 -0.15000000 -0.41600000
8100 145 -0.15000000 -0.41500000
8110 145 -0.15000000 -0.41500000
8010 226 -0.93800000 -0.79900000
8020 226 -0.93800000 -0.79900000
8030 226 -0.93800000 -0.79900000
8040 226 -0.93800000 -0.79900000
8050 226 -0.93800000 -0.79800000
8060 226 -0.93800000 -0.79800000
8070 226 -0.93800000 -0.79800000
8080 226 -0.93800000 -0.79700000
8090 226 -0.93800000 -0.79700000
8100 226 -0.93800000 -0.79700000
8110 226 -0.93800000 -0.79600000
8120 226 -0.93800000 -0.79600000
8130 226 -0.93800000 -0.79600000
8140 226 -0.93800000 -0.79500000
8150 226 -0.93800000 -0.79500000
8160 226 -0.93800000 -0.79500000
8170 226 -0.93800000 -0.79500000
8180 226 -0.93800000 -0.79400000
8190 226 -0.93800000 -0.79400000
8200 226 -0.93800000 -0.79400000
8030 246 -0.81800000 0.02800000
8040 246 -0.81800000 0.02800000
8050 246 -0.81800000 0.02900000
8060 246 -0.81800000 0.02900000
8070 246 -0.81800000 0.03000000
8080 246 -0.81800000 0.03000000
8090 246 -0.81800000 0.03000000
8100 246 -0.81800000 0.03100000
8110 246 -0.81800000 0.03100000
8120 246 -0.81800000 0.03200000
8130 246 -0.81800000 0.03200000
8140 246 -0.81800000 0.03300000
8150 246 -0.81800000 0.03300000
8160 246 -0.81800000 0.03300000
8170 246 -0.81800000 0.03400000
8180 246 -0.81800000 0.03400000
8190 246 -0.81800000 0.03500000
8200 246 -0.81800000 0.03500000
8210 246 -0.81800000 0.03500000
8220 246 -0.81800000 0.03600000
