7830 245 0.00000000 0.00000000
7840 245 0.00000000 0.00000000
7850 245 0.00000000 0.00141421
7860 245 -0.00070711 0.00212132
7870 245 -0.00141421 0.00282843
7880 245 -0.00070711 0.00353553
7890 245 -0.00141421 0.00424264
7900 245 -0.00212132 0.00494975
7910 245 -0.00141421 0.00565685
7920 245 -0.00212132 0.00636396
7930 245 -0.00282843 0.00707107
7940 245 -0.00212132 0.00777817
7950 245 -0.00282843 0.00848528
7960 245 -0.00353553 0.00919239
7970 245 -0.00353553 0.01060660
7980 245 -0.00353553 0.01060660
7990 245 -0.00424264 0.01131371
8000 245 -0.00424264 0.01272792
8010 245 -0.00424264 0.01272792
8020 245 -0.00424264 0.01272792
7710 115 0.59962655 0.56285700
7720 115 0.59962655 0.56285700
7730 115 0.59891944 0.56356410
7740 115 0.59891944 0.56356410
7750 115 0.59821234 0.56427121
7760 115 0.59750523 0.56497832
7770 115 0.59821234 0.56568542
7780 115 0.59750523 0.56639253
7790 115 0.59750523 0.56639253
7800 115 0.59679812 0.56709964
7810 115 0.59679812 0.56709964
7820 115 0.59609102 0.56780675
7830 115 0.59609102 0.56780675
7840 115 0.59538391 0.56851385
7850 115 0.59538391 0.56851385
7860 115 0.59467680 0.56922096
7870 115 0.59396970 0.56992807
7880 115 0.59396970 0.56992807
7890 115 0.59396970 0.57134228
7900 115 0.59396970 0.57134228
7720 144 0.79620224 0.15697771
7730 144 0.79620224 0.15697771
7740 144 0.79549513 0.15768481
7750 144 0.79549513 0.15768481
7760 144 0.79478802 0.15839192
7770 144 0.79408092 0.15909903
7780 144 0.79408092 0.15909903
7790 144 0.79337381 0.15980613
7800 144 0.79337381 0.15980613
7810 144 0.79266670 0.16051324
7820 144 0.79266670 0.16051324
7830 144 0.79195959 0.16122035
7840 144 0.79125249 0.16192745
7850 144 0.79125249 0.16192745
7860 144 0.79054538 0.16263456
7870 144 0.79054538 0.16263456
7880 144 0.78983827 0.16334167
7890 144 0.78913117 0.16404877
7900 144 0.78913117 0.16404877
7910 144 0.78842406 0.16475588
7810 225 0.49992449 -0.66114484
7820 225 0.49921739 -0.66043773
7830 225 0.49921739 -0.66043773
7840 225 0.49921739 -0.66043773
7850 225 0.49851028 -0.65973063
7860 225 0.49851028 -0.65973063
7870 225 0.49851028 -0.65973063
7880 225 0.49780317 -0.65902352
7890 225 0.49780317 -0.65902352
7900 225 0.49780317 -0.65902352
7910 225 0.49780317 -0.65902352
7920 225 0.49709607 -0.65831641
7930 225 0.49709607 -0.65831641
7940 225 0.49709607 -0.65831641
7950 225 0.49638896 -0.65760931
7960 225 0.49638896 -0.65760931
7970 225 0.49638896 -0.65760931
7980 225 0.49568185 -0.65690220
7990 225 0.49568185 -0.65690220
8000 225 0.49568185 -0.65690220
7910 116 0.59326259 0.57204939
7920 116 0.59326259 0.57204939
7930 116 0.59255548 0.57275649
7940 116 0.59255548 0.57275649
7950 116 0.59184838 0.57346360
7960 116 0.59184838 0.57346360
7970 116 0.59114127 0.57417071
7980 116 0.59114127 0.57558492
7990 116 0.59114127 0.57558492
8000 116 0.59043416 0.57629203
8010 116 0.59043416 0.57629203
8020 116 0.58972706 0.57699913
8030 116 0.58972706 0.57699913
8040 116 0.58901995 0.57770624
8050 116 0.58901995 0.57770624
8060 116 0.58831284 0.57841335
8070 116 0.58831284 0.57841335
8080 116 0.58831284 0.57982756
8090 116 0.58831284 0.57982756
8100 116 0.58760574 0.58053467
7920 145 0.78842406 0.16475588
7930 145 0.78771695 0.16546299
7940 145 0.78771695 0.16546299
7950 145 0.78700985 0.16617009
7960 145 0.78630274 0.16687720
7970 145 0.78630274 0.16687720
7980 145 0.78559563 0.16758431
7990 145 0.78559563 0.16758431
8000 145 0.78488853 0.16829141
8010 145 0.78488853 0.16829141
8020 145 0.78418142 0.16899852
8030 145 0.78347431 0.16970563
8040 145 0.78347431 0.16970563
8050 145 0.78276721 0.17041273
8060 145 0.78276721 0.17041273
8070 145 0.78206010 0.17111984
8080 145 0.78206010 0.17111984
8090 145 0.78135299 0.17182695
8100 145 0.78064589 0.17253405
8110 145 0.78064589 0.17253405
8010 226 0.49497475 -0.65619509
8020 226 0.49497475 -0.65619509
8030 226 0.49497475 -0.65619509
8040 226 0.49497475 -0.65619509
8050 226 0.49426764 -0.65548799
8060 226 0.49426764 -0.65548799
8070 226 0.49426764 -0.65548799
8080 226 0.49356053 -0.65478088
8090 226 0.49356053 -0.65478088
8100 226 0.49356053 -0.65478088
8110 226 0.49285343 -0.65407377
8120 226 0.49285343 -0.65407377
8130 226 0.49285343 -0.65407377
8140 226 0.49214632 -0.65336667
8150 226 0.49214632 -0.65336667
8160 226 0.49214632 -0.65336667
8170 226 0.49214632 -0.65336667
8180 226 0.49143921 -0.65265956
8190 226 0.49143921 -0.65265956
8200 226 0.49143921 -0.65265956
