4320 127 0.00000000 0.00000000
4330 127 0.00000000 0.00141421
4340 127 -0.00070711 0.00353553
4350 127 -0.00070711 0.00494975
4360 127 -0.00141421 0.00707107
4370 127 -0.00212132 0.00777817
4380 127 -0.00212132 0.00919239
4390 127 -0.00282843 0.01131371
4400 127 -0.00282843 0.01272792
4410 127 -0.00282843 0.01414214
4420 127 -0.00353553 0.01626346
4430 127 -0.00353553 0.01767767
4440 127 -0.00353553 0.01909188
4450 127 -0.00424264 0.02121320
4460 127 -0.00424264 0.02262742
4470 127 -0.00424264 0.02404163
4480 127 -0.00565685 0.02545584
4490 127 -0.00565685 0.02687006
4500 127 -0.00636396 0.02899138
4510 127 -0.00636396 0.03040559
4200 155 0.68235804 -0.06293250
4210 155 0.67599408 -0.15556349
4220 155 0.66750880 -0.12586501
4230 155 0.65902352 -0.09475231
4240 155 0.65053824 -0.06363961
4250 155 0.64205296 -0.03252691
4260 155 0.63356768 -0.00282843
4270 155 0.62508239 0.02828427
4280 155 0.61659711 0.05939697
4290 155 0.60811183 0.09050967
4300 155 0.59891944 0.12091526
4310 155 0.59043416 0.15202796
4320 155 0.58689863 0.16970563
4330 155 0.58972706 0.16970563
4340 155 0.59326259 0.16899852
4350 155 0.59609102 0.16758431
4360 155 0.59891944 0.16758431
4370 155 0.60245498 0.16687720
4380 155 0.60528340 0.16546299
4390 155 0.60811183 0.16546299
4310 98 0.27082190 -0.48861079
4320 98 0.27011479 -0.48224682
4330 98 0.26940768 -0.47588286
4340 98 0.26799347 -0.47022601
4350 98 0.26799347 -0.46315494
4360 98 0.26728636 -0.45679098
4370 98 0.26587215 -0.45113413
4380 98 0.26516504 -0.44477017
4390 98 0.26445794 -0.43840620
4400 98 0.26375083 -0.43204224
4410 98 0.26304372 -0.42567828
4420 98 0.26233662 -0.41931432
4430 98 0.26162951 -0.41295036
4440 98 0.26092240 -0.40658640
4450 98 0.26021530 -0.40022244
4460 98 0.25950819 -0.39385848
4470 98 0.25880108 -0.38749452
4480 98 0.25809398 -0.38113056
4490 98 0.25738687 -0.37476659
4500 98 0.25667976 -0.36840263
4400 156 0.61164737 0.16475588
4410 156 0.61376869 0.16404877
4420 156 0.61730422 0.16334167
4430 156 0.62083975 0.16263456
4440 156 0.62296107 0.16192745
4450 156 0.62649661 0.16122035
4460 156 0.62932504 0.15980613
4470 156 0.63215346 0.15980613
4480 156 0.63568900 0.15909903
4490 156 0.63781032 0.15839192
4500 156 0.64134585 0.15768481
4510 156 0.64488138 0.15697771
4520 156 0.64700270 0.15627060
4530 156 0.65053824 0.15556349
4540 156 0.65336667 0.15556349
4550 156 0.65619509 0.15414928
4560 156 0.65973063 0.15344217
4570 156 0.66255905 0.15344217
4580 156 0.66538748 0.15202796
4590 156 0.66892302 0.15132085
4510 99 0.25597265 -0.36203867
4520 99 0.25526555 -0.35567471
4530 99 0.25455844 -0.34931075
4540 99 0.25385133 -0.34294679
4550 99 0.25385133 -0.34153258
4560 99 0.25526555 -0.34294679
4570 99 0.25738687 -0.34365390
4580 99 0.25809398 -0.34436100
4590 99 0.25950819 -0.34577522
4600 99 0.26092240 -0.34718943
4610 99 0.26162951 -0.34789654
4620 99 0.26304372 -0.34931075
4630 99 0.26375083 -0.35001786
4640 99 0.26587215 -0.35072496
4650 99 0.26728636 -0.35213918
4660 99 0.26799347 -0.35284628
4670 99 0.26940768 -0.35426050
4680 99 0.27082190 -0.35567471
4690 99 0.27152900 -0.35638182
4700 99 0.27294322 -0.35779603
