4850 172 0.00000000 0.00000000
4860 172 0.00000000 0.09170605
4870 172 0.02245217 0.17803623
4880 172 0.06577538 0.26057168
4890 172 0.10973103 0.34184222
4900 172 0.15305424 0.42437766
4910 172 0.19700990 0.50564820
4920 172 0.21598356 0.64478841
4930 172 0.23147872 0.78930450
4940 172 0.24729011 0.93476928
4950 172 0.22768399 0.98979291
4960 172 0.19953972 1.02236437
4970 172 0.17139545 1.05493583
4980 172 0.14293495 1.08655860
4990 172 0.11479068 1.11913006
5000 172 0.08664641 1.15170152
5010 172 0.08000562 1.15391512
5020 172 0.07241616 1.15644494
5030 172 0.06577538 1.15865853
5040 172 0.05913459 1.16087213
4860 177 1.83190745 0.04711794
4870 177 1.85941926 0.20238577
4880 177 1.88693108 0.35765360
4890 177 1.74431236 0.58122663
4900 177 1.58208751 0.81238913
4910 177 1.34523292 0.96512714
4920 177 1.10236999 1.10616473
4930 177 0.88006187 1.22664750
4940 177 0.65775375 1.34713028
4950 177 0.58786742 1.38729121
4960 177 0.58154286 1.39361576
4970 177 0.57616699 1.39962409
4980 177 0.56984243 1.40594865
4990 177 0.56446656 1.41195698
5000 177 0.55909069 1.41796530
5010 177 0.55276613 1.42428986
5020 177 0.54644158 1.43061441
5030 177 0.54106571 1.43662274
5040 177 0.53568984 1.44263107
5050 177 0.52936528 1.44895562
