7510 114 0.00000000 0.00000000
7520 114 -0.00000000 0.00100000
7530 114 -0.00000000 0.00100000
7540 114 -0.00000000 0.00200000
7550 114 -0.00000000 0.00200000
7560 114 -0.00000000 0.00300000
7570 114 -0.00000000 0.00300000
7580 114 0.00100000 0.00400000
7590 114 0.00100000 0.00400000
7600 114 0.00100000 0.00500000
7610 114 0.00100000 0.00600000
7620 114 0.00100000 0.00600000
7630 114 0.00100000 0.00700000
7640 114 0.00100000 0.00700000
7650 114 0.00100000 0.00800000
7660 114 0.00100000 0.00800000
7670 114 0.00100000 0.00900000
7680 114 0.00200000 0.00900000
7690 114 0.00200000 0.01000000
7700 114 0.00200000 0.01000000
7320 142 -0.14600000 -0.43800000
7330 142 -0.14600000 -0.43800000
7340 142 -0.14600000 -0.43700000
7350 142 -0.14600000 -0.43600000
7360 142 -0.14600000 -0.43600000
7370 142 -0.14600000 -0.43500000
7380 142 -0.14600000 -0.43500000
7390 142 -0.14600000 -0.43400000
7400 142 -0.14600000 -0.43400000
7410 142 -0.14600000 -0.43300000
7420 142 -0.14600000 -0.43200000
7430 142 -0.14600000 -0.43200000
7440 142 -0.14600000 -0.43100000
7450 142 -0.14600000 -0.43100000
7460 142 -0.14600000 -0.43000000
7470 142 -0.14600000 -0.43000000
7480 142 -0.14600000 -0.42900000
7490 142 -0.14600000 -0.42800000
7500 142 -0.14600000 -0.42800000
7510 142 -0.14600000 -0.42700000
7410 223 -0.93400000 -0.79600000
7420 223 -0.93400000 -0.79500000
7430 223 -0.93400000 -0.79500000
7440 223 -0.93400000 -0.79500000
7450 223 -0.93400000 -0.79400000
7460 223 -0.93400000 -0.79400000
7470 223 -0.93400000 -0.79400000
7480 223 -0.93400000 -0.79400000
7490 223 -0.93400000 -0.79300000
7500 223 -0.93400000 -0.79300000
7510 223 -0.93400000 -0.79300000
7520 223 -0.93400000 -0.79200000
7530 223 -0.93400000 -0.79200000
7540 223 -0.93400000 -0.79200000
7550 223 -0.93400000 -0.79200000
7560 223 -0.93400000 -0.79100000
7570 223 -0.93400000 -0.79100000
7580 223 -0.93400000 -0.79000000
7590 223 -0.93400000 -0.79000000
7600 223 -0.93400000 -0.79000000
7430 243 -0.83300000 0.00900000
7440 243 -0.83300000 0.01000000
7450 243 -0.83300000 0.01100000
7460 243 -0.83300000 0.01100000
7470 243 -0.83200000 0.01200000
7480 243 -0.83200000 0.01300000
7490 243 -0.83200000 0.01400000
7500 243 -0.83100000 0.01400000
7510 243 -0.83100000 0.01500000
7520 243 -0.83100000 0.01500000
7530 243 -0.83000000 0.01600000
7540 243 -0.83000000 0.01700000
7550 243 -0.82900000 0.01800000
7560 243 -0.82900000 0.01800000
7570 243 -0.82900000 0.01900000
7580 243 -0.82800000 0.02000000
7590 243 -0.82800000 0.02000000
7600 243 -0.82800000 0.02100000
7610 243 -0.82800000 0.02200000
7620 243 -0.82700000 0.02200000
7520 143 -0.14600000 -0.42700000
7530 143 -0.14600000 -0.42600000
7540 143 -0.14600000 -0.42600000
7550 143 -0.14600000 -0.42500000
7560 143 -0.14600000 -0.42400000
7570 143 -0.14600000 -0.42400000
7580 143 -0.14600000 -0.42300000
7590 143 -0.14600000 -0.42300000
7600 143 -0.14600000 -0.42200000
7610 143 -0.14600000 -0.42200000
7620 143 -0.14600000 -0.42100000
7630 143 -0.14600000 -0.42000000
7640 143 -0.14600000 -0.42000000
7650 143 -0.14600000 -0.41900000
7660 143 -0.14600000 -0.41900000
7670 143 -0.14600000 -0.41800000
7680 143 -0.14600000 -0.41800000
7690 143 -0.14600000 -0.41700000
7700 143 -0.14600000 -0.41600000
7710 143 -0.14600000 -0.41600000
7610 224 -0.93400000 -0.79000000
7620 224 -0.93400000 -0.78900000
7630 224 -0.93400000 -0.78900000
7640 224 -0.93400000 -0.78900000
7650 224 -0.93400000 -0.78800000
7660 224 -0.93400000 -0.78800000
7670 224 -0.93400000 -0.78800000
7680 224 -0.93400000 -0.78800000
7690 224 -0.93400000 -0.78700000
7700 224 -0.93400000 -0.78700000
7710 224 -0.93400000 -0.78700000
7720 224 -0.93400000 -0.78600000
7730 224 -0.93400000 -0.78600000
7740 224 -0.93400000 -0.78600000
7750 224 -0.93400000 -0.78500000
7760 224 -0.93400000 -0.78500000
7770 224 -0.93400000 -0.78500000
7780 224 -0.93400000 -0.78400000
7790 224 -0.93400000 -0.78400000
7800 224 -0.93400000 -0.78400000
7630 244 -0.82700000 0.02300000
7640 244 -0.82700000 0.02400000
7650 244 -0.82600000 0.02400000
7660 244 -0.82600000 0.02500000
7670 244 -0.82500000 0.02600000
7680 244 -0.82500000 0.02700000
7690 244 -0.82500000 0.02700000
7700 244 -0.82400000 0.02800000
7710 244 -0.82400000 0.02900000
7720 244 -0.82400000 0.02900000
7730 244 -0.82300000 0.03000000
7740 244 -0.82300000 0.03100000
7750 244 -0.82300000 0.03100000
7760 244 -0.82300000 0.03200000
7770 244 -0.82200000 0.03300000
7780 244 -0.82200000 0.03300000
7790 244 -0.82200000 0.03400000
7800 244 -0.82100000 0.03500000
7810 244 -0.82100000 0.03600000
7820 244 -0.82000000 0.03600000
