4920 130 0.00000000 0.00000000
4930 130 0.00000000 0.00223607
4940 130 0.00044721 0.00357771
4950 130 0.00089443 0.00491935
4960 130 0.00089443 0.00715542
4970 130 0.00134164 0.00849706
4980 130 0.00178885 0.00983870
4990 130 0.00089443 0.01162755
5000 130 0.00134164 0.01296919
5010 130 0.00178885 0.01431084
5020 130 0.00178885 0.01654690
5030 130 0.00223607 0.01788854
5040 130 0.00268328 0.01923018
5050 130 0.00268328 0.02146625
5060 130 0.00313050 0.02280789
5070 130 0.00313050 0.02504396
5080 130 0.00357771 0.02638560
5090 130 0.00402492 0.02772724
5100 130 0.00402492 0.02996331
5110 130 0.00357771 0.03085774
4800 158 0.72448602 -0.19901005
4810 158 0.72716931 -0.19990448
4820 158 0.73029980 -0.20169333
4830 158 0.73208866 -0.20303497
4840 158 0.73521915 -0.20482383
4850 158 0.73834965 -0.20661268
4860 158 0.74013850 -0.20795432
4870 158 0.74326900 -0.20974318
4880 158 0.74595228 -0.21063760
4890 158 0.74818835 -0.21287367
4900 158 0.75131884 -0.21466253
4910 158 0.75400212 -0.21555695
4920 158 0.75623819 -0.21779302
4930 158 0.75892147 -0.21868745
4940 158 0.76205197 -0.22047630
4950 158 0.76428803 -0.22271237
4960 158 0.76697132 -0.22360680
4970 158 0.77010181 -0.22539565
4980 158 0.77189067 -0.22673729
4990 158 0.77502116 -0.22852615
4910 101 0.15115820 -0.55275600
4920 101 0.15249984 -0.55320322
4930 101 0.15339426 -0.55499207
4940 101 0.15428869 -0.55678093
4950 101 0.15473590 -0.55767535
4960 101 0.15563033 -0.55946421
4970 101 0.15607754 -0.56035864
4980 101 0.15697197 -0.56214749
4990 101 0.15876083 -0.56348913
5000 101 0.15920804 -0.56438356
5010 101 0.16010247 -0.56617241
5020 101 0.16099689 -0.56796127
5030 101 0.16144411 -0.56885569
5040 101 0.16233854 -0.57064455
5050 101 0.16412739 -0.57198619
5060 101 0.16457460 -0.57288062
5070 101 0.16546903 -0.57466947
5080 101 0.16636346 -0.57645832
5090 101 0.16681067 -0.57735275
5100 101 0.16770510 -0.57914161
4990 188 0.95077610 -1.30899419
5000 188 1.09656774 -1.11311464
5010 188 1.24235937 -0.91723508
5020 188 1.33627422 -0.77189067
5030 188 1.40738119 -0.64801250
5040 188 1.45568025 -0.57019733
5050 188 1.45120812 -0.60150229
5060 188 1.44628877 -0.63191281
5070 188 1.44181663 -0.66321776
5080 188 1.43689728 -0.69362829
5090 188 1.43242515 -0.72493324
5100 188 1.42750580 -0.75534376
5110 188 1.42392809 -0.77278509
5120 188 1.42213923 -0.78485986
5130 188 1.41990317 -0.79604020
5140 188 1.41811431 -0.80811497
5150 188 1.41587824 -0.81929531
5160 188 1.41408939 -0.83137007
5170 188 1.41095889 -0.84299763
5180 188 1.40917004 -0.85507239
5000 159 0.77725723 -0.23076222
5010 159 0.77994051 -0.23165664
5020 159 0.78307101 -0.23344550
5030 159 0.78530707 -0.23568156
5040 159 0.78799036 -0.23657599
5050 159 0.78754314 -0.24015370
5060 159 0.78664871 -0.24283698
5070 159 0.78575429 -0.24552026
5080 159 0.78485986 -0.24820355
5090 159 0.78485986 -0.25043961
5100 159 0.78441265 -0.25401732
5110 159 0.78351822 -0.25670060
5120 159 0.78262379 -0.25938389
5130 159 0.78172936 -0.26206717
5140 159 0.78083494 -0.26475045
5150 159 0.78038772 -0.26832816
5160 159 0.77949330 -0.27101144
5170 159 0.77949330 -0.27324751
5180 159 0.77859887 -0.27593079
5190 159 0.77815166 -0.27950850
5110 102 0.16859953 -0.58093046
5120 102 0.16904674 -0.58182489
5130 102 0.16994117 -0.58361374
5140 102 0.17128281 -0.58406096
5150 102 0.17217723 -0.58584981
5160 102 0.17307166 -0.58763866
5170 102 0.17351888 -0.58853309
5180 102 0.17441330 -0.59032195
5190 102 0.17530773 -0.59211080
5200 102 0.17664937 -0.59255801
5210 102 0.17754380 -0.59434687
5220 102 0.17843822 -0.59613572
5230 102 0.17888544 -0.59703015
5240 102 0.17977987 -0.59881900
5250 102 0.18067429 -0.60060786
5260 102 0.18112151 -0.60150229
5270 102 0.18291036 -0.60284393
5280 102 0.18335757 -0.60373835
5290 102 0.18425200 -0.60552721
5300 102 0.18514643 -0.60731606
