7630 244 0.00000000 0.00000000
7640 244 -0.00000000 0.00100000
7650 244 0.00100000 0.00100000
7660 244 0.00100000 0.00200000
7670 244 0.00200000 0.00300000
7680 244 0.00200000 0.00400000
7690 244 0.00200000 0.00400000
7700 244 0.00300000 0.00500000
7710 244 0.00300000 0.00600000
7720 244 0.00300000 0.00600000
7730 244 0.00400000 0.00700000
7740 244 0.00400000 0.00800000
7750 244 0.00400000 0.00800000
7760 244 0.00400000 0.00900000
7770 244 0.00500000 0.01000000
7780 244 0.00500000 0.01000000
7790 244 0.00500000 0.01100000
7800 244 0.00600000 0.01200000
7810 244 0.00600000 0.01300000
7820 244 0.00700000 0.01300000
7510 114 0.82700000 -0.02300000
7520 114 0.82700000 -0.02200000
7530 114 0.82700000 -0.02200000
7540 114 0.82700000 -0.02100000
7550 114 0.82700000 -0.02100000
7560 114 0.82700000 -0.02000000
7570 114 0.82700000 -0.02000000
7580 114 0.82800000 -0.01900000
7590 114 0.82800000 -0.01900000
7600 114 0.82800000 -0.01800000
7610 114 0.82800000 -0.01700000
7620 114 0.82800000 -0.01700000
7630 114 0.82800000 -0.01600000
7640 114 0.82800000 -0.01600000
7650 114 0.82800000 -0.01500000
7660 114 0.82800000 -0.01500000
7670 114 0.82800000 -0.01400000
7680 114 0.82900000 -0.01400000
7690 114 0.82900000 -0.01300000
7700 114 0.82900000 -0.01300000
7520 143 0.68100000 -0.45000000
7530 143 0.68100000 -0.44900000
7540 143 0.68100000 -0.44900000
7550 143 0.68100000 -0.44800000
7560 143 0.68100000 -0.44700000
7570 143 0.68100000 -0.44700000
7580 143 0.68100000 -0.44600000
7590 143 0.68100000 -0.44600000
7600 143 0.68100000 -0.44500000
7610 143 0.68100000 -0.44500000
7620 143 0.68100000 -0.44400000
7630 143 0.68100000 -0.44300000
7640 143 0.68100000 -0.44300000
7650 143 0.68100000 -0.44200000
7660 143 0.68100000 -0.44200000
7670 143 0.68100000 -0.44100000
7680 143 0.68100000 -0.44100000
7690 143 0.68100000 -0.44000000
7700 143 0.68100000 -0.43900000
7710 143 0.68100000 -0.43900000
7610 224 -0.10700000 -0.81300000
7620 224 -0.10700000 -0.81200000
7630 224 -0.10700000 -0.81200000
7640 224 -0.10700000 -0.81200000
7650 224 -0.10700000 -0.81100000
7660 224 -0.10700000 -0.81100000
7670 224 -0.10700000 -0.81100000
7680 224 -0.10700000 -0.81100000
7690 224 -0.10700000 -0.81000000
7700 224 -0.10700000 -0.81000000
7710 224 -0.10700000 -0.81000000
7720 224 -0.10700000 -0.80900000
7730 224 -0.10700000 -0.80900000
7740 224 -0.10700000 -0.80900000
7750 224 -0.10700000 -0.80800000
7760 224 -0.10700000 -0.80800000
7770 224 -0.10700000 -0.80800000
7780 224 -0.10700000 -0.80700000
7790 224 -0.10700000 -0.80700000
7800 224 -0.10700000 -0.80700000
7710 115 0.82900000 -0.01200000
7720 115 0.82900000 -0.01200000
7730 115 0.82900000 -0.01100000
7740 115 0.82900000 -0.01100000
7750 115 0.82900000 -0.01000000
7760 115 0.82900000 -0.00900000
7770 115 0.83000000 -0.00900000
7780 115 0.83000000 -0.00800000
7790 115 0.83000000 -0.00800000
7800 115 0.83000000 -0.00700000
7810 115 0.83000000 -0.00700000
7820 115 0.83000000 -0.00600000
7830 115 0.83000000 -0.00600000
7840 115 0.83000000 -0.00500000
7850 115 0.83000000 -0.00500000
7860 115 0.83000000 -0.00400000
7870 115 0.83000000 -0.00300000
7880 115 0.83000000 -0.00300000
7890 115 0.83100000 -0.00200000
7900 115 0.83100000 -0.00200000
7720 144 0.68100000 -0.43800000
7730 144 0.68100000 -0.43800000
7740 144 0.68100000 -0.43700000
7750 144 0.68100000 -0.43700000
7760 144 0.68100000 -0.43600000
7770 144 0.68100000 -0.43500000
7780 144 0.68100000 -0.43500000
7790 144 0.68100000 -0.43400000
7800 144 0.68100000 -0.43400000
7810 144 0.68100000 -0.43300000
7820 144 0.68100000 -0.43300000
7830 144 0.68100000 -0.43200000
7840 144 0.68100000 -0.43100000
7850 144 0.68100000 -0.43100000
7860 144 0.68100000 -0.43000000
7870 144 0.68100000 -0.43000000
7880 144 0.68100000 -0.42900000
7890 144 0.68100000 -0.42800000
7900 144 0.68100000 -0.42800000
7910 144 0.68100000 -0.42700000
7810 225 -0.10700000 -0.80700000
7820 225 -0.10700000 -0.80600000
7830 225 -0.10700000 -0.80600000
7840 225 -0.10700000 -0.80600000
7850 225 -0.10700000 -0.80500000
7860 225 -0.10700000 -0.80500000
7870 225 -0.10700000 -0.80500000
7880 225 -0.10700000 -0.80400000
7890 225 -0.10700000 -0.80400000
7900 225 -0.10700000 -0.80400000
7910 225 -0.10700000 -0.80400000
7920 225 -0.10700000 -0.80300000
7930 225 -0.10700000 -0.80300000
7940 225 -0.10700000 -0.80300000
7950 225 -0.10700000 -0.80200000
7960 225 -0.10700000 -0.80200000
7970 225 -0.10700000 -0.80200000
7980 225 -0.10700000 -0.80100000
7990 225 -0.10700000 -0.80100000
8000 225 -0.10700000 -0.80100000
