4120 126 0.00000000 0.00000000
4130 126 0.00000000 0.05345091
4140 126 -0.01234778 0.10617218
4150 126 -0.02499490 0.15984760
4160 126 -0.03668787 0.21382236
4170 126 -0.04753895 0.26177290
4180 126 -0.04628546 0.26111809
4190 126 -0.04407783 0.26076262
4200 126 -0.04282434 0.26010782
4210 126 -0.04157085 0.25945301
4220 126 -0.03936322 0.25909754
4230 126 -0.03810973 0.25844274
4240 126 -0.03715559 0.25874208
4250 126 -0.03494795 0.25838661
4260 126 -0.03369447 0.25773180
4270 126 -0.03244098 0.25707700
4280 126 -0.03023335 0.25672153
4290 126 -0.02897986 0.25606673
4300 126 -0.02772637 0.25541192
4310 126 -0.02551874 0.25505645
4110 97 -0.59014896 0.30429789
4120 97 -0.67710725 0.28749743
4130 97 -0.69016596 0.28235253
4140 97 -0.68419787 0.28003264
4150 97 -0.67727563 0.27801209
4160 97 -0.67226168 0.27539287
4170 97 -0.66629359 0.27307298
4180 97 -0.66032550 0.27075310
4190 97 -0.65340326 0.26873255
4200 97 -0.64838931 0.26611333
4210 97 -0.64242122 0.26379344
4220 97 -0.63645312 0.26147356
4230 97 -0.62953089 0.25945301
4240 97 -0.62451694 0.25683378
4250 97 -0.61854885 0.25451390
4260 97 -0.61258075 0.25219401
4270 97 -0.60565851 0.25017347
4280 97 -0.60064457 0.24755424
4290 97 -0.59467648 0.24523436
4300 97 -0.58870838 0.24291447
4200 155 -0.39598950 -0.32126673
4210 155 -0.47514624 -0.27273623
4220 155 -0.44489419 -0.27896624
4230 155 -0.41338864 -0.28585106
4240 155 -0.38188310 -0.29273588
4250 155 -0.35037756 -0.29962071
4260 155 -0.32012550 -0.30585072
4270 155 -0.28861996 -0.31273554
4280 155 -0.25711442 -0.31962036
4290 155 -0.22560887 -0.32650519
4300 155 -0.19440267 -0.33243586
4310 155 -0.16289713 -0.33932068
4320 155 -0.14559153 -0.34437205
4330 155 -0.14690114 -0.34687902
4340 155 -0.14916490 -0.34968533
4350 155 -0.15172800 -0.35153750
4360 155 -0.15303761 -0.35404447
4370 155 -0.15530137 -0.35685079
4380 155 -0.15786447 -0.35870295
4390 155 -0.15917408 -0.36120993
4310 98 -0.58274029 0.24059458
4320 98 -0.57677220 0.23827470
4330 98 -0.57080410 0.23595481
4340 98 -0.56513535 0.23458907
4350 98 -0.55886792 0.23131504
4360 98 -0.55289983 0.22899516
4370 98 -0.54723107 0.22762942
4380 98 -0.54126298 0.22530953
4390 98 -0.53529489 0.22298965
4400 98 -0.52932680 0.22066976
4410 98 -0.52335870 0.21834988
4420 98 -0.51739061 0.21602999
4430 98 -0.51142252 0.21371010
4440 98 -0.50545442 0.21139022
4450 98 -0.49948633 0.20907033
4460 98 -0.49351824 0.20675045
4470 98 -0.48755015 0.20443056
4480 98 -0.48158205 0.20211068
4490 98 -0.47561396 0.19979079
4500 98 -0.46964587 0.19747091
