6030 236 0.00000000 0.00000000
6040 236 -0.00000000 0.00141421
6050 236 -0.00070711 0.00212132
6060 236 -0.00141421 0.00282843
6070 236 -0.00070711 0.00353553
6080 236 -0.00141421 0.00424264
6090 236 -0.00212132 0.00494975
6100 236 -0.00141421 0.00565685
6110 236 -0.00212132 0.00636396
6120 236 -0.00212132 0.00777817
6130 236 -0.00212132 0.00777817
6140 236 -0.00282843 0.00848528
6150 236 -0.00282843 0.00989949
6160 236 -0.00353553 0.01060660
6170 236 -0.00353553 0.01060660
6180 236 -0.00353553 0.01202082
6190 236 -0.00424264 0.01272792
6200 236 -0.00424264 0.01272792
6210 236 -0.00494975 0.01343503
6220 236 -0.00494975 0.01484924
5920 135 0.53598694 -0.08768124
5930 135 0.54022958 -0.08626703
5940 135 0.54447222 -0.08343860
5950 135 0.54871486 -0.08061017
5960 135 0.55225040 -0.07848885
5970 135 0.55649304 -0.07566043
5980 135 0.56073568 -0.07424621
5990 135 0.56497832 -0.07141778
6000 135 0.56851385 -0.06929646
6010 135 0.57275649 -0.06646804
6020 135 0.57770624 -0.06434672
6030 135 0.58124177 -0.06222540
6040 135 0.58548441 -0.05939697
6050 135 0.58901995 -0.05727565
6060 135 0.59396970 -0.05515433
6070 135 0.59750523 -0.05303301
6080 135 0.60174787 -0.05020458
6090 135 0.60528340 -0.04808326
6100 135 0.61023315 -0.04596194
6110 135 0.61447579 -0.04313351
6000 164 0.52467323 1.47361053
6010 164 0.52113770 1.47714607
6020 164 0.51901638 1.48068160
6030 164 0.51548084 1.48421713
6040 164 0.51265242 1.48845977
6050 164 0.50982399 1.49128820
6060 164 0.50699556 1.49553084
6070 164 0.50346003 1.49906638
6080 164 0.50063160 1.50189480
6090 164 0.49780317 1.50613744
6100 164 0.49426764 1.50967298
6110 164 0.49214632 1.51320851
6120 164 0.48861079 1.51674405
6130 164 0.48648947 1.52027958
6140 164 0.48295393 1.52381511
6150 164 0.48012550 1.52805775
6160 164 0.47729708 1.53088618
6170 164 0.47446865 1.53512882
6180 164 0.47093312 1.53866436
6190 164 0.46881180 1.54219989
6010 216 0.34931075 -0.51618795
6020 216 0.35072496 -0.51618795
6030 216 0.35213918 -0.51618795
6040 216 0.35426050 -0.51689506
6050 216 0.35496760 -0.51760216
6060 216 0.35708892 -0.51830927
6070 216 0.35850314 -0.51830927
6080 216 0.36062446 -0.51901638
6090 216 0.36203867 -0.51901638
6100 216 0.36415999 -0.51972348
6110 216 0.36486710 -0.52043059
6120 216 0.36698842 -0.52113770
6130 216 0.36840263 -0.52113770
6140 216 0.36981685 -0.52113770
6150 216 0.37193817 -0.52184480
6160 216 0.37335238 -0.52184480
6170 216 0.37476659 -0.52325902
6180 216 0.37618081 -0.52325902
6190 216 0.37830213 -0.52396612
6200 216 0.37971634 -0.52396612
6120 136 0.61801133 -0.04101219
6130 136 0.62225397 -0.03818377
6140 136 0.62578950 -0.03606245
6150 136 0.63073925 -0.03394113
6160 136 0.63427478 -0.03181981
6170 136 0.63851742 -0.02899138
6180 136 0.64205296 -0.02687006
6190 136 0.64700270 -0.02474874
6200 136 0.65053824 -0.02262742
6210 136 0.65478088 -0.01979899
6220 136 0.65902352 -0.01697056
6230 136 0.66326616 -0.01555635
6240 136 0.66750880 -0.01272792
6250 136 0.67104434 -0.01060660
6260 136 0.67528698 -0.00777817
6270 136 0.67882251 -0.00565685
6280 136 0.68377226 -0.00353553
6290 136 0.68730779 -0.00141421
6300 136 0.69155043 0.00141421
6310 136 0.69579307 0.00424264
6200 165 0.46527626 1.54573542
6210 165 0.46315494 1.54927096
6220 165 0.45961941 1.55280649
6230 165 0.45679098 1.55704913
6240 165 0.45396255 1.55987756
6250 165 0.45113413 1.56412020
6260 165 0.44759859 1.56765573
6270 165 0.44547727 1.57119127
6280 165 0.44194174 1.57472680
6290 165 0.43840620 1.57826234
6300 165 0.43628488 1.58179787
6310 165 0.50487424 1.46371104
6320 165 0.57346360 1.34420999
6330 165 0.67175144 1.22188052
6340 165 0.83862864 1.09177287
6350 165 1.00550584 0.96025101
6360 165 1.19501046 0.84711392
6370 165 1.40855671 0.75094740
6380 165 1.62139585 0.65548799
6390 165 1.76140299 0.59184838
6210 217 0.38183766 -0.52467323
6220 217 0.38325188 -0.52467323
6230 217 0.38466609 -0.52608745
6240 217 0.38608030 -0.52608745
6250 217 0.38749452 -0.52608745
6260 217 0.38961584 -0.52679455
6270 217 0.39103005 -0.52679455
6280 217 0.39315137 -0.52750166
6290 217 0.39385848 -0.52820877
6300 217 0.39597980 -0.52891587
6310 217 0.39739401 -0.52891587
6320 217 0.39951533 -0.52962298
6330 217 0.40092954 -0.52962298
6340 217 0.40234376 -0.53103719
6350 217 0.40375797 -0.53103719
6360 217 0.40517219 -0.53103719
6370 217 0.40729351 -0.53174430
6380 217 0.40870772 -0.53174430
6390 217 0.41082904 -0.53245141
6400 217 0.41153615 -0.53315851
