6810 220 0.00000000 0.00000000
6820 220 0.00000000 0.00000000
6830 220 -0.00000000 0.00100000
6840 220 -0.00000000 0.00100000
6850 220 -0.00000000 0.00100000
6860 220 -0.00000000 0.00200000
6870 220 -0.00000000 0.00200000
6880 220 -0.00000000 0.00200000
6890 220 -0.00000000 0.00200000
6900 220 -0.00000000 0.00300000
6910 220 -0.00000000 0.00300000
6920 220 -0.00000000 0.00300000
6930 220 -0.00000000 0.00400000
6940 220 -0.00000000 0.00400000
6950 220 -0.00000000 0.00400000
6960 220 -0.00000000 0.00500000
6970 220 -0.00000000 0.00500000
6980 220 -0.00000000 0.00500000
6990 220 -0.00000000 0.00500000
7000 220 -0.00000000 0.00600000
6630 239 0.07400000 0.76800000
6640 239 0.07400000 0.76900000
6650 239 0.07400000 0.76900000
6660 239 0.07500000 0.77000000
6670 239 0.07500000 0.77100000
6680 239 0.07500000 0.77200000
6690 239 0.07600000 0.77200000
6700 239 0.07600000 0.77300000
6710 239 0.07600000 0.77400000
6720 239 0.07700000 0.77400000
6730 239 0.07700000 0.77500000
6740 239 0.07700000 0.77600000
6750 239 0.07800000 0.77600000
6760 239 0.07800000 0.77700000
6770 239 0.07800000 0.77800000
6780 239 0.07900000 0.77800000
6790 239 0.07900000 0.77900000
6800 239 0.07900000 0.78000000
6810 239 0.08000000 0.78000000
6820 239 0.08000000 0.78100000
6710 110 0.77600000 0.75100000
6720 110 0.77400000 0.75500000
6730 110 0.77200000 0.75800000
6740 110 0.77000000 0.76200000
6750 110 0.76800000 0.76600000
6760 110 0.76500000 0.76900000
6770 110 0.76300000 0.77300000
6780 110 0.76100000 0.77700000
6790 110 0.75900000 0.78000000
6800 110 0.75600000 0.78400000
6810 110 0.75400000 0.78800000
6820 110 0.75200000 0.79100000
6830 110 0.74900000 0.79500000
6840 110 0.74700000 0.79800000
6850 110 0.74500000 0.80200000
6860 110 0.74300000 0.80600000
6870 110 0.74100000 0.80900000
6880 110 0.73800000 0.81300000
6890 110 0.73600000 0.81700000
6900 110 0.73400000 0.82000000
6720 139 0.70400000 0.27100000
6730 139 0.70700000 0.27400000
6740 139 0.71000000 0.27700000
6750 139 0.71300000 0.28000000
6760 139 0.71600000 0.28300000
6770 139 0.71900000 0.28600000
6780 139 0.72200000 0.29000000
6790 139 0.72500000 0.29300000
6800 139 0.72800000 0.29600000
6810 139 0.73100000 0.29900000
6820 139 0.73400000 0.30200000
6830 139 0.73700000 0.30500000
6840 139 0.74000000 0.30800000
6850 139 0.74300000 0.31100000
6860 139 0.74600000 0.31400000
6870 139 0.74900000 0.31700000
6880 139 0.75200000 0.32000000
6890 139 0.75500000 0.32400000
6900 139 0.75800000 0.32700000
6910 139 0.76100000 0.33000000
6830 240 0.08000000 0.78200000
6840 240 0.08100000 0.78200000
6850 240 0.08100000 0.78300000
6860 240 0.08100000 0.78400000
6870 240 0.08200000 0.78500000
6880 240 0.08200000 0.78500000
6890 240 0.08200000 0.78600000
6900 240 0.08300000 0.78700000
6910 240 0.08300000 0.78700000
6920 240 0.08300000 0.78800000
6930 240 0.08400000 0.78900000
6940 240 0.08400000 0.78900000
6950 240 0.08400000 0.79000000
6960 240 0.08500000 0.79100000
6970 240 0.08500000 0.79200000
6980 240 0.08500000 0.79200000
6990 240 0.08600000 0.79300000
7000 240 0.08600000 0.79400000
7010 240 0.08600000 0.79400000
7020 240 0.08700000 0.79500000
6910 111 0.73200000 0.82400000
6920 111 0.72900000 0.82800000
6930 111 0.72700000 0.83100000
6940 111 0.72500000 0.83500000
6950 111 0.72300000 0.83800000
6960 111 0.72000000 0.84200000
6970 111 0.71800000 0.84600000
6980 111 0.71600000 0.84900000
6990 111 0.71400000 0.85300000
7000 111 0.71100000 0.85700000
7010 111 0.70900000 0.86000000
7020 111 0.70700000 0.86400000
7030 111 0.70500000 0.86700000
7040 111 0.70200000 0.87100000
7050 111 0.70000000 0.87500000
7060 111 0.69800000 0.87800000
7070 111 0.69600000 0.88200000
7080 111 0.69300000 0.88600000
7090 111 0.69100000 0.88900000
7100 111 0.68900000 0.89300000
6920 140 0.76400000 0.33300000
6930 140 0.76700000 0.33600000
6940 140 0.77000000 0.33900000
6950 140 0.77300000 0.34200000
6960 140 0.77600000 0.34500000
6970 140 0.77900000 0.34800000
6980 140 0.78200000 0.35100000
6990 140 0.78500000 0.35400000
7000 140 0.78800000 0.35800000
7010 140 0.78800000 0.35800000
7020 140 0.78800000 0.35900000
7030 140 0.78800000 0.35900000
7040 140 0.78800000 0.36000000
7050 140 0.78800000 0.36000000
7060 140 0.78800000 0.36100000
7070 140 0.78800000 0.36200000
7080 140 0.78800000 0.36200000
7090 140 0.78800000 0.36300000
7100 140 0.78800000 0.36300000
7110 140 0.78800000 0.36400000
