8710 341 0.00000000 0.00000000
8720 341 0.00000000 0.19304145
8730 341 0.00140384 0.38591194
8740 341 0.00202029 0.57816600
8750 341 -0.00599353 0.58840214
8760 341 -0.01400735 0.59863828
8770 341 -0.02202118 0.60887443
8780 341 -0.03003500 0.61911057
8790 341 -0.03804882 0.62934671
8800 341 -0.04667909 0.64037025
8810 341 -0.05469292 0.65060640
8820 341 -0.06270674 0.66084254
8830 341 -0.07072056 0.67107869
8840 341 -0.07873439 0.68131483
8850 341 -0.08674821 0.69155097
8860 341 -0.09476203 0.70178712
8870 341 -0.10277586 0.71202326
8880 341 -0.11078968 0.72225940
8890 341 -0.11195523 0.73023697
8900 341 -0.10486867 0.73578500
8700 329 -1.96962366 0.22203522
8710 329 -1.72682088 0.15685233
8720 329 -1.58932709 0.02827372
8730 329 -1.49849685 -0.12667746
8740 329 -1.49058664 -0.13191468
8750 329 -1.51761192 -0.07306203
8760 329 -1.54604105 -0.01403844
8770 329 -1.56097566 0.02125968
8780 329 -1.55631863 0.01855560
8790 329 -1.55227805 0.01663891
8800 329 -1.54683362 0.01455128
8810 329 -1.54279304 0.01263459
8820 329 -1.53813601 0.00993051
8830 329 -1.53409543 0.00801382
8840 329 -1.53005484 0.00609714
8850 329 -1.52461042 0.00400950
8860 329 -1.51995339 0.00130542
8870 329 -1.51591280 -0.00061127
8880 329 -1.51108482 -0.00191151
8890 329 -1.50642779 -0.00461559
8900 330 -1.50238721 -0.00653228
8910 330 -1.49773018 -0.00923636
8920 330 -1.49290220 -0.01053660
8930 330 -1.48886162 -0.01245328
8940 330 -1.48420459 -0.01515737
8950 330 -1.48016400 -0.01707405
8960 330 -1.47550697 -0.01977814
8970 330 -1.47067899 -0.02107838
8980 330 -1.46602196 -0.02378246
8990 330 -1.46198138 -0.02569914
9000 330 -1.45732435 -0.02840323
9010 330 -1.45249637 -0.02970347
9020 330 -1.44783934 -0.03240755
9030 330 -1.44379876 -0.03432424
9040 330 -1.43975817 -0.03624092
9050 330 -1.43431375 -0.03832856
9060 330 -1.43027316 -0.04024524
9070 330 -1.42561613 -0.04294933
9080 330 -1.42157555 -0.04486601
9090 330 -1.41613112 -0.04695365
