2160 51 0.00000000 0.00000000
2170 51 0.00000000 0.33395209
2180 51 0.00528219 0.64300241
2190 51 0.04795897 0.71783350
2200 51 0.08979731 0.79320958
2210 51 0.13247409 0.86804068
2220 51 0.17431243 0.94341676
2230 51 0.19196167 0.97607414
2240 51 0.19900459 0.99057921
2250 51 0.20550253 1.00424584
2260 51 0.21254546 1.01875092
2270 51 0.21958838 1.03325599
2280 51 0.22663131 1.04776107
2290 51 0.23312925 1.06142770
2300 51 0.24017217 1.07593277
2310 51 0.24637666 1.09098283
2320 51 0.25341958 1.10548791
2330 51 0.25991752 1.11915454
2340 51 0.26696045 1.13365961
2350 51 0.27400337 1.14816469
2170 56 0.99397491 -0.20478985
2180 56 0.96597089 0.05672071
2190 56 0.91574812 0.34460033
2200 56 0.87177175 0.76319330
2210 56 0.80389974 1.11383042
2220 56 0.70035195 1.36003939
2230 56 0.59596572 1.60679335
2240 56 0.55844537 1.70870617
2250 56 0.56615905 1.71323376
2260 56 0.57248930 1.71746790
2270 56 0.57881955 1.72170204
2280 56 0.58569479 1.72677463
2290 56 0.59202504 1.73100877
2300 56 0.59973872 1.73553636
2310 56 0.60606897 1.73977050
2320 56 0.61294421 1.74484309
2330 56 0.61927445 1.74907723
2340 56 0.62644315 1.75276638
2350 56 0.63331839 1.75783896
2360 56 0.63964863 1.76207310
