8310 118 0.00000000 0.00000000
8320 118 -0.00000000 0.00100000
8330 118 -0.00000000 0.00100000
8340 118 -0.00000000 0.00200000
8350 118 -0.00000000 0.00200000
8360 118 0.00100000 0.00300000
8370 118 0.00100000 0.00400000
8380 118 0.00100000 0.00400000
8390 118 0.00100000 0.00500000
8400 118 0.00100000 0.00500000
8410 118 0.00100000 0.00600000
8420 118 0.00100000 0.00600000
8430 118 0.00100000 0.00700000
8440 118 0.00100000 0.00700000
8450 118 0.00100000 0.00800000
8460 118 0.00100000 0.00800000
8470 118 0.00200000 0.00900000
8480 118 0.00200000 0.00900000
8490 118 0.00200000 0.01000000
8500 118 0.00200000 0.01000000
8120 146 -0.15400000 -0.43500000
8130 146 -0.15400000 -0.43500000
8140 146 -0.15400000 -0.43400000
8150 146 -0.15400000 -0.43400000
8160 146 -0.15400000 -0.43300000
8170 146 -0.15400000 -0.43200000
8180 146 -0.15400000 -0.43200000
8190 146 -0.15400000 -0.43100000
8200 146 -0.15400000 -0.43100000
8210 146 -0.15400000 -0.43000000
8220 146 -0.15400000 -0.43000000
8230 146 -0.15400000 -0.42900000
8240 146 -0.15400000 -0.42800000
8250 146 -0.15400000 -0.42800000
8260 146 -0.15400000 -0.42700000
8270 146 -0.15400000 -0.42700000
8280 146 -0.15400000 -0.42600000
8290 146 -0.15400000 -0.42600000
8300 146 -0.15400000 -0.42500000
8310 146 -0.15400000 -0.42400000
8210 227 -0.94200000 -0.81400000
8220 227 -0.94200000 -0.81400000
8230 227 -0.94200000 -0.81400000
8240 227 -0.94200000 -0.81300000
8250 227 -0.94200000 -0.81300000
8260 227 -0.94200000 -0.81300000
8270 227 -0.94200000 -0.81300000
8280 227 -0.94200000 -0.81200000
8290 227 -0.94200000 -0.81200000
8300 227 -0.94200000 -0.81200000
8310 227 -0.94200000 -0.81100000
8320 227 -0.94200000 -0.81100000
8330 227 -0.94200000 -0.81100000
8340 227 -0.94200000 -0.81100000
8350 227 -0.94200000 -0.81000000
8360 227 -0.94200000 -0.81000000
8370 227 -0.94200000 -0.80900000
8380 227 -0.94200000 -0.80900000
8390 227 -0.94200000 -0.80900000
8400 227 -0.94200000 -0.80900000
8230 247 -0.82200000 0.01500000
8240 247 -0.82200000 0.01600000
8250 247 -0.82200000 0.01600000
8260 247 -0.82200000 0.01700000
8270 247 -0.82200000 0.01700000
8280 247 -0.82200000 0.01700000
8290 247 -0.82200000 0.01800000
8300 247 -0.82200000 0.01800000
8310 247 -0.82200000 0.01900000
8320 247 -0.82200000 0.01900000
8330 247 -0.82200000 0.02000000
8340 247 -0.82200000 0.02000000
8350 247 -0.82200000 0.02000000
8360 247 -0.82200000 0.02100000
8370 247 -0.82200000 0.02100000
8380 247 -0.82200000 0.02200000
8390 247 -0.82200000 0.02200000
8400 247 -0.82200000 0.02200000
8410 247 -0.82200000 0.02300000
8420 247 -0.82200000 0.02300000
8320 147 -0.15400000 -0.42400000
8330 147 -0.15400000 -0.42300000
8340 147 -0.15400000 -0.42300000
8350 147 -0.15400000 -0.42200000
8360 147 -0.15400000 -0.42100000
8370 147 -0.15400000 -0.42100000
8380 147 -0.15400000 -0.42000000
8390 147 -0.15400000 -0.42000000
8400 147 -0.15400000 -0.41900000
8410 147 -0.15400000 -0.41900000
8420 147 -0.15400000 -0.41800000
8430 147 -0.15400000 -0.41700000
8440 147 -0.15400000 -0.41700000
8450 147 -0.15400000 -0.41600000
8460 147 -0.15400000 -0.41600000
8470 147 -0.15400000 -0.41500000
8480 147 -0.15400000 -0.41500000
8490 147 -0.15400000 -0.41400000
8500 147 -0.15400000 -0.41300000
8510 147 -0.15400000 -0.41300000
8410 228 -0.94200000 -0.80800000
8420 228 -0.94200000 -0.80800000
8430 228 -0.94200000 -0.80800000
8440 228 -0.94200000 -0.80700000
8450 228 -0.94200000 -0.80700000
8460 228 -0.94200000 -0.80700000
8470 228 -0.94200000 -0.80700000
8480 228 -0.94200000 -0.80600000
8490 228 -0.94200000 -0.80600000
8500 228 -0.94200000 -0.80500000
8510 228 -0.94200000 -0.80500000
8520 228 -0.94200000 -0.80500000
8530 228 -0.94200000 -0.80500000
8540 228 -0.94200000 -0.80400000
8550 228 -0.94200000 -0.80400000
8560 228 -0.94200000 -0.80400000
8570 228 -0.94200000 -0.80300000
8580 228 -0.94200000 -0.80300000
8590 228 -0.94200000 -0.80300000
8600 228 -0.94200000 -0.80300000
8430 248 -0.82200000 0.02400000
8440 248 -0.82200000 0.02400000
8450 248 -0.82200000 0.02500000
8460 248 -0.82200000 0.02500000
8470 248 -0.82200000 0.02500000
8480 248 -0.82200000 0.02600000
8490 248 -0.82200000 0.02600000
8500 248 -0.82200000 0.02700000
8510 248 -0.82200000 0.02700000
8520 248 -0.82200000 0.02800000
8530 248 -0.82200000 0.02800000
8540 248 -0.82200000 0.02800000
8550 248 -0.82200000 0.02900000
8560 248 -0.82200000 0.02900000
8570 248 -0.82200000 0.03000000
8580 248 -0.82200000 0.03000000
8590 248 -0.82200000 0.03000000
8600 248 -0.82200000 0.03100000
8610 248 -0.82200000 0.03100000
8620 248 -0.82200000 0.03200000
