5200 160 0.00000000 0.00000000
5210 160 0.00000000 0.00282843
5220 160 0.00000000 0.00565685
5230 160 -0.00000000 0.00848528
5240 160 -0.00070711 0.01202082
5250 160 -0.00070711 0.01484924
5260 160 -0.00141421 0.01697056
5270 160 -0.00141421 0.01979899
5280 160 -0.00212132 0.02333452
5290 160 -0.00212132 0.02616295
5300 160 -0.00212132 0.02899138
5310 160 -0.00212132 0.03181981
5320 160 -0.00212132 0.03464823
5330 160 -0.00212132 0.03747666
5340 160 -0.00353553 0.04030509
5350 160 -0.00353553 0.04313351
5360 160 -0.00353553 0.04596194
5370 160 -0.00353553 0.04879037
5380 160 -0.00424264 0.05232590
5390 160 -0.00424264 0.05515433
5110 102 0.48295393 0.47588286
5120 102 0.48224682 0.47658997
5130 102 0.48083261 0.47800418
5140 102 0.47941840 0.47800418
5150 102 0.47800418 0.47941840
5160 102 0.47658997 0.48083261
5170 102 0.47588286 0.48153972
5180 102 0.47446865 0.48295393
5190 102 0.47305444 0.48436815
5200 102 0.47164022 0.48436815
5210 102 0.47022601 0.48578236
5220 102 0.46881180 0.48719657
5230 102 0.46810469 0.48790368
5240 102 0.46669048 0.48931789
5250 102 0.46527626 0.49073211
5260 102 0.46456916 0.49143921
5270 102 0.46244783 0.49214632
5280 102 0.46174073 0.49285343
5290 102 0.46032651 0.49426764
5300 102 0.45891230 0.49568185
5120 131 0.83297179 -0.05374012
5130 131 0.83367890 -0.05586144
5140 131 0.83367890 -0.05727565
5150 131 0.83367890 -0.05868986
5160 131 0.83438600 -0.06081118
5170 131 0.83438600 -0.06222540
5180 131 0.83438600 -0.06363961
5190 131 0.83509311 -0.06576093
5200 131 0.83509311 -0.06717514
5210 131 0.83580022 -0.06929646
5220 131 0.83580022 -0.07071068
5230 131 0.83650732 -0.07141778
5240 131 0.83721443 -0.07353911
5250 131 0.83721443 -0.07495332
5260 131 0.83721443 -0.07636753
5270 131 0.83792154 -0.07848885
5280 131 0.83792154 -0.07990307
5290 131 0.83792154 -0.08131728
5300 131 0.83862864 -0.08343860
5310 131 0.83862864 -0.08485281
5310 103 0.45820519 0.49638896
5320 103 0.45679098 0.49780317
5330 103 0.45537677 0.49921739
5340 103 0.45396255 0.49921739
5350 103 0.45254834 0.50063160
5360 103 0.45113413 0.50204581
5370 103 0.45042702 0.50275292
5380 103 0.44901281 0.50416713
5390 103 0.44759859 0.50558135
5400 103 0.44618438 0.50558135
5410 103 0.44477017 0.50699556
5420 103 0.44406306 0.50770267
5430 103 0.44264885 0.50911688
5440 103 0.44123463 0.51053110
5450 103 0.44052752 0.51123820
5460 103 0.43911331 0.51265242
5470 103 0.43769910 0.51406663
5480 103 0.43699199 0.51477374
5490 103 0.43487067 0.51548084
5500 103 0.43345646 0.51689506
5320 132 0.83862864 -0.08626703
5330 132 0.83933575 -0.08838835
5340 132 0.84004286 -0.08909545
5350 132 0.84074996 -0.09121677
5360 132 0.84074996 -0.09263099
5370 132 0.84074996 -0.09404520
5380 132 0.84145707 -0.09616652
5390 132 0.84145707 -0.09758074
5400 132 0.84145707 -0.09899495
5410 132 0.84216418 -0.10111627
5420 132 0.84216418 -0.10253048
5430 132 0.84216418 -0.10394470
5440 132 0.84287128 -0.10606602
5450 132 0.84287128 -0.10748023
5460 132 0.84357839 -0.10818734
5470 132 0.84428550 -0.11030866
5480 132 0.84428550 -0.11172287
5490 132 0.84428550 -0.11313708
5500 132 0.84499260 -0.11525841
5510 132 0.84499260 -0.11667262
