6510 109 0.00000000 0.00000000
6520 109 0.00000000 0.06926038
6530 109 -0.00030320 0.13756783
6540 109 -0.00030320 0.20682821
6550 109 -0.00060641 0.27513566
6560 109 -0.00021657 0.29285142
6570 109 0.00077967 0.28938623
6580 109 0.00147270 0.28496812
6590 109 0.00311867 0.28024681
6600 109 0.00411491 0.27678162
6610 109 0.00480794 0.27236351
6620 109 0.00550098 0.26794540
6630 109 0.00649722 0.26448022
6640 109 0.00814318 0.25975890
6650 109 0.00913942 0.25629372
6660 109 0.00983246 0.25187561
6670 109 0.01147842 0.24715430
6680 109 0.01247466 0.24368911
6690 109 0.01316770 0.23927100
6700 109 0.01386074 0.23485289
6320 137 0.38571837 0.65487658
6330 137 0.38125694 0.65734553
6340 137 0.37774844 0.65951127
6350 137 0.37328702 0.66198021
6360 137 0.37008172 0.66509888
6370 137 0.36562030 0.66756782
6380 137 0.36115887 0.67003677
6390 137 0.35765037 0.67220251
6400 137 0.35349215 0.67562438
6410 137 0.34998365 0.67779012
6420 137 0.34552222 0.68025906
6430 137 0.34201373 0.68242480
6440 137 0.33755230 0.68489375
6450 137 0.33434700 0.68801241
6460 137 0.32988558 0.69048136
6470 137 0.32542415 0.69295030
6480 137 0.32221886 0.69606897
6490 137 0.31775743 0.69853791
6500 137 0.31424893 0.70070365
6510 137 0.30978751 0.70317260
6410 218 0.99650048 0.64837936
6420 218 0.99585075 0.64963549
6430 218 0.99550424 0.65184455
6440 218 0.99485451 0.65310068
6450 218 0.99546092 0.65500653
6460 218 0.99481120 0.65626266
6470 218 0.99416148 0.65751879
6480 218 0.99381496 0.65972784
6490 218 0.99316524 0.66098397
6500 218 0.99281872 0.66319303
6510 218 0.99312192 0.66414595
6520 218 0.99277540 0.66635501
6530 218 0.99212568 0.66761114
6540 218 0.99177916 0.66982019
6550 218 0.99112944 0.67107632
6560 218 0.99143264 0.67202925
6570 218 0.99108613 0.67423830
6580 218 0.99043640 0.67549443
6590 218 0.99008989 0.67770349
6600 218 0.98944016 0.67895962
6430 238 0.69052467 0.01325433
6440 238 0.69022147 0.01230141
6450 238 0.68896534 0.01165168
6460 238 0.68896534 0.01165168
6470 238 0.68866214 0.01069876
6480 238 0.68740601 0.01004904
6490 238 0.68740601 0.01004904
6500 238 0.68710280 0.00909611
6510 238 0.68679960 0.00814318
6520 238 0.68584667 0.00844639
6530 238 0.68554347 0.00749346
6540 238 0.68428734 0.00684374
6550 238 0.68428734 0.00684374
6560 238 0.68398414 0.00589081
6570 238 0.68272801 0.00524109
6580 238 0.68242480 0.00428817
6590 238 0.68242480 0.00428817
6600 238 0.68116867 0.00363844
6610 238 0.68086547 0.00268552
6620 238 0.68086547 0.00268552
6520 138 0.30627901 0.70533834
6530 138 0.30216410 0.70559823
6540 138 0.29839571 0.70364906
6550 138 0.29432412 0.70074697
6560 138 0.29055573 0.69879780
6570 138 0.28678734 0.69684863
6580 138 0.28301896 0.69489947
6590 138 0.27925057 0.69295030
6600 138 0.27548218 0.69100113
6610 138 0.27171379 0.68905197
6620 138 0.26794540 0.68710280
6630 138 0.26417702 0.68515364
6640 138 0.26040863 0.68320447
6650 138 0.25664024 0.68125530
6660 138 0.25256865 0.67835321
6670 138 0.24880026 0.67640404
6680 138 0.24503187 0.67445488
6690 138 0.24126348 0.67250571
6700 138 0.23749509 0.67055655
6710 138 0.23372670 0.66860738
6610 219 0.98909364 0.68116867
6620 219 0.98939685 0.68212160
6630 219 0.98905033 0.68433065
6640 219 0.98840061 0.68558678
6650 219 0.98805409 0.68779584
6660 219 0.98740437 0.68905197
6670 219 0.98675465 0.69030810
6680 219 0.98736105 0.69221395
6690 219 0.98671133 0.69347008
6700 219 0.98636481 0.69567913
6710 219 0.98571509 0.69693526
6720 219 0.98536857 0.69914432
6730 219 0.98471885 0.70040045
6740 219 0.98532526 0.70230630
6750 219 0.98467553 0.70356243
6760 219 0.98402581 0.70481856
6770 219 0.98367929 0.70702761
6780 219 0.98302957 0.70828374
6790 219 0.98268305 0.71049280
6800 219 0.98298626 0.71144572
6630 239 0.67960934 0.00203580
6640 239 0.67930614 0.00108287
6650 239 0.67930614 0.00108287
6660 239 0.67805001 0.00043315
6670 239 0.67774680 -0.00051978
6680 239 0.67744360 -0.00147270
6690 239 0.67649067 -0.00116950
6700 239 0.67618747 -0.00212243
6710 239 0.67588427 -0.00307535
6720 239 0.67493134 -0.00277215
6730 239 0.67462814 -0.00372507
6740 239 0.67432493 -0.00467800
6750 239 0.67337201 -0.00437480
6760 239 0.67306880 -0.00532772
6770 239 0.67276560 -0.00628065
6780 239 0.67181267 -0.00597744
6790 239 0.67150947 -0.00693037
6800 239 0.67120627 -0.00788330
6810 239 0.67025334 -0.00758009
6820 239 0.66995014 -0.00853302
