5600 162 0.00000000 0.00000000
5610 162 -0.00000000 0.00360555
5620 162 0.00055470 0.00637905
5630 162 0.00110940 0.00915255
5640 162 0.00166410 0.01192605
5650 162 0.00221880 0.01469956
5660 162 0.00221880 0.01830511
5670 162 0.00277350 0.02107861
5680 162 0.00249615 0.02329741
5690 162 0.00305085 0.02607091
5700 162 0.00305085 0.02967646
5710 162 0.00360555 0.03244996
5720 162 0.00416025 0.03522346
5730 162 0.00471495 0.03799696
5740 162 0.00526965 0.04077046
5750 162 0.00582435 0.04354397
5760 162 0.00499230 0.04659482
5770 162 0.00554700 0.04936832
5780 162 0.00610170 0.05214182
5790 162 0.00665640 0.05491532
5510 104 0.51226563 0.30785861
5520 104 0.51115623 0.30952271
5530 104 0.51004683 0.31118681
5540 104 0.50949213 0.31201886
5550 104 0.50755068 0.31312826
5560 104 0.50699598 0.31396031
5570 104 0.50588658 0.31562441
5580 104 0.50477718 0.31728851
5590 104 0.50422248 0.31812056
5600 104 0.50311308 0.31978466
5610 104 0.50200368 0.32144876
5620 104 0.50061693 0.32172611
5630 104 0.49950753 0.32339021
5640 104 0.49839813 0.32505431
5650 104 0.49784343 0.32588637
5660 104 0.49673403 0.32755047
5670 104 0.49562463 0.32921457
5680 104 0.49506993 0.33004662
5690 104 0.49312847 0.33115602
5700 104 0.49201907 0.33282012
5520 133 0.79183453 -0.39633329
5530 133 0.79211188 -0.39855209
5540 133 0.79183453 -0.39993884
5550 133 0.79155718 -0.40132559
5560 133 0.79183453 -0.40354439
5570 133 0.79155718 -0.40493114
5580 133 0.79127983 -0.40631789
5590 133 0.79155718 -0.40853669
5600 133 0.79211188 -0.40936874
5610 133 0.79183453 -0.41075550
5620 133 0.79211188 -0.41297430
5630 133 0.79183453 -0.41436105
5640 133 0.79211188 -0.41657985
5650 133 0.79183453 -0.41796660
5660 133 0.79155718 -0.41935335
5670 133 0.79183453 -0.42157215
5680 133 0.79155718 -0.42295890
5690 133 0.79127983 -0.42434565
5700 133 0.79155718 -0.42656445
5710 133 0.79127983 -0.42795120
5710 105 0.49146437 0.33365217
5720 105 0.49035497 0.33531627
5730 105 0.48980027 0.33614832
5740 105 0.48869087 0.33781242
5750 105 0.48674942 0.33892182
5760 105 0.48619472 0.33975387
5770 105 0.48508532 0.34141797
5780 105 0.48397592 0.34308207
5790 105 0.48342122 0.34391412
5800 105 0.48231182 0.34557822
5810 105 0.48120242 0.34724232
5820 105 0.48064772 0.34807437
5830 105 0.47953832 0.34973847
5840 105 0.47759687 0.35084787
5850 105 0.47704217 0.35167992
5860 105 0.47593277 0.35334402
5870 105 0.47482337 0.35500813
5880 105 0.47426867 0.35584018
5890 105 0.47315927 0.35750428
5900 105 0.47177252 0.35778163
5720 134 0.79100248 -0.42933795
5730 134 0.72221966 -0.48120242
5740 134 0.54943054 -0.60961552
5750 134 0.40243499 -0.73164956
5760 134 0.29426845 -0.84342165
5770 134 0.18582457 -0.95658049
5780 134 0.06489992 -1.07805983
5790 134 -0.05685677 -1.20009387
5800 134 -0.17944551 -1.32268262
5810 134 -0.23630228 -1.35818343
5820 134 -0.27679540 -1.37316034
5830 134 -0.31701116 -1.38675049
5840 134 -0.35750428 -1.40172740
5850 134 -0.36221923 -1.40366885
5860 134 -0.35750428 -1.40172740
5870 134 -0.35362138 -1.40034065
5880 134 -0.34890642 -1.39839919
5890 134 -0.34502352 -1.39701244
5900 134 -0.33975387 -1.39590304
5910 134 -0.33587097 -1.39451629
