8230 247 0.00000000 0.00000000
8240 247 -0.00000000 0.00100000
8250 247 -0.00000000 0.00100000
8260 247 -0.00000000 0.00200000
8270 247 -0.00000000 0.00200000
8280 247 -0.00000000 0.00200000
8290 247 -0.00000000 0.00300000
8300 247 -0.00000000 0.00300000
8310 247 -0.00000000 0.00400000
8320 247 -0.00000000 0.00400000
8330 247 -0.00000000 0.00500000
8340 247 -0.00000000 0.00500000
8350 247 -0.00000000 0.00500000
8360 247 -0.00000000 0.00600000
8370 247 -0.00000000 0.00600000
8380 247 -0.00000000 0.00700000
8390 247 -0.00000000 0.00700000
8400 247 -0.00000000 0.00700000
8410 247 -0.00000000 0.00800000
8420 247 -0.00000000 0.00800000
8110 117 0.82000000 -0.02600000
8120 117 0.82000000 -0.02500000
8130 117 0.82000000 -0.02500000
8140 117 0.82000000 -0.02400000
8150 117 0.82000000 -0.02300000
8160 117 0.82000000 -0.02300000
8170 117 0.82100000 -0.02200000
8180 117 0.82100000 -0.02200000
8190 117 0.82100000 -0.02100000
8200 117 0.82100000 -0.02100000
8210 117 0.82100000 -0.02000000
8220 117 0.82100000 -0.02000000
8230 117 0.82100000 -0.01900000
8240 117 0.82100000 -0.01900000
8250 117 0.82100000 -0.01800000
8260 117 0.82200000 -0.01800000
8270 117 0.82200000 -0.01700000
8280 117 0.82200000 -0.01700000
8290 117 0.82200000 -0.01600000
8300 117 0.82200000 -0.01500000
8120 146 0.66800000 -0.45000000
8130 146 0.66800000 -0.45000000
8140 146 0.66800000 -0.44900000
8150 146 0.66800000 -0.44900000
8160 146 0.66800000 -0.44800000
8170 146 0.66800000 -0.44700000
8180 146 0.66800000 -0.44700000
8190 146 0.66800000 -0.44600000
8200 146 0.66800000 -0.44600000
8210 146 0.66800000 -0.44500000
8220 146 0.66800000 -0.44500000
8230 146 0.66800000 -0.44400000
8240 146 0.66800000 -0.44300000
8250 146 0.66800000 -0.44300000
8260 146 0.66800000 -0.44200000
8270 146 0.66800000 -0.44200000
8280 146 0.66800000 -0.44100000
8290 146 0.66800000 -0.44100000
8300 146 0.66800000 -0.44000000
8310 146 0.66800000 -0.43900000
8210 227 -0.12000000 -0.82900000
8220 227 -0.12000000 -0.82900000
8230 227 -0.12000000 -0.82900000
8240 227 -0.12000000 -0.82800000
8250 227 -0.12000000 -0.82800000
8260 227 -0.12000000 -0.82800000
8270 227 -0.12000000 -0.82800000
8280 227 -0.12000000 -0.82700000
8290 227 -0.12000000 -0.82700000
8300 227 -0.12000000 -0.82700000
8310 227 -0.12000000 -0.82600000
8320 227 -0.12000000 -0.82600000
8330 227 -0.12000000 -0.82600000
8340 227 -0.12000000 -0.82600000
8350 227 -0.12000000 -0.82500000
8360 227 -0.12000000 -0.82500000
8370 227 -0.12000000 -0.82400000
8380 227 -0.12000000 -0.82400000
8390 227 -0.12000000 -0.82400000
8400 227 -0.12000000 -0.82400000
8310 118 0.82200000 -0.01500000
8320 118 0.82200000 -0.01400000
8330 118 0.82200000 -0.01400000
8340 118 0.82200000 -0.01300000
8350 118 0.82200000 -0.01300000
8360 118 0.82300000 -0.01200000
8370 118 0.82300000 -0.01100000
8380 118 0.82300000 -0.01100000
8390 118 0.82300000 -0.01000000
8400 118 0.82300000 -0.01000000
8410 118 0.82300000 -0.00900000
8420 118 0.82300000 -0.00900000
8430 118 0.82300000 -0.00800000
8440 118 0.82300000 -0.00800000
8450 118 0.82300000 -0.00700000
8460 118 0.82300000 -0.00700000
8470 118 0.82400000 -0.00600000
8480 118 0.82400000 -0.00600000
8490 118 0.82400000 -0.00500000
8500 118 0.82400000 -0.00500000
8320 147 0.66800000 -0.43900000
8330 147 0.66800000 -0.43800000
8340 147 0.66800000 -0.43800000
8350 147 0.66800000 -0.43700000
8360 147 0.66800000 -0.43600000
8370 147 0.66800000 -0.43600000
8380 147 0.66800000 -0.43500000
8390 147 0.66800000 -0.43500000
8400 147 0.66800000 -0.43400000
8410 147 0.66800000 -0.43400000
8420 147 0.66800000 -0.43300000
8430 147 0.66800000 -0.43200000
8440 147 0.66800000 -0.43200000
8450 147 0.66800000 -0.43100000
8460 147 0.66800000 -0.43100000
8470 147 0.66800000 -0.43000000
8480 147 0.66800000 -0.43000000
8490 147 0.66800000 -0.42900000
8500 147 0.66800000 -0.42800000
8510 147 0.66800000 -0.42800000
8410 228 -0.12000000 -0.82300000
8420 228 -0.12000000 -0.82300000
8430 228 -0.12000000 -0.82300000
8440 228 -0.12000000 -0.82200000
8450 228 -0.12000000 -0.82200000
8460 228 -0.12000000 -0.82200000
8470 228 -0.12000000 -0.82200000
8480 228 -0.12000000 -0.82100000
8490 228 -0.12000000 -0.82100000
8500 228 -0.12000000 -0.82000000
8510 228 -0.12000000 -0.82000000
8520 228 -0.12000000 -0.82000000
8530 228 -0.12000000 -0.82000000
8540 228 -0.12000000 -0.81900000
8550 228 -0.12000000 -0.81900000
8560 228 -0.12000000 -0.81900000
8570 228 -0.12000000 -0.81800000
8580 228 -0.12000000 -0.81800000
8590 228 -0.12000000 -0.81800000
8600 228 -0.12000000 -0.81800000
