950 32 0.00000000 0.00000000
960 32 0.00000000 0.31185413
970 32 -0.02057051 0.60854733
980 32 -0.02428058 0.84265678
990 32 -0.01191262 1.01234188
1000 32 0.00084655 1.18294729
1010 32 0.00236649 1.20185998
1020 32 0.00183740 1.20317149
1030 32 0.00261981 1.20501209
1040 32 0.00209072 1.20632360
1050 32 0.00287314 1.20816420
1060 32 0.00234404 1.20947572
1070 32 0.00312646 1.21131632
1080 32 0.00259737 1.21262783
1090 32 0.00245948 1.21485964
1100 32 0.00285069 1.21577994
1110 32 0.00271281 1.21801176
1120 32 0.00310402 1.21893206
1130 32 0.00296613 1.22116387
1140 32 0.00335734 1.22208417
950 38 -0.17021740 0.28207098
960 38 0.01190300 0.72839503
970 38 0.14077415 1.06478948
980 38 0.21561363 1.28941373
990 38 0.28276682 1.49340012
1000 38 0.28223772 1.49471163
1010 38 0.28262893 1.49563194
1020 38 0.28341135 1.49747254
1030 38 0.28380256 1.49839284
1040 38 0.28327346 1.49970435
1050 38 0.28405588 1.50154496
1060 38 0.28444709 1.50246526
1070 38 0.28391799 1.50377677
1080 38 0.28470041 1.50561737
1090 38 0.28509162 1.50653768
1100 38 0.28587404 1.50837828
1110 38 0.28626525 1.50929858
1120 38 0.28573615 1.51061009
1130 38 0.28651857 1.51245070
1140 38 0.28690978 1.51337100
