6710 158 0.00000000 0.00000000
6720 158 0.00000000 0.00848528
6730 158 -0.00070711 0.01767767
6740 158 -0.00070711 0.02616295
6750 158 -0.00070711 0.03464823
6760 158 -0.00070711 0.04313351
6770 158 -0.00070711 0.05161880
6780 158 -0.00141421 0.06081118
6790 158 -0.00141421 0.06929646
6800 158 -0.00141421 0.07778175
6810 158 -0.00141421 0.08626703
6820 158 -0.00141421 0.09475231
6830 158 -0.00141421 0.10323759
6840 158 -0.00212132 0.11242998
6850 158 -0.00212132 0.12091526
6860 158 0.00494975 0.10960155
6870 158 0.01414214 0.09333810
6880 158 0.02262742 0.07778175
6890 158 0.03181981 0.06151829
6900 158 0.04030509 0.04596194
6540 132 0.46244783 0.97439314
6550 132 0.49992449 0.82519361
6560 132 0.53740115 0.67457987
6570 132 0.57417071 0.52467323
6580 132 0.61164737 0.37547370
6590 132 0.64841692 0.22556706
6600 132 0.63922453 0.21496046
6610 132 0.62437529 0.21849600
6620 132 0.60881894 0.22273864
6630 132 0.59467680 0.22698128
6640 132 0.57982756 0.23051681
6650 132 0.56497832 0.23546656
6660 132 0.55012908 0.23900209
6670 132 0.53598694 0.24324473
6680 132 0.52043059 0.24748737
6690 132 0.50628846 0.25173001
6700 132 0.49143921 0.25526555
6710 132 0.47658997 0.26021530
6720 132 0.46174073 0.26375083
6730 132 0.44689149 0.26728636
6740 133 0.43274935 0.27152900
6750 133 0.41719300 0.27577164
6760 133 0.40305087 0.28001429
6770 133 0.38820162 0.28354982
6780 133 0.37335238 0.28849957
6790 133 0.35850314 0.29203510
6800 133 0.34436100 0.29627774
6810 133 0.32880465 0.30052038
6820 133 0.31466252 0.30476302
6830 133 0.29981328 0.30829856
6840 133 0.28425693 0.31254120
6850 133 0.27930718 0.31890516
6860 133 0.28001429 0.32668333
6870 133 0.28001429 0.33375440
6880 133 0.28072139 0.34153258
6890 133 0.28142850 0.34931075
6900 133 0.28213561 0.35708892
6910 133 0.28213561 0.36415999
6920 133 0.28284271 0.37193817
6930 133 0.28354982 0.37971634
