1150 39 0.00000000 0.00000000
1160 39 0.00000000 0.00100000
1170 39 0.00000000 0.00200000
1180 39 0.00000000 0.00400000
1190 39 -0.00100000 0.00500000
1200 39 -0.00100000 0.00700000
1210 39 -0.00100000 0.00800000
1220 39 -0.00100000 0.00900000
1230 39 -0.00200000 0.01100000
1240 39 -0.00200000 0.01200000
1250 39 -0.00200000 0.01400000
1260 39 -0.00300000 0.01500000
1270 39 -0.00300000 0.01600000
1280 39 -0.00300000 0.01800000
1290 39 -0.00300000 0.01900000
1300 39 -0.00300000 0.02000000
1310 39 -0.00400000 0.02200000
1320 39 -0.00400000 0.02300000
1330 39 -0.00400000 0.02400000
1340 39 -0.00400000 0.02600000
1150 33 -0.14700000 -0.37900000
1160 33 -0.14700000 -0.37800000
1170 33 -0.14800000 -0.37600000
1180 33 -0.14900000 -0.37500000
1190 33 -0.14900000 -0.37300000
1200 33 -0.15000000 -0.37200000
1210 33 -0.15000000 -0.37000000
1220 33 -0.15100000 -0.36900000
1230 33 -0.15100000 -0.36700000
1240 33 -0.15200000 -0.36600000
1250 33 -0.15300000 -0.36400000
1260 33 -0.15300000 -0.36300000
1270 33 -0.15400000 -0.36200000
1280 33 -0.15400000 -0.36000000
1290 33 -0.15500000 -0.35900000
1300 33 -0.15600000 -0.35700000
1310 33 -0.15600000 -0.35500000
1320 33 -0.15600000 -0.35400000
1330 33 -0.15700000 -0.35200000
1340 33 -0.15800000 -0.35100000
