1550 35 0.00000000 0.00000000
1560 35 0.00000000 0.00223607
1570 35 -0.00044721 0.00357771
1580 35 0.00044721 0.00536656
1590 35 -0.00000000 0.00670820
1600 35 0.00089443 0.00849706
1610 35 0.00044721 0.00983870
1620 35 0.00134164 0.01162755
1630 35 0.00089443 0.01296919
1640 35 0.00089443 0.01520526
1650 35 0.00134164 0.01609969
1660 35 0.00134164 0.01833576
1670 35 0.00178885 0.01923018
1680 35 0.00178885 0.02146625
1690 35 0.00223607 0.02236068
1700 35 0.00223607 0.02459675
1710 35 0.00268328 0.02549117
1720 35 0.00268328 0.02772724
1730 35 0.00223607 0.02906888
1740 35 0.00313050 0.03085774
1550 41 0.30991902 0.26430323
1560 41 0.31036624 0.26519766
1570 41 0.31036624 0.26743373
1580 41 0.31081345 0.26832816
1590 41 0.31126066 0.26922258
1600 41 0.31215509 0.27101144
1610 41 0.31170788 0.27235308
1620 41 0.31260230 0.27414193
1630 41 0.31304952 0.27503636
1640 41 0.31349673 0.27593079
1650 41 0.31349673 0.27816686
1660 41 0.31394394 0.27906128
1670 41 0.31483837 0.28085014
1680 41 0.31528558 0.28174457
1690 41 0.31483837 0.28308621
1700 41 0.31573280 0.28487506
1710 41 0.31618001 0.28576949
1720 41 0.31662723 0.28666391
1730 41 0.31662723 0.28889998
1740 41 0.31707444 0.28979441
