950 38 0.00000000 0.00000000
960 38 0.00000000 0.48205083
970 38 -0.00777096 0.84220165
980 38 -0.02334194 1.07845267
990 38 -0.03823248 1.29269149
1000 38 -0.03921786 1.29370590
1010 38 -0.03920333 1.29470580
1020 38 -0.03917429 1.29670559
1030 38 -0.03915977 1.29770548
1040 38 -0.04014514 1.29871990
1050 38 -0.04011610 1.30071968
1060 38 -0.04010158 1.30171958
1070 38 -0.04108695 1.30273400
1080 38 -0.04105791 1.30473378
1090 38 -0.04104339 1.30573368
1100 38 -0.04101435 1.30773347
1110 38 -0.04099983 1.30873336
1120 38 -0.04198520 1.30974778
1130 38 -0.04195616 1.31174757
1140 38 -0.04194164 1.31274746
950 32 0.26416924 -0.19685683
960 32 0.14634971 0.09188450
970 32 0.01521209 0.35881693
980 32 -0.07667034 0.57417389
990 32 -0.12932661 0.73595559
1000 32 -0.18196836 0.89873718
1010 32 -0.18770635 0.91682241
1020 32 -0.18869172 0.91783682
1030 32 -0.18866268 0.91983661
1040 32 -0.18964805 0.92085103
1050 32 -0.18961901 0.92285082
1060 32 -0.19060438 0.92386523
1070 32 -0.19057534 0.92586502
1080 32 -0.19156071 0.92687944
1090 32 -0.19253156 0.92889375
1100 32 -0.19251704 0.92989364
1110 32 -0.19348790 0.93190795
1120 32 -0.19347337 0.93290785
1130 32 -0.19444423 0.93492216
1140 32 -0.19442970 0.93592205
