3350 50 0.00000000 0.00000000
3360 50 0.00000000 0.32234919
3370 50 0.00000000 0.64469838
3380 50 0.00000000 0.96704757
3390 50 0.05448750 1.12668501
3400 50 0.11508327 1.26701730
3410 50 0.13315994 1.31122402
3420 50 0.13125518 1.31331492
3430 50 0.13034933 1.31535929
3440 50 0.12944348 1.31740365
3450 50 0.12858416 1.32044694
3460 50 0.12667939 1.32253784
3470 50 0.12577354 1.32458220
3480 50 0.12486769 1.32662657
3490 50 0.12396184 1.32867094
3500 50 0.12310253 1.33171422
3510 50 0.12119776 1.33380512
3520 50 0.12029191 1.33584949
3530 50 0.11938606 1.33789386
3540 50 0.11848021 1.33993822
3390 94 -0.19897987 0.52082340
3400 94 -0.19858899 0.78709365
3410 94 -0.19003615 0.84175487
3420 94 -0.17795609 0.84319430
3430 94 -0.16682840 0.84567919
3440 94 -0.15474833 0.84711862
3450 94 -0.14366718 0.84860458
3460 94 -0.13258603 0.85009055
3470 94 -0.12050596 0.85152998
3480 94 -0.10937828 0.85401487
3490 94 -0.09829713 0.85550083
3500 94 -0.08621706 0.85694027
3510 94 -0.07513591 0.85842623
3520 94 -0.06400823 0.86091111
3530 94 -0.05192816 0.86235055
3540 94 -0.04084701 0.86383651
3550 94 -0.02876694 0.86527595
3560 94 -0.01768579 0.86676191
3570 94 -0.00655811 0.86924680
3580 94 0.00552196 0.87068623
