1550 41 0.00000000 0.00000000
1560 41 0.00000000 0.00100000
1570 41 -0.00100000 0.00300000
1580 41 -0.00100000 0.00400000
1590 41 -0.00100000 0.00500000
1600 41 -0.00100000 0.00700000
1610 41 -0.00200000 0.00800000
1620 41 -0.00200000 0.01000000
1630 41 -0.00200000 0.01100000
1640 41 -0.00200000 0.01200000
1650 41 -0.00300000 0.01400000
1660 41 -0.00300000 0.01500000
1670 41 -0.00300000 0.01700000
1680 41 -0.00300000 0.01800000
1690 41 -0.00400000 0.01900000
1700 41 -0.00400000 0.02100000
1710 41 -0.00400000 0.02200000
1720 41 -0.00400000 0.02300000
1730 41 -0.00500000 0.02500000
1740 41 -0.00500000 0.02600000
1550 35 -0.15900000 -0.37500000
1560 35 -0.16000000 -0.37300000
1570 35 -0.16100000 -0.37200000
1580 35 -0.16100000 -0.37000000
1590 35 -0.16200000 -0.36900000
1600 35 -0.16200000 -0.36700000
1610 35 -0.16300000 -0.36600000
1620 35 -0.16300000 -0.36400000
1630 35 -0.16400000 -0.36300000
1640 35 -0.16500000 -0.36100000
1650 35 -0.16500000 -0.36000000
1660 35 -0.16600000 -0.35800000
1670 35 -0.16600000 -0.35700000
1680 35 -0.16700000 -0.35500000
1690 35 -0.16700000 -0.35400000
1700 35 -0.16800000 -0.35200000
1710 35 -0.16800000 -0.35100000
1720 35 -0.16900000 -0.34900000
1730 35 -0.17000000 -0.34800000
1740 35 -0.17000000 -0.34600000
