800 49 0.00000000 0.00000000
810 49 -0.00000000 0.01431782
820 49 0.00097780 0.02884517
830 49 0.00216513 0.04239472
840 49 0.00314294 0.05692207
850 49 0.00412074 0.07144942
860 49 0.00509854 0.08597677
870 49 0.04581703 0.14890534
880 49 0.10350737 0.23285666
890 49 0.16119771 0.31680798
900 49 0.23704724 0.37806032
910 49 0.35564071 0.38301917
920 49 0.47423417 0.38797803
930 49 0.59282764 0.39293688
940 49 0.63536204 0.39489249
950 49 0.64534959 0.39600998
960 49 0.65456887 0.39594013
970 49 0.66455643 0.39705762
980 49 0.67475351 0.39719731
990 49 0.68474106 0.39831480
800 56 -0.19423347 0.23348525
810 56 -0.20792270 0.24486966
820 56 -0.22258974 0.25604455
830 56 -0.23627897 0.26742896
840 56 -0.25094601 0.27860384
850 56 -0.09771040 0.31757626
860 56 0.05552521 0.35654867
870 56 0.20876082 0.39552108
880 56 0.36199642 0.43449349
890 56 0.48422172 0.43204898
900 56 0.60623750 0.43058228
910 56 0.72846280 0.42813777
920 56 0.85166590 0.42590279
930 56 0.97389120 0.42345829
940 56 1.09611651 0.42101378
950 56 1.10659296 0.41507712
960 56 1.11804722 0.40935000
970 56 1.12852367 0.40341334
980 56 1.13976840 0.39866401
990 56 1.15045438 0.39174955
