800 56 0.00000000 0.00000000
810 56 0.00000000 0.01780449
820 56 -0.00078632 0.03622681
830 56 -0.00078632 0.05403130
840 56 -0.00157264 0.07245362
850 56 0.12637259 -0.02044428
860 56 0.25431782 -0.11334217
870 56 0.38226304 -0.20624007
880 56 0.51020827 -0.29913796
890 56 0.58648115 -0.39467564
900 56 0.66337185 -0.48942700
910 56 0.73964473 -0.58496468
920 56 0.81670393 -0.68112018
930 56 0.89297680 -0.77665786
940 56 0.96924968 -0.87219553
950 56 0.97138398 -0.88404648
960 56 0.97430459 -0.89651524
970 56 0.97643888 -0.90836618
980 56 0.97997731 -0.92004862
990 56 0.98149378 -0.93268588
800 49 -0.05532311 -0.29863247
810 49 -0.04431465 -0.28947748
820 49 -0.03251988 -0.28094031
830 49 -0.02134293 -0.27318946
840 49 -0.00954815 -0.26465229
850 49 0.00224662 -0.25611512
860 49 0.01404140 -0.24757795
870 49 0.08846081 -0.23864762
880 49 0.18989588 -0.22932413
890 49 0.29133094 -0.22000064
900 49 0.38692479 -0.23915311
910 49 0.46656760 -0.32716459
920 49 0.54621042 -0.41517608
930 49 0.62585323 -0.50318757
940 49 0.65455385 -0.53464030
950 49 0.66179921 -0.54160484
960 49 0.66764044 -0.54873787
970 49 0.67488580 -0.55570240
980 49 0.68151334 -0.56345326
990 49 0.68875870 -0.57041779
