2890 852 0.00000000 0.00000000
2900 852 0.00000000 0.12073939
2910 852 -0.00000000 0.24147878
2920 852 -0.00000000 0.36221817
2930 852 0.01633270 0.46034687
2940 852 0.05877121 0.52258008
2950 852 0.10107721 0.58622129
2960 852 0.14210773 0.64832198
2970 852 0.18441372 0.71196319
2980 852 0.22608198 0.77483414
2990 852 0.20273417 0.78897202
3000 852 0.17874863 0.80233966
3010 852 0.15463057 0.81711528
3020 852 0.13128276 0.83125317
3030 852 0.10716470 0.84602880
3040 852 0.08317915 0.85939643
3050 852 0.05983134 0.87353432
3060 852 0.03571328 0.88830995
3070 852 0.01236548 0.90244784
3080 852 -0.01239032 0.91645321
3080 809 -0.35212204 0.60961879
3090 809 -0.35049043 0.41872003
3100 809 -0.34962907 0.22845900
3110 809 -0.34940545 0.03742772
3120 809 -0.32745735 -0.05993901
3130 809 -0.29577755 -0.11732708
3140 809 -0.26486800 -0.17407741
3150 809 -0.23318819 -0.23146548
3160 809 -0.20214613 -0.28962380
3170 809 -0.17123658 -0.34637412
3180 809 -0.17654554 -0.44843692
3190 809 -0.19219080 -0.56141580
3200 809 -0.20719833 -0.67362441
3210 809 -0.22284360 -0.78660329
3220 809 -0.22767218 -0.87867763
3230 809 -0.22511295 -0.95869294
3240 809 -0.22255372 -1.03870826
3250 809 -0.22012700 -1.11731558
3260 809 -0.24899911 -1.21804493
3270 809 -0.27723347 -1.31800402
