1640 514 0.00000000 0.00000000
1650 514 0.00000000 0.02061553
1660 514 -0.00063059 0.04045494
1670 514 -0.00063059 0.06107047
1680 514 -0.00063059 0.08168600
1690 514 -0.00063059 0.10230153
1700 514 -0.00126119 0.12214094
1710 514 -0.00126119 0.14275647
1720 514 -0.00126119 0.16337200
1730 514 -0.00126119 0.18398753
1740 514 -0.00189178 0.20382694
1750 514 -0.00189178 0.22444247
1760 514 -0.00189178 0.24505800
1770 514 -0.00189178 0.26567352
1780 514 -0.05243620 0.31447169
1790 514 -0.11525293 0.37195263
1800 514 -0.17792413 0.42802687
1810 514 -0.24137145 0.48473170
1820 514 -0.30341207 0.54158205
1830 514 -0.30666204 0.54551113
1480 210 -1.20709981 -0.94807176
1490 210 -1.28456568 -0.90703473
1500 210 -1.36125545 -0.86662830
1510 210 -1.44526979 -0.78290500
1520 210 -1.53631766 -0.65867825
1530 210 -1.53301918 -0.63558886
1540 210 -1.52074688 -0.62365611
1550 210 -1.50692235 -0.61298454
1560 210 -1.49465004 -0.60105179
1570 210 -1.48097103 -0.58897351
1580 210 -1.46792262 -0.57767135
1590 210 -1.45487420 -0.56636919
1600 210 -1.44182578 -0.55506703
1610 210 -1.42814677 -0.54298876
1620 210 -1.41509836 -0.53168660
1630 210 -1.40204994 -0.52038444
1640 210 -1.38900152 -0.50908228
1650 210 -1.37532252 -0.49700400
1660 210 -1.36227410 -0.48570184
1670 210 -1.34922568 -0.47439968
1550 334 -1.58792924 0.21818505
1560 334 -1.53267963 0.11015968
1570 334 -1.47743001 0.00213431
1580 334 -1.42218040 -0.10589105
1590 334 -1.38308366 -0.18146515
1600 334 -1.38259858 -0.17928233
1610 334 -1.38211351 -0.17709951
1620 334 -1.38085233 -0.17554729
1630 334 -1.38099785 -0.17414058
1640 334 -1.38051278 -0.17195776
1650 334 -1.38002771 -0.16977494
1660 334 -1.37876652 -0.16822271
1670 334 -1.37891204 -0.16681600
1680 334 -1.37842697 -0.16463318
1690 334 -1.37794190 -0.16245036
1700 334 -1.37668071 -0.16089813
1710 334 -1.37682624 -0.15949143
1720 334 -1.37634116 -0.15730861
1730 334 -1.37507998 -0.15575638
1740 334 -1.37522550 -0.15434967
1680 211 -1.33695338 -0.46246693
1690 211 -1.32249826 -0.45101925
1700 211 -1.31022595 -0.43908650
1710 211 -1.29717754 -0.42778434
1720 211 -1.28412912 -0.41648218
1730 211 -1.27045011 -0.40440390
1740 211 -1.25740169 -0.39310174
1750 211 -1.24435328 -0.38179958
1760 211 -1.23130486 -0.37049742
1770 211 -1.22659967 -0.36787804
1780 211 -1.23086830 -0.37471754
1790 211 -1.23591304 -0.38092645
1800 211 -1.24018167 -0.38776596
1810 211 -1.24522641 -0.39397487
1820 211 -1.24949503 -0.40081437
1830 211 -1.25453977 -0.40702329
1840 211 -1.25880840 -0.41386279
1850 211 -1.26307703 -0.42070230
1860 211 -1.26812177 -0.42691121
1870 211 -1.27239040 -0.43375071
1750 335 -1.37474043 -0.15216685
1760 335 -1.37425536 -0.14998403
1770 335 -1.37299417 -0.14843180
1780 335 -1.37313969 -0.14702510
1790 335 -1.37187851 -0.14547287
1800 335 -1.37139344 -0.14329005
1810 335 -1.37090837 -0.14110723
1820 335 -1.37105389 -0.13970052
1830 335 -1.36979270 -0.13814829
1840 335 -1.36930763 -0.13596547
1850 335 -1.36945315 -0.13455876
1860 335 -1.36819197 -0.13300654
1870 335 -1.36770690 -0.13082372
1880 335 -1.36722183 -0.12864090
1890 335 -1.36736735 -0.12723419
1900 335 -1.36610616 -0.12568196
1910 335 -1.36562109 -0.12349914
1920 335 -1.36513602 -0.12131632
1930 335 -1.36450543 -0.12054021
1940 335 -1.36402036 -0.11835739
