1200 531 0.00000000 0.00000000
1210 531 -0.00000000 0.00670820
1220 531 -0.00044721 0.01475805
1230 531 -0.00044721 0.02146625
1240 531 -0.00089443 0.02951610
1250 531 -0.00089443 0.03622430
1260 531 -0.00134164 0.04427415
1270 531 -0.00134164 0.05098235
1280 531 -0.00178885 0.05903219
1290 531 -0.00178885 0.06574040
1300 531 -0.00223607 0.07379024
1310 531 -0.00268328 0.08184009
1320 531 -0.00268328 0.08854829
1330 531 -0.00313050 0.09659814
1340 531 -0.00313050 0.10330634
1350 531 -0.00357771 0.11135619
1360 531 -0.00357771 0.11806439
1370 531 -0.00402492 0.12611423
1380 531 -0.00402492 0.13282244
1390 531 -0.00447214 0.14087228
1060 533 0.41903914 -1.08270411
1070 533 0.43200833 -0.90694917
1080 533 0.44631917 -0.73074702
1090 533 0.46063000 -0.55454486
1100 533 0.46063000 -0.51429563
1110 533 0.45794672 -0.50848186
1120 533 0.45436901 -0.50222087
1130 533 0.45079130 -0.49595988
1140 533 0.44810802 -0.49014610
1150 533 0.44453031 -0.48388511
1160 533 0.44095261 -0.47762412
1170 533 0.43826932 -0.47181034
1180 533 0.43469161 -0.46554935
1190 533 0.43111391 -0.45928836
1200 533 0.42843062 -0.45347459
1210 533 0.42485292 -0.44721360
1220 533 0.42172242 -0.44005818
1230 533 0.41903914 -0.43424440
1240 533 0.41546143 -0.42798341
1250 533 0.41188372 -0.42172242
1260 534 0.40830601 -0.41546143
1270 534 0.40562273 -0.40964765
1280 534 0.40204502 -0.40338666
1290 534 0.39846731 -0.39712567
1300 534 0.39578403 -0.39131190
1310 534 0.39265354 -0.38415648
1320 534 0.38907583 -0.37789549
1330 534 0.38639255 -0.37208171
1340 534 0.38281484 -0.36582072
1350 534 0.37923713 -0.35955973
1360 534 0.37655385 -0.35374595
1370 534 0.37297614 -0.34748496
1380 534 0.37029286 -0.34167119
1390 534 0.36671515 -0.33541020
1400 534 0.36313744 -0.32914921
1410 534 0.36000694 -0.32199379
1420 534 0.35732366 -0.31618001
1430 534 0.35374595 -0.30991902
1440 534 0.35016825 -0.30365803
1450 534 0.34748496 -0.29784425
