4220 657 0.00000000 0.00000000
4230 657 -0.00000000 0.00412311
4240 657 0.00072761 0.00703353
4250 657 0.00072761 0.01115664
4260 657 0.00169775 0.01503721
4270 657 0.00145521 0.01819017
4280 657 0.00242536 0.02207074
4290 657 0.00242536 0.02619385
4300 657 0.00315296 0.02910428
4310 657 0.00315296 0.03322738
4320 657 0.00388057 0.03613781
4330 657 0.00388057 0.04026091
4340 657 0.00485071 0.04414148
4350 657 0.00460818 0.04729445
4360 657 0.00485071 0.04001838
4370 657 0.00727607 -0.07397337
4380 657 0.00873128 -0.18772257
4390 657 0.01115664 -0.30171432
4400 657 0.01261185 -0.41546353
4410 657 0.02498117 -0.54740291
4050 664 0.47100418 0.11108132
4060 664 0.47391461 0.11035371
4070 664 0.47755265 0.10841342
4080 664 0.48046307 0.10768582
4090 664 0.48337350 0.10695821
4100 664 0.48628393 0.10623060
4110 664 0.48895182 0.10453285
4120 664 0.49283239 0.10356271
4130 664 0.49574282 0.10283511
4140 664 0.49841071 0.10113736
4150 664 0.50132114 0.10040975
4160 664 0.50423156 0.09968214
4170 664 0.50786960 0.09774186
4180 664 0.51078003 0.09701425
4190 664 0.51369045 0.09628664
4200 664 0.51272031 0.09240607
4210 664 0.50689946 0.08561508
4220 664 0.50107860 0.07882408
4230 664 0.49525775 0.07203308
4240 664 0.48967943 0.06621223
4080 814 0.29759121 -0.86294175
4090 814 0.30389714 -0.86657979
4100 814 0.31044560 -0.86924768
4110 814 0.31675153 -0.87288571
4120 814 0.32427013 -0.87579614
4130 814 0.33057606 -0.87943418
4140 814 0.33712452 -0.88210207
4150 814 0.34440059 -0.88598264
4160 814 0.35094905 -0.88865053
4170 814 0.35725498 -0.89228856
4180 814 0.36380344 -0.89495646
4190 814 0.37107951 -0.89883703
4200 814 0.37762797 -0.90150492
4210 814 0.38393389 -0.90514295
4220 814 0.39145250 -0.90805338
4230 814 0.39775843 -0.91169141
4240 814 0.40430689 -0.91435931
4250 814 0.41061281 -0.91799734
4260 814 0.41813142 -0.92090777
4270 814 0.42443734 -0.92454580
4100 820 0.09531650 -0.83092705
4110 820 0.23671477 -0.94152330
4120 820 0.37811304 -1.05211954
4130 820 0.51878370 -1.16150311
4140 820 0.67376397 -1.17241721
4150 820 0.83456509 -1.13943237
4160 820 0.99536621 -1.10644752
4170 820 1.01549666 -1.10838781
4180 820 1.03562712 -1.11032809
4190 820 1.05697025 -1.11154077
4200 820 1.07710071 -1.11348105
4210 820 1.09747370 -1.11445120
4220 820 1.11760416 -1.11639148
4230 820 1.13773462 -1.11833177
4240 820 1.15810761 -1.11930191
4250 820 1.17823807 -1.12124219
4260 820 1.19958120 -1.12245487
4270 820 1.21971166 -1.12439516
4280 820 1.24008465 -1.12536530
4290 820 1.26021511 -1.12730559
