3510 475 0.00000000 0.00000000
3520 475 0.00000000 0.01216553
3530 475 0.00082199 0.02548184
3540 475 0.00082199 0.03764737
3550 475 0.00065760 0.05079929
3560 475 0.00065760 0.06296481
3570 475 0.00065760 0.07513034
3580 475 0.00049320 0.08828226
3590 475 0.00049320 0.10044778
3600 475 0.00032880 0.11359970
3610 475 0.00131519 0.12592962
3620 475 0.00016440 0.13891714
3630 475 0.00115079 0.15124707
3640 475 0.00115079 0.16341259
3650 475 0.00098639 0.17656451
3660 475 0.00098639 0.18873004
3670 475 0.00082199 0.20188196
3680 475 0.00082199 0.21404748
3690 475 -0.02909862 0.36315736
3700 475 -0.09009065 0.65003360
3400 283 0.84122962 0.95022615
3410 283 0.82824210 0.93690983
3420 283 0.70494286 0.89202891
3430 283 0.55451778 0.83958563
3440 283 0.40310632 0.78697795
3450 283 0.25268124 0.73453468
3460 283 0.10899653 0.69639411
3470 283 0.02597504 0.78697795
3480 283 -0.05704645 0.87756179
3490 283 -0.13908154 0.96831004
3500 283 -0.22210303 1.05889388
3510 283 -0.34523787 1.09210247
3520 283 -0.47823665 1.11150155
3530 283 -0.61123543 1.13090063
3540 283 -0.74423422 1.15029971
3550 283 -0.79930788 1.18268631
3560 283 -0.82084414 1.22066248
3570 283 -0.84336680 1.25847425
3580 283 -0.86473867 1.29546402
3590 283 -0.88627494 1.33344019
3490 468 -0.43171174 -0.60926265
3500 468 -0.43647931 -0.60498827
3510 468 -0.44223328 -0.60087830
3520 468 -0.44700085 -0.59660392
3530 468 -0.45160402 -0.59331595
3540 468 -0.45637159 -0.58904157
3550 468 -0.46113916 -0.58476720
3560 468 -0.46590673 -0.58049282
3570 468 -0.47166069 -0.57638285
3580 468 -0.47642827 -0.57210848
3590 468 -0.48119584 -0.56783410
3600 468 -0.48596341 -0.56355973
3610 468 -0.49073098 -0.55928535
3620 468 -0.49533415 -0.55599738
3630 468 -0.50108811 -0.55188740
3640 468 -0.50585568 -0.54761303
3650 468 -0.51062325 -0.54333865
3660 468 -0.51539083 -0.53906428
3670 468 -0.52015840 -0.53478991
3680 468 -0.52492597 -0.53051553
