3400 283 0.00000000 0.00000000
3410 283 0.00000000 0.01860108
3420 283 0.05693219 0.13682005
3430 283 0.12800335 0.27939245
3440 283 0.19966588 0.42277126
3450 283 0.27073704 0.56534366
3460 283 0.34696919 0.69297069
3470 283 0.46965027 0.68608937
3480 283 0.59233135 0.67920805
3490 283 0.71442107 0.67152032
3500 283 0.83710215 0.66463900
3510 283 0.94843980 0.72683970
3520 283 1.05719695 0.80581363
3530 283 1.16595410 0.88478756
3540 283 1.27471126 0.96376149
3550 283 1.33675068 0.97902943
3560 283 1.37868374 0.96687959
3570 283 1.42120816 0.95553616
3580 283 1.46233482 0.94397769
3590 283 1.50426788 0.93182785
3290 467 -0.30638014 2.00542170
3300 467 -0.29976762 2.00429274
3310 467 -0.29374646 2.00235737
3320 467 -0.28713394 2.00122840
3330 467 -0.28052142 2.00009943
3340 467 -0.27390890 1.99897046
3350 467 -0.26751142 1.99923927
3360 467 -0.26111394 1.99950807
3370 467 -0.25471646 1.99977687
3380 467 -0.24772761 2.00085208
3390 467 -0.24133014 2.00112088
3400 467 -0.23493266 2.00138968
3410 467 -0.22853518 2.00165848
3420 467 -0.22213770 2.00192728
3430 467 -0.21654662 2.00278745
3440 467 -0.21014914 2.00305625
3450 467 -0.20316030 2.00413146
3460 467 -0.19676282 2.00440026
3470 467 -0.19036534 2.00466906
3480 467 -0.18396786 2.00493786
3310 474 -0.21842823 1.41513325
3320 474 -0.21482629 1.41497197
3330 474 -0.21122435 1.41481069
3340 474 -0.20703104 1.41545581
3350 474 -0.20219261 1.41190763
3360 474 -0.19289208 1.40260709
3370 474 -0.18439794 1.39389792
3380 474 -0.17509740 1.38459738
3390 474 -0.16660327 1.37588820
3400 474 -0.15810914 1.36717903
3410 474 -0.14880860 1.35787849
3420 474 -0.14031447 1.34916932
3430 474 -0.13101393 1.33986878
3440 474 -0.12311116 1.33035320
3450 474 -0.11461703 1.32164403
3460 474 -0.10531649 1.31234349
3470 474 -0.09682236 1.30363432
3480 474 -0.08752182 1.29433378
3490 474 -0.07902769 1.28562460
3500 474 -0.06972715 1.27632407
3490 468 -0.17757038 2.00520666
3500 468 -0.17117290 2.00547546
3510 468 -0.16418406 2.00655067
3520 468 -0.15778658 2.00681947
3530 468 -0.15219550 2.00767964
3540 468 -0.14579802 2.00794844
3550 468 -0.13940054 2.00821724
3560 468 -0.13300306 2.00848604
3570 468 -0.12601422 2.00956125
3580 468 -0.11961674 2.00983005
3590 468 -0.11321926 2.01009885
3600 468 -0.10682178 2.01036765
3610 468 -0.10042430 2.01063646
3620 468 -0.09483323 2.01149662
3630 468 -0.08784438 2.01257183
3640 468 -0.08144690 2.01284063
3650 468 -0.07504942 2.01310943
3660 468 -0.06865195 2.01337823
3670 468 -0.06225447 2.01364703
3680 468 -0.05585699 2.01391584
3510 475 -0.06123302 1.26761489
3520 475 -0.05273889 1.25890572
3530 475 -0.04402971 1.24879878
3540 475 -0.03553558 1.24008960
3550 475 -0.02623504 1.23078907
3560 475 -0.01774091 1.22207989
3570 475 -0.00924678 1.21337072
3580 475 0.00005376 1.20407018
3590 475 0.00854789 1.19536101
3600 475 0.01784843 1.18606047
3610 475 0.02575120 1.17654489
3620 475 0.03564310 1.16805076
3630 475 0.04354587 1.15853518
3640 475 0.05204000 1.14982600
3650 475 0.06134054 1.14052547
3660 475 0.06983467 1.13181629
3670 475 0.07913521 1.12251575
3680 475 0.08762934 1.11380658
3690 475 0.21315972 1.02795133
3700 475 0.45712411 0.86516504
