3200 282 0.00000000 0.00000000
3210 282 0.00000000 0.34843220
3220 282 0.00000000 0.69686441
3230 282 0.00000000 1.04529661
3240 282 -0.06861019 1.26570678
3250 282 -0.18362539 1.39995097
3260 282 -0.29864059 1.53419516
3270 282 -0.41330279 1.66937498
3280 282 -0.37492516 1.66344556
3290 282 -0.31878799 1.64226497
3300 282 -0.26697590 1.62378504
3310 282 -0.24905849 1.62878171
3320 282 -0.23078808 1.63471400
3330 282 -0.21287068 1.63971067
3340 282 -0.19588890 1.64506035
3350 282 -0.17797149 1.65005701
3360 282 -0.16005409 1.65505368
3370 282 -0.14178368 1.66098597
3380 282 -0.12386628 1.66598264
3390 282 -0.10688449 1.67133231
3110 473 1.19150296 2.33362758
3120 473 1.19231517 2.33011471
3130 473 1.19348039 2.32753745
3140 473 1.19522822 2.32367156
3150 473 1.19604042 2.32015868
3160 473 1.19685263 2.31664580
3170 473 1.19801785 2.31406854
3180 473 1.19976568 2.31020265
3190 473 1.20057789 2.30668978
3200 473 1.20174311 2.30411252
3210 473 1.20349094 2.30024663
3220 473 1.20430315 2.29673375
3230 473 1.20511536 2.29322087
3240 473 1.20721620 2.29029060
3250 473 1.20802841 2.28677772
3260 473 1.20884062 2.28326485
3270 473 1.21058845 2.27939896
3280 473 1.21175367 2.27682170
3290 473 1.21256588 2.27330882
3300 473 1.21431371 2.26944293
3310 474 1.21547893 2.26686567
3320 474 1.21629114 2.26335279
3330 474 1.21710335 2.25983992
3340 474 1.21885118 2.25597403
3350 474 1.21673312 2.25036031
3360 474 1.21027275 2.23890327
3370 474 1.20416539 2.22838186
3380 474 1.19770502 2.21692482
3390 474 1.19159767 2.20640341
3400 474 1.18549031 2.19588199
3410 474 1.17902994 2.18442496
3420 474 1.17292258 2.17390354
3430 474 1.16646222 2.16244651
3440 474 1.15941924 2.15227810
3450 474 1.15331188 2.14175669
3460 474 1.14685152 2.13029965
3470 474 1.14074416 2.11977823
3480 474 1.13428379 2.10832120
3490 474 1.12817643 2.09779978
3500 474 1.12171607 2.08634275
