3110 473 0.00000000 0.00000000
3120 473 0.00000000 0.00360555
3130 473 -0.00055470 0.00637905
3140 473 -0.00138675 0.01053930
3150 473 -0.00138675 0.01414486
3160 473 -0.00138675 0.01775041
3170 473 -0.00194145 0.02052391
3180 473 -0.00277350 0.02468416
3190 473 -0.00277350 0.02828971
3200 473 -0.00332820 0.03106321
3210 473 -0.00416025 0.03522346
3220 473 -0.00416025 0.03882901
3230 473 -0.00416025 0.04243457
3240 473 -0.00554700 0.04576277
3250 473 -0.00554700 0.04936832
3260 473 -0.00554700 0.05297387
3270 473 -0.00637905 0.05713412
3280 473 -0.00693375 0.05990762
3290 473 -0.00693375 0.06351317
3300 473 -0.00776580 0.06767342
3090 466 -0.61460782 -0.17556261
3100 466 -0.61377577 -0.16890621
3110 466 -0.61211167 -0.16280451
3120 466 -0.61127962 -0.15614811
3130 466 -0.61044757 -0.14949170
3140 466 -0.60906082 -0.14200325
3150 466 -0.60878347 -0.13617890
3160 466 -0.60656466 -0.12924515
3170 466 -0.60573261 -0.12258874
3180 466 -0.60490056 -0.11593234
3190 466 -0.60406851 -0.10927594
3200 466 -0.60323646 -0.10261954
3210 466 -0.60157236 -0.09651783
3220 466 -0.60074031 -0.08986143
3230 466 -0.59990826 -0.08320503
3240 466 -0.59907621 -0.07654863
3250 466 -0.59824416 -0.06989222
3260 466 -0.59658006 -0.06379052
3270 466 -0.59574801 -0.05713412
3280 466 -0.59491596 -0.05047772
3200 282 1.68656595 2.00524121
3210 282 1.60807587 1.66576469
3220 282 1.52958579 1.32628817
3230 282 1.45109571 0.98681165
3240 282 1.46829142 0.75661107
3250 282 1.55010970 0.59990826
3260 282 1.63192798 0.44320546
3270 282 1.71319156 0.28567060
3280 282 1.67713604 0.30009281
3290 282 1.62721303 0.33337482
3300 282 1.58089556 0.36305128
3310 282 1.56231310 0.36221923
3320 282 1.54317595 0.36055513
3330 282 1.52459349 0.35972308
3340 282 1.50684308 0.35833633
3350 282 1.48826063 0.35750428
3360 282 1.46967817 0.35667223
3370 282 1.45054101 0.35500813
3380 282 1.43195856 0.35417608
3390 282 1.41420815 0.35278932
3290 467 -0.59408391 -0.04382132
3300 467 -0.59325186 -0.03716491
3310 467 -0.59158776 -0.03106321
3320 467 -0.59075571 -0.02440681
3330 467 -0.58992366 -0.01775041
3340 467 -0.58909161 -0.01109400
3350 467 -0.58964631 -0.00471495
3360 467 -0.59020101 0.00166410
3370 467 -0.59075571 0.00804315
3380 467 -0.59214246 0.01497691
3390 467 -0.59269716 0.02135596
3400 467 -0.59325186 0.02773501
3410 467 -0.59380656 0.03411406
3420 467 -0.59436126 0.04049311
3430 467 -0.59547066 0.04604012
3440 467 -0.59602536 0.05241917
3450 467 -0.59741211 0.05935292
3460 467 -0.59796681 0.06573197
3470 467 -0.59852151 0.07211103
3480 467 -0.59907621 0.07849008
