2710 471 0.00000000 0.00000000
2720 471 -0.00000000 0.02707397
2730 471 0.00036936 0.04916161
2740 471 0.00221615 0.05130389
2750 471 0.00506021 0.05352004
2760 471 0.00790427 0.05573619
2770 471 0.00967719 0.05887573
2780 471 0.01252125 0.06109188
2790 471 0.01536531 0.06330803
2800 471 0.01713823 0.06644758
2810 471 0.01998229 0.06866373
2820 471 0.02282635 0.07087988
2830 471 0.02559654 0.07409330
2840 471 0.02744333 0.07623558
2850 471 0.03028739 0.07845173
2860 471 0.03305758 0.08166515
2870 471 0.03590164 0.08388130
2880 471 0.03774843 0.08602358
2890 471 0.04051862 0.08923700
2900 471 0.04336268 0.09145315
2690 464 -0.65273021 0.39185236
2700 464 -0.64589708 0.39436399
2710 464 -0.64013509 0.39779903
2720 464 -0.63437310 0.40123406
2730 464 -0.62861111 0.40466909
2740 464 -0.62284912 0.40810413
2750 464 -0.61701325 0.41054189
2760 464 -0.61125126 0.41397693
2770 464 -0.60548927 0.41741196
2780 464 -0.59972728 0.42084699
2790 464 -0.59396529 0.42428203
2800 464 -0.58820330 0.42771706
2810 464 -0.58236743 0.43015482
2820 464 -0.57660544 0.43358986
2830 464 -0.57084345 0.43702489
2840 464 -0.56508146 0.44045992
2850 464 -0.55924560 0.44289769
2860 464 -0.55348360 0.44633272
2870 464 -0.54772161 0.44976776
2880 464 -0.54195962 0.45320279
2890 465 -0.53619763 0.45663782
2900 465 -0.53036177 0.45907559
2910 465 -0.52459977 0.46251062
2920 465 -0.51784052 0.46601953
2930 465 -0.51307579 0.46938069
2940 465 -0.50631653 0.47288959
2950 465 -0.50055454 0.47632463
2960 465 -0.49471868 0.47876239
2970 465 -0.48895669 0.48219743
2980 465 -0.48319469 0.48563246
2990 465 -0.47743270 0.48906749
3000 465 -0.47167071 0.49250253
3010 465 -0.46583485 0.49494029
3020 465 -0.46007286 0.49837533
3030 465 -0.45431087 0.50181036
3040 465 -0.44854887 0.50524539
3050 465 -0.44271301 0.50768316
3060 465 -0.43695102 0.51111819
3070 465 -0.43118903 0.51455323
3080 465 -0.42542704 0.51798826
