4490 630 0.00000000 0.00000000
4500 630 -0.00000000 0.13483694
4510 630 -0.01984619 0.17328338
4520 630 -0.03980363 0.21073602
4530 630 -0.05964983 0.24918246
4540 630 -0.08048981 0.28774014
4550 630 -0.10044725 0.32519279
4560 630 -0.11852835 0.36142915
4570 630 -0.12315616 0.37402214
4580 630 -0.12679018 0.38650388
4590 630 -0.13141799 0.39909687
4600 630 -0.13505201 0.41157861
4610 630 -0.13956858 0.42516539
4620 630 -0.14320260 0.43764714
4630 630 -0.14783041 0.45024012
4640 630 -0.15146443 0.46272187
4650 630 -0.15609224 0.47531486
4660 630 -0.16072005 0.48790784
4670 630 -0.16424283 0.50138338
4680 630 -0.16887064 0.51397637
4460 323 0.21960599 1.29661799
4470 323 0.31600391 1.28582718
4480 323 0.41240183 1.27503636
4490 323 0.50979354 1.26413431
4500 323 0.60619146 1.25334350
4510 323 0.61746433 1.26415656
4520 323 0.62984224 1.27585217
4530 323 0.64111512 1.28666523
4540 323 0.65349303 1.29836083
4550 323 0.66575970 1.30906265
4560 323 0.67714382 1.32086950
4570 323 0.68941049 1.33157132
4580 323 0.70167716 1.34227313
4590 323 0.71306128 1.35407999
4600 323 0.72532795 1.36478180
4610 323 0.73671207 1.37658866
4620 323 0.74897874 1.38729047
4630 323 0.76135665 1.39898608
4640 323 0.73251441 1.50988299
4650 323 0.66366829 1.72185754
4500 635 -0.51887859 0.04802097
4510 635 -0.49908431 0.08102379
4520 635 -0.48373985 0.07427490
4530 635 -0.46927793 0.06863105
4540 635 -0.45393347 0.06188215
4550 635 -0.43958281 0.05524451
4560 635 -0.42423835 0.04849561
4570 635 -0.40988768 0.04185797
4580 635 -0.39454322 0.03510907
4590 635 -0.37919876 0.02836018
4600 635 -0.36484809 0.02172253
4610 635 -0.34950363 0.01497364
4620 635 -0.33504172 0.00932979
4630 635 -0.31969726 0.00258090
4640 635 -0.30534659 -0.00405675
4650 635 -0.29000213 -0.01080564
4660 635 -0.27565147 -0.01744329
4670 635 -0.26030701 -0.02419218
4680 635 -0.24595634 -0.03082983
4690 635 -0.23061188 -0.03757872
