2910 472 0.00000000 0.00000000
2920 472 0.00000000 0.00282843
2930 472 0.00000000 0.00707107
2940 472 0.00070711 0.01060660
2950 472 -0.00000000 0.01414214
2960 472 0.00070711 0.01767767
2970 472 0.00141421 0.02121320
2980 472 0.00070711 0.02474874
2990 472 0.00141421 0.02828427
3000 472 0.00212132 0.03181981
3010 472 0.00282843 0.03535534
3020 472 0.00212132 0.03889087
3030 472 0.00282843 0.04242641
3040 472 0.00353553 0.04596194
3050 472 0.00353553 0.05020458
3060 472 0.00353553 0.05303301
3070 472 0.00424264 0.05656854
3080 472 0.00424264 0.06081118
3090 472 0.00494975 0.06434672
3100 472 0.00494975 0.06717514
2890 465 -0.67811540 -0.10535891
2900 465 -0.67528698 -0.09970206
2910 465 -0.67316566 -0.09333810
2920 465 -0.67033723 -0.08626703
2930 465 -0.66892302 -0.08061017
2940 465 -0.66609459 -0.07353911
2950 465 -0.66397327 -0.06717514
2960 465 -0.66114484 -0.06151829
2970 465 -0.65902352 -0.05515433
2980 465 -0.65690220 -0.04879037
2990 465 -0.65478088 -0.04242641
3000 465 -0.65265956 -0.03606245
3010 465 -0.64983113 -0.03040559
3020 465 -0.64770981 -0.02404163
3030 465 -0.64558849 -0.01767767
3040 465 -0.64346717 -0.01131371
3050 465 -0.64063874 -0.00565685
3060 465 -0.63851742 0.00070711
3070 465 -0.63639610 0.00707107
3080 465 -0.63427478 0.01343503
3090 466 -0.63215346 0.01979899
3100 466 -0.63003214 0.02616295
3110 466 -0.62720371 0.03181981
3120 466 -0.62508239 0.03818377
3130 466 -0.62296107 0.04454773
3140 466 -0.62013265 0.05161880
3150 466 -0.61871843 0.05727565
3160 466 -0.61518290 0.06363961
3170 466 -0.61306158 0.07000357
3180 466 -0.61094026 0.07636753
3190 466 -0.60881894 0.08273149
3200 466 -0.60669762 0.08909545
3210 466 -0.60386919 0.09475231
3220 466 -0.60174787 0.10111627
3230 466 -0.59962655 0.10748023
3240 466 -0.59750523 0.11384419
3250 466 -0.59538391 0.12020815
3260 466 -0.59255548 0.12586501
3270 466 -0.59043416 0.13222897
3280 466 -0.58831284 0.13859293
