40 50 0.00000000 0.00000000
42 50 -0.00000000 0.08246211
44 50 0.02182821 0.08731283
46 50 0.04365641 0.09216354
48 50 0.04365641 0.09216354
50 50 0.06548462 0.09701425
52 50 0.06548462 0.09701425
54 50 0.06548462 0.09701425
56 50 0.08731283 0.10186496
58 50 0.08731283 0.10186496
60 50 0.06548462 0.17947636
62 50 0.06548462 0.17947636
64 50 0.08731283 0.18432708
66 50 0.08731283 0.18432708
68 50 0.08731283 0.18432708
70 50 0.08731283 0.18432708
72 50 0.10914103 0.18917779
74 50 0.10914103 0.18917779
76 50 0.08731283 0.18432708
78 50 0.08731283 0.18432708
40 94 -0.54813051 0.56995872
42 94 -0.59178693 0.56025729
44 94 -0.61361513 0.55540658
46 94 -0.61361513 0.55540658
48 94 -0.63544334 0.55055587
50 94 -0.63544334 0.55055587
52 94 -0.63544334 0.55055587
54 94 -0.65727154 0.54570516
56 94 -0.65727154 0.54570516
58 94 -0.67909975 0.54085444
60 94 -0.67909975 0.54085444
62 94 -0.70092796 0.61846584
64 94 -0.70092796 0.53600373
66 94 -0.70092796 0.53600373
68 94 -0.72275616 0.53115302
70 94 -0.74458437 0.60876442
72 94 -0.74458437 0.60876442
74 94 -0.74458437 0.52630231
76 94 -0.76641258 0.60391371
78 94 -0.76641258 0.60391371
