182 77 0.00000000 0.00000000
184 77 0.00000000 0.06708204
186 77 0.00000000 0.06708204
188 77 0.00447214 0.09838699
190 77 0.00447214 0.09838699
192 77 0.00447214 0.09838699
194 77 0.00447214 0.03130495
196 77 0.16546903 -0.02683282
198 77 0.16099689 -0.05813777
200 77 0.31752165 -0.14758049
202 77 0.31752165 -0.16994117
204 77 0.47851855 -0.22807893
206 77 0.47404641 -0.25938389
208 77 0.46510214 -0.32199379
210 77 0.62609903 -0.38013156
212 77 0.78262379 -0.46957428
214 77 0.93467641 -0.54560059
216 77 1.08225690 -0.63057117
218 77 1.23878166 -0.72001389
220 77 1.54288690 -0.82734515
176 69 0.42485292 -0.89442719
178 69 0.42932505 -0.86312224
180 69 0.25938389 -0.84523370
182 69 0.09838699 -0.78709593
184 69 -0.06260990 -0.72895816
186 69 -0.05813777 -0.69765321
188 69 -0.05813777 -0.67529253
190 69 -0.22360680 -0.64845971
192 69 -0.22360680 -0.64845971
194 69 -0.05813777 -0.67529253
196 69 -0.05813777 -0.67529253
198 69 -0.05813777 -0.67529253
200 69 -0.05813777 -0.69765321
202 69 -0.05813777 -0.76473525
204 69 0.09838699 -0.85417797
206 69 0.26385602 -0.90337146
208 69 0.41143651 -0.98834205
210 69 0.56796127 -1.10014544
212 69 0.72895816 -1.18064389
214 69 0.72001389 -1.24325380
