40 94 0.00000000 0.00000000
42 94 -0.00000000 0.04472136
44 94 0.00000000 0.06708204
46 94 0.00000000 0.06708204
48 94 0.00000000 0.08944272
50 94 0.00000000 0.08944272
52 94 0.00000000 0.08944272
54 94 0.00000000 0.11180340
56 94 0.00000000 0.11180340
58 94 0.00000000 0.13416408
60 94 0.00000000 0.13416408
62 94 0.08049845 0.13863621
64 94 0.00000000 0.15652476
66 94 0.00000000 0.15652476
68 94 0.00000000 0.17888544
70 94 0.08049845 0.18335757
72 94 0.08049845 0.18335757
74 94 0.00000000 0.20124612
76 94 0.08049845 0.20571825
78 94 0.08049845 0.20571825
40 50 -0.67529253 -0.41143651
42 50 -0.59479408 -0.42932505
44 50 -0.59479408 -0.45168573
46 50 -0.59479408 -0.47404641
48 50 -0.59479408 -0.47404641
50 50 -0.59479408 -0.49640709
52 50 -0.59479408 -0.49640709
54 50 -0.59479408 -0.49640709
56 50 -0.59479408 -0.51876777
58 50 -0.59479408 -0.51876777
60 50 -0.51429563 -0.51429563
62 50 -0.51429563 -0.51429563
64 50 -0.51429563 -0.53665631
66 50 -0.51429563 -0.53665631
68 50 -0.51429563 -0.53665631
70 50 -0.51429563 -0.53665631
72 50 -0.51429563 -0.55901699
74 50 -0.51429563 -0.55901699
76 50 -0.51429563 -0.53665631
78 50 -0.51429563 -0.53665631
