11770 277 0.00000000 0.00000000
11780 277 -0.00000000 0.56222771
11790 277 -0.02988113 1.12178747
11800 277 -0.06972264 1.68045790
11810 277 -0.05620498 2.20373342
11820 277 -0.06616536 2.76507182
11830 277 -0.21734966 3.33388049
11840 277 -0.30521441 3.86818357
11850 277 -0.36497667 4.42507537
11860 277 -0.50442195 4.97485261
11870 277 -0.64457869 5.64504369
11880 277 -0.54782074 6.13559226
11890 277 -0.64013209 6.71969723
11900 277 -0.65453906 7.33083751
11910 277 -0.61647619 7.91654325
11920 277 -0.68442019 8.45262498
11930 277 -0.62092279 9.09080056
11940 277 -0.65418334 9.80065529
11950 277 -0.74560537 10.37479988
11960 277 -0.86690853 10.94627652
