11150 264 0.00000000 0.00000000
11160 264 -0.00000000 0.55009090
11170 264 0.14034044 1.11763346
11180 264 0.11125434 1.71826147
11190 264 0.23177987 2.29616595
11200 264 0.29249711 2.88515952
11210 264 0.27340936 3.48560573
11220 264 0.38466370 4.10368540
11230 264 0.30613122 4.73521738
11240 264 0.31740209 5.35511493
11250 264 0.35884978 5.98446546
11260 264 0.29067923 6.63581235
11270 264 0.41265907 7.29370362
11280 264 0.38484549 7.96432006
11290 264 0.37775575 8.67456631
11300 264 0.49046439 9.37263275
11310 264 0.41302265 10.06415482
11320 264 0.51464221 10.70241297
11330 264 0.46628657 11.34339794
11340 264 0.41847629 12.01437795
