4570 112 0.00000000 0.00000000
4580 112 -0.00000000 0.61000000
4590 112 -0.16721311 1.18934426
4600 112 -0.30672131 1.78393443
4610 112 -0.44000000 2.40000000
4620 112 -0.64836066 2.98196721
4630 112 -0.72704918 3.57754098
4640 112 -1.00967213 4.17639344
4650 112 -1.19573770 4.80311475
4660 112 -1.48016393 5.41180328
4670 112 -1.74852459 6.04377049
4680 112 -1.85147541 6.71622951
4690 112 -2.06262295 7.36885246
4700 112 -2.00098361 8.03081967
4710 112 -2.07442623 8.70868852
4720 112 -1.99852459 9.40377049
4730 112 -2.00491803 10.10409836
4740 112 -2.04704918 10.77754098
4750 112 -1.94426230 11.43688525
4760 112 -2.04540984 12.09950820
