17620 412 0.00000000 0.00000000
17630 412 -0.00000000 0.57489129
17640 412 0.01043676 1.19326907
17650 412 -0.05705426 1.79355647
17660 412 -0.09079977 2.38114582
17670 412 -0.10732464 2.98299873
17680 412 -0.22578182 3.58172062
17690 412 -0.31501608 4.18722639
17700 412 -0.40946872 4.77098893
17710 412 -0.54288524 5.34570628
17720 412 -0.59541691 5.96999822
17730 412 -0.65386275 6.53132173
17740 412 -0.73109474 7.12934783
17750 412 -0.80989224 7.77834009
17760 412 -0.98383817 8.39497841
17770 412 -1.06193989 9.08519585
17780 412 -1.14143318 9.69296293
17790 412 -1.30702971 10.22941217
17800 412 -1.38652300 10.83717924
17810 412 -1.41957272 11.46599378
