16590 392 0.00000000 0.00000000
16600 392 0.00000000 0.39395431
16610 392 0.21728408 0.73511062
16620 392 0.36450927 1.04174517
16630 392 0.38887758 1.39203959
16640 392 0.51071912 1.66618306
16650 392 0.68332797 1.90682010
16660 392 0.78486259 2.13527299
16670 392 0.77064774 2.44799960
16680 392 0.86405959 2.75666484
16690 392 1.05291397 3.03385434
16700 392 1.19201640 3.32221265
16710 392 1.28136686 3.81871693
16720 392 1.50981975 4.01264804
16730 392 1.60018556 4.28983755
16740 392 1.65806029 4.59241070
16750 392 1.76365629 4.83000171
16760 392 1.86620625 4.93762840
16770 392 1.87432902 4.95590463
16780 392 1.87432902 4.95590463
