0 6 0.00000000 0.00000000
10 6 -0.00000000 0.13152946
20 6 -0.00152057 0.25317521
30 6 -0.00304114 0.37482096
40 6 -0.01444543 0.49798728
50 6 -0.01444543 0.62951674
60 6 -0.37938267 0.62495503
70 6 -0.75268306 0.63179760
80 6 -1.11609973 0.63711960
90 6 -1.48940012 0.64396218
100 6 -1.83989193 0.66753104
110 6 -2.18050002 0.68957933
120 6 -2.53099183 0.71314819
130 6 -2.88148364 0.73671706
140 6 -3.22209173 0.75876535
150 6 -3.63112556 0.73063477
160 6 -4.02875510 0.71086734
170 6 -4.43778892 0.68273676
180 6 -4.83693903 0.65308561
190 6 -5.24445228 0.63483874
