200 50 0.00000000 0.00000000
210 50 0.00000000 0.57070132
220 50 0.00192745 1.15121513
230 50 0.00192745 1.72191646
240 50 0.00385491 2.30243027
250 50 -0.04205352 2.53565209
260 50 -0.12598534 2.41965446
270 50 -0.20991716 2.30365683
280 50 -0.29384898 2.18765920
290 50 -0.37778080 2.07166157
300 50 -0.46171261 1.95566394
310 50 -0.55545692 1.84159377
320 50 -0.64131619 1.71578365
330 50 -0.78219549 1.62116323
340 50 -1.00157469 1.54196243
350 50 -1.23076638 1.46468909
360 50 -1.43665341 1.45417571
370 50 -1.59785857 1.56736977
380 50 -1.76694877 1.69230377
390 50 -1.93796642 1.80742528
