230 53 0.00000000 0.00000000
240 53 0.00000000 0.29068884
250 53 -0.00653620 0.57380944
260 53 -0.00344010 0.82218499
270 53 -0.00722422 0.97079751
280 53 -0.00344010 1.11287383
290 53 0.14826851 1.07434466
300 53 0.53218418 0.76920738
310 53 0.90853162 0.47060631
320 53 1.29244729 0.16546903
330 53 1.67636296 -0.13966825
340 53 2.10912812 -0.43414120
350 53 2.72421882 -0.70109331
360 53 3.34584572 -0.96047720
370 53 3.82264421 -1.08156888
380 53 4.06276351 -0.97182954
390 53 4.30288281 -0.86209021
400 53 4.55985862 -0.88582693
410 53 4.83953912 -1.21986108
420 53 5.13332406 -1.55286321
