6020 258 0.00000000 0.00000000
6030 258 0.00000000 0.62727984
6040 258 0.00000000 1.25455968
6050 258 0.06201060 1.95117700
6060 258 0.12498728 2.64753606
6070 258 0.33093364 3.29014877
6080 258 0.57159178 3.91934163
6090 258 0.81334991 4.55652136
6100 258 1.05167416 5.26604201
6110 258 1.28265241 5.97131575
6120 258 1.43121768 6.63547865
6130 258 1.58074903 7.29938330
6140 258 1.71443099 7.95820887
6150 258 1.83445398 8.61240493
6160 258 1.95421870 9.26563491
6170 258 2.21934439 9.87793579
6180 258 2.52021489 10.48068113
6190 258 2.82082714 11.08246039
6200 258 3.12582976 11.59611630
6210 258 3.43094717 12.08696900
