600 11 0.00000000 0.00000000
610 11 0.00000000 0.29908193
620 11 0.05700110 0.56678115
630 11 0.11374475 0.83544667
640 11 0.17463108 1.19732075
650 11 0.23525995 1.56016113
660 11 0.22884031 1.96102119
670 11 0.20528823 2.37180495
680 11 0.14785581 2.79322460
690 11 0.05583420 3.22405638
700 11 -0.03644486 3.65585445
710 11 -0.10424568 4.08899998
720 11 -0.11587460 4.52883264
730 11 -0.12821236 4.96744155
740 11 -0.14055012 5.40605047
750 11 -0.08029907 5.80915072
760 11 -0.01979056 6.21128468
770 11 0.03949419 6.61412747
780 11 0.21034036 6.98667088
790 11 0.39336044 7.35624854
