2290 74 0.00000000 0.00000000
2300 74 -0.00000000 0.38606347
2310 74 0.00099984 0.77210880
2320 74 -0.00992583 1.16237106
2330 74 -0.02677798 1.55674145
2340 74 -0.04462997 1.95112997
2350 74 -0.06148212 2.34550036
2360 74 -0.07967861 2.72089201
2370 74 -0.09900186 3.08930294
2380 74 -0.11734340 3.45669590
2390 74 -0.13568494 3.82408886
2400 74 -0.15502632 4.19149995
2410 74 -0.17662381 4.59995870
2420 74 -0.19822129 5.00841745
2430 74 -0.21981878 5.41687619
2440 74 -0.24241610 5.82535307
2450 74 -0.26308628 6.22979435
2460 74 -0.27353793 6.59104324
2470 74 -0.28400771 6.95129230
2480 74 -0.29445936 7.31254119
