2000 48 0.00000000 0.00000000
2010 48 0.00000000 0.03190611
2020 48 -0.00053281 0.06465846
2030 48 -0.00053281 0.09656457
2040 48 -0.00021939 0.12984973
2050 48 -0.00021939 0.16175584
2060 48 -0.00075221 0.19450819
2070 48 -0.00075221 0.22641430
2080 48 -0.00128502 0.25916664
2090 48 -0.15009663 0.57434136
2100 48 -0.31639706 0.92104609
2110 48 -0.49445071 1.26389576
2120 48 -0.71707264 1.58931930
2130 48 -0.93938114 1.91612189
2140 48 -1.16253587 2.24239166
2150 48 -1.39424696 2.62354120
2160 48 -1.62595805 3.00469074
2170 48 -1.85820195 3.38668651
2180 48 -2.15595054 3.67189832
2190 48 -2.48334862 3.91598948
