7030 285 0.00000000 0.00000000
7040 285 -0.00000000 0.41385988
7050 285 -0.00093752 0.82806770
7060 285 -0.00093752 1.24192758
7070 285 0.02147587 1.67306867
7080 285 0.09969558 2.14536379
7090 285 0.17826323 2.61859642
7100 285 0.25648294 3.09089154
7110 285 0.42162096 3.54159481
7120 285 0.59741959 3.98940821
7130 285 0.78846009 4.42943153
7140 285 1.12066915 4.79572942
7150 285 1.45416367 5.16261688
7160 285 1.75825693 5.50201677
7170 285 2.05943132 5.83930001
7180 285 2.31776997 6.21061409
7190 285 2.47648069 6.65836950
7200 285 2.63425389 7.10647285
7210 285 2.77646628 7.55288481
7220 285 2.85386446 7.99135206
