7690 300 0.00000000 0.00000000
7700 300 -0.00000000 0.35267691
7710 300 -0.00937402 0.71735913
7720 300 -0.03428634 1.10172794
7730 300 -0.05797658 1.48538504
7740 300 -0.10671240 1.87380854
7750 300 -0.17759314 2.26776403
7760 300 -0.24944077 2.66146432
7770 300 -0.32032151 3.05541980
7780 300 -0.41522707 3.45027412
7790 300 -0.51960023 3.84573239
7800 300 -0.62397338 4.24119066
7810 300 -0.73099201 4.63491647
7820 300 -0.85713296 5.00704744
7830 300 -0.98327391 5.37917841
7840 300 -1.10941486 5.75130939
7850 300 -1.23581100 6.12440725
7860 300 -1.36415510 6.51664161
7870 300 -1.49189525 6.91834356
7880 300 -1.62060229 7.31979031
