2920 83 0.00000000 0.00000000
2930 83 0.00000000 0.74072667
2940 83 -0.00073711 1.48266026
2950 83 -0.01131591 2.27326768
2960 83 -0.02340134 3.07041192
2970 83 0.01608691 3.81702741
2980 83 0.10617682 4.51334903
2990 83 0.20123212 5.22596007
3000 83 0.30839716 5.97165213
3010 83 0.41482508 6.71855112
3020 83 0.53371914 7.45317837
3030 83 0.68240556 8.16208764
3040 83 0.82988506 8.87025979
3050 83 0.99050301 9.57319924
3060 83 1.26312989 10.22026384
3070 83 1.53478475 10.86756333
3080 83 1.80667452 11.51583485
3090 83 1.99876157 12.07228302
3100 83 2.15671457 12.58965604
3110 83 2.31466757 13.10702907
