8300 322 0.00000000 0.00000000
8310 322 0.00000000 0.38694832
8320 322 0.00117070 0.77469002
8330 322 0.00215274 1.16144968
8340 322 0.04317114 1.54459129
8350 322 0.08400088 1.92675085
8360 322 0.12483062 2.30891042
8370 322 0.19591505 2.68423961
8380 322 0.27976604 3.05711628
8390 322 0.36361704 3.42999295
8400 322 0.46695900 3.79301559
8410 322 0.65083369 4.11409206
8420 322 0.83372633 4.43535719
8430 322 1.03421822 4.76342426
8440 322 1.30314302 5.11907641
8450 322 1.57206783 5.47472855
8460 322 1.84688489 5.82924877
8470 322 2.18364821 6.16168593
8480 322 2.52060019 6.49510513
8490 322 2.83166498 6.90579564
