8150 317 0.00000000 0.00000000
8160 317 -0.00000000 0.44916033
8170 317 -0.00099964 0.89834737
8180 317 -0.00099964 1.34750770
8190 317 -0.00197257 1.79769439
8200 317 0.00634517 2.25863670
8210 317 0.04896025 2.76767988
8220 317 0.09157532 3.27672305
8230 317 0.50619787 3.66878573
8240 317 0.97348758 3.93539654
8250 317 1.46232639 4.14741215
8260 317 2.07147636 4.25717696
8270 317 2.69290034 4.33960410
8280 317 3.33957811 4.35633309
8290 317 3.98725553 4.37303537
8300 317 4.63036219 4.40586552
8310 317 5.27089739 4.45477010
8320 317 5.91040623 4.50270176
8330 317 6.52242377 4.42032138
8340 317 7.11609597 4.25039987
