3320 94 0.00000000 0.00000000
3330 94 -0.00000000 0.55846396
3340 94 -0.00098663 1.11676498
3350 94 0.01708078 1.66402321
3360 94 0.03728441 2.21062070
3370 94 0.07553755 2.73384694
3380 94 0.12150292 3.24719788
3390 94 0.16845492 3.76071176
3400 94 0.21344260 4.27998251
3410 94 0.25303513 4.81964669
3420 94 0.29262765 5.35931088
3430 94 0.33123355 5.89881211
3440 94 0.28908938 6.41788231
3450 94 0.24694521 6.93695251
3460 94 0.20167819 7.45652050
3470 94 0.14655377 7.98054177
3480 94 0.09241599 8.50472600
3490 94 0.03729157 9.02874727
3500 94 -0.01800474 9.54767243
3510 94 -0.07413370 10.05936525
