6210 260 0.00000000 0.00000000
6220 260 0.00000000 0.39901128
6230 260 0.03396896 0.82429249
6240 260 0.08231346 1.26022002
6250 260 0.13065796 1.69614755
6260 260 0.17494242 2.12628576
6270 260 0.21568563 2.54767987
6280 260 0.25527098 2.96988598
6290 260 0.29502925 3.39110716
6300 260 0.32538930 3.79646412
6310 260 0.35673428 4.20199401
6320 260 0.38709432 4.60735097
6330 260 0.43037129 5.07792414
6340 260 0.47539258 5.55591063
6350 260 0.52139880 6.03407004
6360 260 0.61941858 6.50511688
6370 260 0.72369383 6.97523141
6380 260 0.82796908 7.44534594
6390 260 0.93091354 7.91725742
6400 260 1.03136934 8.39177784
