6930 281 0.00000000 0.00000000
6940 281 -0.00000000 0.60211959
6950 281 -0.00145818 1.22721468
6960 281 -0.00307248 1.91031818
6970 281 -0.00568658 2.59340175
6980 281 -0.00728095 3.27550546
6990 281 0.00132200 3.94781044
7000 281 0.05283336 4.57496160
7010 281 0.10434472 5.20211276
7020 281 0.15583615 5.83026372
7030 281 0.19237042 6.45611614
7040 281 0.08617225 7.06712101
7050 281 -0.01902612 7.67814581
7060 281 -0.10778922 8.26749385
7070 281 -0.19245346 8.85192260
7080 281 -0.24878114 9.46992275
7090 281 -0.27777206 10.12147438
7100 281 -0.30678291 10.77402581
7110 281 -0.36148965 11.41106206
7120 281 -0.44393174 12.03454285
