2680 82 0.00000000 0.00000000
2690 82 -0.00000000 0.46981379
2700 82 -0.00124517 0.93895711
2710 82 -0.06110932 1.39018907
2720 82 -0.21225430 1.81555972
2730 82 -0.36215412 2.24160086
2740 82 -0.60314321 2.60413810
2750 82 -0.86769483 2.95077544
2760 82 -1.15130719 3.27911829
2770 82 -1.45560861 3.59069918
2780 82 -1.75923954 3.90103489
2790 82 -2.03154955 4.16960938
2800 82 -2.29658008 4.42764779
2810 82 -2.56256844 4.68597354
2820 82 -2.87050959 4.88797910
2830 82 -3.20804758 5.05397039
2840 82 -3.54587291 5.21900386
2850 82 -3.88341089 5.38499516
2860 82 -4.22123622 5.55002863
2870 82 -4.55877420 5.71601992
