6410 155 0.00000000 0.00000000
6420 155 0.00000000 0.40334724
6430 155 -0.00904184 0.79730060
6440 155 -0.02665445 1.17991633
6450 155 -0.04547446 1.56326839
6460 155 -0.04150022 1.94597090
6470 155 0.05368079 2.33019814
6480 155 0.14909734 2.71345352
6490 155 0.21745035 3.11072907
6500 155 0.17748975 3.55583934
6510 155 0.13632174 4.00168594
6520 155 0.04411583 4.43310577
6530 155 -0.16983877 4.83193334
6540 155 -0.38476524 5.23052538
6550 155 -0.54729765 5.66342284
6560 155 -0.69642970 6.10471258
6570 155 -0.84579727 6.54697418
6580 155 -0.93706355 6.94055069
6590 155 -1.02205731 7.32947364
6600 155 -1.10778741 7.71718919
