2680 79 0.00000000 0.00000000
2690 79 -0.00000000 0.56767068
2700 79 -0.00109218 1.13623977
2710 79 -0.00109218 1.70391045
2720 79 -0.02150014 2.30576468
2730 79 -0.05527853 2.93143553
2740 79 -0.08796473 3.55620798
2750 79 -0.12713357 4.17532574
2760 79 -0.20874779 4.73505167
2770 79 -0.29036201 5.29477761
2780 79 -0.37197623 5.85450354
2790 79 -0.46145593 6.41245908
2800 79 -0.55382462 6.96912866
2810 79 -0.64718861 7.52570136
2820 79 -0.74055260 8.08227405
2830 79 -0.86700796 8.61754038
2840 79 -1.07110517 9.10405485
2850 79 -1.27420708 9.59066621
2860 79 -1.47730899 10.07727757
2870 79 -1.68140620 10.56379204
