1280 52 0.00000000 0.00000000
1290 52 0.00000000 0.63669930
1300 52 0.00013350 1.27438965
1310 52 -0.00085755 1.91122245
1320 52 0.04054033 2.57059808
1330 52 0.08108066 3.23109825
1340 52 0.12148749 3.89060738
1350 52 0.19980075 4.53189283
1360 52 0.27798052 5.17218724
1370 52 0.35629378 5.81347269
1380 52 0.42551798 6.47717218
1390 52 0.49487568 7.14186272
1400 52 0.56310883 7.80569571
1410 52 0.62876934 8.47290234
1420 52 0.69271475 9.14235808
1430 52 0.75580262 9.81293837
1440 52 0.81974803 10.48239410
1450 52 0.84852928 11.14548734
1460 52 0.87307933 11.80713248
1470 52 0.89875393 12.46963517
