4030 101 0.00000000 0.00000000
4040 101 -0.00000000 0.36981752
4050 101 0.00000000 0.73963505
4060 101 -0.00171977 1.09757644
4070 101 -0.00448329 1.42737693
4080 101 -0.00837981 1.75633106
4090 101 -0.01227632 2.08528518
4100 101 -0.11342080 2.44044683
4110 101 -0.21456528 2.79560847
4120 101 -0.31585307 3.14978044
4130 101 -0.37700756 3.48803645
4140 101 -0.43731568 3.82515947
4150 101 -0.49861347 4.16242581
4160 101 -0.44991378 4.48477397
4170 101 -0.35356626 4.80123275
4180 101 -0.25820842 5.11783484
4190 101 -0.15380018 5.43413678
4200 101 -0.04825894 5.75128508
4210 101 0.05827198 6.06829007
4220 101 0.13795182 6.39524591
