2150 44 0.00000000 0.00000000
2160 44 -0.00000000 0.32520763
2170 44 -0.00099629 0.65032915
2180 44 0.00043049 0.97064144
2190 44 0.00319796 1.28705469
2200 44 0.00587932 1.60446422
2210 44 0.03897818 1.86026388
2220 44 0.11720512 2.02360568
2230 44 0.19543207 2.18694749
2240 44 0.25413918 2.29741230
2250 44 0.26630372 2.28441137
2260 44 0.27755807 2.27032806
2270 44 0.28881242 2.25624475
2280 44 0.30097695 2.24324383
2290 44 0.31223130 2.22916052
2300 44 0.32348565 2.21507721
2310 44 0.33565019 2.20207628
2320 44 0.34690453 2.18799297
2330 44 0.35915517 2.17399576
2340 44 0.37032342 2.16090874
