4230 102 0.00000000 0.00000000
4240 102 -0.00000000 0.33924917
4250 102 0.00099927 0.67853666
4260 102 -0.07029936 0.97202006
4270 102 -0.14159799 1.26550346
4280 102 -0.21189735 1.55902518
4290 102 -0.27750399 1.88675185
4300 102 -0.34141867 2.22254928
4310 102 -0.40533334 2.55834671
4320 102 -0.38600242 2.88933057
4330 102 -0.36667149 3.22031443
4340 102 -0.34734057 3.55129829
4350 102 -0.33746287 3.89392845
4360 102 -0.35160292 4.26265743
4370 102 -0.36578129 4.63238568
4380 102 -0.37992134 5.00111465
4390 102 -0.39486906 5.36480898
4400 102 -0.41397006 5.70632787
4410 102 -0.43203348 6.04688582
4420 102 -0.45013522 6.38844303
