3140 92 0.00000000 0.00000000
3150 92 0.00000000 0.56661980
3160 92 0.01030144 1.11357033
3170 92 0.11108330 1.47902350
3180 92 0.21231168 1.84537144
3190 92 0.33010142 2.19339669
3200 92 0.46713687 2.52175973
3210 92 0.60372405 2.85146406
3220 92 0.79842780 3.20804708
3230 92 1.03113057 3.58254864
3240 92 1.26383335 3.95705020
3250 92 1.49832391 4.33289481
3260 92 1.75337148 4.72753863
3270 92 2.00841904 5.12218244
3280 92 2.26346661 5.51682625
3290 92 2.52339046 5.96603399
3300 92 2.78196772 6.42150166
3310 92 3.04233455 6.87607631
3320 92 3.33357216 7.31412843
3330 92 3.64852056 7.74146612
