4690 115 0.00000000 0.00000000
4700 115 -0.00000000 0.50734702
4710 115 0.00098749 1.01453636
4720 115 -0.03416399 1.51736970
4730 115 -0.10659962 2.01501725
4740 115 -0.17804776 2.51250711
4750 115 -0.23918934 3.01746524
4760 115 -0.27643998 3.53886181
4770 115 -0.31483579 4.05942858
4780 115 -0.23087353 4.59792588
4790 115 -0.13443067 5.13848094
4800 115 0.00907071 5.62493891
4810 115 0.18323356 6.07510810
4820 115 0.35739640 6.52527730
4830 115 0.53649669 6.97465808
4840 115 0.72448440 7.42261971
4850 115 0.91231441 7.86959385
4860 115 1.08497533 8.32304088
4870 115 1.23488258 8.78619724
4880 115 1.38463216 9.24836611
