4930 122 0.00000000 0.00000000
4940 122 0.00000000 0.21172860
4950 122 0.00111936 0.42432151
4960 122 -0.02611362 0.65165027
4970 122 -0.11894945 0.91766063
4980 122 -0.21191280 1.18267915
4990 122 -0.30474863 1.44868950
5000 122 -0.47659126 1.68049569
5010 122 -0.68134867 1.89939385
5020 122 -0.88610608 2.11829200
5030 122 -1.08247540 2.39458911
5040 122 -1.27045661 2.72828517
5050 122 -1.44628076 3.06243465
5060 122 -1.51714034 3.40526977
5070 122 -1.58812744 3.74711305
5080 122 -1.54336731 4.09524741
5090 122 -1.49860718 4.44338177
5100 122 -1.45384705 4.79151612
5110 122 -1.42307180 5.07792996
5120 122 -1.39871515 5.33794679
