5020 124 0.00000000 0.00000000
5030 124 0.00000000 0.60405298
5040 124 -0.00001324 1.20710604
5050 124 0.03553331 1.77668522
5060 124 0.10761308 2.31077745
5070 124 0.19482397 2.85467014
5080 124 0.31529685 3.41812403
5090 124 0.38111889 4.00830405
5100 124 0.36449121 4.64057972
5110 124 0.31180047 5.26833261
5120 124 0.22505973 5.89253614
5130 124 0.13731908 6.51675291
5140 124 0.10737469 7.12520285
5150 124 0.07644363 7.73466595
5160 124 0.04551256 8.34412905
5170 124 0.02960667 8.95539332
5180 124 0.04576420 9.57123334
5190 124 0.06292163 10.18706012
5200 124 0.14359668 10.76604245
5210 124 0.28776284 11.30618050
