5140 125 0.00000000 0.00000000
5150 125 0.00000000 0.26997963
5160 125 0.00014816 0.54094822
5170 125 0.00014816 0.81092785
5180 125 0.00014816 1.08090748
5190 125 -0.01300098 1.33061150
5200 125 -0.04898888 1.54935764
5210 125 -0.08413598 1.76696665
5220 125 -0.12012388 1.98571278
5230 125 -0.15527097 2.20332179
5240 125 -0.17577252 2.37020105
5250 125 -0.19197004 2.52531275
5260 125 -0.20831572 2.67943549
5270 125 -0.22466139 2.83355823
5280 125 -0.24085891 2.98866994
5290 125 -0.24158119 3.15258601
5300 125 -0.23988106 3.31917265
5310 125 -0.23832909 3.48477033
5320 125 -0.23677712 3.65036801
5330 125 -0.19928170 3.83990453
