3620 99 0.00000000 0.00000000
3630 99 -0.00000000 0.21745114
3640 99 -0.00106231 0.43396874
3650 99 -0.00106231 0.65141989
3660 99 -0.05997209 0.85663840
3670 99 -0.25617708 1.03063151
3680 99 -0.45238208 1.20462461
3690 99 -0.65705334 1.38718056
3700 99 -0.88345362 1.59017788
3710 99 -1.10998266 1.79117936
3720 99 -1.33538502 1.99411230
3730 99 -1.60427760 2.31509014
3740 99 -1.88997396 2.68625398
3750 99 -2.17660386 3.05848012
3760 99 -2.46223584 3.43064187
3770 99 -2.61462869 3.89541754
3780 99 -2.76595924 4.36112675
3790 99 -2.81250762 4.85114026
3800 99 -2.75414509 5.36745394
3810 99 -2.69478463 5.88370324
