5540 127 0.00000000 0.00000000
5550 127 -0.00000000 0.15806960
5560 127 0.05903096 0.29005576
5570 127 0.12355317 0.41890406
5580 127 0.18807537 0.54775237
5590 127 0.25357816 0.67640455
5600 127 0.31810037 0.80525285
5610 127 0.36418766 0.94390696
5620 127 0.36399155 1.10609500
5630 127 0.36477601 1.26808693
5640 127 0.36536436 1.42909828
5650 127 0.36516824 1.59128632
5660 127 0.36595271 1.75327825
5670 127 0.36242262 1.91409348
5680 127 0.34045761 2.07451648
5690 127 0.31947318 2.23474336
5700 127 0.29848876 2.39497024
5710 127 0.27770045 2.55617771
5720 127 0.25671602 2.71640459
5730 127 0.26632571 2.87153245
