6310 156 0.00000000 0.00000000
6320 156 -0.00000000 0.41881380
6330 156 0.00027220 0.83666536
6340 156 -0.06774848 1.29755275
6350 156 -0.14386584 1.76134597
6360 156 -0.22412346 2.21773255
6370 156 -0.32108780 2.64133368
6380 156 -0.41805213 3.06493481
6390 156 -0.51432641 3.48977039
6400 156 -0.59978205 3.90207771
6410 156 -0.68647212 4.31507509
6420 156 -0.77219996 4.72834466
6430 156 -0.87265271 5.13121343
6440 156 -0.97764448 5.53175897
6450 156 -1.08140180 5.93161446
6460 156 -1.14705628 6.29963958
6470 156 -1.21298295 6.66862695
6480 156 -1.27959967 7.03637987
6490 156 -1.33454294 7.40327800
6500 156 -1.29653559 7.75386100
