2950 48 0.00000000 0.00000000
2960 48 0.00000000 0.05147815
2970 48 0.00087416 0.10344194
2980 48 -0.03302372 0.44038101
2990 48 -0.07449763 0.84861246
3000 48 -0.11733133 1.25723242
3010 48 -0.12325618 1.71266836
3020 48 -0.07362347 2.23900817
3030 48 -0.02486492 2.76486234
3040 48 0.14297328 3.21845283
3050 48 0.38987415 3.62445032
3060 48 0.63677501 4.03044781
3070 48 1.11717300 4.25500911
3080 48 1.59795950 4.48093020
3090 48 2.03338695 4.59699886
3100 48 2.44929156 4.66790273
3110 48 2.86432201 4.73832095
3120 48 2.90657294 4.77552120
3130 48 2.94794972 4.81223581
3140 48 2.99020066 4.84943605
