2490 78 0.00000000 0.00000000
2500 78 0.00000000 0.71128124
2510 78 0.00097149 1.42153475
2520 78 -0.01514731 2.09325358
2530 78 -0.03126611 2.76497241
2540 78 -0.04741303 3.43569163
2550 78 -0.06353183 4.10741046
2560 78 -0.07653934 4.78304335
2570 78 -0.08112825 5.47344537
2580 78 -0.08568903 6.16484699
2590 78 -0.09027793 6.85524900
2600 78 -0.09486684 7.54565102
2610 78 -0.08748860 8.23471601
2620 78 -0.03238241 8.91343488
2630 78 0.02175230 9.59318148
2640 78 0.07688661 10.27289995
2650 78 0.13199280 10.95161883
2660 78 0.18196037 11.62548027
2670 78 0.22873231 12.29242883
2680 78 0.27447652 12.95840591
