5130 123 0.00000000 0.00000000
5140 123 -0.00000000 0.26115513
5150 123 0.00000000 0.52231025
5160 123 0.01954011 0.79880109
5170 123 0.08629354 1.10968528
5180 123 0.15208202 1.42160334
5190 123 0.21883545 1.73248753
5200 123 0.28458947 2.04340618
5210 123 0.27607729 2.31886315
5220 123 0.26756511 2.59432013
5230 123 0.25808798 2.87081096
5240 123 0.24957580 3.14626794
5250 123 0.24106362 3.42172491
5260 123 0.21935239 3.74966792
5270 123 0.19409154 4.09074107
5280 123 0.16883069 4.43181421
5290 123 0.14356984 4.77288735
5300 123 0.07185385 5.10155408
5310 123 -0.00589305 5.42942817
5320 123 -0.08264054 5.75726780
