4220 484 0.00000000 0.00000000
4230 484 0.00000000 0.78447052
4240 484 -0.02734711 1.54084949
4250 484 -0.08204132 2.26913689
4260 484 -0.10227663 2.94590164
4270 484 -0.08851066 3.56895501
4280 484 -0.08131472 4.16277082
4290 484 -0.11930085 4.48367899
4300 484 -0.15807095 4.80520796
4310 484 0.03553097 5.13023611
4320 484 0.18330453 5.50048329
4330 484 0.25761197 5.91487490
4340 484 0.30820151 6.32508789
4350 484 0.34755289 6.73399554
4360 484 0.33901083 7.13235723
4370 484 0.32468652 7.53147102
4380 484 0.35989115 7.95769353
4390 484 0.41580912 8.39557614
4400 484 0.48165608 8.81539179
4410 484 0.56941846 9.19361760
