290 165 0.00000000 0.00000000
300 165 0.00000000 0.63488267
310 165 0.00068359 1.26852731
320 165 0.13713715 1.87132531
330 165 0.33138722 2.46161076
340 165 0.56978087 3.07142422
350 165 0.82687405 3.68833191
360 165 0.89945439 4.34390502
370 165 0.94036588 5.02318644
380 165 1.01721788 5.73685217
390 165 1.09406988 6.45051789
400 165 1.18993326 7.13267859
410 165 1.29154258 7.80589590
420 165 1.37323012 8.42449524
430 165 1.42695658 8.96061320
440 165 1.48068305 9.49673116
450 165 1.52047938 10.06392888
460 165 1.55343980 10.64350684
470 165 1.59549166 11.23295119
480 165 1.70657990 11.90655597
