980 181 0.00000000 0.00000000
990 181 0.00000000 0.22451058
1000 181 -0.06396135 0.46122548
1010 181 -0.12792270 0.69794039
1020 181 -0.20325546 0.94126522
1030 181 -0.30562034 1.20056704
1040 181 -0.40668908 1.46043452
1050 181 -0.50905396 1.71973634
1060 181 -0.75663695 1.95115082
1070 181 -1.02147080 2.17966566
1080 181 -1.28537373 2.40781527
1090 181 -1.62819945 2.57991852
1100 181 -1.97009425 2.75165653
1110 181 -2.31291996 2.92375978
1120 181 -2.63094952 3.02490423
1130 181 -2.94841340 3.12475253
1140 181 -3.24247527 3.22401289
1150 181 -3.44365956 3.31905964
1160 181 -3.64484384 3.41410638
1170 181 -3.76945712 3.47159142
