650 727 0.00000000 0.00000000
660 727 -0.00000000 0.26931394
670 727 0.05411528 0.55826296
680 727 0.13076932 0.85731172
690 727 0.20747162 1.15536164
700 727 0.38507104 1.43726313
710 727 0.60500767 1.71320131
720 727 0.82499256 1.98814066
730 727 1.08491598 2.28603463
740 727 1.34968875 2.58716646
750 727 1.61346269 2.88825001
760 727 1.91508094 3.21418932
770 727 2.25354467 3.56493611
780 727 2.59100955 3.91563462
790 727 2.92947328 4.26638141
800 727 3.22457868 4.51992194
810 727 3.51973236 4.77246363
820 727 3.79357262 5.03098348
830 727 4.05323611 5.29282288
840 727 4.31194904 5.55361517
