0 72 0.00000000 0.00000000
10 72 -0.00000000 0.14430870
20 72 0.00063059 0.28784128
30 72 0.00140671 0.43278057
40 72 -0.00659697 0.56156699
50 72 -0.01983941 0.68094302
60 72 -0.03322738 0.79891235
70 72 -0.04646983 0.91828838
80 72 -0.05971227 1.03766442
90 72 -0.11976409 1.13060407
100 72 -0.19039047 1.21752884
110 72 -0.26101684 1.30445361
120 72 -0.33164321 1.39137837
130 72 -0.41269862 1.47369496
140 72 -0.58945858 1.51046337
150 72 -0.76544243 1.54786236
160 72 -0.94220240 1.58463076
170 72 -1.11881684 1.62280587
180 72 -1.27748364 1.68329425
190 72 -1.43367659 1.74708112
