2220 603 0.00000000 0.00000000
2230 603 -0.00000000 0.28852210
2240 603 -0.00075557 0.57769925
2250 603 0.02081296 0.90178535
2260 603 0.09232222 1.31095332
2270 603 0.16317641 1.71936571
2280 603 0.27449197 2.16681498
2290 603 0.44546675 2.67239151
2300 603 0.61644152 3.17796804
2310 603 0.84172409 3.67748957
2320 603 1.08196913 4.17595053
2330 603 1.32296973 4.67375642
2340 603 1.65263946 5.18071586
2350 603 1.98230918 5.68767530
2360 603 2.30145285 6.21302501
2370 603 2.60362381 6.76764804
2380 603 2.90569426 7.32368171
2390 603 3.19239674 7.86656908
2400 603 3.45536794 8.39429642
2410 603 3.71843964 8.92061313
