1730 575 0.00000000 0.00000000
1740 575 0.00000000 0.46351807
1750 575 0.00123836 0.92889798
1760 575 -0.00670956 1.40146209
1770 575 -0.01987409 1.88071849
1780 575 -0.07869812 2.37369387
1790 575 -0.16953384 2.87668182
1800 575 -0.24079320 3.39941225
1810 575 -0.28306124 3.95281031
1820 575 -0.32445984 4.50509299
1830 575 -0.29008362 5.06713149
1840 575 -0.25682278 5.62830055
1850 575 -0.23262524 6.19764621
1860 575 -0.23449356 6.78432884
1870 575 -0.23524649 7.37188091
1880 575 -0.26513098 7.94389744
1890 575 -0.30679279 8.51031981
1900 575 -0.34857757 9.07574976
1910 575 -0.43775208 9.64906721
1920 575 -0.53275809 10.22411492
