4160 724 0.00000000 0.00000000
4170 724 0.00000000 0.56538306
4180 724 -0.00828995 1.12673168
4190 724 -0.05003687 1.66685222
4200 724 -0.09056338 2.20768731
4210 724 -0.23028458 2.68142984
4220 724 -0.38002200 3.14848841
4230 724 -0.53001235 3.61457949
4240 724 -0.67581615 4.04133264
4250 724 -0.82284036 4.46737123
4260 724 -0.99783323 4.90899041
4270 724 -1.18607375 5.35924090
4280 724 -1.34279228 5.83122533
4290 724 -1.37409318 6.39548880
4300 724 -1.35346645 6.98442049
4310 724 -1.26348498 7.61723747
4320 724 -1.18940070 8.26041203
4330 724 -1.12566161 8.91145914
4340 724 -1.10355624 9.59302891
4350 724 -1.12486746 10.27457922
