2610 418 0.00000000 0.00000000
2620 418 0.00000000 0.47769865
2630 418 -0.00038937 0.95631838
2640 418 0.07867303 1.43703986
2650 418 0.19149311 1.92008916
2660 418 0.30470256 2.40221738
2670 418 0.47209679 2.84862434
2680 418 0.67416142 3.26951730
2690 418 0.87675776 3.69172071
2700 418 1.20880392 4.05682118
2710 418 1.55434394 4.41568340
2720 418 1.89226828 4.77458331
2730 418 2.15991400 5.12765946
2740 418 2.42624927 5.48126732
2750 418 2.72816764 5.78151938
2760 418 3.11049236 5.95833796
2770 418 3.48807350 6.02566911
2780 418 3.86333100 6.02144888
2790 418 4.22443313 5.94284703
2800 418 4.59607328 5.92406950
