260 163 0.00000000 0.00000000
270 163 0.00000000 0.63187657
280 163 0.00030386 1.26280042
290 163 -0.03488973 1.86350951
300 163 -0.12319811 2.41683910
310 163 -0.21120264 2.96921596
320 163 -0.35242959 3.44164051
330 163 -0.50010400 3.90466132
340 163 -0.64937999 4.36612169
350 163 -0.81051589 4.81540247
360 163 -0.97195565 5.26563598
370 163 -1.13309155 5.71491676
380 163 -1.30818270 6.11251340
390 163 -1.50197688 6.43381982
400 163 -1.69641992 6.75386967
410 163 -1.89116681 7.07487223
420 163 -2.10328419 7.39768211
430 163 -2.31982015 7.72118200
440 163 -2.53635611 8.04468189
450 163 -2.74474491 8.36238318
