1830 234 0.00000000 0.00000000
1840 234 0.00000000 0.66421758
1850 234 -0.00078438 1.32781489
1860 234 -0.02219604 1.90625637
1870 234 -0.04422798 2.48548222
1880 234 -0.05140936 3.03947990
1890 234 -0.05118353 3.57766198
1900 234 -0.08831293 4.02765910
1910 234 -0.12985654 4.47034085
1920 234 -0.17156426 4.91161793
1930 234 -0.18899229 5.36572063
1940 234 -0.18511404 5.83157250
1950 234 -0.18588638 6.27589828
1960 234 -0.20810650 6.62804494
1970 234 -0.23094691 6.98097597
1980 234 -0.17582190 7.36751347
1990 234 -0.11256101 7.75666004
2000 234 -0.06936582 8.13248870
2010 234 -0.07381768 8.47828803
2020 234 -0.07905391 8.82346709
