200 97 0.00000000 0.00000000
210 97 -0.00000000 0.20790863
220 97 0.01412159 0.41742374
230 97 0.07975138 0.63541854
240 97 0.14538117 0.85341333
250 97 0.21101096 1.07140813
260 97 0.27664075 1.28940292
270 97 0.35652680 1.49910561
280 97 0.49343790 1.67563989
290 97 0.62963234 1.85287159
300 97 0.76584602 2.02868920
310 97 0.89942393 2.19032751
320 97 1.02763409 2.33067762
330 97 1.15584426 2.47102773
340 97 1.28477108 2.61068042
350 97 1.38862920 2.72170515
360 97 1.43686674 2.76267026
370 97 1.48510427 2.80363537
380 97 1.53334181 2.84460048
390 97 1.57381151 2.88475274
