1210 340 0.00000000 0.00000000
1220 340 -0.00000000 0.44532348
1230 340 0.00096110 0.89092316
1240 340 0.08823474 1.30410147
1250 340 0.23350666 1.69649039
1260 340 0.39128411 2.08518986
1270 340 0.65406612 2.43435402
1280 340 0.91780923 2.78379439
1290 340 1.19023592 3.11388029
1300 340 1.48608379 3.39867327
1310 340 1.78289275 3.68374245
1320 340 2.04694575 4.01038142
1330 340 2.31168364 4.33825768
1340 340 2.56571696 4.65993621
1350 340 2.79641892 4.96866684
1360 340 3.02712088 5.27739748
1370 340 3.25952498 5.55124111
1380 340 3.49514471 5.78855176
1390 340 3.73048825 6.02682350
1400 340 3.93755121 6.25488693
