3260 826 0.00000000 0.00000000
3270 826 -0.00000000 0.37858817
3280 826 -0.00000000 0.75717633
3290 826 -0.00164823 1.14765077
3300 826 -0.00271799 1.54123412
3310 826 -0.00125730 1.93113009
3320 826 0.02000591 2.28742754
3330 826 0.04014124 2.64457817
3340 826 0.08761235 2.94292611
3350 826 0.14545093 3.21747246
3360 826 0.23755365 3.53614328
3370 826 0.34190451 3.87569430
3380 826 0.39214644 4.26326848
3390 826 0.42871652 4.66207123
3400 826 0.37546076 5.08981043
3410 826 0.28209281 5.53015964
3420 826 0.19202925 5.98308188
3430 826 0.10318072 6.45636397
3440 826 0.00491827 6.91016844
3450 826 -0.11431947 7.31866245
