400 67 0.00000000 0.00000000
410 67 -0.00000000 0.30761177
420 67 0.00049088 0.61609476
430 67 -0.00125158 0.92468829
440 67 -0.00690806 1.24466955
450 67 -0.01218419 1.56328870
460 67 -0.01784067 1.88326995
470 67 -0.03306766 2.22700843
480 67 -0.08385245 2.66653647
490 67 -0.13463724 3.10606452
500 67 -0.18542203 3.54559257
510 67 -0.30061919 3.95024874
520 67 -0.43276303 4.34723615
530 67 -0.56539774 4.74335234
540 67 -0.73108061 5.08692502
550 67 -0.94900465 5.35203841
560 67 -1.16605747 5.61666093
570 67 -1.42947392 5.79492134
580 67 -1.71263604 5.93609929
590 67 -1.99492693 6.07678637
