0 96 0.00000000 0.00000000
10 96 -0.00000000 0.03613862
20 96 -0.00024904 0.07130875
30 96 -0.00024904 0.10744737
40 96 -0.00024904 0.14358600
50 96 -0.00049808 0.17875612
60 96 -0.00049808 0.21489475
70 96 -0.00049808 0.25103337
80 96 -0.00498082 0.30587774
90 96 -0.04662602 0.53341824
100 96 -0.08802217 0.76192723
110 96 -0.12966737 0.98946772
120 96 -0.14859449 1.24110986
130 96 -0.16555695 1.49637692
140 96 -0.18179996 1.75042646
150 96 -0.24323008 1.99337983
160 96 -0.33382568 2.22731238
170 96 -0.42320374 2.46196438
180 96 -0.51355030 2.69686542
190 96 -0.61687466 2.87728182
