3430 293 0.00000000 0.00000000
3440 293 -0.00000000 0.59328324
3450 293 -0.00112425 1.18570854
3460 293 0.13950841 1.78935782
3470 293 0.42077373 2.40337314
3480 293 0.70303014 3.01725531
3490 293 0.91790728 3.65532492
3500 293 1.08852561 4.30943070
3510 293 1.25914395 4.96353649
3520 293 1.51708146 5.57665006
3530 293 1.90507321 6.12890399
3540 293 2.29319811 6.68214901
3550 293 2.68803819 7.21027619
3560 293 3.14371430 7.51531599
3570 293 3.60038151 7.82022263
3580 293 4.02514153 8.13547003
3590 293 4.32366337 8.49492061
3600 293 4.62205204 8.85338008
3610 293 4.83219113 9.31349590
3620 293 5.00477312 9.81699908
