4510 639 0.00000000 0.00000000
4520 639 0.00000000 0.33442637
4530 639 0.00079240 0.66946275
4540 639 0.00097480 1.00529152
4550 639 0.01408681 1.33088187
4560 639 0.02939361 1.65689982
4570 639 0.01877244 2.02479545
4580 639 -0.00679671 2.42030552
4590 639 -0.00597142 2.83234838
4600 639 0.02265073 3.26074162
4610 639 0.06059929 3.69505247
4620 639 0.13762072 4.15565609
4630 639 0.21464216 4.61625971
4640 639 0.39371895 5.10494725
4650 639 0.59809577 5.60175316
4660 639 0.82149621 6.09679785
4670 639 1.07190708 6.59118170
4680 639 1.32152555 7.08495555
4690 639 1.47540995 7.60472915
4700 639 1.62850194 8.12389275
