3910 516 0.00000000 0.00000000
3920 516 -0.00000000 0.36700000
3930 516 0.01200000 0.79300000
3940 516 0.02700000 1.23500000
3950 516 0.04300000 1.67600000
3960 516 0.04200000 2.04900000
3970 516 0.03400000 2.39300000
3980 516 0.02600000 2.73600000
3990 516 0.00300000 3.08300000
4000 516 -0.02700000 3.43200000
4010 516 -0.05700000 3.78100000
4020 516 -0.07900000 4.08300000
4030 516 -0.09500000 4.33800000
4040 516 -0.11000000 4.59300000
4050 516 -0.12500000 4.84800000
4060 516 -0.14000000 5.10400000
4070 516 -0.21400000 5.43400000
4080 516 -0.30200000 5.78300000
4090 516 -0.39000000 6.13200000
4100 516 -0.47800000 6.48100000
