1110 82 0.00000000 0.00000000
1120 82 0.00000000 0.04704253
1130 82 0.00104161 0.09312849
1140 82 0.00104161 0.14017102
1150 82 -0.08371148 0.46185862
1160 82 -0.19042342 0.85267516
1170 82 -0.32051845 1.22848399
1180 82 -0.48877044 1.58365194
1190 82 -0.65702243 1.93881988
1200 82 -0.84540514 2.17902803
1210 82 -1.03727406 2.40707697
1220 82 -1.14787609 2.58353430
1230 82 -1.13901177 2.68099929
1240 82 -1.13014745 2.77846428
1250 82 -1.12132565 2.87692836
1260 82 -1.11146224 2.97443586
1270 82 -1.10264043 3.07289995
1280 82 -1.20688652 3.17055625
1290 82 -1.31113260 3.26821255
1300 82 -1.41533617 3.36486976
