1970 203 0.00000000 0.00000000
1980 203 -0.00000000 0.68722413
1990 203 0.00114228 1.37361446
2000 203 -0.10726632 2.02266036
2010 203 -0.32355820 2.63664637
2020 203 -0.54068387 3.24949011
2030 203 -0.71384863 3.82061528
2040 203 -0.88296958 4.38528696
2050 203 -1.03109593 4.94513925
2060 203 -1.09614021 5.47848927
2070 203 -1.16232677 6.01267307
2080 203 -1.17338430 6.44008240
2090 203 -1.13144311 6.76139679
2100 203 -1.10907486 7.09787362
2110 203 -1.11557201 7.45717125
2120 203 -1.12092689 7.81563509
2130 203 -1.19117035 8.25910759
2140 203 -1.32432632 8.78789723
2150 203 -1.48804438 9.35037603
2160 203 -1.67256933 9.93592154
