3620 591 0.00000000 0.00000000
3630 591 0.00000000 0.04837355
3640 591 -0.00000000 0.09674709
3650 591 -0.00049614 0.14598888
3660 591 0.00396911 0.18654824
3670 591 0.01736486 0.21147922
3680 591 0.03212500 0.23603810
3690 591 0.04601689 0.26010084
3700 591 0.06028088 0.28552796
3710 591 0.07417277 0.30959070
3720 591 0.08756852 0.33452168
3730 591 0.10232866 0.35908056
3740 591 0.11622055 0.38314330
3750 591 0.15665587 0.46959551
3760 591 0.22189814 0.61744491
3770 591 0.35523548 0.76504624
3780 591 0.64894973 0.91215144
3790 591 0.94353223 1.05975277
3800 591 1.24344821 1.24034735
3810 591 1.54410841 1.42367068
