430 677 0.00000000 0.00000000
440 677 0.00000000 0.18461853
450 677 -0.00000000 0.36923705
460 677 0.00038999 0.55477639
470 677 -0.03810019 0.77415850
480 677 -0.13498104 1.04542055
490 677 -0.23186189 1.31668260
500 677 -0.46785121 1.47744653
510 677 -0.76180871 1.59108626
520 677 -1.06709768 1.71386917
530 677 -1.38201732 1.84724690
540 677 -1.69712113 1.96224078
550 677 -2.01349241 1.91270079
560 677 -2.32986369 1.86316080
570 677 -2.48496189 1.80721842
580 677 -2.57045710 1.74894691
590 677 -2.65634231 1.68975458
600 677 -2.74183752 1.63148308
610 677 -2.82772272 1.57229075
620 677 -2.91321794 1.51401924
