1760 438 0.00000000 0.00000000
1770 438 -0.00000000 0.92652523
1780 438 -0.00093360 1.85269213
1790 438 0.15658613 2.67579330
1800 438 0.33082531 3.48603136
1810 438 0.62298573 4.13694401
1820 438 0.92769735 4.76910921
1830 438 1.20797682 5.47330266
1840 438 1.48238165 6.19559276
1850 438 1.90587471 6.76944869
1860 438 2.32699114 7.33275230
1870 438 2.58467436 7.96186307
1880 438 2.83459632 8.58049706
1890 438 3.01962743 9.11424183
1900 438 3.20599689 9.61101082
1910 438 3.39527722 9.95786808
1920 438 3.58419922 10.30565893
1930 438 3.77267547 10.52902791
1940 438 3.94468589 10.71715663
1950 438 3.96291421 10.70594377
