2350 660 0.00000000 0.00000000
2360 660 -0.00000000 0.46778841
2370 660 0.00000000 0.93557683
2380 660 0.00000000 1.40336524
2390 660 -0.00099404 1.87104463
2400 660 -0.00099404 2.33883304
2410 660 0.04687376 2.76458964
2420 660 0.12683940 3.16368674
2430 660 0.20011612 3.59625410
2440 660 0.24972829 4.16203553
2450 660 0.28008817 4.70156151
2460 660 0.14911870 5.01515200
2470 660 0.01925229 5.32785748
2480 660 0.00286668 5.68821912
2490 660 0.00007054 6.05308921
2500 660 0.07309715 6.23111200
2510 660 0.19597322 6.28482860
2520 660 0.06857588 6.23564611
2530 660 -0.12136256 6.16049033
2540 660 -0.31030696 6.08544358
