1210 393 0.00000000 0.00000000
1220 393 0.00000000 0.49753995
1230 393 -0.00119789 0.99583159
1240 393 -0.01292962 1.51325537
1250 393 -0.02981670 2.03975782
1260 393 -0.04670379 2.56626027
1270 393 -0.05675323 3.14356868
1280 393 -0.05796720 3.79881255
1290 393 -0.05918118 4.45405642
1300 393 -0.13315514 5.03725180
1310 393 -0.25541266 5.57144006
1320 393 -0.37789327 6.10660312
1330 393 -0.48631874 6.58035402
1340 393 -0.59095154 7.03753339
1350 393 -0.69014760 7.47543994
1360 393 -0.76467227 7.83692448
1370 393 -0.83994863 8.19721113
1380 393 -0.91522500 8.55749778
1390 393 -1.21571746 8.80366293
1400 393 -1.51718471 9.04960500
