10 37 0.00000000 0.00000000
20 37 0.00000000 0.23771622
30 37 0.00129146 0.47600875
40 37 0.00258291 0.71430129
50 37 -0.05166244 0.97814109
60 37 -0.16202092 1.26881962
70 37 -0.27273697 1.55856426
80 37 -0.32569928 1.92363821
90 37 -0.32090785 2.36404149
100 37 -0.31647399 2.80351087
110 37 -0.24811938 3.22814324
120 37 -0.17976477 3.65277561
130 37 -0.12267569 4.07315500
140 37 -0.09026309 4.47942514
150 37 -0.05749292 4.88662916
160 37 -0.05241965 5.28302197
170 37 -0.08795782 5.66284040
180 37 -0.12349599 6.04265883
190 37 -0.49351282 6.41026942
200 37 -0.82826070 6.76651773
