4270 332 0.00000000 0.00000000
4280 332 0.00000000 0.58015601
4290 332 0.00066361 1.16106010
4300 332 0.00066361 1.74121612
4310 332 0.00655169 2.24663706
4320 332 0.01363426 2.72025277
4330 332 0.02071684 3.19386847
4340 332 0.10807265 3.69920496
4350 332 0.38361750 4.27955402
4360 332 0.65849873 4.85915501
4370 332 0.97305205 5.37950125
4380 332 1.32794107 5.84134081
4390 332 1.68283010 6.30318038
4400 332 2.05434568 6.74759704
4410 332 2.43857853 7.18073226
4420 332 2.82281139 7.61386747
4430 332 3.20178358 8.07573117
4440 332 3.57315438 8.58176746
4450 332 3.94452517 9.08780376
4460 332 4.30784813 9.58627485
