650 152 0.00000000 0.00000000
660 152 -0.00000000 0.46567907
670 152 0.00054973 0.93219349
680 152 -0.00395551 1.40921728
690 152 -0.01098825 1.89149577
700 152 -0.01885633 2.37432400
710 152 -0.06519941 2.84416473
720 152 -0.12842750 3.30835781
730 152 -0.19165559 3.77255088
740 152 -0.35241008 4.21952179
750 152 -0.57854865 4.65445437
760 152 -0.80413749 5.09022228
770 152 -1.04112043 5.48320967
780 152 -1.28382191 5.85841227
790 152 -1.52680900 6.23499994
800 152 -1.84959997 6.45939912
810 152 -2.18061549 6.66766272
820 152 -2.48120876 6.84393433
830 152 -2.73658636 6.97249282
840 152 -2.99112861 7.10050158
