3850 590 0.00000000 0.00000000
3860 590 0.00000000 0.18487834
3870 590 0.02252292 0.29358767
3880 590 0.04514320 0.40130175
3890 590 0.06875873 0.50911319
3900 590 0.11315550 0.60991461
3910 590 0.16371848 0.70930971
3920 590 0.21338357 0.80761219
3930 590 0.25928403 0.91358458
3940 590 0.28663174 1.04487092
3950 590 0.31388209 1.17715251
3960 590 0.34013720 1.30933674
3970 590 0.32844302 1.46996129
3980 590 0.29152144 1.65223250
3990 590 0.26203178 1.82015915
4000 590 0.27093493 1.93456953
4010 590 0.27874547 2.04987779
4020 590 0.28655602 2.16518605
4030 590 0.28106051 2.29325947
4040 590 0.26026846 2.43390331
