5010 594 0.00000000 0.00000000
5020 594 0.00000000 0.25045958
5030 594 0.00099417 0.50081135
5040 594 -0.04879829 0.74661150
5050 594 -0.21617860 0.98403903
5060 594 -0.38355890 1.22146657
5070 594 -0.92808988 1.38512172
5080 594 -1.47173450 1.54767489
5090 594 -2.00500618 1.62964022
5100 594 -2.53398974 1.67694126
5110 594 -3.05682860 1.69742361
5120 594 -3.57172606 1.67982795
5130 594 -4.08673132 1.66123813
5140 594 -4.58374565 1.60448646
5150 594 -5.07576517 1.53814042
5160 594 -5.40575854 1.46327804
5170 594 -5.49255099 1.37713240
5180 594 -5.58044541 1.29010040
5190 594 -5.66723786 1.20395476
5200 594 -5.75413811 1.11681495
