400 55 0.00000000 0.00000000
410 55 -0.00000000 0.42173096
420 55 0.00095796 0.84374883
430 55 0.09406945 1.28919158
440 55 0.24810605 1.75079393
450 55 0.53073884 2.12460097
460 55 0.94225476 2.40965474
470 55 1.35644062 2.66836708
480 55 1.77958006 2.81702109
490 55 2.20300641 2.96471715
500 55 2.54907301 2.97337196
510 55 2.88545809 2.96555655
520 55 3.04295186 3.02525337
530 55 3.08121559 3.12753185
540 55 3.09725188 3.21688977
550 55 3.10418521 3.29830186
560 55 3.11083163 3.38067191
570 55 3.24004197 3.59056876
580 55 3.38295536 3.81396474
590 55 3.59647063 4.05955022
