40 39 0.00000000 0.00000000
50 39 0.00000000 0.58973384
60 39 -0.00026283 1.17850283
70 39 0.04606315 1.71001380
80 39 0.10423346 2.22793388
90 39 0.17108396 2.75489025
100 39 0.31473860 3.36975068
110 39 0.47356787 3.97944097
120 39 0.77870722 4.53269225
130 39 1.08358374 5.08497869
140 39 1.27056979 5.68388955
150 39 1.40650569 6.30085262
160 39 1.55032650 6.94676095
170 39 1.70544903 7.63415749
180 39 1.86074790 8.31839668
190 39 2.01228745 8.96220236
200 39 2.16408983 9.60697290
210 39 2.26723805 10.17586343
220 39 2.39258782 10.70450361
230 39 2.71687310 10.87527556
