930 550 0.00000000 0.00000000
940 550 -0.00000000 0.37161808
950 550 -0.08145459 0.69746337
960 550 -0.16686486 0.98768068
970 550 -0.25520825 1.24490713
980 550 -0.27622445 1.50560488
990 550 -0.19447385 1.77120014
1000 550 -0.06428643 2.07565249
1010 550 0.17905480 2.47046643
1020 550 0.39015862 2.84668601
1030 550 0.52844576 3.17985064
1040 550 0.65545788 3.51131998
1050 550 0.68791055 3.83167575
1060 550 0.71995958 4.15294645
1070 550 0.89091466 4.62512476
1080 550 1.06146611 5.09821799
1090 550 1.17416245 5.57857675
1100 550 1.27254302 6.05917769
1110 550 1.35456271 6.53474658
1120 550 1.42977434 7.00840491
