2160 186 0.00000000 0.00000000
2170 186 -0.00000000 0.40262762
2180 186 -0.00269480 0.70385633
2190 186 -0.00704621 0.96056252
2200 186 -0.01159136 1.21628765
2210 186 -0.01594277 1.47299383
2220 186 0.08831486 1.66544213
2230 186 0.21869836 1.84049967
2240 186 0.34927559 2.01653826
2250 186 0.74356797 2.05691801
2260 186 1.16652951 2.08246270
2270 186 1.64921622 2.06461494
2280 186 2.13780168 2.04050582
2290 186 2.62658086 2.01737775
2300 186 3.11269754 1.96011888
2310 186 3.59902036 1.89874207
2320 186 4.08886753 1.83972724
2330 186 4.61395818 1.80433225
2340 186 5.13904884 1.76893726
2350 186 5.61511156 1.73303064
