3450 588 0.00000000 0.00000000
3460 588 0.00000000 0.05922837
3470 588 0.00097926 0.11825414
3480 588 0.00077665 0.17650325
3490 588 0.00077665 0.23573162
3500 588 0.00175592 0.29475739
3510 588 0.00155331 0.35300650
3520 588 -0.00239750 0.49678894
3530 588 -0.01029912 0.69551127
3540 588 -0.01303429 0.90439765
3550 588 0.02086838 1.19658870
3560 588 0.05575031 1.48857714
3570 588 0.10086382 1.75598277
3580 588 0.17049262 1.96419380
3590 588 0.24110067 2.17220222
3600 588 0.35006872 2.42741774
3610 588 0.48395725 2.71423974
3620 588 0.61784579 3.00106174
3630 588 0.66039297 3.20670643
3640 588 0.70294014 3.41235112
