0 40 0.00000000 0.00000000
10 40 0.00000000 0.21335417
20 40 0.02281652 0.45934889
30 40 0.13346822 0.83226873
40 40 0.24323875 1.20629470
50 40 0.35467787 1.53283157
60 40 0.46409218 1.78814414
70 40 0.57450015 2.04334421
80 40 0.81160825 2.26206036
90 40 1.07995079 2.47220859
100 40 1.36329187 2.67260777
110 40 1.70696456 2.83699171
120 40 2.05163091 3.00126317
130 40 2.40269037 3.15977894
140 40 2.75749948 3.31585745
150 40 3.11219609 3.47094231
160 40 3.36205294 3.44668218
170 40 3.60049216 3.40157408
180 40 3.82758873 3.37183948
190 40 4.01073960 3.39840564
