750 433 0.00000000 0.00000000
760 433 0.00000000 0.37360005
770 433 -0.00059957 0.74800043
780 433 -0.00119914 1.12240080
790 433 0.01504015 1.56939217
800 433 0.03168361 2.02418333
810 433 0.01374197 2.50679300
820 433 -0.05737687 3.03203115
830 433 -0.12929602 3.55666973
840 433 -0.27644268 4.02994857
850 433 -0.43099298 4.49643137
860 433 -0.54557808 4.89789277
870 433 -0.63218674 5.25533918
880 433 -0.71879540 5.61278560
890 433 -0.88514174 6.08667472
900 433 -1.07027287 6.58897390
910 433 -1.21882477 7.05245349
920 433 -1.28122573 7.42428694
930 433 -1.33522197 7.80491591
940 433 -1.31977497 8.26630770
