1730 696 0.00000000 0.00000000
1740 696 0.00000000 0.03860052
1750 696 -0.00080310 0.07660519
1760 696 -0.00160620 0.11460986
1770 696 -0.00240929 0.15261453
1780 696 -0.00321239 0.19061920
1790 696 -0.04230513 0.32722359
1800 696 -0.09616451 0.47030457
1810 696 -0.28776816 0.66309991
1820 696 -0.47916455 0.85729419
1830 696 -0.61864455 1.07381978
1840 696 -0.72284004 1.30656277
1850 696 -0.75356501 1.51412475
1860 696 -0.67506866 1.68692036
1870 696 -0.58947395 1.87867945
1880 696 -0.44375052 2.24952939
1890 696 -0.29743124 2.61957624
1900 696 0.00041450 3.05223882
1910 696 0.36219721 3.51117049
1920 696 0.58737554 3.93100941
