1150 170 0.00000000 0.00000000
1160 170 0.00000000 0.42991278
1170 170 -0.06525510 0.81197400
1180 170 -0.13051019 1.19403521
1190 170 -0.21066831 1.57807125
1200 170 -0.30972096 1.96434262
1210 170 -0.40877361 2.35061399
1220 170 -0.50032939 2.56002158
1230 170 -0.59218988 2.74940651
1240 170 -0.78518484 2.90931569
1250 170 -1.04467003 3.04851136
1260 170 -1.32450354 3.18302237
1270 170 -1.68006868 3.29341452
1280 170 -2.03563382 3.40380668
1290 170 -2.36718712 3.46753589
1300 170 -2.64564127 3.42357814
1310 170 -2.92309755 3.37955525
1320 170 -3.17120369 3.32459759
1330 170 -3.39974307 3.26235008
1340 170 -3.62821732 3.20110045
