600 56 0.00000000 0.00000000
610 56 0.00000000 0.37890632
620 56 0.02881979 0.78626295
630 56 0.05811991 1.19228943
640 56 0.20240359 1.63382336
650 56 0.36094938 2.07750031
660 56 0.52472337 2.50878106
670 56 0.70178032 2.90952391
680 56 0.87883728 3.31026676
690 56 1.21107771 3.62270283
700 56 1.58187385 3.91372727
710 56 1.95693753 4.19501579
720 56 2.37205333 4.39453740
730 56 2.78716913 4.59405902
740 56 3.10810334 4.65882964
750 56 3.40576002 4.68812976
760 56 3.70925456 4.73457396
770 56 4.03222094 4.84368272
780 56 4.35561222 4.95369672
790 56 4.67900350 5.06371072
