4260 322 0.00000000 0.00000000
4270 322 0.00000000 0.29597466
4280 322 -0.00000000 0.59194932
4290 322 -0.01354846 0.88180522
4300 322 -0.07730391 1.14751039
4310 322 -0.14213717 1.41413119
4320 322 -0.18242440 1.66268287
4330 322 -0.18563751 1.88716155
4340 322 -0.18976624 2.11056243
4350 322 -0.19233065 2.32706745
4360 322 -0.18396845 2.48325988
4370 322 -0.17560625 2.63945230
4380 322 -0.16616625 2.79472911
4390 322 -0.06809367 2.83481362
4400 322 0.06816462 2.82482966
4410 322 0.20442290 2.81484569
4420 322 0.35713868 2.81222047
4430 322 0.51666923 2.81215627
4440 322 0.67619978 2.81209208
4450 322 0.81132283 2.81606201
