200 375 0.00000000 0.00000000
210 375 -0.00000000 0.04535416
220 375 -0.00072761 0.08949565
230 375 -0.02643638 0.08925311
240 375 -0.06960772 0.05990630
250 375 -0.11253653 0.02958935
260 375 -0.17050254 -0.08076436
270 375 -0.28522190 -0.51247778
280 375 -0.39120996 -0.93376216
290 375 -0.42734777 -1.26336807
300 375 -0.46227290 -1.59370159
310 375 -0.59736524 -1.96866167
320 375 -0.79818474 -2.37345363
330 375 -0.97208279 -2.66328370
340 375 -1.10693259 -2.77945826
350 375 -1.23523394 -2.92182667
360 375 -1.35019582 -3.12167603
370 375 -1.46394503 -3.32225299
380 375 -1.61795515 -3.42775599
390 375 -1.77536078 -3.52380010
