3260 277 0.00000000 0.00000000
3270 277 -0.00000000 0.38863479
3280 277 0.03009252 0.76666579
3290 277 0.05996375 1.14567201
3300 277 0.08801579 1.51913831
3310 277 0.10852091 1.85807863
3320 277 0.12827210 2.19582246
3330 277 0.14802329 2.53356628
3340 277 0.07676873 2.84758346
3350 277 -0.01549784 3.15478190
3360 277 -0.10896091 3.46273425
3370 277 -0.20242398 3.77068661
3380 277 -0.30658089 4.04442433
3390 277 -0.41898977 4.29578114
3400 277 -0.53117736 4.54616274
3410 277 -0.64358623 4.79751954
3420 277 -0.75599511 5.04887635
3430 277 -0.86742878 5.30045444
3440 277 -0.97961636 5.55083604
3450 277 -1.09202524 5.80219285
