0 93 0.00000000 0.00000000
2 93 0.00000000 0.21470911
4 93 -0.09594377 0.52582772
6 93 -0.11131340 0.83415186
8 93 -0.14857311 1.11965442
10 93 -0.16394274 1.42797856
12 93 -0.26920144 1.75679554
14 93 -0.31996780 2.04648983
16 93 -0.45130829 2.33897859
18 93 -0.57193662 2.54670149
20 93 -0.67067486 2.77724598
22 93 -0.84626127 3.04644742
24 93 -0.85743918 3.15356910
26 93 -0.93661608 3.30400519
28 93 -0.89749338 3.35849753
30 93 -0.99856035 3.48611205
32 93 -0.95943765 3.54060438
34 93 -0.98365647 3.62956195
36 93 -1.02557365 3.70920459
38 93 -0.98645094 3.76369692
