224 1 0.00000000 0.00000000
226 1 -0.00000000 0.32649655
228 1 -0.08698407 0.63216594
230 1 -0.10781124 1.04564656
232 1 -0.20153352 1.43707489
234 1 -0.31424528 1.77337247
236 1 -0.37856449 2.17643951
238 1 -0.51057200 2.53570823
240 1 -0.61440158 2.89252670
242 1 -0.71057411 3.25577709
244 1 -0.81317857 3.62668452
246 1 -0.94242955 3.93602929
248 1 -1.08454437 4.26068815
250 1 -1.20613830 4.57646484
252 1 -1.43094925 4.76635964
254 1 -1.55897510 5.08979338
256 1 -1.71272864 5.44385531
258 1 -1.88148999 5.70695150
260 1 -2.05668327 5.97770474
262 1 -2.21686872 6.33942372
