587 18 0.00000000 0.00000000
589 18 0.00000000 0.32062439
591 18 0.00998053 0.64062500
593 18 0.01996105 0.96062561
595 18 -0.07360638 1.22698089
597 18 0.03118914 1.62121166
599 18 -0.06237829 1.88756694
601 18 -0.05115019 2.22752860
603 18 -0.04927885 2.57809457
605 18 -0.02120862 2.86690603
607 18 -0.07922042 3.06090250
609 18 -0.05239776 3.32975291
611 18 -0.01497079 3.60796007
613 18 -0.06487342 3.77139118
615 18 -0.12413279 3.94542660
617 18 -0.14908410 4.02714215
619 18 -0.18214460 4.13942307
621 18 -0.21707644 4.22176241
623 18 -0.23329479 4.28289313
625 18 -0.25824610 4.36460868
