689 27 0.00000000 0.00000000
691 27 -0.00000000 0.29546573
693 27 0.11270342 0.57367058
695 27 0.11168808 0.79298535
697 27 0.21829943 1.00823874
699 27 0.22134546 1.23669163
701 27 0.22337616 1.48748213
703 27 0.13097966 1.74741075
705 27 0.13402569 1.97586364
707 27 0.13605639 2.22665414
709 27 0.03553712 2.46830653
711 27 -0.16245539 2.68762130
713 27 -0.36044789 2.90693607
715 27 -0.65591362 3.10391323
717 27 -0.84375266 3.29682900
719 27 -1.03565309 3.48060665
721 27 -1.41843859 3.62884719
723 27 -1.69562810 3.71921300
725 27 -2.05506064 3.74764270
727 27 -2.50384364 3.77201100
