616 37 0.00000000 0.00000000
618 37 0.00000000 0.40311289
620 37 -0.07690154 0.65862444
622 37 -0.10418918 0.98855683
624 37 -0.12775578 1.33213305
626 37 -0.19349419 1.70919864
628 37 -0.22202217 2.06145729
630 37 -0.34977795 2.26487425
632 37 -0.37458490 2.63077672
634 37 -0.42295844 3.01776509
636 37 -0.57428082 3.24226796
638 37 -0.69831556 3.45932875
640 37 -0.89925183 3.60941078
642 37 -0.98359545 3.91825727
644 37 -1.13119678 4.15640396
646 37 -1.28748055 4.38958926
648 37 -1.46981160 4.52726781
650 37 -1.62237433 4.77409693
652 37 -1.75633184 5.00852258
654 37 -1.93866290 5.14620114
