360 58 0.00000000 0.00000000
362 58 -0.00000000 0.19697716
364 58 0.08833512 0.42035331
366 58 0.09239650 0.62646858
368 58 0.09138115 0.84578336
370 58 0.00507673 1.07017486
372 58 -0.08122769 1.29456636
374 58 -0.17057816 1.48748213
376 58 -0.25688258 1.71187363
378 58 -0.34724839 1.92712702
380 58 -0.43355281 2.15151852
382 58 -0.69449678 2.27843679
384 58 -0.86609028 2.40941645
386 58 -1.20927728 2.47439860
388 58 -1.45499105 2.46322980
390 58 -1.77685579 2.35458776
392 58 -2.01343145 2.24086899
394 58 -2.24594572 2.13628833
396 58 -2.48150603 2.00023195
398 58 -2.77494107 1.85706814
