627 19 0.00000000 0.00000000
629 19 0.00000000 0.08944272
631 19 0.01341641 0.18335757
633 19 -0.10733126 0.16546903
635 19 -0.10285913 0.19677398
637 19 -0.10733126 0.16546903
639 19 -0.22807893 0.10285913
641 19 -0.35777088 0.00000000
643 19 -0.35777088 -0.02236068
645 19 -0.48299068 -0.11627553
647 19 -0.73790243 -0.33541020
649 19 -0.74684670 -0.50982350
651 19 -0.87653865 -0.74684670
653 19 -1.01517486 -0.97939777
655 19 -1.14486680 -1.21642098
657 19 -1.27008661 -1.44449991
659 19 -1.29244729 -1.66810671
661 19 -1.53394263 -1.94985128
663 19 -1.65916244 -2.20029089
665 19 -1.89618564 -2.49545186
