547 17 0.00000000 0.00000000
549 17 0.00000000 0.29681644
551 17 0.00842271 0.59902342
553 17 0.01145489 0.90965311
555 17 0.07411988 1.29406578
557 17 0.08018424 1.61850872
559 17 0.02122524 1.87759141
561 17 0.03032177 2.21584760
563 17 0.03402776 2.56252651
565 17 0.03773376 2.90920542
567 17 -0.06738171 3.22185656
569 17 -0.20753567 3.44084713
571 17 -0.42113570 3.58908689
573 17 -0.55084550 3.92161564
575 17 -0.75905499 4.06143269
577 17 -0.92919381 4.30872358
579 17 -1.09933263 4.55601446
581 17 -1.28328471 4.80633752
583 17 -1.51608852 4.96603218
585 17 -1.65354721 5.32921961
