82 82 0.00000000 0.00000000
84 82 0.00000000 0.36891733
86 82 0.03496718 0.81047967
88 82 0.12631556 1.19186592
90 82 0.23555412 1.49030677
92 82 0.37379648 1.88904108
94 82 0.52450775 2.19642701
96 82 0.68199560 2.60654599
98 82 0.83650176 3.03048920
100 82 0.99507387 3.36850531
102 82 1.19647400 3.80979658
104 82 1.40736135 4.17356371
106 82 1.65565546 4.63220304
108 82 1.87196408 5.00437314
110 82 2.10751821 5.38792790
112 82 2.29888899 5.57387741
114 82 2.51628187 5.87394463
116 82 2.71605562 6.05447288
118 82 2.93886976 6.36294307
120 82 3.14948605 6.56027725
