320 57 0.00000000 0.00000000
322 57 0.00000000 0.28231188
324 57 -0.00247953 0.53309835
326 57 -0.00247953 0.81541024
328 57 -0.00495905 1.06619670
330 57 -0.00602171 1.29466742
332 57 0.20190436 1.47815244
334 57 0.41301839 1.54084905
336 57 0.71374962 1.53305625
338 57 1.11189085 1.47319338
340 57 1.39739069 1.35240499
342 57 1.68430741 1.20930084
344 57 1.87027196 1.03290019
346 57 2.05907024 0.81186805
348 57 2.14939588 0.58906482
350 57 2.25034806 0.34004945
352 57 2.43135354 0.10059796
354 57 2.61625543 -0.12964385
356 57 2.70658106 -0.35244708
358 57 2.70764372 -0.58091780
