154 99 0.00000000 0.00000000
156 99 -0.00000000 0.45011110
158 99 -0.00000000 0.90022219
160 99 -0.06131819 1.29168111
162 99 -0.04198963 1.71135527
164 99 -0.10353000 2.09281665
166 99 -0.09331030 2.55270311
168 99 -0.15462849 2.94416203
170 99 -0.13441126 3.40382632
172 99 -0.19550729 3.80528276
174 99 -0.17506789 4.27494459
176 99 -0.15462849 4.74460641
178 99 -0.19617379 5.12562346
180 99 -0.15640583 5.56484836
182 99 -0.20728216 5.97608016
184 99 -0.16706986 6.43530012
186 99 -0.21772403 6.85652946
188 99 -0.17706740 7.33574448
190 99 -0.21794619 7.74675412
192 99 -0.17684523 8.24596421
