280 56 0.00000000 0.00000000
282 56 -0.00000000 0.35355339
284 56 0.02828427 0.70710678
286 56 0.07071068 0.87681241
288 56 0.14849242 1.22329473
290 56 0.19798990 1.59806133
292 56 0.30405592 1.84554870
294 56 0.45254834 1.99404112
296 56 0.70003571 2.19910209
298 56 0.96166522 2.30516811
300 56 1.18793939 2.31931024
302 56 1.47078210 2.51730014
304 56 1.74655375 2.62336616
306 56 2.02232539 2.72943218
308 56 2.31931024 2.82842712
310 56 2.67286363 2.80014285
312 56 3.07591450 2.86378246
314 56 3.42239682 2.71529004
316 56 3.80423448 2.78600072
318 56 4.11536147 2.65872150
