737 48 0.00000000 0.00000000
739 48 -0.00000000 0.27294688
741 48 0.14874689 0.59462119
743 48 0.14325132 0.89870966
745 48 0.21982299 1.21085831
747 48 0.29639467 1.52300696
749 48 0.29786015 1.80584588
751 48 0.43561590 2.18980337
753 48 0.43854687 2.48253432
755 48 0.51804952 2.81446704
757 48 0.53636810 3.07459091
759 48 0.62429730 3.39516611
761 48 0.57300526 3.59483866
763 48 0.66496455 3.87438023
765 48 0.69170968 4.12314658
767 48 0.71845481 4.37191293
769 48 0.83569374 4.61738194
771 48 0.85950790 4.84636422
773 48 0.90713621 5.03138191
775 48 0.95476453 5.21639959
