264 2 0.00000000 0.00000000
266 2 -0.00000000 0.36124784
268 2 0.09799367 0.75073114
270 2 0.09716321 1.12194443
272 2 0.11792458 1.47488772
274 2 0.13785550 1.83779647
276 2 0.22090098 2.28624206
278 2 0.16443005 2.60264534
280 2 0.24664508 3.06105639
282 2 0.20097006 3.36832466
284 2 0.12124640 3.72292886
286 2 0.14865141 4.11656444
288 2 0.07972366 4.46203363
290 2 -0.06311456 4.73110099
292 2 -0.02574410 5.12556702
294 2 -0.15778641 5.38549937
296 2 -0.21508779 5.71186810
298 2 -0.35875647 5.99090092
300 2 -0.41688831 6.32723511
302 2 -0.64526338 6.53900108
