730 44 0.00000000 0.00000000
732 44 0.00000000 0.22825424
734 44 -0.00394297 0.44292714
736 44 0.01358135 0.68081976
738 44 0.03504864 0.93229373
740 44 0.04775377 1.17894851
742 44 0.08192619 1.44882300
744 44 0.11609861 1.71869750
746 44 0.26549342 1.90357906
748 44 0.38947797 2.05165955
750 44 0.61992276 2.10992791
752 44 0.93536048 2.05516441
754 44 1.16580527 2.11343277
756 44 1.34849628 2.13402385
758 44 1.52330136 2.12745223
760 44 1.75286993 1.97980985
762 44 2.06261225 1.72789777
764 44 2.15549114 1.64202861
766 44 2.43894698 1.37565898
768 44 2.51035858 1.26657010
