464 7 0.00000000 0.00000000
466 7 -0.00000000 0.36124784
468 7 0.06311456 0.83211571
470 7 0.05813184 1.10865716
472 7 0.07391048 1.49731000
474 7 0.05065774 1.82450919
476 7 0.06560593 2.19904431
478 7 0.06892775 2.49634712
480 7 0.07557139 2.85012087
482 7 0.04733592 3.09261367
484 7 0.06643638 3.41732150
486 7 0.08968912 3.69220203
488 7 0.11543322 3.88901982
490 7 0.12872049 3.99448758
492 7 0.16526050 4.13400399
494 7 0.19183506 4.22452356
496 7 0.24498417 4.40556271
498 7 0.27155872 4.49608228
500 7 0.32138601 4.62065050
502 7 0.33384283 4.71200053
