174 101 0.00000000 0.00000000
176 101 0.00000000 0.31048349
178 101 0.01223898 0.62805271
180 101 0.09726765 0.94691024
182 101 0.24993277 1.24773139
184 101 0.39164723 1.62391886
186 101 0.46572524 2.01814271
188 101 0.52820843 2.44650687
190 101 0.68022940 2.86134373
192 101 0.76396976 3.25299096
194 101 0.92049982 3.64592651
196 101 1.09828705 4.00214512
198 101 1.27092102 4.33903904
200 101 1.44935241 4.73648367
202 101 1.63680199 5.09012566
204 101 1.82231910 5.47533132
206 101 1.93955560 5.83734735
208 101 1.97176343 6.19098934
210 101 2.07740512 6.58714566
212 101 2.10510386 6.96268897
