462 63 0.00000000 0.00000000
464 63 0.00000000 0.26925824
466 63 0.00705642 0.55077237
468 63 0.05459443 0.87425365
470 63 0.11995919 1.28538313
472 63 0.14484236 1.65454546
474 63 0.15895521 1.94831549
476 63 0.17306806 2.24208551
478 63 0.14669932 2.49388839
480 63 0.22060606 2.83482503
482 63 0.24177533 3.14085095
484 63 0.23026222 3.37594125
486 63 0.24623202 3.70127948
488 63 0.15227018 3.93488422
490 63 0.11104581 4.20339967
492 63 0.11921641 4.55770638
494 63 0.02525457 4.79131112
496 63 -0.00891338 5.07208247
498 63 -0.06313641 5.38887871
500 63 -0.14744210 5.62508318
