664 12 0.00000000 0.00000000
666 12 0.00000000 0.36674242
668 12 0.01417889 0.67104319
670 12 0.06407767 0.98025203
672 12 0.14969635 1.29436896
674 12 0.20832060 1.62157409
676 12 0.26340013 1.87270403
678 12 0.34874613 2.20917997
680 12 0.43845487 2.55465405
682 12 0.55161331 2.81096474
684 12 0.70376370 3.17061771
686 12 0.89272466 3.44574269
688 12 1.05932661 3.72059500
690 12 1.22920060 4.09388152
692 12 1.33090687 4.18904368
694 12 1.35653793 4.28775056
696 12 1.33090687 4.18904368
698 12 1.30527580 4.09033679
700 12 1.22374719 3.80757703
702 12 1.13322043 3.52918000
