134 100 0.00000000 0.00000000
136 100 0.00000000 0.24515301
138 100 -0.04160667 0.54292622
140 100 0.00244745 0.91983369
142 100 -0.01427680 1.29429370
144 100 -0.01917170 1.66100345
146 100 -0.03793549 2.04525326
148 100 -0.04486994 2.42175281
150 100 -0.06771281 2.82558224
152 100 -0.05506765 3.20616087
154 100 -0.09912177 3.56471245
156 100 -0.22475759 3.82455017
158 100 -0.29777321 4.12599456
160 100 -0.42340903 4.38583228
162 100 -0.54129459 4.65749935
164 100 -0.66693041 4.91733707
166 100 -0.79460577 5.18696459
168 100 -0.87170048 5.50798859
170 100 -0.96062454 5.83676284
172 100 -1.09033944 6.11618017
