16010 366 0.00000000 0.00000000
16020 366 0.00000000 0.52239832
16030 366 0.01473971 1.09360996
16040 366 0.10719790 1.63725643
16050 366 0.20961017 2.17994577
16060 366 0.27412033 2.74637180
16070 366 0.35949580 3.32083766
16080 366 0.35624158 3.91387173
16090 366 0.33020780 4.47895778
16100 366 0.35777298 5.07907457
16110 366 0.32561361 5.68493411
16120 366 0.37117271 6.26322847
16130 366 0.43759712 6.84956267
16140 366 0.49598169 7.45676218
16150 366 0.61083658 8.12885470
16160 366 0.68530083 8.69432359
16170 366 0.67687814 9.33808524
16180 366 0.72301152 10.02683172
16190 366 0.69506350 10.57200959
16200 366 0.73775123 11.12044168
16010 365 0.55742906 -0.05359895
16020 365 0.61715360 0.46305662
16030 365 0.74043118 1.01378581
16040 365 0.75612801 1.59495154
16050 365 0.80972696 2.15238060
16060 365 0.88227696 2.69794132
16070 365 0.88993396 3.29997236
16080 365 0.93932156 3.91808308
16090 365 0.92419900 4.49216609
16100 365 0.94181008 5.09324001
16110 365 1.01818858 5.67861709
16120 365 1.02105995 6.23087767
16130 365 1.01397724 6.78409538
16140 365 1.06853331 7.35147853
16150 365 1.10662685 8.06109031
16160 365 1.19583081 8.67537254
16170 365 1.27316643 9.27070371
16180 365 1.26187237 9.88460308
16190 365 1.26799796 10.36622791
16200 365 1.36007330 11.01037241
16040 367 0.82102102 -1.59590867
16050 367 0.81527828 -1.13323489
16060 367 0.78924451 -0.56814885
16070 367 0.70578329 -0.07790990
16080 367 0.64797299 0.47013934
16090 367 0.60107391 1.02718555
16100 367 0.60298816 1.56949204
16110 367 0.63667893 2.12883535
16120 367 0.43625715 2.76092008
16130 367 0.63591323 3.37462803
16140 367 0.67534674 3.99369588
16150 367 0.74464252 4.60989235
16160 367 0.82293527 5.21517761
16170 367 0.86428303 5.85415364
16180 367 0.93453594 6.48030420
16190 367 0.95788977 7.14110266
16200 367 1.01110586 7.79902974
16210 367 1.05245362 8.43800577
16220 367 1.08767579 9.11775528
16230 367 1.29173464 9.88173171
16160 375 1.10662685 -0.29728274
16170 375 1.16060864 0.15964829
16180 375 1.17285983 0.60049964
16190 375 1.19410799 1.03043977
16200 375 1.25096115 1.51723307
16210 375 1.19219374 2.05532822
16220 375 1.23201010 2.57389804
16230 375 1.32638253 3.13745269
16240 375 1.35949902 3.58634388
16250 375 1.39797541 4.19545763
16260 375 1.52737859 4.70541334
16270 375 1.57906328 5.24293421
16280 375 1.56489785 5.82697132
16290 375 1.69200392 6.41751687
16300 375 1.76551105 6.97303167
16310 375 1.75038849 7.54711469
16320 375 1.68396408 8.00557712
16330 375 1.70674364 8.55592345
16340 375 1.79211910 9.13038932
16350 375 1.88170591 9.64417352
16160 376 0.37174699 -0.41749752
16170 376 0.42668591 0.04938760
16180 376 0.43185438 0.52105834
16190 376 0.45405966 0.96095256
16200 376 0.50995570 1.43779177
16210 376 0.52603539 1.91845948
16220 376 0.58671705 2.44506914
16230 376 0.67534674 2.94889925
16240 376 0.72703144 3.48642012
16250 376 0.83748356 4.00824417
16260 376 0.93798159 4.53102533
16270 376 0.97167235 5.09036863
16280 376 1.00536312 5.64971194
16290 376 1.02718555 6.19010419
16300 376 1.06087632 6.74944749
16310 376 1.08461299 7.30974792
16320 376 1.16807421 7.86430560
16330 376 1.22167316 8.42173466
16340 376 1.26818939 9.00998311
16350 376 1.30762290 9.62905096
16160 377 -0.21745859 -0.38093538
16170 377 -0.17055951 0.10681505
16180 377 -0.14643998 0.56661745
16190 377 -0.18721347 1.08289017
16200 377 -0.11753484 1.59858862
16210 377 -0.03885924 2.10337585
16220 377 0.02182243 2.62998551
16230 377 0.13131742 3.14185546
16240 377 0.18108787 3.65946816
16250 377 0.19391334 4.21077162
16260 377 0.25842350 4.77719764
16270 377 0.27029184 5.31854701
16280 377 0.31393669 5.87693319
16290 377 0.38457245 6.40258573
16300 377 0.39031519 6.98470859
16310 377 0.43300293 7.53314068
16320 377 0.47664779 8.09152686
16330 377 0.50517008 8.70159774
16340 377 0.57446586 9.31779421
16350 377 0.56030043 9.90183132
