10260 230 0.00000000 0.00000000
10270 230 0.00000000 0.58523500
10280 230 0.03537041 1.14928192
10290 230 0.15310089 1.70922793
10300 230 0.20299538 2.32111888
10310 230 0.31867541 2.83988485
10320 230 0.49005955 3.40444439
10330 230 0.60984050 4.00557044
10340 230 0.87520398 4.60430429
10350 230 1.12108812 5.10444526
10360 230 1.34527157 5.70522957
10370 230 1.66189652 6.16299440
10380 230 1.88488386 6.69098743
10390 230 2.09249278 7.20274767
10400 230 2.34504090 7.69041502
10410 230 2.52308903 8.24250094
10420 230 2.74693074 8.73888274
10430 230 3.00904767 9.22364527
10440 230 3.23784465 9.77077592
10450 230 3.53823680 10.24391919
10080 226 0.60796091 -0.37267081
10090 226 0.83146087 0.01930848
10100 226 0.97003768 0.51022239
10110 226 1.10280486 0.98199869
10120 226 1.18482320 1.45873026
10130 226 1.20481517 2.00654439
10140 226 1.31092639 2.52821518
10150 226 1.40832316 3.02117955
10160 226 1.46744471 3.52576318
10170 226 1.57441029 4.01582273
10180 226 1.65352381 4.48298550
10190 226 1.70393091 4.95886272
10200 226 1.82422447 5.42397503
10210 226 1.83345153 5.90190270
10220 226 1.84643777 6.35778795
10230 226 1.90265450 6.85280277
10240 226 1.95015679 7.31911118
10250 226 2.07796870 7.74013864
10260 226 2.28147669 8.16953879
10270 226 2.50241358 8.65635179
