500 25 0.00000000 0.00000000
510 25 0.00000000 0.31112698
520 25 0.04949747 0.58689863
530 25 0.07071068 0.89095454
540 25 0.16263456 1.18086832
550 25 0.31112698 1.47078210
560 25 0.43840620 1.76776695
570 25 0.67175144 1.98697006
580 25 0.86267027 2.23445743
590 25 1.10308658 2.43244733
600 25 1.34350288 2.65872150
610 25 1.55563492 2.92742207
620 25 1.85969083 3.17490945
630 25 2.08596500 3.51432070
640 25 2.34052345 3.81130555
650 25 2.58093975 4.12243253
660 25 2.78600072 4.44063059
670 25 3.04763023 4.75882864
680 25 3.24562013 5.12652416
690 25 3.47896536 5.43058008
500 24 -0.57275649 0.75660426
510 24 -0.47376154 1.09601551
520 24 -0.40305087 1.36471609
530 24 -0.33234019 1.60513239
540 24 -0.15556349 1.81019336
550 24 0.00707107 2.02939646
560 24 0.19798990 2.31931024
570 24 0.43133514 2.53851334
580 24 0.64346717 2.79307179
590 24 0.78488853 3.13248304
600 24 0.96166522 3.42239682
610 24 1.19501046 3.74059487
620 24 1.39300036 4.06586399
630 24 1.61927453 4.39113311
640 24 1.83847763 4.66690476
650 24 2.02939646 4.98510281
660 24 2.23445743 5.28915872
670 24 2.48901587 5.55785930
680 24 2.74357431 5.86898628
690 24 3.01934596 6.28617928
590 28 -1.64048773 0.35355339
600 28 -1.43542677 0.61518290
610 28 -1.26572114 0.91216775
620 28 -1.03944697 1.20915260
630 28 -0.82024387 1.48492424
640 28 -0.65053824 1.81019336
650 28 -0.44547727 2.07182287
660 28 -0.17677670 2.32638131
670 28 0.03535534 2.60922402
680 28 0.24748737 2.89206674
690 28 0.50204581 3.14662518
700 28 0.72831998 3.40118362
710 28 0.93338095 3.74766594
720 28 1.23036580 4.07293506
730 28 1.54856385 4.34870670
740 28 1.90918831 4.68104689
750 28 2.31223917 4.95681854
760 28 2.71529004 5.26087445
770 28 3.10419877 5.64978318
780 28 3.51432070 6.00333657
