4430 108 0.00000000 0.00000000
4440 108 0.00000000 0.16278821
4450 108 -0.04484354 0.34769104
4460 108 -0.16770257 0.56883728
4470 108 -0.25186100 0.74636857
4480 108 -0.29179018 1.01358694
4490 108 -0.31083333 1.22367587
4500 108 -0.40236330 1.44052205
4510 108 -0.55655138 1.66596836
4520 108 -0.64439558 1.86315709
4530 108 -0.70029643 2.10703225
4540 108 -0.73899703 2.31343541
4550 108 -0.89072792 2.58003949
4560 108 -1.07993082 2.82944331
4570 108 -1.08054511 3.10403323
4580 108 -1.06825921 3.30982209
4590 108 -1.16470354 3.60714093
4600 108 -1.29309122 3.85777333
4610 108 -1.32196309 4.06601938
4620 108 -1.30906289 4.32279474
4430 106 -1.42946474 1.00375822
4440 106 -1.42946474 1.00375822
4450 106 -1.42946474 1.00375822
4460 106 -1.42946474 1.00375822
4470 106 -1.42946474 1.00375822
4480 106 -1.42946474 1.00375822
4490 106 -1.42946474 1.00375822
4500 106 -1.42946474 1.00375822
4510 106 -1.42946474 1.00375822
4520 106 -1.42946474 1.00375822
4530 106 -1.42946474 1.00375822
4540 106 -1.42946474 1.00375822
4550 106 -1.42946474 1.00375822
4560 106 -1.42946474 1.00375822
4570 106 -1.42946474 1.00375822
4580 106 -1.42946474 1.00375822
4590 106 -1.42946474 1.00375822
4600 106 -1.42946474 1.00375822
4610 106 -1.42946474 1.00375822
4620 106 -1.42946474 1.00375822
4430 110 0.67265315 0.15664525
4440 110 0.66651020 0.29793313
4450 110 0.63149538 0.48467885
4460 110 0.56576580 0.72671112
4470 110 0.49942193 0.91775690
4480 110 0.43184947 1.16961790
4490 110 0.39253458 1.32503457
4500 110 0.20763175 1.60576744
4510 110 0.21193182 1.79988469
4520 110 0.16524539 1.99461624
4530 110 0.00921443 2.22989127
4540 110 -0.08047266 2.43690873
4550 110 -0.23404644 2.71334153
4560 110 -0.33909090 2.94800227
4570 110 -0.39929183 3.16054838
4580 110 -0.39929183 3.32333658
4590 110 -0.52153655 3.59546932
4600 110 -0.62658102 3.83013005
4610 110 -0.65238141 4.13052037
4620 110 -0.70091073 4.33508064
