9500 194 0.00000000 0.00000000
9510 194 -0.00000000 0.64280635
9520 194 -0.02582426 1.13253393
9530 194 0.00248909 1.68760001
9540 194 0.02520199 2.30240415
9550 194 -0.01088975 2.90165150
9560 194 -0.00808953 3.51458882
9570 194 -0.04324786 4.10387983
9580 194 -0.07218348 4.73392961
9590 194 -0.05849351 5.33784399
9600 194 -0.12258746 5.91437844
9610 194 -0.18294779 6.45108751
9620 194 -0.27504395 7.00490905
9630 194 -0.43776792 7.56215308
9640 194 -0.55786630 8.09326172
9650 194 -0.68698762 8.61348060
9660 194 -0.78717331 9.14645604
9670 194 -0.88486992 9.76001564
9680 194 -0.98474448 10.18253791
9690 194 -0.99625650 10.73387036
9400 183 -0.45985856 -0.98723356
9410 183 -0.48163806 -0.32638134
9420 183 -0.35562810 0.25793149
9430 183 -0.21406136 0.78343968
9440 183 -0.29775686 1.24765414
9450 183 -0.31113570 1.81889928
9460 183 -0.21312795 2.38049921
9470 183 -0.20223820 3.01428262
9480 183 -0.18512574 3.68882481
9490 183 -0.13067699 4.28651648
9500 183 -0.11138658 4.83069281
9510 183 -0.11418680 5.50336818
9520 183 -0.15867920 6.19222261
9530 183 -0.23366291 6.77777999
9540 183 -0.19477095 7.43427631
9550 183 -0.27006578 8.13028686
9560 183 -0.37958555 8.76282573
9570 183 -0.33073724 9.42025546
9580 183 -0.51181822 10.06617316
9590 183 -0.58586851 10.64177420
9400 184 0.23552972 -0.69103238
9410 184 0.20939432 -0.09085162
9420 184 0.21872839 0.45239130
9430 184 0.33851564 0.99594536
9440 184 0.29308983 1.69475613
9450 184 0.28437803 2.21621956
9460 184 0.29620118 2.84004663
9470 184 0.34038245 3.54725807
9480 184 0.35593924 4.13125977
9490 184 0.35064993 4.72335100
9500 184 0.33260406 5.34437784
9510 184 0.38425258 5.97193854
9520 184 0.36714012 6.58300905
9530 184 0.31549160 7.24106104
9540 184 0.34536062 7.88666761
9550 184 0.29837913 8.49493790
9560 184 0.19259300 9.08765140
9570 184 0.20503842 9.81197530
9580 184 0.11356453 10.46629367
9590 184 0.05942692 11.04376152
9500 195 0.53546453 -0.14063333
9510 195 0.54728769 0.48319374
9520 195 0.53484226 1.04448253
9530 195 0.56502242 1.57963593
9540 195 0.56346674 2.13190179
9550 195 0.49097213 2.79804331
9560 195 0.49470576 3.40102429
9570 195 0.46950376 3.99124870
9580 195 0.43434543 4.58053971
9590 195 0.41101025 5.15085144
9600 195 0.33882677 5.70653979
9610 195 0.24859742 6.24044865
9620 195 0.15556785 6.80422653
9630 195 0.02084609 7.38418346
9640 195 -0.04231445 7.95076157
9650 195 -0.13627743 8.52449579
9660 195 -0.20846092 9.08018414
9670 195 -0.28500030 9.57520103
9680 195 -0.43714565 10.23387530
9690 195 -0.49470576 10.74071535
9550 200 0.36994034 -0.83913297
9560 200 0.29962367 -0.30335730
9570 200 0.31704727 0.26073171
9580 200 0.33820450 0.78499536
9590 200 0.28686711 1.33259418
9600 200 0.23988562 1.94086447
9610 200 0.16676873 2.50650916
9620 200 0.12445428 3.06499774
9630 200 0.14001106 3.64899944
9640 200 0.03515833 4.23175660
9650 200 -0.12756564 4.78900063
9660 200 -0.26508761 5.39882659
9670 200 -0.42967840 5.97598331
9680 200 -0.53888702 6.49806900
9690 200 -0.60111416 7.05469076
9700 200 -0.76228245 7.70247528
9710 200 -0.75450406 8.15517772
9720 200 -0.67080856 8.65517278
9730 200 -0.79464057 9.22610678
9740 200 -0.83508821 9.76468267
9550 201 1.14964640 -0.90664942
9560 201 1.05568342 -0.33291519
9570 201 1.03514846 0.20752751
9580 201 1.05537228 0.74174750
9590 201 1.00403489 1.28934632
9600 201 0.92811778 1.88486004
9610 201 0.91473895 2.45610518
9620 201 0.86433496 2.99374766
9630 201 0.73956955 3.57463801
9640 201 0.65556291 4.14930564
9650 201 0.49377235 4.69659333
9660 201 0.45208017 5.35557873
9670 201 0.38549713 5.85152903
9680 201 0.19663776 6.36614747
9690 201 0.16956895 6.97628457
9700 201 0.16707987 7.53850677
9710 201 0.09769661 8.06432610
9720 201 0.10516387 8.62748170
9730 201 0.05382648 9.17508053
9740 201 -0.08525118 9.69436600
