9260 174 0.00000000 0.00000000
9270 174 -0.00000000 0.46010868
9280 174 0.02086464 0.95977324
9290 174 -0.01825656 1.46074183
9300 174 0.00260808 1.96040639
9310 174 0.03347035 2.45985360
9320 174 -0.02499409 2.99124979
9330 174 0.00630286 3.51069228
9340 174 0.02716749 4.01035683
9350 174 0.01890858 4.55066396
9360 174 0.10062840 5.08901503
9370 174 0.10236712 5.62910481
9380 174 0.09454288 6.18940721
9390 174 0.14648713 6.73840794
9400 174 0.11823294 7.27914974
9410 174 0.06911411 7.78033568
9420 174 0.12953461 8.25913560
9430 174 0.16104891 8.78857572
9440 174 0.21168912 9.27759062
9450 174 0.33296481 9.79507705
9260 175 -0.69613987 -0.27493504
9270 175 -0.67527524 0.22472951
9280 175 -0.65462794 0.71439643
9290 175 -0.63332863 1.23405626
9300 175 -0.65245454 1.73459017
9310 175 -0.60181433 2.22360507
9320 175 -0.57073472 2.73304992
9330 175 -0.61963621 3.24423349
9340 175 -0.62832981 3.76454534
9350 175 -0.71722185 4.27659828
9360 175 -0.77503428 4.83798738
9370 175 -0.76329792 5.37785982
9380 175 -0.82089301 5.94924656
9390 175 -0.70918027 6.48694561
9400 175 -0.65788804 7.00595342
9410 175 -0.49683914 7.51257285
9420 175 -0.45750060 7.94181926
9430 175 -0.31709899 8.41888046
9440 175 -0.18712970 8.87616373
9450 175 -0.15822349 9.28563220
9420 187 -0.78068512 -0.94325540
9430 187 -0.80720059 -0.32253249
9440 187 -0.85479804 0.24863691
9450 187 -0.92239077 0.82024099
9460 187 -0.91956535 1.41031896
9470 187 -0.92630288 2.02060955
9480 187 -0.84067094 2.73891810
9490 187 -0.67788332 3.32551864
9500 187 -0.58399246 3.96362874
9510 187 -0.45989134 4.61108447
9520 187 -0.39577606 5.25984423
9530 187 -0.36100166 5.93924893
9540 187 -0.29601702 6.62799924
9550 187 -0.24124735 7.30696926
9560 187 -0.17648004 7.98572193
9570 187 -0.08258918 8.62383204
9580 187 -0.09584692 9.39430218
9590 187 -0.10149776 10.05458096
9600 187 -0.07932908 10.61423134
9610 187 -0.19256320 11.38687487
