13180 317 0.00000000 0.00000000
13190 317 -0.00000000 0.48507731
13200 317 0.13090697 0.95737316
13210 317 0.18883588 1.38637694
13220 317 0.18141438 1.84238672
13230 317 0.27335849 2.28334735
13240 317 0.34571809 2.68802511
13250 317 0.36489029 3.12692422
13260 317 0.43250837 3.55345417
13270 317 0.56568302 3.99420865
13280 317 0.59660593 4.35786202
13290 317 0.55228310 4.70976468
13300 317 0.50033261 4.99136928
13310 317 0.46508050 5.21710649
13320 317 0.25769088 5.45583132
13330 317 0.09874715 5.68218699
13340 317 -0.01958451 5.78464489
13350 317 -0.19873121 5.85102606
13360 317 -0.23748792 5.86092139
13370 317 -0.08493491 5.81165089
13170 315 0.39849318 -0.33912120
13180 315 0.51002179 0.13812231
13190 315 0.51496946 0.64257798
13200 315 0.40797620 1.07240637
13210 315 0.49249881 1.48429947
13220 315 0.66443017 1.91515862
13230 315 0.74441742 2.39013445
13240 315 0.74895278 2.81212904
13250 315 0.89408428 3.21886833
13260 315 1.03220659 3.67900116
13270 315 1.01262208 4.12779560
13280 315 1.06560333 4.53742102
13290 315 1.20125181 4.98786468
13300 315 1.10147390 5.40553006
13310 315 0.96025930 5.78217105
13320 315 0.86068754 6.24106697
13330 315 0.66731630 6.37300470
13340 315 0.48548962 6.38846616
13350 315 0.37643484 6.40598914
13360 315 0.36427183 6.39877379
