10060 223 0.00000000 0.00000000
10070 223 0.00000000 0.38470768
10080 223 -0.26097737 0.81932339
10090 223 -0.34935616 1.25081984
10100 223 -0.39146606 1.70986968
10110 223 -0.49128211 2.14968414
10120 223 -0.61761179 2.56506446
10130 223 -0.60097578 2.97264665
10140 223 -0.71846759 3.46028963
10150 223 -0.80320725 3.93285623
10160 223 -0.81204513 4.43765509
10170 223 -0.89522517 4.90034406
10180 223 -0.99660084 5.35003615
10190 223 -1.07302251 5.83404000
10200 223 -1.21858757 6.30712647
10210 223 -1.39274578 6.70483103
10220 223 -1.51387671 7.15140387
10230 223 -1.63188839 7.57822145
10240 223 -1.78733109 8.04974829
10250 223 -1.86687200 8.55350740
10070 224 1.00491885 0.04730865
10080 224 0.89158605 0.44449333
10090 224 0.67583782 0.78501162
10100 224 0.58070065 1.19519319
10110 224 0.52195475 1.63136852
10120 224 0.27033513 2.00671845
10130 224 0.17207871 2.43665527
10140 224 0.13724706 2.97784540
10150 224 -0.05666640 3.37243071
10160 224 -0.16480045 3.80080792
10170 224 -0.16168120 4.35811418
10180 224 -0.33064066 4.78701126
10190 224 -0.50791811 5.20447108
10200 224 -0.55678639 5.83455987
10210 224 -0.67323844 6.25149982
10220 224 -0.94461332 6.62373050
10230 224 -1.02467411 7.06666420
10240 224 -1.09641689 7.52103517
10250 224 -1.31268499 7.99308189
10260 224 -1.26225709 8.50723851
10110 227 -0.24850037 0.16324083
10120 227 -0.41330082 0.69403345
10130 227 -0.52091500 1.18323606
10140 227 -0.78813087 1.65736228
10150 227 -0.93369594 2.13044875
10160 227 -0.94409344 2.64512525
10170 227 -1.03351199 3.14732473
10180 227 -1.01999523 3.57466218
10190 227 -0.98516359 3.99524126
10200 227 -1.15880192 4.45377122
10210 227 -1.29604899 4.93829495
10220 227 -1.39690478 5.44881244
10230 227 -1.61993126 5.89954428
10240 227 -1.74626095 6.31492460
10250 227 -1.76705596 6.76721606
10260 227 -1.81956336 7.16388087
10270 227 -1.87155088 7.62137109
10280 227 -1.83931862 8.12253083
10290 227 -1.82424223 8.53999065
10300 227 -1.89390552 9.04530939
