4430 110 0.00000000 0.00000000
4440 110 0.00000000 0.14142136
4450 110 -0.02687006 0.32951176
4460 110 -0.08202439 0.57417071
4470 110 -0.14000714 0.76791796
4480 110 -0.19657569 1.02247641
4490 110 -0.22910260 1.17945411
4500 110 -0.40163665 1.46795368
4510 110 -0.38890873 1.66170094
4520 110 -0.42709250 1.85827662
4530 110 -0.57275649 2.10010714
4540 110 -0.65336667 2.31082496
4550 110 -0.79478802 2.59366767
4560 110 -0.88954033 2.83266977
4570 110 -0.94045202 3.04763023
4580 110 -0.93338095 3.21026479
4590 110 -1.04368961 3.48745064
4600 110 -1.13844192 3.72645274
4610 110 -1.15116984 4.02768023
4620 110 -1.19076782 4.23415541
4430 108 -0.67882251 -0.12727922
4440 108 -0.67175144 0.03535534
4450 108 -0.70852099 0.22203153
4460 108 -0.82165808 0.44830570
4470 108 -0.89802561 0.62932504
4480 108 -0.92630988 0.89802561
4490 108 -0.93620938 1.10874343
4500 108 -1.01823376 1.32936075
4510 108 -1.16248355 1.56129177
4520 108 -1.24167951 1.76211010
4530 108 -1.28693434 2.00818326
4540 108 -1.31663283 2.21607265
4550 108 -1.45663997 2.48901587
4560 108 -1.63483088 2.74640274
4570 108 -1.62351717 3.02076017
4580 108 -1.60230397 3.22582114
4590 108 -1.68574257 3.52704862
4600 108 -1.80312229 3.78302128
4610 108 -1.82292128 3.99232489
4620 108 -1.79887965 4.24829754
