6890 143 0.00000000 0.00000000
6900 143 0.00000000 0.41000000
6910 143 0.01000000 0.88000000
6920 143 0.21000000 1.39000000
6930 143 0.36000000 1.87000000
6940 143 0.40000000 2.44000000
6950 143 0.48000000 2.92000000
6960 143 0.53000000 3.38000000
6970 143 0.56000000 3.93000000
6980 143 0.57000000 4.42000000
6990 143 0.64000000 4.97000000
7000 143 0.67000000 5.52000000
7010 143 0.70000000 5.98000000
7020 143 0.76000000 6.49000000
7030 143 0.78000000 7.03000000
7040 143 0.72000000 7.51000000
7050 143 0.71000000 8.07000000
7060 143 0.61000000 8.55000000
7070 143 0.64000000 9.06000000
7080 143 0.71000000 9.56000000
6890 142 0.51000000 -0.14000000
6900 142 0.51000000 0.24000000
6910 142 0.50000000 0.70000000
6920 142 0.73000000 1.21000000
6930 142 0.90000000 1.69000000
6940 142 1.12000000 2.17000000
6950 142 1.22000000 2.67000000
6960 142 1.19000000 3.18000000
6970 142 1.24000000 3.85000000
6980 142 1.28000000 4.34000000
6990 142 1.23000000 4.87000000
7000 142 1.27000000 5.48000000
7010 142 1.24000000 6.04000000
7020 142 1.16000000 6.60000000
7030 142 1.25000000 7.15000000
7040 142 1.36000000 7.55000000
7050 142 1.35000000 8.08000000
7060 142 1.32000000 8.68000000
7070 142 1.36000000 9.09000000
7080 142 1.29000000 9.62000000
