12700 296 0.00000000 0.00000000
12710 296 0.00000000 0.60207973
12720 296 0.01910046 1.21578583
12730 296 -0.04982729 1.92250286
12740 296 -0.05481002 2.58437533
12750 296 -0.11792458 3.22133416
12760 296 -0.11211140 3.87407164
12770 296 -0.10463730 4.50687819
12780 296 -0.19183506 5.19200340
12790 296 -0.17937824 5.88543316
12800 296 -0.28650691 6.56889746
12810 296 -0.32636874 7.28807131
12820 296 -0.32221646 8.08115564
12830 296 -0.40277058 8.80697314
12840 296 -0.36456966 9.55272155
12850 296 -0.42021013 10.22040721
12860 296 -0.44595423 10.89058423
12870 296 -0.41273603 11.57570944
12880 296 -0.49162924 12.28159602
12890 296 -0.45176741 13.00741351
12700 297 -0.56304835 -0.10712867
12710 297 -0.55308290 0.49578151
12720 297 -0.58380972 1.10533534
12730 297 -0.67266839 1.81039146
12740 297 -0.70588658 2.44984166
12750 297 -0.74990068 3.09842685
12760 297 -0.87363845 3.86078436
12770 297 -0.88775618 4.51186092
12780 297 -0.94173574 5.15961566
12790 297 -0.94754893 5.83145360
12800 297 -1.03391622 6.50661335
12810 297 -0.99322394 7.22246538
12820 297 -0.94754893 7.87852467
12830 297 -0.95087074 8.64088218
12840 297 -1.01481576 9.40822241
12850 297 -1.06630396 10.14649673
12860 297 -1.03308577 10.83162194
12870 297 -1.03059440 11.52422124
12880 297 -1.18339809 12.27412192
12890 297 -1.18256763 12.98665214
