15910 360 0.00000000 0.00000000
15920 360 0.00000000 0.48259714
15930 360 0.13075088 1.06216958
15940 360 0.12909318 1.62537225
15950 360 0.10174117 2.23146784
15960 360 0.23000551 2.69065001
15970 360 0.20472562 3.31663797
15980 360 0.18690538 3.82119960
15990 360 0.26481715 4.37611379
16000 360 0.25424933 4.95029871
16010 360 0.27621382 5.45071609
16020 360 0.39909064 6.05121696
16030 360 0.42146955 6.65213225
16040 360 0.52818382 7.19399207
16050 360 0.63593415 7.74579807
16060 360 0.63800627 8.24828758
16070 360 0.77828890 8.72632605
16080 360 0.89184117 9.23731126
16090 360 0.92686003 9.76653114
16100 360 1.12785583 10.24829943
15900 359 -0.91256239 -0.26688927
15910 359 -0.95193270 0.32035001
15920 359 -0.81641594 0.84915547
15930 359 -0.82491164 1.44323275
15940 359 -0.79983897 1.97348869
15950 359 -0.67551167 2.68443364
15960 359 -0.73311665 3.19313952
15970 359 -0.64733081 3.72712528
15980 359 -0.59925759 4.28514764
15990 359 -0.66950252 4.86554893
16000 359 -0.54185982 5.41528281
16010 359 -0.42789313 6.02676592
16020 359 -0.36780160 6.60364460
16030 359 -0.17467986 7.10634132
16040 359 -0.03232510 7.60427216
16050 359 0.04247849 8.12934780
16060 359 0.18483325 8.62727864
16070 359 0.29154752 9.16913846
16080 359 0.32345820 9.66851978
16090 359 0.49461545 10.15339626
