16040 368 0.00000000 0.00000000
16050 368 -0.00000000 0.54817880
16060 368 0.08190758 1.05403565
16070 368 0.18935428 1.65657628
16080 368 0.24791181 2.23065904
16090 368 0.29114588 2.74673153
16100 368 0.33547448 3.34525886
16110 368 0.40534220 4.04046999
16120 368 0.58338629 4.47956029
16130 368 0.71016974 5.07699310
16140 368 0.83895984 5.64286686
16150 368 0.99876171 6.16951984
16160 368 1.20654063 6.83864458
16170 368 1.37601089 7.36274365
16180 368 1.55168349 7.98863432
16190 368 1.73957839 8.62163946
16200 368 1.92710844 9.40988592
16210 368 1.99880038 9.87706925
16220 368 2.21132228 10.72077207
16230 368 2.38808942 11.42911759
16010 365 -0.60144609 1.83443795
16020 365 -0.45897433 2.33463971
16030 365 -0.24827666 2.85819151
16040 365 -0.13882332 3.42917309
16050 365 0.00419571 3.97060227
16060 365 0.16399759 4.49725525
16070 365 0.26889037 5.09012750
16080 365 0.41756449 5.69212086
16090 365 0.49545878 6.26109580
16100 365 0.61001994 6.85141414
16110 365 0.78003746 7.41674063
16120 365 0.87216068 7.96127099
16130 365 0.95461553 8.50835526
16140 365 1.10018847 9.05945282
16150 365 1.25251104 9.75356940
16160 365 1.43985867 10.34534712
16170 365 1.61243010 10.92034199
16180 365 1.70054003 11.52799044
16190 365 1.78445426 12.00228824
16200 365 1.97946362 12.62307109
16040 367 -0.59068318 0.26980248
16050 367 -0.52154516 0.72731743
16060 367 -0.45587315 1.28917790
16070 367 -0.45897433 1.78646090
16080 367 -0.42741529 2.33664635
16090 367 -0.38363395 2.89394627
16100 367 -0.29406464 3.42880825
16110 367 -0.17038236 3.97534525
16120 367 -0.26597161 4.63151801
16130 367 0.03028209 5.20487108
16140 367 0.16928783 5.80941836
16150 367 0.33729870 6.40630389
16160 367 0.51242405 6.99096714
16170 367 0.65653761 7.61485117
16180 367 0.82710239 8.22140509
16190 367 0.95698702 8.86973370
16200 367 1.11587678 9.51040057
16210 367 1.25999035 10.13428460
16220 367 1.40465118 10.79939605
16230 367 1.72954517 11.52032871
16160 375 -0.09887285 1.50516582
16170 375 0.02827545 1.94735731
16180 375 0.11164241 2.38042769
16190 375 0.20212383 2.80127577
16200 375 0.33693386 3.27247239
16210 375 0.36593899 3.81298946
16220 375 0.48907400 4.31829904
16230 375 0.67332045 4.85918096
16240 375 0.77857808 5.29681189
16250 375 0.91502991 5.89169078
16260 375 1.12518032 6.37401516
16270 375 1.26309152 6.89610758
16280 375 1.34353973 7.47475090
16290 375 1.56445305 8.03697621
16300 375 1.72680883 8.57329757
16310 375 1.80470313 9.14227251
16320 375 1.81327697 9.60544255
16330 375 1.92473696 10.14486509
16340 375 2.10186894 10.69796929
16350 375 2.27334584 11.19050931
16160 376 -0.84352039 1.50534825
16170 376 -0.71381819 1.95720811
16180 376 -0.63245787 2.42183753
16190 376 -0.53942254 2.85235400
16200 376 -0.40716642 3.31388224
16210 376 -0.31358381 3.78562613
16220 376 -0.16855814 4.29549626
16230 376 0.00036484 4.77836791
16240 376 0.13827605 5.30046033
16250 376 0.33164362 5.79756091
16260 376 0.51534280 6.29721540
16270 376 0.63902507 6.84375240
16280 376 0.76270735 7.39028941
16290 376 0.87161342 7.92004356
16300 376 0.99529569 8.46658057
16310 376 1.10930958 9.01567148
16320 376 1.28133375 9.54943893
16330 376 1.42435278 10.09086811
16340 376 1.56536516 10.66385633
16350 376 1.70437090 11.26840361
16160 377 -1.41906253 1.63669225
16170 377 -1.29392088 2.11044279
16180 377 -1.19577772 2.56029601
16190 377 -1.15254365 3.07636850
16200 377 -1.00040351 3.57401634
16210 377 -0.84114891 4.05944190
16220 377 -0.69612323 4.56931203
16230 377 -0.50530958 5.05674423
16240 377 -0.37250619 5.55949990
16250 377 -0.27071459 6.10147635
16260 377 -0.11547327 6.65001999
16270 377 -0.01623558 7.18232806
16280 377 0.11711507 7.72631115
16290 377 0.27180912 8.23362738
16300 377 0.37159408 8.80716287
16310 377 0.50239082 9.34147758
16320 377 0.63574147 9.88546068
16330 377 0.76252492 10.48289348
16340 377 0.93053580 11.07977902
16350 377 1.01098400 11.65842234
