9260 175 0.00000000 0.00000000
9270 175 0.00000000 0.50009999
9280 175 0.00019996 0.99020198
9290 175 -0.00019996 1.51029797
9300 175 -0.04019196 2.00959812
9310 175 -0.00999800 2.50029999
9320 175 -0.00019996 3.01059794
9330 175 -0.07038592 3.51929621
9340 175 -0.10077985 4.03879232
9350 175 -0.21095781 4.54669075
9360 175 -0.29214158 5.10517907
9370 175 -0.30293942 5.64507110
9380 175 -0.38432314 6.21355741
9390 175 -0.29514098 6.75544905
9400 175 -0.26554690 7.27614492
9410 175 -0.12577485 7.78904235
9420 175 -0.10437913 8.21955625
9430 175 0.01599680 8.70205976
9440 175 0.12677465 9.16436731
9450 175 0.13857229 9.57468525
9260 174 0.68406320 0.30373926
9270 174 0.66486704 0.76344733
9280 174 0.66486704 1.26354732
9290 174 0.60487904 1.76244755
9300 174 0.60487904 2.26254754
9310 174 0.61487704 2.76284749
9320 174 0.53429315 3.29134180
9330 174 0.54389123 3.81163775
9340 174 0.54389123 4.31173774
9350 174 0.51309739 4.85122985
9360 174 0.57228555 5.39252160
9370 174 0.55148971 5.93221368
9380 174 0.52029595 6.49170179
9390 174 0.54929015 7.04239166
9400 174 0.49850031 7.58148385
9410 174 0.42851431 8.08018412
9420 174 0.46890623 8.56108795
9430 174 0.47830435 9.09138191
9440 174 0.50849831 9.58208377
9450 174 0.60807840 10.10417937
9420 187 -0.05658868 -0.67126576
9430 187 -0.10897821 -0.05218956
9440 187 -0.18036393 0.51649671
9450 187 -0.27174566 1.08478307
9460 187 -0.29354130 1.67446514
9470 187 -0.32573486 2.28394326
9480 187 -0.27014598 3.00519902
9490 187 -0.13197361 3.59808046
9500 187 -0.06478704 4.23955217
9510 187 0.03219356 4.89162177
9520 187 0.06918616 5.54249161
9530 187 0.07558488 6.22275557
9540 187 0.11177765 6.91361741
9550 187 0.13817237 7.59428130
9560 187 0.17456509 8.27514514
9570 187 0.24175165 8.91661685
9580 187 0.19636073 9.68586302
9590 187 0.16316737 10.34533114
9600 187 0.16196761 10.90541913
9610 187 0.01659668 11.67266570
