10370 235 0.00000000 0.00000000
10380 235 0.00000000 0.39051248
10390 235 0.00153644 0.75106434
10400 235 -0.08680900 1.10700686
10410 235 -0.15313211 1.42402618
10420 235 -0.10959957 1.74667912
10430 235 -0.16696009 2.08418433
10440 235 -0.25325695 2.40017935
10450 235 -0.19333569 2.79376472
10460 235 -0.27015782 3.12025876
10470 235 -0.36849014 3.47568914
10480 235 -0.37898916 3.87567636
10490 235 -0.39256107 4.33558483
10500 235 -0.47450468 4.76194764
10510 235 -0.45504307 5.16347129
10520 235 -0.45350663 5.52402315
10530 235 -0.49242984 5.89251329
10540 235 -0.50139242 6.26253987
10550 235 -0.52034188 6.63205431
10560 235 -0.56028939 7.02051820
10260 231 -1.23760448 -0.27374285
10270 231 -1.14516185 0.07144458
10280 231 -1.10470220 0.45401878
10290 231 -1.09881250 0.92493842
10300 231 -1.01942964 1.32953496
10310 231 -0.97948213 1.72209604
10320 231 -1.00944276 2.11107208
10330 231 -0.98793257 2.47264823
10340 231 -0.98690827 2.84318696
10350 231 -1.06987617 3.28952352
10360 231 -1.12877313 3.65698936
10370 231 -1.11776196 4.02804024
10380 231 -1.17819537 4.42546672
10390 231 -1.26654082 4.78140924
10400 231 -1.18510936 5.14605828
10410 231 -1.23299515 5.49406252
10420 231 -1.30187900 5.86101622
10430 231 -1.25834646 6.18366915
10440 231 -1.18485329 6.50785853
10450 231 -1.20431489 6.88735985
10260 232 -0.44300760 -0.73365132
10270 232 -0.55644828 -0.27886432
10280 232 -0.56592301 0.10114914
10290 232 -0.48602800 0.49575880
10300 232 -0.48807659 0.92621879
10310 232 -0.51009893 1.35565448
10320 232 -0.46221314 1.78867521
10330 232 -0.52162225 2.16612793
10340 232 -0.48782051 2.67853153
10350 232 -0.51573255 3.02756006
10360 232 -0.46989535 3.50052830
10370 232 -0.56182583 3.92637896
10380 232 -0.58820143 4.24544686
10390 232 -0.60612659 4.59498755
10400 232 -0.61406488 4.94504038
10410 232 -0.69242345 5.30149505
10420 232 -0.80714449 5.58599300
10430 232 -0.78461000 5.92759539
10440 232 -0.68422909 6.31324248
10450 232 -0.69370382 6.69325594
10370 236 -0.57206878 -0.16952083
10380 236 -0.62942930 0.16798439
10390 236 -0.69677670 0.50497745
10400 236 -0.69472811 0.85554243
10410 236 -0.72212800 1.19458409
10420 236 -0.82302106 1.59994885
10430 236 -0.86040783 1.93847836
10440 236 -0.83300794 2.38046167
10450 236 -0.92929167 2.69594454
10460 236 -1.01174743 3.13229423
10470 236 -0.97128777 3.51486843
10480 236 -1.01328387 3.94327983
10490 236 -1.12262736 4.31817181
10500 236 -1.13107780 4.67821152
10510 236 -1.13005350 5.04875025
10520 236 -1.21046066 5.44515243
10530 236 -1.27985665 5.82209300
10540 236 -1.24989602 6.21414193
10550 236 -1.27780806 6.56317047
10560 236 -1.41967292 6.98646039
