4000 97 0.00000000 0.00000000
4010 97 -0.00000000 0.37215588
4020 97 -0.03197585 0.72765208
4030 97 -0.00214964 1.09658350
4040 97 0.05642797 1.45234840
4050 97 0.10828796 1.83901433
4060 97 0.22195001 2.23911549
4070 97 0.34125485 2.59837355
4080 97 0.49011720 3.04496061
4090 97 0.56723543 3.47918726
4100 97 0.60592889 3.83710179
4110 97 0.64327883 4.27562771
4120 97 0.73544451 4.84904335
4130 97 0.74511788 5.31067786
4140 97 0.74377435 5.76344513
4150 97 0.72469633 6.23824617
4160 97 0.70131903 6.67327893
4170 97 0.68519675 7.26845963
4180 97 0.72469633 7.72686969
4190 97 0.67794172 8.22477933
4000 96 -0.80396419 -0.36570697
4010 96 -0.75183549 -0.06959449
4020 96 -0.73625062 0.26064347
4030 96 -0.58147677 0.57583397
4040 96 -0.51403191 0.92058199
4050 96 -0.50516466 1.28172098
4060 96 -0.40574396 1.64312867
4070 96 -0.37484293 2.02200217
4080 96 -0.37376811 2.40410012
4090 96 -0.31438439 2.86036055
4100 96 -0.28375207 3.32978750
4110 96 -0.26870461 3.84113236
4120 96 -0.18379395 4.25440005
4130 96 -0.16444722 4.80551320
4140 96 -0.13381489 5.27494015
4150 96 -0.03358808 5.73684337
4160 96 -0.05938372 6.24254544
4170 96 -0.04648590 6.73400617
4180 96 0.03600642 7.21794317
4190 96 -0.02069025 7.71692762
