9500 196 0.00000000 0.00000000
9510 196 -0.00000000 0.54451814
9520 196 -0.12543200 1.12319491
9530 196 -0.13479808 1.81775396
9540 196 -0.14122578 2.41185723
9550 196 -0.13167606 3.03828264
9560 196 -0.05362539 3.60300213
9570 196 -0.04407567 4.22942754
9580 196 0.00514216 4.86099512
9590 196 0.03103662 5.43912095
9600 196 0.01946675 6.07289231
9610 196 0.04756499 6.71180584
9620 196 -0.02222148 7.32794693
9630 196 -0.14581700 8.04803314
9640 196 -0.26867792 8.60687587
9650 196 -0.49842233 9.21236534
9660 196 -0.63891352 9.82942468
9670 196 -0.79060728 10.45511550
9680 196 -0.88536996 11.10835361
9690 196 -0.90336752 11.79171010
9420 187 0.19889145 1.26607353
9430 187 0.07951985 1.87578693
9440 187 -0.05325810 2.43334411
9450 187 -0.20587009 2.98833022
9460 187 -0.29163400 3.57214916
9470 187 -0.38988600 4.17451661
9480 187 -0.41302573 4.89754119
9490 187 -0.34011723 5.50192878
9500 187 -0.34305561 6.14690270
9510 187 -0.31752845 6.80565028
9520 187 -0.35150344 7.45668461
9530 187 -0.41908613 8.13361339
9540 187 -0.45820329 8.82431582
9550 187 -0.50595193 9.50381569
9560 187 -0.54378354 10.18460109
9570 187 -0.54672192 10.82957502
9580 187 -0.67545960 11.58932933
9590 187 -0.78013931 12.24128190
9600 187 -0.84221254 12.79792085
9610 187 -1.07012046 13.54481975
9460 192 -0.00642770 0.04958513
9470 192 -0.11074011 0.62091596
9480 192 -0.27235089 1.24532124
9490 192 -0.31495737 1.88515301
9500 192 -0.36527709 2.58448692
9510 192 -0.38841682 3.30751151
9520 192 -0.33277129 3.88949396
9530 192 -0.27712576 4.47147641
9540 192 -0.23047901 5.12287804
9550 192 -0.29328683 5.84076047
9560 192 -0.29108305 6.44606629
9570 192 -0.31256994 7.07855211
9580 192 -0.38143817 7.76539792
9590 192 -0.44773532 8.43240968
9600 192 -0.53992692 9.06581375
9610 192 -0.68041811 9.68287309
9620 192 -0.85708807 10.34566093
9630 192 -0.98931507 11.05454457
9640 192 -1.15992464 11.74836903
9650 192 -1.37369162 12.38618066
9590 203 1.13990694 -0.00348932
9600 203 0.97645967 0.47950653
9610 203 1.00400696 0.96709359
9620 203 0.98582575 1.41850188
9630 203 0.90300023 1.90186503
9640 203 0.92320157 2.36833250
9650 203 0.87875861 2.86675484
9660 203 0.89767442 3.34313934
9670 203 0.99813021 3.89059585
9680 203 0.90116374 4.48304628
9690 203 0.89124672 5.02627887
9700 203 0.76838579 5.58512160
9710 203 0.57004529 6.10392893
9720 203 0.45067369 6.71364232
9730 203 0.21266509 7.22730749
9740 203 0.11514768 7.66843146
9750 203 0.01781392 8.34150362
9760 203 -0.18952537 8.92973013
9770 203 -0.22184752 9.49022569
9780 203 -0.33607696 10.06027098
9660 206 0.80070795 0.12396281
9670 206 0.76526377 0.55296597
9680 206 0.77903741 1.06901857
9690 206 0.73202337 1.58727496
9700 206 0.71696418 2.17017565
9710 206 0.61008069 2.76134054
9720 206 0.54543638 3.33781353
9730 206 0.42826856 4.00831461
9740 206 0.23378468 4.49737087
9750 206 0.11790241 5.15795493
9760 206 -0.12047349 5.75224184
9770 206 -0.29934724 6.35424199
9780 206 -0.52394949 6.92006336
9790 206 -0.76710025 7.47339663
9800 206 -0.98343832 8.13104231
9810 206 -1.32098447 8.71247382
9820 206 -1.72244034 9.16461670
9830 206 -2.22343375 9.68452592
9840 206 -2.65206961 10.11297814
9850 206 -3.33965002 10.74987152
