13010 306 0.00000000 0.00000000
13020 306 -0.00000000 0.50009999
13030 306 0.02079584 1.03979206
13040 306 0.00119976 1.56028797
13050 306 0.00119976 2.06038796
13060 306 0.07238552 2.61907624
13070 306 0.16496701 3.24735059
13080 306 0.23575285 3.78604287
13090 306 0.40751850 4.37272554
13100 306 0.44031195 5.01219766
13110 306 0.46310739 5.65186974
13120 306 0.52409519 6.20075997
13130 306 0.39592082 6.79344145
13140 306 0.28834234 7.41571700
13150 306 0.20055989 8.02759464
13160 306 -0.02639472 8.68226372
13170 306 -0.12597481 9.20435931
13180 306 -0.20295941 9.85602899
13190 306 -0.35012998 10.49910039
13200 306 -0.38592282 11.20995823
12980 305 -1.12897423 -0.43751251
12990 305 -1.13657271 0.18276345
13000 305 -1.22655471 0.68466308
13010 305 -1.22435515 1.29474108
13020 305 -1.26214760 1.90561891
13030 305 -1.33873228 2.57728459
13040 305 -1.35832836 3.09778051
13050 305 -1.46570689 3.73005406
13060 305 -1.46190765 4.42011607
13070 305 -1.41971609 5.02939422
13080 305 -1.35732856 5.64827046
13090 305 -1.19456111 6.28514310
13100 305 -1.05198962 6.91241765
13110 305 -0.88022397 7.49910033
13120 305 -0.70865828 8.07578500
13130 305 -0.70665868 8.67586500
13140 305 -0.66326736 9.34513116
13150 305 -0.74005200 10.00679884
13160 305 -0.75524897 10.74725076
13170 305 -0.77184565 11.41771668
13170 316 -0.59468108 -0.22815437
13180 316 -0.60167968 0.42211559
13190 316 -0.52949411 1.03079386
13200 316 -0.44671067 1.66926618
13210 316 -0.34433114 2.28734258
13220 316 -0.21155769 2.92481510
13230 316 -0.16856629 3.57408525
13240 316 -0.16456709 4.27414526
13250 316 -0.15056989 4.97400530
13260 316 -0.25674866 5.66626686
13270 316 -0.25314938 6.34633086
13280 316 -0.40691862 7.15956823
13290 316 -0.38392322 7.80923831
13300 316 -0.24095181 8.45650887
13310 316 -0.30533894 9.23795259
13320 316 -0.30153970 9.92801460
13330 316 -0.29574086 10.71805660
13340 316 -0.28854230 11.57808461
13350 316 -0.20655869 12.17656493
13360 316 -0.28074386 12.96820662
