7480 157 0.00000000 0.00000000
7490 157 0.00000000 0.64498062
7500 157 0.03224903 1.30608576
7510 157 0.03597007 1.98083471
7520 157 0.12775578 2.63449776
7530 157 0.27287642 3.31172741
7540 157 0.31132718 4.02244644
7550 157 0.41799706 4.71456026
7560 157 0.54947387 5.36326192
7570 157 0.68343139 6.03180914
7580 157 0.75041014 6.72888435
7590 157 0.69211382 7.47185241
7600 157 0.73552598 8.14163998
7610 157 0.73800667 8.80646616
7620 157 0.80374508 9.41299601
7630 157 0.89056939 10.02696794
7640 157 0.87072384 10.67442926
7650 157 0.98979718 11.30452571
7660 157 1.00840239 11.93710286
7670 157 1.00468135 12.55231514
7480 156 -0.83227307 0.03348938
7490 156 -0.72808389 0.62513506
7500 156 -0.63505784 1.28872089
7510 156 -0.66978757 1.97835402
7520 156 -0.56559839 2.65062228
7530 156 -0.35970073 3.41095520
7540 156 -0.29520267 4.08818485
7550 156 -0.20837835 4.78277937
7560 156 -0.18853280 5.50590187
7570 156 -0.14512064 6.17568944
7580 156 -0.15628377 6.89261020
7590 156 -0.12279439 7.56363812
7600 156 0.03721042 8.19869596
7610 156 0.16744689 8.83747484
7620 156 0.24558877 9.46260990
7630 156 0.33117274 10.06665906
7640 156 0.31132718 10.71412037
7650 156 0.30264475 11.28964154
7660 156 0.32249031 11.93214147
7670 156 0.32000962 12.55727653
