10900 261 0.00000000 0.00000000
10910 261 -0.00000000 0.66483081
10920 261 0.01022817 1.24783628
10930 261 0.02286296 1.85069643
10940 261 -0.11100569 2.49146096
10950 261 -0.14680427 3.11026502
10960 261 -0.17508214 3.70801109
10970 261 -0.26172072 4.32290438
10980 261 -0.20817327 4.93087861
10990 261 -0.20065256 5.57465143
11000 261 -0.09265515 6.21631845
11010 261 0.05745823 6.87302688
11020 261 0.09957421 7.55289911
11030 261 0.22351552 8.24299950
11040 261 0.24457350 8.91535102
11050 261 0.27676215 9.59642656
11060 261 0.44673020 10.25072837
11070 261 0.53096216 10.94564202
11080 261 0.73823294 11.57527590
11090 261 0.97408242 12.19137250
10850 259 -2.17890024 1.22106255
10860 259 -1.98997999 1.78240838
10870 259 -1.91387040 2.32720865
10880 259 -1.88108010 2.84704016
10890 259 -1.78511584 3.38943379
10900 259 -1.71652696 3.95529205
10910 259 -1.62928672 4.50881634
10920 259 -1.52971251 5.08099199
10930 259 -1.50835369 5.67272149
10940 259 -1.43254493 6.29814378
10950 259 -1.37899747 6.90611801
10960 259 -1.28935060 7.47949698
10970 259 -1.09682041 8.07062482
10980 259 -0.92294159 8.67408663
10990 259 -0.66212335 9.24686394
11000 259 -0.43229044 9.81332385
11010 259 -0.24848427 10.41558234
11020 259 -0.05655574 11.16795422
11030 259 -0.01925302 11.80811709
11040 259 0.02918036 12.45700399
