2770 71 0.00000000 0.00000000
2780 71 0.00000000 0.59008474
2790 71 -0.00965963 1.20033607
2800 71 0.05084016 1.81939970
2810 71 0.07083728 2.40914551
2820 71 0.08117478 3.01905791
2830 71 0.12116904 3.60846478
2840 71 0.11117047 4.19871899
2850 71 0.18099095 4.77761889
2860 71 0.30148212 5.39566572
2870 71 0.41129686 5.97388775
2880 71 0.58110298 6.55109299
2890 71 0.65160133 7.16998715
2900 71 0.73226771 7.79871041
2910 71 0.78310786 8.43794063
2920 71 0.72362488 9.05903786
2930 71 0.67481833 9.71995989
2940 71 0.55619130 10.39206675
2950 71 0.46705156 11.03366951
2960 71 0.42824358 11.69442207
2770 72 0.70667816 -0.20200489
2780 72 0.80683327 0.39638375
2790 72 0.84682753 0.98579062
2800 72 0.89614248 1.53503377
2810 72 0.94562689 2.09427548
2820 72 0.91597014 2.70486575
2830 72 0.91630907 3.31494761
2840 72 0.93647567 3.91469198
2850 72 0.94681317 4.52460438
2860 72 1.05764470 5.16281780
2870 72 1.15830821 5.79120213
2880 72 1.27862991 6.39925039
2890 72 1.42911677 7.01678881
2900 72 1.50012353 7.66567867
2910 72 1.60095650 8.30406155
2920 72 1.72229501 8.97210120
2930 72 1.83397388 9.66030744
2940 72 2.00547467 10.33749831
2950 72 2.08664945 10.99621726
2960 72 2.11054433 11.81593004
