16040 367 0.00000000 0.00000000
16050 367 -0.00000000 0.46270941
16060 367 -0.01901842 1.02807505
16070 367 -0.09638879 1.51931208
16080 367 -0.14739272 2.06803660
16090 367 -0.18737462 2.62562197
16100 367 -0.17872988 3.16786294
16110 367 -0.13809963 3.72674503
16120 367 -0.33066109 4.36126854
16130 367 -0.12340358 4.97245126
16140 367 -0.07628978 5.59098201
16150 367 0.00064836 6.20627099
16160 367 0.08644734 6.81053793
16170 367 0.13572233 7.44895157
16180 367 0.21374106 8.07418199
16190 367 0.24529434 8.73463970
16200 367 0.30667196 9.39185564
16210 367 0.35594694 10.03026928
16220 367 0.39960285 10.70952929
16230 367 0.61312779 11.47091428
16010 365 -0.24442987 1.54546240
16020 365 -0.17829765 2.06133693
16030 365 -0.04819439 2.61049369
16040 365 -0.02528585 3.19141984
16050 365 0.03522729 3.74814074
16060 365 0.11454273 4.29275902
16070 365 0.12967102 4.89464865
16080 365 0.18672626 5.51209881
16090 365 0.17872988 6.08632530
16100 365 0.20379961 6.68713434
16110 365 0.28743742 7.27151839
16120 365 0.29716275 7.82370081
16130 365 0.29694663 8.37696381
16140 365 0.35854036 8.94362616
16150 365 0.40543805 9.65271050
16160 365 0.50225907 10.26583829
16170 365 0.58697747 10.86016379
16180 365 0.58330346 11.47415605
16190 365 0.59540609 11.95566776
16200 365 0.69546889 12.59861989
16010 366 -0.80115077 1.60597554
16020 366 -0.79466722 2.12833362
16030 366 -0.77283926 2.69931834
16040 366 -0.67364093 3.24177542
16050 366 -0.56450116 3.78315192
16060 366 -0.49296598 4.34873367
16070 366 -0.40046732 4.92209568
16080 366 -0.39636108 5.51512447
16090 366 -0.41537949 6.08049010
16100 366 -0.38036832 6.68021856
16110 366 -0.40500581 7.28643056
16120 366 -0.35227293 7.86411494
16130 366 -0.27857657 8.44957958
16140 366 -0.21266047 9.05600770
16150 366 -0.08947300 9.72662298
16160 366 -0.00799638 10.29112414
16170 366 -0.00842862 10.93494074
16180 366 0.04624933 11.62306160
16190 366 0.02506973 12.16854435
16200 366 0.07456083 12.71640439
16040 368 0.62436595 -0.17851377
16050 368 0.54245709 0.36351108
16060 368 0.54786005 0.87592772
16070 368 0.56406892 1.48775880
16080 368 0.53618965 2.06414647
16090 368 0.50182684 2.58088547
16100 368 0.45622586 3.17931722
16110 368 0.42143080 3.87716341
16120 368 0.53186729 4.33792775
16130 368 0.56795905 4.94759765
16140 368 0.61075049 5.52636262
16150 368 0.69006593 6.07098089
16160 368 0.79553169 6.76364024
16170 368 0.88478857 7.30717792
16180 368 0.96496848 7.95229123
16190 368 1.05617043 8.60626539
16200 368 1.12381548 9.41368359
16210 368 1.12489607 9.88633445
16220 368 1.20896611 10.75232072
16230 368 1.27790787 11.47912677
16160 375 0.30170123 1.29498122
16170 375 0.36134990 1.75120708
16180 375 0.37907161 2.19187242
16190 375 0.40565416 2.62151573
16200 375 0.46854461 3.10756592
16210 375 0.41646008 3.64634900
16220 375 0.46270941 4.16438471
16230 375 0.56406892 4.72672469
16240 375 0.60275411 5.17517029
16250 375 0.64878732 5.78375959
16260 375 0.78450965 6.29206998
16270 375 0.84286161 6.82890799
16280 375 0.83594582 7.41307592
16290 375 0.97037144 8.00199845
16300 375 1.05076747 8.55655817
16310 375 1.04277109 9.13078466
16320 375 0.98204183 9.59003617
16330 375 1.01165005 10.14005740
16340 375 1.10414871 10.71341942
16350 375 1.20010526 11.22605217
16160 376 -0.43461403 1.18389638
16170 376 -0.37388477 1.65006369
16180 376 -0.36286273 2.12163396
16190 376 -0.33519958 2.56121870
16200 376 -0.27338973 3.03732745
16210 376 -0.25134565 3.51775857
16220 376 -0.18413284 4.04357454
16230 376 -0.08925688 4.54626585
16240 376 -0.03090493 5.08310386
16250 376 0.08601511 5.60351688
16260 376 0.19299370 6.12501048
16270 376 0.23362395 6.68389257
16280 376 0.27425420 7.24277465
16290 376 0.30278182 7.78285444
16300 376 0.34341208 8.34173652
16310 376 0.37410088 8.90169919
16320 376 0.46443836 9.45517832
16330 376 0.52495150 10.01189922
16340 376 0.57876497 10.59952504
16350 376 0.62587878 11.21805579
16160 377 -1.02332044 1.22776841
16170 377 -0.97037144 1.71489920
16180 377 -0.94054711 2.17436684
16190 377 -0.97490993 2.69110584
16200 377 -0.89883627 3.20589978
16210 377 -0.81390175 3.70967168
16220 377 -0.74668894 4.23548765
16230 377 -0.63084950 4.74595922
16240 377 -0.57465872 5.26291434
16250 377 -0.55499195 5.81401616
16260 377 -0.48345677 6.37959791
16270 377 -0.46487060 6.92075829
16280 377 -0.41429890 7.47855978
16290 377 -0.33714464 8.00329516
16300 377 -0.32417754 8.58530191
16310 377 -0.27468644 9.13316196
16320 377 -0.22411474 9.69096345
16330 377 -0.18802297 10.30063335
16340 377 -0.11108484 10.91592232
16350 377 -0.11800063 11.50009025
