13170 315 0.00000000 0.00000000
13180 315 0.00000000 0.49010203
13190 315 -0.10997710 0.98244849
13200 315 -0.31197586 1.37665212
13210 315 -0.32340205 1.79697276
13220 315 -0.25402874 2.25565277
13230 315 -0.28422653 2.73636900
13240 315 -0.37584011 3.14832403
13250 315 -0.32707475 3.57741836
13260 315 -0.29728504 4.05691035
13270 315 -0.41848429 4.48947334
13280 315 -0.46010828 4.90040818
13290 315 -0.43052260 5.36990226
13300 315 -0.62272748 5.75390393
13310 315 -0.84594630 6.08852814
13320 315 -1.04733294 6.51272552
13330 315 -1.26565483 6.59719773
13340 315 -1.44622947 6.57087668
13350 315 -1.55641061 6.56312319
13360 315 -1.56661257 6.55332931
13180 317 -0.46520925 0.23954196
13190 317 -0.57559443 0.71189258
13200 317 -0.55559860 1.20158653
13210 317 -0.59681450 1.63251721
13220 317 -0.70781180 2.07487408
13230 317 -0.71862587 2.52518848
13240 317 -0.74025402 2.93571524
13250 317 -0.82146160 3.36746208
13260 317 -0.85267959 3.79818871
13270 317 -0.82329796 4.25768487
13280 317 -0.87594006 4.61883416
13290 317 -0.99917970 4.95141797
13300 317 -1.11384970 5.21381231
13310 317 -1.19954614 5.42560495
13320 317 -1.45581931 5.61087249
13330 317 -1.66210289 5.79511984
13340 317 -1.80064547 5.86796182
13350 317 -1.99019784 5.89183440
13360 317 -2.03018951 5.89265055
13370 317 -1.87042686 5.87938801
