16570 391 0.00000000 0.00000000
16580 391 0.00000000 0.59236813
16590 391 0.11141720 1.08631773
16600 391 0.17269666 1.58955209
16610 391 0.15412713 2.13549639
16620 391 0.32682380 2.64801552
16630 391 0.42338537 3.05097441
16640 391 0.47538007 3.45021938
16650 391 0.58122641 3.79561271
16660 391 0.65736150 4.12057955
16670 391 0.71121315 4.44368944
16680 391 0.85234160 4.68880729
16690 391 1.05289257 4.92092646
16700 391 1.27387002 5.17718603
16710 391 1.42799715 5.42787473
16720 391 1.78081829 5.66370781
16730 391 1.97208449 5.89954089
16740 391 2.07050302 6.22636469
16750 391 2.17077850 6.42320175
16760 391 2.31190696 6.66831959
16480 388 0.19498011 0.19126620
16490 388 0.30082645 0.75206612
16500 388 0.51808999 1.37600246
16510 388 0.59793899 1.97951230
16520 388 0.81334558 2.57188043
16530 388 0.95261708 3.16239161
16540 388 1.06960515 3.75104583
16550 388 1.23673095 4.33041529
16560 388 1.35000511 4.90978474
16570 388 1.48370575 5.45944294
16580 388 1.67125804 6.00910114
16590 388 1.84766861 6.58475669
16600 388 2.06864607 7.16412615
16610 388 2.29519438 7.67664528
16620 388 2.49760230 8.20959090
16630 388 2.75571882 8.72025308
16640 388 2.97669627 9.29962254
16650 388 3.19953068 9.85670855
16660 388 3.40565250 10.34508729
16670 388 3.58763393 10.74618922
