9460 192 0.00000000 0.00000000
9470 192 -0.00000000 0.58077534
9480 192 -0.04683394 1.22405334
9490 192 0.02617191 1.86113273
9500 192 0.10227707 2.55813201
9510 192 0.20937528 3.27355495
9520 192 0.36864513 3.83607883
9530 192 0.52791497 4.39860271
9540 192 0.69080068 5.03103314
9550 192 0.75795229 5.74852227
9560 192 0.86883854 6.34358886
9570 192 0.96130114 6.96964849
9580 192 1.01691645 7.65769423
9590 192 1.07149866 8.32576667
9600 192 1.09457126 8.96542881
9610 192 1.06719406 9.59768706
9620 192 1.01243967 10.28142820
9630 192 1.00968474 11.00253320
9640 192 0.96646665 11.71571774
9650 192 0.87073256 12.38155179
9420 187 0.42047240 1.15982885
9430 187 0.41255195 1.78106735
9440 187 0.38207545 2.35340569
9450 187 0.33162565 2.92677714
9460 187 0.35211550 3.51650603
9470 187 0.36365180 4.12672477
9480 187 0.47075001 4.84214771
9490 187 0.65102626 5.42361179
9500 187 0.76397871 6.05862497
9510 187 0.90740767 6.70207515
9520 187 0.99091672 7.34862464
9530 187 1.04601548 8.02668372
9540 187 1.13159074 8.71317981
9550 187 1.20666280 9.39020580
9560 187 1.29172150 10.06671523
9570 187 1.40467396 10.70172842
9580 187 1.41448842 11.47225011
9590 187 1.42860748 12.13240210
9600 187 1.46752098 12.69113794
9610 187 1.37746894 13.46682514
9500 196 -0.00258275 -0.04993325
9510 196 0.09521754 0.48572999
9520 196 0.07576079 1.07752508
9530 196 0.19129600 1.76247151
9540 196 0.29167905 2.34806800
9550 196 0.41358505 2.96259133
9560 196 0.59179510 3.50410881
9570 196 0.71370110 4.11863214
9580 196 0.87555370 4.73108927
9590 196 1.00486360 5.29516281
9600 196 1.10731285 5.92070589
9610 196 1.24970870 6.54418277
9620 196 1.29172150 7.16283851
9630 196 1.29946977 7.89341360
9640 196 1.27897992 8.46523540
9650 196 1.16172287 9.10214260
9660 196 1.13434568 9.73440085
9670 196 1.09749838 10.37716230
9680 196 1.12160409 11.03679774
9690 196 1.22663610 11.71227407
9590 203 1.11816042 -0.25810324
9600 203 1.04412146 0.24639476
9610 203 1.15879575 0.72110499
9620 203 1.22198714 1.16843803
9630 203 1.22732483 1.65881698
9640 203 1.33097937 2.11407046
9650 203 1.37678021 2.61236985
9660 203 1.48095130 3.07760999
9670 203 1.67810154 3.59812107
9680 203 1.68912129 4.19835316
9690 203 1.77693494 4.73453295
9700 203 1.75644509 5.30635474
9710 203 1.65451239 5.85234900
9720 203 1.64659194 6.47358749
9730 203 1.50471264 7.02164795
9740 203 1.48801083 7.47311339
9750 203 1.51314964 8.15272213
9760 203 1.41483279 8.76862294
9770 203 1.48370624 9.32580912
9780 203 1.47371959 9.90710102
