10070 224 0.00000000 0.00000000
10080 224 0.00000000 0.41303753
10090 224 -0.11403322 0.79968520
10100 224 -0.09296976 1.22022810
10110 224 -0.02977938 1.65578175
10120 224 -0.16874980 2.08576689
10130 224 -0.14526525 2.52616270
10140 224 -0.03026359 3.05613876
10150 224 -0.10846472 3.48878710
10160 224 -0.09490663 3.93039346
10170 224 0.06101141 4.46545380
10180 224 0.01622129 4.92424988
10190 224 -0.03970584 5.37433005
10200 224 0.08619072 5.99364423
10210 224 0.08861180 6.42653468
10220 224 -0.07021154 6.85894091
10230 224 -0.02566353 7.30684209
10240 224 0.03002149 7.76345920
10250 224 -0.04842175 8.27672975
10260 224 0.14114940 8.75731562
10060 223 -0.97932990 0.23024542
10070 223 -0.87377048 0.60018759
10080 223 -1.00547764 1.08973149
10090 223 -0.97206663 1.52891676
10100 223 -0.88660224 1.98190223
10110 223 -0.86190715 2.43222451
10120 223 -0.86941252 2.86632550
10130 223 -0.74157910 3.25369950
10140 223 -0.72075775 3.75486461
10150 223 -0.67257811 4.23254518
10160 223 -0.54256571 4.72039431
10170 223 -0.49559661 5.18814842
10180 223 -0.46969098 5.64839715
10190 223 -0.41037433 6.13479363
10200 223 -0.42054290 6.62966392
10210 223 -0.47889111 7.05989117
10220 223 -0.47283839 7.52256099
10230 223 -0.46920676 7.96537790
10240 223 -0.48930179 8.46145873
10250 223 -0.42756405 8.96770812
10110 227 -1.17350111 0.45540656
10120 227 -1.18633288 1.01104614
10130 227 -1.15558507 1.51100071
10140 227 -1.28245005 2.04025044
10150 227 -1.29261862 2.53512073
10160 227 -1.16139568 3.03289632
10170 227 -1.10958440 3.54035626
10180 227 -0.97932990 3.94758318
10190 227 -0.83043301 4.34246255
10200 227 -0.87159150 4.83103801
10210 227 -0.87062307 5.33462421
10220 227 -0.82752771 5.85322116
10230 227 -0.91831849 6.34784933
10240 227 -0.92582386 6.78195032
10250 227 -0.82171710 7.22258825
10260 227 -0.76336889 7.61843606
10270 227 -0.68783096 8.07263207
10280 227 -0.51932327 8.54571257
10290 227 -0.39027931 8.94301303
10300 227 -0.31861512 9.44805188
