5680 119 0.00000000 0.00000000
5690 119 -0.00000000 0.54451814
5700 119 -0.08796769 1.06754938
5710 119 -0.14618430 1.59443725
5720 119 -0.20054428 2.09157405
5730 119 -0.26041373 2.70900068
5740 119 -0.35866574 3.31136813
5750 119 -0.47987382 3.77967209
5760 119 -0.58032962 4.32125185
5770 119 -0.71310756 4.87880904
5780 119 -0.88977753 5.54159688
5790 119 -1.02641209 6.12890514
5800 119 -1.29931393 6.67838179
5810 119 -1.48075876 7.30021599
5820 119 -1.66789670 7.81039183
5830 119 -1.86146233 8.37015280
5840 119 -2.11489742 9.00282227
5850 119 -2.30295360 9.44229340
5860 119 -2.60119895 10.10948881
5870 119 -2.78392931 10.74124004
5680 120 0.64625947 0.53753949
5690 120 0.59189948 1.03467628
5700 120 0.58069691 1.58782590
5710 120 0.46040707 2.12683458
5720 120 0.38492749 2.63131732
5730 120 0.32413980 3.17803924
5740 120 0.18015929 3.74422791
5750 120 0.11716781 4.23016214
5760 120 0.07401039 4.71866745
5770 120 -0.06225688 5.22535397
5780 120 -0.23598847 5.78768602
5790 120 -0.32175237 6.37150496
5800 120 -0.62091596 6.96799565
5810 120 -0.74763350 7.55658945
5820 120 -0.98343832 8.13104231
5830 120 -1.22916016 8.70420963
5840 120 -1.46661782 9.36920126
5850 120 -1.69085277 9.85440089
5860 120 -1.91674057 10.43013929
5870 120 -2.05557892 10.95665986
