9550 200 0.00000000 0.00000000
9560 200 0.00000000 0.54037024
9570 200 0.09067857 1.09739573
9580 200 0.17987667 1.61444863
9590 200 0.20023308 2.16407179
9600 200 0.23280334 2.77328372
9610 200 0.23391369 3.34363341
9620 200 0.26463337 3.90287960
9630 200 0.35605217 4.47989139
9640 200 0.32792331 5.07133772
9650 200 0.23909533 5.64501846
9660 200 0.18209737 6.26755459
9670 200 0.09400962 6.86122163
9680 200 0.05366691 7.39307919
9690 200 0.06440029 7.95306561
9700 200 -0.01110350 8.61631457
9710 200 0.05551749 9.06415566
9720 200 0.20356413 9.54900841
9730 200 0.15507886 10.13120183
9740 200 0.18505830 10.67046172
9400 183 -0.84201528 -0.03886224
9410 183 -0.77761499 0.61920508
9420 183 -0.57664167 1.18215244
9430 183 -0.36789591 1.68477079
9440 183 -0.39047302 2.15592922
9450 183 -0.32940378 2.72405821
9460 183 -0.15915014 3.26812962
9470 183 -0.06588076 3.89510715
9480 183 0.03886224 4.56168716
9490 183 0.17062375 5.14721163
9500 183 0.26056209 5.68425082
9510 183 0.34531879 6.35157106
9520 183 0.39084313 7.04035806
9530 183 0.39269372 7.63069405
9540 183 0.51668278 8.27654752
9550 183 0.53259779 8.97643802
9560 183 0.50631952 9.61785010
9570 183 0.64030173 10.26333346
9580 183 0.54481164 10.92732265
9590 183 0.54629211 11.50766549
9400 184 -0.11399591 0.16433177
9410 184 -0.06180947 0.76281032
9420 184 0.01813571 1.30021963
9430 184 0.20763542 1.82356451
9440 184 0.25352987 2.52234466
9450 184 0.31274853 3.04050791
9460 184 0.40564780 3.65749229
9470 184 0.54148059 4.35294139
9480 184 0.63289939 4.92995318
9490 184 0.70470202 5.51769835
9500 184 0.76762184 6.13579308
9510 184 0.90049370 6.75129699
9520 184 0.96304341 7.35939858
9530 184 0.99746425 8.01857625
9540 184 1.11109005 8.65480669
9550 184 1.14366031 9.26401863
9560 184 1.11590156 9.86545811
9570 184 1.22249515 10.58200386
9580 184 1.21694340 11.24266200
9590 184 1.23841016 11.82226460
9500 194 -0.25760116 0.88013729
9510 194 -0.17395480 1.51747808
9520 194 -0.13583279 2.00640212
9530 194 -0.03553119 2.55306434
9540 194 0.06699111 3.15968546
9550 194 0.10918440 3.75853412
9560 194 0.19172040 4.36589547
9570 194 0.23354358 4.95475099
9580 194 0.28684037 5.58320899
9590 194 0.37899940 6.18020707
9600 194 0.39047302 6.76017979
9610 194 0.40046617 7.30017992
9620 194 0.38122010 7.86127669
9630 194 0.29239212 8.43495743
9640 194 0.24242638 8.97717826
9650 194 0.18209737 9.50977605
9660 194 0.15211792 10.05125664
9670 194 0.13509256 10.67231231
9680 194 0.09104868 11.10423839
9690 194 0.15137769 11.65238108
9500 195 0.25501034 0.67102141
9510 195 0.34790961 1.28800579
9520 195 0.40860873 1.84614163
9530 195 0.50817010 2.37281756
9540 195 0.57849225 2.92059013
9550 195 0.59329692 3.59050119
9560 195 0.67546280 4.18786939
9570 195 0.72727913 4.77635479
9580 195 0.76910231 5.36521031
9590 195 0.82017840 5.93370941
9600 195 0.82091863 6.49406595
9610 195 0.80093233 7.03517643
9620 195 0.78205639 7.60626635
9630 195 0.72394808 8.19882304
9640 195 0.73505158 8.76880261
9650 195 0.71654575 9.34988568
9660 195 0.71728598 9.91024222
9670 195 0.70581237 10.41100998
9680 195 0.64067184 11.08388197
9690 195 0.64955464 11.59390265
9550 201 0.76429079 -0.16840306
9560 201 0.74578496 0.41268001
9570 201 0.79575070 0.95119968
9580 201 0.88531892 1.47824572
9590 201 0.90567533 2.02786888
9600 201 0.90789603 2.62819801
9610 201 0.96896527 3.19632700
9620 201 0.98895157 3.73595701
9630 201 0.94083641 4.32814358
9640 201 0.93232373 4.90885653
9650 201 0.84312563 5.47254412
9660 201 0.88753962 6.13135168
9670 201 0.88605915 6.63174933
9680 201 0.76577126 7.16656782
9690 201 0.81832781 7.77503952
9700 201 0.88902009 8.33280525
9710 201 0.88864997 8.86318234
9720 201 0.96933539 9.42057795
9730 201 0.98969180 9.97020111
9740 201 0.91936965 10.50316902
