9400 184 0.00000000 0.00000000
9410 184 -0.00000000 0.60074953
9420 184 0.03295883 1.14307205
9430 184 0.17627979 1.68090019
9440 184 0.16129850 2.38102558
9450 184 0.17528104 2.90237430
9460 184 0.21423238 3.52509638
9470 184 0.28913880 4.22971616
9480 184 0.33008765 4.81248814
9490 184 0.35056207 5.40424891
9500 184 0.35955084 6.02547286
9510 184 0.43845228 6.65019245
9520 184 0.44794042 7.26142888
9530 184 0.42496912 7.92110480
9540 184 0.48289676 8.56480068
9550 184 0.46242233 9.17453898
9560 184 0.38252215 9.77129351
9570 184 0.42646725 10.49439020
9580 184 0.36354585 11.15206862
9590 184 0.33458203 11.73134497
9400 183 -0.70761603 -0.26566812
9410 183 -0.70062477 0.39550593
9420 183 -0.54931379 0.97378353
9430 183 -0.38501903 1.49263537
9440 183 -0.44843980 1.96005147
9450 183 -0.43695415 2.53133780
9460 183 -0.31460699 3.08814223
9470 183 -0.27615502 3.72085184
9480 183 -0.22971304 4.39401091
9490 183 -0.14931347 4.98876793
9500 183 -0.10636712 5.53158983
9510 183 -0.07990019 6.20375015
9520 183 -0.09438210 6.89388802
9530 183 -0.14382034 7.48215315
9540 183 -0.07640455 8.13633593
9550 183 -0.12134841 8.83496319
9560 183 -0.20324610 9.47166781
9570 183 -0.12584279 10.12634996
9580 183 -0.27865190 10.77953399
9590 183 -0.32759077 11.35781160
9500 194 -0.20524361 0.70062477
9510 194 -0.17727854 1.34282252
9520 194 -0.18177293 1.83320992
9530 194 -0.12933843 2.38651871
9540 194 -0.07990019 2.99975265
9550 194 -0.08988771 3.60000281
9560 194 -0.06042452 4.21223799
9570 194 -0.06991266 4.80250062
9580 194 -0.07141079 5.43321272
9590 194 -0.03146070 6.03595976
9600 194 -0.07041204 6.61473674
9610 194 -0.10736588 7.15356363
9620 194 -0.17528104 7.71086743
9630 194 -0.31360823 8.27466313
9640 194 -0.41048721 8.81049376
9650 194 -0.51685434 9.33583749
9660 194 -0.59375827 9.87266687
9670 194 -0.66466968 10.48989582
9680 194 -0.74606800 10.91636306
9690 194 -0.73358359 11.46767435
9500 195 0.32359576 0.53682938
9510 195 0.36254710 1.15955147
9520 195 0.37453213 1.72085028
9530 195 0.42796538 2.25418403
9540 195 0.45043730 2.80599470
9550 195 0.40699158 3.47465939
9560 195 0.43695415 4.07690705
9570 195 0.43745352 4.66766906
9580 195 0.42796538 5.25793169
9590 195 0.42946351 5.82871865
9600 195 0.38152339 6.38702121
9610 195 0.31460699 6.92434997
9620 195 0.24619245 7.49164129
9630 195 0.13682907 8.07691016
9640 195 0.09837711 8.64569962
9650 195 0.02946319 9.22297847
9660 195 -0.01847692 9.78128103
9670 195 -0.07340830 10.27915907
9680 195 -0.19675421 10.94382875
9690 195 -0.23220992 11.45269307
9550 200 0.12784030 -0.15380786
9560 200 0.08089894 0.38451965
9570 200 0.12284654 0.94731659
9580 200 0.16679164 1.47016344
9590 200 0.13932595 2.01947723
9600 200 0.11885153 2.62921553
9610 200 0.07041204 3.19750561
9620 200 0.05243450 3.75730630
9630 200 0.09338334 4.34007829
9640 200 0.01398253 4.92684529
9650 200 -0.12434467 5.49064098
9660 200 -0.23520618 6.10587242
9670 200 -0.37453213 6.68964317
9680 200 -0.46092420 7.21598565
9690 200 -0.49887679 7.77478758
9700 200 -0.63171085 8.42897036
9710 200 -0.60424517 8.88090580
9720 200 -0.49887679 9.37678633
9730 200 -0.59775327 9.95256706
9740 200 -0.61473206 10.49239270
9550 201 0.90387087 -0.25518122
9560 201 0.83495696 0.32209763
9570 201 0.83795321 0.86292202
9580 201 0.88139894 1.39575639
9590 201 0.85393325 1.94507018
9600 201 0.80399563 2.54332283
9610 201 0.81548128 3.11460917
9620 201 0.78851497 3.65393543
9630 201 0.68913911 4.23970368
9640 201 0.63021273 4.81748191
9650 201 0.49238490 5.37129008
9660 201 0.47940112 6.03146537
9670 201 0.43445727 6.52984279
9680 201 0.26816500 7.05219026
9690 201 0.26766563 7.66292732
9700 201 0.28963818 8.22472551
9710 201 0.24319619 8.75306550
9720 201 0.27515627 9.31536306
9730 201 0.24769058 9.86467685
9740 201 0.13133593 10.38952121
