400 51 0.00000000 0.00000000
410 51 0.00000000 0.94154129
420 51 -0.01370094 1.87957769
430 51 0.01943622 2.72011438
440 51 0.20583272 3.13273569
450 51 0.39222921 3.54535700
460 51 0.57862571 3.95797831
470 51 0.77872315 4.37410451
480 51 0.96511965 4.78672582
490 51 1.15151615 5.19934713
500 51 1.48225045 5.56130683
510 51 1.81298475 5.92326652
520 51 2.14881708 6.29382913
530 51 2.47955138 6.65578883
540 51 2.81888859 7.01265051
550 51 3.26146079 7.30833589
560 51 3.69893497 7.59541836
570 51 4.14501206 7.87740281
580 51 4.54520694 8.08196102
590 51 4.94030379 8.27791631
400 57 0.53911603 1.45899072
410 57 0.77617414 2.01594983
420 57 1.00972736 2.58660988
430 57 1.24678547 3.14356899
440 57 1.48416221 3.64221945
450 57 1.72345071 4.10486512
460 57 1.97134212 4.56241277
470 57 2.21413551 5.01135750
480 57 2.45342400 5.47400317
490 57 2.69621739 5.92294790
500 57 2.93550589 6.38559357
510 57 3.17829928 6.83453829
520 57 3.41248975 7.28858105
530 57 3.63998907 7.71171703
540 57 3.86748838 8.13485302
550 57 4.09498770 8.55798900
560 57 4.31388410 8.98622301
570 57 4.54138342 9.40935899
580 57 4.75709355 9.79298529
590 57 4.97471545 10.14060680
400 60 0.09845559 1.75499473
410 60 0.34061172 2.32055676
420 60 0.57416494 2.89121681
430 60 0.82364949 3.37106831
440 60 1.07154090 3.82861595
450 60 1.31943231 4.28616360
460 60 1.55872081 4.74880927
470 60 1.81171024 5.21495983
480 60 2.05960166 5.67250747
490 60 2.30749307 6.13005512
500 60 2.54678157 6.59270079
510 60 2.77428088 7.01583677
520 60 3.00687822 7.44757567
530 60 3.22577462 7.87580968
540 60 3.45837197 8.30754858
550 60 3.67726837 8.73578258
560 60 3.90986571 9.16752148
570 60 4.13927678 9.55465267
580 60 4.38430056 9.90928396
590 60 4.62072142 10.26901327
