200 15 0.00000000 0.00000000
210 15 0.00000000 0.37054015
220 15 -0.00998542 0.74054054
230 15 -0.01997085 1.11054093
240 15 -0.02995627 1.48054133
250 15 -0.02995627 1.85108147
260 15 -0.03994169 2.22108187
270 15 -0.03886219 2.57165117
280 15 -0.03724293 2.91223505
290 15 -0.04560909 3.25227917
300 15 -0.04345008 3.58287763
310 15 -0.04183082 3.92346151
320 15 -0.03967181 4.25405996
330 15 0.02752738 4.67830549
340 15 0.09526633 5.09256559
350 15 0.16300528 5.50682570
360 15 0.22183831 5.90057521
370 15 0.24342841 6.24223859
380 15 0.27446419 6.59442715
390 15 0.29605429 6.93609053
200 13 0.17622922 1.74205145
210 13 0.20402648 2.15415255
220 13 0.24126940 2.57677882
230 13 0.26906666 2.98887991
240 13 0.30630959 3.41150618
250 13 0.34571153 3.79419076
260 13 0.38727248 4.13693365
270 13 0.43827910 4.49020171
280 13 0.48982547 4.83348436
290 13 0.53084666 5.18621267
300 13 0.58239303 5.52949531
310 13 0.64500433 5.85334686
320 13 0.72866598 6.15830706
330 13 0.80180246 6.47271294
340 13 0.88546411 6.77767315
350 13 0.95914033 7.08209360
360 13 1.03227681 7.39649948
370 13 1.09596761 7.70038018
380 13 1.14967300 8.00372113
390 13 1.21282405 8.31758726
200 26 1.67053424 -0.52059136
210 26 1.65515129 -0.05073674
220 26 1.62978292 0.41857813
230 26 1.63814908 0.81961429
240 26 1.63760933 1.20013986
250 26 1.64705500 1.58120518
260 26 1.65650067 1.96227051
270 26 1.65596092 2.34279607
280 26 1.66486683 2.73384682
290 26 1.67431250 3.11491214
300 26 1.68375817 3.49597746
310 26 1.68321842 3.87650303
320 26 1.69266409 4.25756835
330 26 1.67323300 4.61704357
340 26 1.65326215 4.98650421
350 26 1.62330588 5.35542510
360 26 1.60387479 5.71490032
370 26 1.59442912 6.07491529
380 26 1.62600465 6.41711843
390 26 1.64705500 6.76876723
200 28 1.18610629 -0.63690804
210 28 1.19717122 -0.28579899
220 28 1.28353164 -0.03076590
230 28 1.35990663 0.22372744
240 28 1.38203648 0.55540540
250 28 1.30782050 1.00205067
260 28 1.23360452 1.44869593
270 28 1.15938854 1.89534119
280 28 1.07626664 2.32147585
290 28 0.98423883 2.72709991
300 28 0.89275077 3.12273855
310 28 0.80072295 3.52836262
320 28 0.75754275 3.95665629
330 28 0.74323930 4.40654006
340 28 0.72893586 4.85642384
350 28 0.74404893 5.31791230
360 28 0.85847648 5.79478370
370 28 0.98288945 6.27219486
380 28 1.03902372 6.71587148
390 28 1.00744819 7.11474864
