200 23 0.00000000 0.00000000
210 23 0.00000000 0.40804412
220 23 0.00588172 0.82417559
230 23 0.01985079 1.23442535
240 23 -0.00220564 1.64614554
250 23 -0.26835334 2.06227701
260 23 -0.54258839 2.48429021
270 23 -0.80873608 2.90042168
280 23 -0.94916208 3.20038925
290 23 -1.08370635 3.50844418
300 23 -1.22413235 3.80841174
310 23 -1.36455834 4.10837931
320 23 -1.71378528 4.32526762
330 23 -2.06889395 4.53406857
340 23 -2.42400261 4.74286953
350 23 -2.77911127 4.95167048
360 23 -3.06805062 5.14944321
370 23 -3.31287709 5.33986380
380 23 -3.55770356 5.53028439
390 23 -3.79444266 5.71482326
200 7 3.88487406 2.14535627
210 7 3.47388909 2.34533464
220 7 3.04084768 2.54898909
230 7 2.61368798 2.76073091
240 7 2.18873393 2.95850364
250 7 1.76157423 3.17024545
260 7 1.32853282 3.37389990
270 7 0.90946049 3.57975999
280 7 0.47641908 3.78341445
290 7 0.04925938 3.99515626
300 7 -0.36172559 4.19513463
310 7 -0.71683426 4.40393559
320 7 -1.07194292 4.61273654
330 7 -1.43293330 4.81345013
340 7 -1.78804196 5.02225108
350 7 -2.14315062 5.23105204
360 7 -2.49605364 5.42588391
370 7 -2.85116230 5.63468486
380 7 -3.13421993 5.84054496
390 7 -3.40110284 6.03464162
200 17 -1.33588497 -0.56170397
210 17 -1.41381772 -0.43083577
220 17 -1.48586875 -0.29188020
230 17 -1.54027463 0.00735215
240 17 -1.57777058 0.38084117
250 17 -1.60938481 0.76241756
260 17 -1.64688075 1.13590659
270 17 -1.68437670 1.50939562
280 17 -1.82259705 1.93140881
290 17 -1.96081740 2.35342201
300 17 -2.09903775 2.77543520
310 17 -2.24902153 3.18127367
320 17 -2.42841390 3.54667534
330 17 -2.60780626 3.91207700
340 17 -2.77911127 4.27159695
350 17 -2.95850364 4.63699862
360 17 -3.23567955 4.85094608
370 17 -3.52461890 5.04871881
380 17 -3.80767653 5.25457890
390 17 -4.08852851 5.44646992
200 20 -2.45120555 -0.20806574
210 20 -2.51222836 0.13307385
220 20 -2.56516382 0.46833171
230 20 -2.62030491 0.81755866
240 20 -2.67324037 1.15281653
250 20 -2.73426318 1.49395611
260 20 -2.76514219 1.82553791
270 20 -2.71588281 2.14829713
280 20 -2.66441779 2.45708727
290 20 -2.72985189 2.82616501
300 20 -2.81734243 3.19891882
310 20 -2.91292033 3.57755435
320 20 -3.16142288 3.88193320
330 20 -3.40992542 4.18631206
340 20 -3.65842796 4.49069091
350 20 -3.89884314 4.78918805
360 20 -4.23410101 5.00828201
370 20 -4.56715323 5.21340689
380 20 -4.90020546 5.41853176
390 20 -5.17517572 5.61851014
200 31 -0.08822575 3.27905721
210 31 -0.27276462 3.45036222
220 31 -0.46318521 3.61357987
230 31 -0.68154395 3.77238623
240 31 -0.93739864 3.89663750
250 31 -1.20134069 4.02677049
260 31 -1.46307710 4.14293440
270 31 -1.72701915 4.27306738
280 31 -1.93949617 4.43996110
290 31 -2.15197320 4.60685482
300 31 -2.36445022 4.77374854
310 31 -2.57692725 4.94064226
320 31 -2.78940428 5.10753598
330 31 -3.00996866 5.28031142
340 31 -3.22538655 5.51116881
350 31 -3.44080443 5.74202620
360 31 -3.72239163 5.98391181
370 31 -4.04000435 6.22726785
380 31 -4.36349878 6.46253653
390 31 -4.68699322 6.69780521
200 33 0.58302520 3.47094823
210 33 0.35804952 3.67166182
220 33 0.11910477 3.87016977
230 33 -0.10366526 4.05691428
240 33 -0.30364364 4.18998813
250 33 -0.50362202 4.32306198
260 33 -0.70360039 4.45613582
270 33 -0.90357877 4.58920967
280 33 -1.11164451 4.72816523
290 33 -1.39396692 4.88403073
300 33 -1.68437670 5.04577795
310 33 -1.97478647 5.20752517
320 33 -2.26519625 5.36927239
330 33 -2.54751867 5.52513789
340 33 -2.81881286 5.74717270
350 33 -3.07834362 5.98538224
360 33 -3.33787438 6.22359178
370 33 -3.61137422 6.45959567
380 33 -3.87090499 6.69780521
390 33 -4.14219918 6.91984002
200 38 2.48134935 0.33452265
210 38 2.06962916 0.58449562
220 38 1.66599633 0.82858688
230 38 1.24839443 1.07047249
240 38 0.83667424 1.32044546
250 38 0.43304141 1.56453672
260 38 0.04337766 1.81083361
270 38 -0.26614769 2.04830794
280 38 -0.57567305 2.28578226
290 38 -0.87931669 2.53134394
300 38 -1.18884204 2.76881827
310 38 -1.49836740 3.00629259
320 38 -1.80789276 3.24376691
330 38 -2.11153639 3.48932860
340 38 -2.41444482 3.68489569
350 38 -2.71514760 3.86649370
360 38 -3.01364474 4.03412263
370 38 -3.32022923 4.20763328
380 38 -3.61872637 4.37526222
390 38 -3.91722351 4.54289115
200 41 2.97541358 0.60581685
210 41 2.59604283 0.83226295
220 41 2.22475945 1.05282734
230 41 1.85935778 1.28147909
240 41 1.47998703 1.50792519
250 41 1.10870365 1.72848958
260 41 0.74330198 1.95714132
270 41 0.34334523 2.22328902
280 41 -0.05881717 2.50340579
290 41 -0.44480485 2.77175913
300 41 -0.69771868 2.96806143
310 41 -0.95871987 3.17024545
320 41 -1.21163370 3.36654775
330 41 -1.46454753 3.56285006
340 41 -1.72554872 3.76503408
350 41 -1.99243163 3.95913074
360 41 -2.29092876 4.12675967
370 41 -2.59751326 4.30027032
380 41 -2.90409776 4.47378098
390 41 -3.20259489 4.64140991
200 44 3.00702780 1.17634340
210 44 2.59971890 1.39837821
220 44 2.18652829 1.61232567
230 44 1.76525031 1.83215484
240 44 1.35205969 2.04610229
250 44 1.01092011 2.25710889
260 44 0.72786248 2.46296898
270 44 0.44480485 2.66882908
280 44 0.15586550 2.86660181
290 44 -0.11910477 3.06658019
300 44 -0.40216240 3.27244028
310 44 -0.69110174 3.47021302
320 44 -0.98592281 3.65989839
330 44 -1.28074387 3.84958376
340 44 -1.57556494 4.03926913
350 44 -1.87038600 4.22895451
360 44 -2.15123798 4.42084552
370 44 -2.41812089 4.61494218
380 44 -2.69088552 4.80095148
390 44 -2.94968106 4.98916643
200 47 3.40992542 1.52630556
210 47 2.99673480 1.74025301
220 47 2.66588822 1.93140881
230 47 2.32107256 2.12035897
240 47 1.98213862 2.31739649
250 47 1.63732296 2.50634665
260 47 1.30647638 2.69750245
270 47 0.96166073 2.88645261
280 47 0.63669586 3.08569577
290 47 0.35363823 3.29155586
300 47 0.06249324 3.50329767
310 47 -0.22056439 3.70915777
320 47 -0.51170938 3.92089958
330 47 -0.78667965 4.12087796
340 47 -1.04547519 4.30909290
350 47 -1.29838902 4.50539520
360 47 -1.55718457 4.69361015
370 47 -1.81598012 4.88182509
380 47 -2.07477566 5.07004003
390 47 -2.32768949 5.26634234
