200 56 0.00000000 0.00000000
210 56 0.00000000 0.86579443
220 56 -0.00000000 1.73158887
230 56 -0.00993307 2.59853831
240 56 -0.00993307 3.46433274
250 56 -0.01986615 4.33128218
260 56 -0.03788428 5.12870011
270 56 -0.07161053 5.87760767
280 56 -0.09424870 6.63529330
290 56 -0.12797495 7.38420086
300 56 -0.16054619 8.14304150
310 56 -0.19427244 8.89194907
320 56 -0.21691061 9.64963470
330 56 -0.24763384 10.33778881
340 56 -0.25664291 10.95294638
350 56 -0.27558505 11.56925896
360 56 -0.28574912 12.17448346
370 56 -0.30469126 12.79079604
380 56 -0.31485534 13.39602053
390 56 -0.33379748 14.01233311
200 59 -0.51906086 0.21136657
210 59 -0.48348659 0.69046413
220 59 -0.50150473 1.48788206
230 59 -0.53476897 2.32734229
240 59 -0.55810015 3.16564752
250 59 -0.58258633 3.99401968
260 59 -0.60591750 4.83232490
270 59 -0.63040368 5.66069706
280 59 -0.65373486 6.49900229
290 59 -0.67706603 7.33730752
300 59 -0.71148529 8.16683468
310 59 -0.73481646 9.00513991
320 59 -0.75629962 9.77275861
330 59 -0.76530869 10.38791618
340 59 -0.78425083 11.00422876
350 59 -0.79210489 11.62931941
360 59 -0.81104703 12.24563199
370 59 -0.82005609 12.86078956
380 59 -0.83899823 13.47710214
390 59 -0.84800730 14.09225971
