200 33 0.00000000 0.00000000
210 33 0.00000000 0.30149627
220 33 -0.01094541 0.61194787
230 33 -0.01990074 0.90249873
240 33 -0.05373201 1.14031262
250 33 -0.08756327 1.37812651
260 33 -0.12139454 1.61594040
270 33 -0.15522580 1.85375429
280 33 -0.19005210 2.10151855
290 33 -0.26169478 2.41595030
300 33 -0.33433250 2.74033242
310 33 -0.40697021 3.06471455
320 33 -0.47960793 3.38909667
330 33 -0.55125060 3.70352842
340 33 -0.56617616 4.05378151
350 33 -0.56120098 4.40602468
360 33 -0.55622579 4.75826784
370 33 -0.56219601 5.11946634
380 33 -0.55722083 5.47170951
390 33 -0.57214638 5.82196260
200 4 1.48559052 -2.19306197
210 4 1.40001733 -1.83982376
220 4 1.31444413 -1.48658556
230 4 1.22787589 -1.12339699
240 4 1.14230269 -0.77015879
250 4 1.06667987 -0.41592555
260 4 0.98110667 -0.06268734
270 4 0.89453843 0.30050123
280 4 0.80896524 0.65373943
290 4 0.72339204 1.00697764
300 4 0.63781884 1.36021584
310 4 0.55224564 1.71345404
320 4 0.46567741 2.07664262
330 4 0.40099999 2.42192052
340 4 0.46269229 2.70948627
350 4 0.52438460 2.99705202
360 4 0.58607691 3.28461776
370 4 0.65672455 3.58312892
380 4 0.71841685 3.87069467
390 4 0.74329278 4.22492791
200 7 1.20897019 -3.34631007
210 7 1.08459054 -2.90650363
220 7 0.94827044 -2.44779149
230 7 0.82190072 -1.98808431
240 7 0.68657566 -1.53932253
250 7 0.56020594 -1.07961535
260 7 0.42388584 -0.62090321
270 7 0.29851116 -0.17114640
280 7 0.16219106 0.28756575
290 7 0.03582134 0.74727293
300 7 -0.08855831 1.18707937
310 7 -0.16915632 1.59106447
320 7 -0.24975433 1.99504957
330 7 -0.34030272 2.39803963
340 7 -0.42090073 2.80202473
350 7 -0.50149874 3.20600983
360 7 -0.59105209 3.59904952
370 7 -0.67165010 4.00303462
380 7 -0.70647641 4.35129763
390 7 -0.73931263 4.67965991
200 23 -2.97814631 -1.87564510
210 23 -2.67366493 -1.60399995
220 23 -2.35923318 -1.33135976
230 23 -2.04380639 -1.06866994
240 23 -1.75126545 -0.77811908
250 23 -1.61793047 -0.30249131
260 23 -1.48559052 0.18308684
270 23 -1.35225554 0.65871462
280 23 -1.22190567 0.96319600
290 23 -1.08160543 1.26867242
300 23 -0.95125555 1.57315380
310 23 -0.82090568 1.87763518
320 23 -0.89155332 2.28261531
330 23 -0.97215133 2.68660041
340 23 -1.05274935 3.09058551
350 23 -1.13334736 3.49457061
360 23 -1.17812403 3.84183859
370 23 -1.19901981 4.15129516
380 23 -1.21991560 4.46075172
390 23 -1.23981634 4.76025792
200 31 -0.59005705 0.37313895
210 31 -0.58508187 0.62488336
220 31 -0.59005705 0.87563273
230 31 -0.61692306 1.14429277
240 31 -0.69453596 1.41792800
250 31 -0.77314390 1.70151360
260 31 -0.86070717 1.97415379
270 31 -0.93931511 2.25773938
280 31 -0.95623074 2.52739446
290 31 -0.97314637 2.79704954
300 31 -0.99006200 3.06670462
310 31 -1.00697764 3.33635970
320 31 -1.02389327 3.60601478
330 31 -1.04180394 3.88562023
340 31 -1.01294786 4.20005198
350 31 -0.98409178 4.51448373
360 31 -0.99105704 4.88563260
370 31 -1.02090816 5.28464252
380 31 -1.06070964 5.68265739
390 31 -1.10051113 6.08067227
