0 22 0.00000000 0.00000000
10 22 0.00000000 0.38078866
20 22 -0.00236352 0.75186063
30 22 -0.00236352 1.13264929
40 22 -0.00472703 1.50372127
50 22 -0.00472703 1.88450992
60 22 -0.00472703 2.26529858
70 22 -0.00709055 2.63637056
80 22 0.04910861 2.95203122
90 22 0.14916411 3.23644096
100 22 0.25893629 3.51848717
110 22 0.35662827 3.79318023
120 22 0.45668377 4.07758997
130 22 0.55437576 4.35228302
140 22 0.65443126 4.63669276
150 22 0.75212325 4.91138581
160 22 1.03469469 5.09994185
170 22 1.35376932 5.26932715
180 22 1.68256063 5.43634893
190 22 2.00163526 5.60573423
0 16 0.92229638 -0.10084334
10 16 0.88999500 0.40100985
20 16 0.86741030 0.90049952
30 16 0.83510891 1.40235270
40 16 0.81252421 1.90184237
50 16 0.78993950 2.40133204
60 16 0.81620079 2.84777392
70 16 0.94488109 3.20755354
80 16 1.06384472 3.56969668
90 16 1.09693394 4.08651880
100 16 1.11295332 4.61778463
110 16 1.10297404 5.04216702
120 16 1.05517849 5.31108260
130 16 0.99766628 5.58236169
140 16 0.94987074 5.85127726
150 16 0.89235852 6.12255635
160 16 0.96168831 6.28064930
170 16 1.06279427 6.40013815
180 16 1.15418354 6.52199052
190 16 1.24557282 6.64384289
0 19 0.45930990 0.99976718
10 19 0.47611713 1.40734235
20 19 0.49292435 1.81491751
30 19 0.50973157 2.22249268
40 19 0.51682212 2.63243137
50 19 0.53362934 3.04000653
60 19 0.47322838 3.38402939
70 19 0.41519094 3.73776892
80 19 0.34507331 4.08415529
90 19 0.28467235 4.42817814
100 19 0.25867367 4.70208336
110 19 0.29176289 4.83811683
120 19 0.31749895 4.98623048
130 19 0.35058818 5.12226395
140 19 0.37632424 5.27037760
150 19 0.45458287 5.54979769
160 19 0.59928256 6.06005449
170 19 0.75133541 6.55823110
180 19 0.89367158 7.05877122
190 19 1.04808795 7.56666450
