0 34 0.00000000 0.00000000
10 34 0.00000000 0.60133186
20 34 0.00997785 1.20199852
30 34 0.00997785 1.80333038
40 34 0.01995570 2.40399704
50 34 0.01995570 3.00532890
60 34 0.02993355 3.60599556
70 34 0.02993355 4.20732742
80 34 0.02993355 4.80865927
90 34 0.03991141 5.40932594
100 34 0.03991141 6.01065779
110 34 0.04988926 6.61132446
120 34 0.10177409 7.08893095
130 34 0.17161905 7.53527351
140 34 0.24212920 7.99159392
150 34 0.31197416 8.43793648
160 34 0.38248431 8.89425690
170 34 0.45232927 9.34059946
180 34 0.52283942 9.79691987
190 34 0.59268438 10.24326243
0 37 1.00643263 1.56652270
10 37 1.00377187 2.12794315
20 37 1.00111111 2.68936360
30 37 0.98847250 3.25144923
40 37 0.98581174 3.81286968
50 37 0.98315098 4.37429013
60 37 0.97051236 4.93637577
70 37 0.96785160 5.49779622
80 37 0.95521299 6.05988186
90 37 0.92261868 6.62329788
100 37 0.90000221 7.18604871
110 37 0.87672056 7.73882168
120 37 0.84412624 8.30223770
130 37 0.82150978 8.86498853
140 37 0.79889332 9.42773936
150 37 0.77627685 9.99049019
160 37 0.74368254 10.55390621
170 37 0.73570026 11.03550385
180 37 0.72771798 11.51710148
190 37 0.70909265 11.98938646
0 40 1.74412846 1.65765374
10 40 1.69956072 2.19180140
20 40 1.65565817 2.73592690
30 40 1.61109043 3.27007456
40 40 1.56652270 3.80422221
50 40 1.52262015 4.34834772
60 40 1.47805241 4.88249537
70 40 1.43414987 5.42662088
80 40 1.41885049 5.94879511
90 40 1.39357327 6.47163453
100 40 1.37827390 6.99380877
110 40 1.36297453 7.51598300
120 40 1.33769730 8.03882242
130 40 1.32239793 8.56099665
140 40 1.30709856 9.08317089
150 40 1.28182133 9.60601031
160 40 1.26585677 10.11820669
170 40 1.25055740 10.64038092
180 40 1.22528017 11.16322035
190 40 1.20998080 11.68539458
