0 30 0.00000000 0.00000000
10 30 0.00000000 0.56885851
20 30 0.00984428 1.13595911
30 30 0.01968855 1.70305971
40 30 0.01968855 2.27191821
50 30 0.02953283 2.83901881
60 30 0.03234548 3.36674231
70 30 0.03515813 3.89446580
80 30 0.03797078 4.42218930
90 30 0.04254133 4.95975707
100 30 0.04535398 5.48748057
110 30 0.05801091 6.01344616
120 30 0.16278213 6.54327915
130 30 0.27739763 7.07135422
140 30 0.39377103 7.60927358
150 30 0.50838653 8.13734866
160 30 0.62792416 8.52233015
170 30 0.74218808 8.87777882
180 30 0.86629627 9.23146959
190 30 0.95489475 9.50007768
0 25 -0.88176584 1.37644070
10 25 -0.83887293 1.95795613
20 25 -0.79422210 2.54931584
30 25 -0.76117346 3.13258918
40 25 -0.71652264 3.72394889
50 25 -0.68347400 4.30722222
60 25 -0.64058109 4.88873766
70 25 -0.60577454 5.48185527
80 25 -0.56288162 6.06337070
90 25 -0.51823080 6.65473041
100 25 -0.46971259 7.15397582
110 25 -0.40677954 7.62017260
120 25 -0.35369076 8.08812728
130 25 -0.29075772 8.55432405
140 25 -0.22782467 9.02052082
150 25 -0.17473589 9.48847550
160 25 -0.10371648 9.94307009
170 25 -0.01125060 10.40399315
180 25 0.06961309 10.85682983
190 25 0.16207897 11.31775289
0 32 0.46443887 -0.64163583
10 32 0.51119918 -0.15223469
20 32 0.55795949 0.33716644
30 32 0.60471980 0.82656758
40 32 0.65148011 1.31596872
50 32 0.69824042 1.80536986
60 32 0.74500073 2.29477099
70 32 0.79176104 2.78417213
80 32 0.83289605 3.35584329
90 32 0.87297631 3.97849373
100 32 0.91129867 4.59129990
110 32 0.95137894 5.21395034
120 32 0.98970129 5.82675650
130 32 1.02978156 6.44940694
140 32 1.06810392 7.06221311
150 32 1.09833991 7.68662146
160 32 1.17322672 8.04910175
170 32 1.25549674 8.33915631
180 32 1.32968039 8.64081304
190 32 1.41195041 8.93086760
