200 7 0.00000000 0.00000000
210 7 0.00000000 0.45705580
220 7 -0.00634496 0.93555317
230 7 -0.00284429 1.41230022
240 7 -0.01093958 1.88095197
250 7 -0.00743892 2.35769902
260 7 -0.01378388 2.83619640
270 7 -0.01203354 3.30309782
280 7 -0.01837850 3.78159520
290 7 -0.01487783 4.25834224
300 7 -0.01487783 4.71539804
310 7 0.01750333 5.12607000
320 7 0.04988450 5.53674196
330 7 0.07242004 5.94916426
340 7 0.10480121 6.35983622
350 7 0.13718238 6.77050818
360 7 0.15796758 7.17308485
370 7 0.19034875 7.58375681
380 7 0.25161042 7.92835369
390 7 0.30937142 8.25325932
200 4 0.58001671 1.03444701
210 4 0.59380059 1.39764118
220 4 0.60758446 1.76083535
230 4 0.62311867 2.13387514
240 4 0.63690255 2.49706931
250 4 0.66053205 2.85851315
260 4 0.67431592 3.22170732
270 4 0.68985013 3.59474711
280 4 0.70363401 3.95794128
290 4 0.71741788 4.32113545
300 4 0.73120176 4.68432962
310 4 0.74498563 5.04752379
320 4 0.76051984 5.42056358
330 4 0.79224463 5.77041146
340 4 0.92986459 6.03033596
350 4 1.06748455 6.29026047
360 4 1.20510451 6.55018497
370 4 1.35432043 6.81820476
380 4 1.49194039 7.07812926
390 4 1.61227580 7.41222414
200 23 -3.62887861 2.55461152
210 23 -3.26196498 2.73314552
220 23 -2.88520573 2.90992919
230 23 -2.51019681 3.07686723
240 23 -2.14962814 3.27684282
250 23 -1.89189156 3.69823557
260 23 -1.63240464 4.12947395
270 23 -1.37466805 4.55086670
280 23 -1.16637838 4.80838450
290 23 -0.94824309 5.06415196
300 23 -0.73995342 5.32166975
310 23 -0.53166375 5.57918754
320 23 -0.48943696 5.98810917
330 23 -0.45705580 6.39878113
340 23 -0.42467463 6.80945310
350 23 -0.39229346 7.22012506
360 23 -0.34087742 7.56647227
370 23 -0.27677146 7.86993631
380 23 -0.21266550 8.17340036
390 23 -0.15030988 8.46701878
200 33 -0.25270438 3.54901965
210 33 -0.17065750 3.83913741
220 33 -0.09670592 4.14085112
230 33 -0.02625500 4.42287358
240 33 0.00590738 4.66091891
250 33 0.03806975 4.89896425
260 33 0.07023213 5.13700958
270 33 0.10239450 5.37505492
280 33 0.13630721 5.62294588
290 33 0.15293538 5.94500721
300 33 0.17131388 6.27691417
310 33 0.18969238 6.60882114
320 33 0.20807088 6.94072810
330 33 0.22469904 7.26278943
340 33 0.30565196 7.60388564
350 33 0.40629613 7.94148119
360 33 0.50694030 8.27907673
370 33 0.59948917 8.62826823
380 33 0.70013334 8.96586378
390 33 0.78108626 9.30695999
200 38 -2.24239581 0.46974571
210 38 -2.19776231 0.94933705
220 38 -2.15487914 1.41908276
230 38 -2.12009127 1.90042443
240 38 -2.07545777 2.38001577
250 38 -2.03257460 2.84976148
260 38 -1.98159614 3.30791123
270 38 -1.90348752 3.69014028
280 38 -1.82537889 4.07236932
290 38 -1.73742464 4.45284804
300 38 -1.65931601 4.83507708
310 38 -1.58120739 5.21730612
320 38 -1.50309876 5.59953517
330 38 -1.41514451 5.98001388
340 38 -1.37182376 6.33795705
350 38 -1.34009897 6.68780493
360 38 -1.31997014 7.02955751
370 38 -1.29809097 7.38115573
380 38 -1.27796214 7.72290831
390 38 -1.25783330 8.06466090
200 41 -1.78227693 0.14418371
210 41 -1.74464476 0.58439255
220 41 -1.70876293 1.01475576
230 41 -1.66303547 1.44336864
240 41 -1.62540330 1.88357747
250 41 -1.58952147 2.31394068
260 41 -1.54379401 2.74255356
270 41 -1.47946926 3.21864423
280 41 -1.40354855 3.70283020
290 41 -1.33112851 4.16732491
300 41 -1.26527222 4.48063458
310 41 -1.19766559 4.80378987
320 41 -1.13180930 5.11709954
330 41 -1.06595301 5.43040921
340 41 -0.99834638 5.75356450
350 41 -0.94058538 6.07847013
360 41 -0.92045655 6.42022272
370 41 -0.89857738 6.77182093
380 41 -0.87669822 7.12341914
390 41 -0.85656938 7.46517173
200 44 -1.25542659 0.36538209
210 44 -1.23398501 0.82878284
220 44 -1.22238905 1.29393393
230 44 -1.20904276 1.76893064
240 44 -1.19744680 2.23408173
250 44 -1.15697034 2.63315773
260 44 -1.09570868 2.97775461
270 44 -1.03444701 3.32235148
280 44 -0.98303097 3.66869870
290 44 -0.92351963 4.00344995
300 44 -0.86225797 4.34804683
310 44 -0.81084192 4.69439404
320 44 -0.76927151 5.04249158
330 44 -0.72770109 5.39058913
340 44 -0.68613067 5.73868667
350 44 -0.64456026 6.08678421
360 44 -0.59489455 6.42328580
370 44 -0.53713355 6.74819143
380 44 -0.48921817 7.07484739
390 44 -0.43320750 7.38990739
200 47 -0.76445809 0.15621725
210 47 -0.75286213 0.62136834
220 47 -0.72573196 1.00250342
230 47 -0.70669709 1.39523447
240 47 -0.67781659 1.78621518
250 47 -0.65878171 2.17894623
260 47 -0.63165155 2.56008131
270 47 -0.61261667 2.95281236
280 47 -0.57564088 3.33219711
290 47 -0.51437921 3.67679399
300 47 -0.45136721 4.03123649
310 47 -0.39010554 4.37583337
320 47 -0.32709354 4.73027587
330 47 -0.26758221 5.06502712
340 47 -0.21157154 5.38008713
350 47 -0.14571525 5.69339680
360 47 -0.08970458 6.00845680
370 47 -0.03369392 6.32351680
380 47 0.02231675 6.63857680
390 47 0.08817304 6.95188647
