400 21 0.00000000 0.00000000
410 21 0.00000000 0.32015621
420 21 -0.06090777 0.66842370
430 21 -0.11182041 1.01700354
440 21 -0.17241583 1.35527591
450 21 -0.23332360 1.70354339
460 21 -0.29423137 2.05181088
470 21 -0.33483655 2.39070795
480 21 -0.29329432 2.66213795
490 21 -0.24206933 2.94387541
500 21 -0.19053199 3.21561776
510 21 -0.13899465 3.48736010
520 21 -0.09807712 3.77878034
530 21 -0.07871158 4.11955149
540 21 -0.05934603 4.46032264
550 21 -0.04841387 4.75080584
560 21 -0.03748170 5.04128903
570 21 -0.02654954 5.33177223
580 21 0.07590045 5.57509095
590 21 0.19802833 5.82902949
400 8 1.40618855 -1.13663264
410 8 1.39588108 -0.80679365
420 8 1.39556874 -0.47664232
430 8 1.38557362 -0.15679846
440 8 1.37589084 0.15305029
450 8 1.35590060 0.47258180
460 8 1.34621783 0.78243055
470 8 1.33622271 1.10227441
480 8 1.31654481 1.41181081
490 8 1.30623734 1.74164979
500 8 1.27562729 2.08085920
510 8 1.24501723 2.42006861
520 8 1.22440229 2.75959037
530 8 1.19379224 3.09879978
540 8 1.17317730 3.43832154
550 8 1.14287959 3.76753583
560 8 1.13413386 4.04739921
570 8 1.12570048 4.31726747
580 8 1.10695962 4.59681851
590 8 1.09821389 4.87668189
400 18 0.49944369 -0.93485614
410 18 0.48851153 -0.58502691
420 18 0.46789659 -0.24550515
430 18 0.44696931 0.10401173
440 18 0.42604202 0.45352860
450 18 0.36482191 0.81179121
460 18 0.29360667 1.16974148
470 18 0.23238656 1.52800409
480 18 0.17147879 1.87627158
490 18 0.10026356 2.23422184
500 18 0.03904344 2.59248445
510 18 0.06153246 2.83330439
520 18 0.08370914 3.08411945
530 18 0.10619816 3.32493939
540 18 0.13868230 3.56607168
550 18 0.16085897 3.81688674
560 18 0.18334800 4.05770668
570 18 0.14274282 4.39660374
580 18 0.09120548 4.76517382
590 18 0.03998048 5.12374878
400 24 0.91299181 -1.04199134
410 24 0.91330416 -0.73183025
420 24 0.90362139 -0.42198150
430 24 0.90424608 -0.12181553
440 24 0.90455843 0.18834556
450 24 0.90487078 0.49850665
460 24 0.90549547 0.79867262
470 24 0.90612017 1.09883859
480 24 0.90705721 1.38900944
490 24 0.90768190 1.68917541
500 24 0.90830660 1.98934138
510 24 0.88831636 2.30887290
520 24 0.81741347 2.65682804
530 24 0.74619823 3.01477830
540 24 0.68497812 3.37304091
550 24 0.62407035 3.72130840
560 24 0.64499764 4.01210394
570 24 0.66592492 4.30289949
580 24 0.68685220 4.59369503
590 24 0.70777949 4.88449058
400 39 -0.12931187 -1.62483182
410 39 -0.17991217 -1.28624710
420 39 -0.20989754 -0.96702793
430 39 -0.22988778 -0.64749642
440 39 -0.25987314 -0.32827725
450 39 -0.27986338 -0.00874573
460 39 -0.30953640 0.30047832
470 39 -0.32952664 0.62000983
480 39 -0.35951200 0.93922900
490 39 -0.37950224 1.25876052
500 39 -0.38918501 1.56860926
510 39 -0.40917526 1.88814078
520 39 -0.41917038 2.20798465
530 39 -0.42916550 2.52782851
540 39 -0.43884827 2.83767725
550 39 -0.44884339 3.15752112
560 39 -0.46852129 3.46705751
570 39 -0.50756473 3.75597897
580 39 -0.54660817 4.04490043
590 39 -0.58565161 4.33382189
400 42 0.37669111 -2.12927307
410 42 0.31578335 -1.78100558
420 42 0.26518305 -1.44242086
430 42 0.21427040 -1.09384103
440 42 0.17335288 -0.74494884
450 42 0.14180578 -0.37575407
460 42 0.11025868 -0.00655930
470 42 0.08901904 0.35295270
480 42 0.05747194 0.72214747
490 42 0.03591997 1.09165460
500 42 0.00499756 1.44085913
510 42 -0.00499756 1.76070299
520 42 -0.02467545 2.07023939
530 42 -0.03467058 2.39008325
540 42 -0.04435335 2.69993200
550 42 -0.07402636 3.00915604
560 42 -0.10338703 3.30838497
570 42 -0.12275258 3.60792625
580 42 -0.13212300 3.90777987
590 42 -0.12150319 4.20825819
