400 57 0.00000000 0.00000000
410 57 -0.00000000 0.60530984
420 57 -0.00859064 1.22185359
430 57 -0.00859064 1.82716343
440 57 0.01453801 2.37894696
450 57 0.05352631 2.89835038
460 57 0.10242688 3.41643216
470 57 0.15000582 3.92460167
480 57 0.18899412 4.44400509
490 57 0.23657306 4.95217459
500 57 0.27556136 5.47157801
510 57 0.32314030 5.97974752
520 57 0.36080696 6.48923866
530 57 0.40442098 6.96767132
540 57 0.44803501 7.44610399
550 57 0.49164904 7.92453666
560 57 0.52535079 8.40429096
570 57 0.56896481 8.88272363
580 57 0.61720457 9.32018554
590 57 0.68130398 9.72526734
400 51 0.07533332 -1.55358453
410 51 -0.29340346 -0.68725134
420 51 -0.67337415 0.17049120
430 51 -0.97206416 0.95686533
440 51 -0.96215188 1.40952607
450 51 -0.95223960 1.86218682
460 51 -0.94232732 2.31484756
470 51 -0.92118113 2.77609894
480 51 -0.91126885 3.22875968
490 51 -0.90135657 3.68142042
500 51 -0.73879520 4.14399344
510 51 -0.57623382 4.60656646
520 51 -0.41235081 5.07905176
530 51 -0.24978943 5.54162478
540 51 -0.07731578 6.00287617
550 51 0.21410523 6.44826790
560 51 0.50420459 6.88374736
570 51 0.80421624 7.31790518
580 51 1.09233315 7.66285249
590 51 1.37912842 7.99788752
400 60 -0.52138588 0.09978361
410 60 -0.52006424 0.71500573
420 60 -0.52865488 1.33154948
430 60 -0.48702331 1.87077746
440 60 -0.43812273 2.38885924
450 60 -0.38922216 2.90694102
460 60 -0.35023386 3.42634444
470 60 -0.30001164 3.95433851
480 60 -0.25111107 4.47242029
490 60 -0.20221049 4.99050207
500 60 -0.16322219 5.50990549
510 60 -0.11960817 5.98833816
520 60 -0.07467250 6.47668310
530 60 -0.04097075 6.95643741
540 60 0.00396491 7.44478235
550 60 0.03766666 7.92453666
560 60 0.08260233 8.41288160
570 60 0.14207600 8.85893416
580 60 0.22864324 9.28119724
590 60 0.30529819 9.70478197
430 54 0.20353213 -0.59209347
440 54 0.30860229 0.12026899
450 54 0.41235081 0.82271916
460 54 0.51742096 1.53508161
470 54 0.61257884 2.24876570
480 54 0.71632736 2.95121587
490 54 0.80091214 3.58560173
500 54 0.87756710 4.16051391
510 54 0.94563142 4.74666001
520 54 1.01369573 5.33280611
530 54 1.09035069 5.90771829
540 54 1.16700565 6.48263047
550 54 1.26084189 7.03507482
560 54 1.34608749 7.59875309
570 54 1.43133309 8.16243135
580 54 1.54036816 8.60187572
590 54 1.64808159 9.03140781
600 54 1.75447338 9.45102762
610 54 1.86218682 9.88055971
620 54 1.96857861 10.30017953
