0 25 0.00000000 0.00000000
10 25 -0.00000000 0.58309519
20 25 0.00102899 1.17613730
30 25 -0.00891793 1.76026148
40 25 -0.00788893 2.35330359
50 25 -0.01783585 2.93742777
60 25 -0.01783585 3.52052296
70 25 -0.02675378 4.11459405
80 25 -0.02675378 4.69768924
90 25 -0.02572479 5.29073135
100 25 -0.01406288 5.79219321
110 25 0.01440588 6.26175634
120 25 0.03292773 6.73234846
130 25 0.06139649 7.20191158
140 25 0.08986526 7.67147471
150 25 0.10838711 8.14206683
160 25 0.14577380 8.60065404
170 25 0.20408332 9.06713020
180 25 0.25141693 9.52468842
190 25 0.30972644 9.99116457
0 27 -0.99126182 -0.34985711
10 27 -1.01321364 0.21540222
20 27 -1.02521854 0.77963257
30 27 -1.03825243 1.33391600
40 27 -1.06020425 1.89917533
50 27 -1.07323815 2.45345876
60 27 -1.08524305 3.01768910
70 27 -1.03345047 3.61553317
80 27 -0.89693760 4.25487990
90 27 -0.77037164 4.89525561
100 27 -0.63282978 5.54454926
110 27 -0.58000821 6.15234024
120 27 -0.54810948 6.75224229
130 27 -0.50626382 7.35111535
140 27 -0.47436509 7.95101740
150 27 -0.42565949 8.51902072
160 27 -0.31830137 8.77935557
170 27 -0.19996735 9.04860835
180 27 -0.17458556 9.48833072
190 27 -0.15709270 9.94897592
0 30 0.98062891 -1.30784821
10 30 0.93878326 -0.74053089
20 30 0.90688452 -0.17424256
30 30 0.87498578 0.39204577
40 30 0.83314013 0.95936309
50 30 0.80124139 1.52565141
60 30 0.76522669 2.05215207
70 30 0.72921198 2.57865273
80 30 0.69319728 3.10515338
90 30 0.65821157 3.64160096
100 30 0.62219687 4.16810161
110 30 0.59612908 4.69357328
120 30 0.66164154 5.22967786
130 30 0.73710092 5.76475344
140 30 0.81358929 6.30977594
150 30 0.88904867 6.84485153
160 30 0.97994292 7.23758329
170 30 1.06775019 7.60047430
180 30 1.16550438 7.96233631
190 30 1.23410382 8.23673405
