0 9 0.00000000 0.00000000
10 9 0.00000000 0.39115214
20 9 0.00076696 0.77233374
30 9 0.00153393 1.15351534
40 9 0.01227144 1.53546391
50 9 0.01303840 1.91664551
60 9 0.01380537 2.29782711
70 9 0.01457233 2.67900871
80 9 0.02454288 3.07092782
90 9 0.02530984 3.45210941
100 9 0.02607681 3.83329101
110 9 0.02684377 4.21447261
120 9 0.03758128 4.59642118
130 9 0.03834825 4.97760278
140 9 0.02377591 5.42781123
150 9 0.01917412 5.87878664
160 9 0.01380537 6.33973260
170 9 -0.00076696 6.78994105
180 9 -0.00536875 7.24091646
190 9 -0.01994109 7.69112491
0 1 0.92956157 -0.87127223
10 1 0.89121332 -0.37274498
20 1 0.84289452 0.12501529
30 1 0.80377931 0.63351308
40 1 0.75546051 1.13127336
50 1 0.71711226 1.62980060
60 1 0.66879347 2.12756088
70 1 0.63044522 2.62608812
80 1 0.58212643 3.12384840
90 1 0.55835051 3.56331934
100 1 0.54607907 3.98361615
110 1 0.52460405 4.39317546
120 1 0.51233261 4.81347227
130 1 0.50006117 5.23376908
140 1 0.47858615 5.64332839
150 1 0.46631471 6.06362520
160 1 0.44560666 6.46321396
170 1 0.41799592 6.82215358
180 1 0.38041463 7.18032623
190 1 0.35280389 7.53926584
0 10 -0.89044635 0.88431063
10 10 -0.90731958 1.23404667
20 10 -0.93416336 1.58301574
30 10 -0.95103659 1.93275177
40 10 -0.97788036 2.28172084
50 10 -0.99475359 2.63145688
60 10 -1.01085986 2.97122237
70 10 -0.90118386 3.24042708
80 10 -0.80224538 3.51883537
90 10 -0.71634530 3.83635887
100 10 -0.67799705 4.25051997
110 10 -0.62967826 4.66544803
120 10 -0.59209697 5.08957967
130 10 -0.54377818 5.50450772
140 10 -0.50542993 5.91866882
150 10 -0.45711113 6.33359688
160 10 -0.46094596 6.77460175
170 10 -0.47551829 7.22481019
180 10 -0.49009063 7.67501864
190 10 -0.51463351 8.12446013
0 29 0.96024017 -1.79163021
10 29 0.96024017 -1.40047807
20 29 0.96100713 -1.01929647
30 29 0.96100713 -0.62814433
40 29 0.96177410 -0.24696273
50 29 0.96177410 0.14418942
60 29 0.97174464 0.53610853
70 29 1.04844114 0.97327857
80 29 1.11593406 1.39971110
90 29 1.18266001 1.83611418
100 29 1.25935651 2.27328423
110 29 1.32608247 2.70968731
120 29 1.31764585 3.21051544
130 29 1.29847173 3.72054716
140 29 1.27929760 4.23057888
150 29 1.25935651 4.75058114
160 29 1.23097881 5.24987535
170 29 1.21717344 5.69011325
180 29 1.20260110 6.14032170
190 29 1.17805822 6.58976318
