400 36 0.00000000 0.00000000
410 36 0.00000000 0.34014703
420 36 0.00000000 0.68029405
430 36 -0.00999568 1.02073507
440 36 0.00000000 1.36058811
450 36 0.03968872 1.68956350
460 36 0.07937744 2.01853888
470 36 0.11906616 2.34751427
480 36 0.15875488 2.67648966
490 36 0.19844360 3.00546505
500 36 0.20873327 3.35531376
510 36 0.21902293 3.70516247
520 36 0.22960659 4.06500686
530 36 0.23989626 4.41485558
540 36 0.25018593 4.76470429
550 36 0.26076959 5.12454868
560 36 0.26047560 5.45470003
570 36 0.24900997 5.74516266
580 36 0.23754434 6.03562529
590 36 0.22607871 6.32608792
400 39 -0.37483791 1.88183329
410 39 -0.40482494 2.22286229
420 39 -0.41540860 2.54331195
430 39 -0.41599658 2.86346763
440 39 -0.42658024 3.18391729
450 39 -0.42716822 3.50407296
460 39 -0.43804587 3.81452695
470 39 -0.43863385 4.13468262
480 39 -0.44921751 4.45513228
490 39 -0.44980549 4.77528795
500 39 -0.44069178 5.08515396
510 39 -0.44127976 5.40530963
520 39 -0.43187207 5.72517131
530 39 -0.42246437 6.04503299
540 39 -0.41335067 6.35489899
550 39 -0.40394297 6.67476068
560 39 -0.40482494 6.98492067
570 39 -0.42628625 7.27567729
580 39 -0.44774756 7.56643391
590 39 -0.46920886 7.85719053
400 42 0.09966278 1.34765253
410 42 0.05997407 1.69897119
420 42 0.02998703 2.04000019
430 42 0.00029399 2.39102487
440 42 -0.01940337 2.74175555
450 42 -0.02851708 3.11218360
460 42 -0.03763079 3.48261165
470 42 -0.03704281 3.84275003
480 42 -0.04615651 4.21317809
490 42 -0.04527454 4.58331214
500 42 -0.05497623 4.93374884
510 42 -0.04556853 5.25361052
520 42 -0.04645050 5.56377052
530 42 -0.03704281 5.88363220
540 42 -0.02792910 6.19349820
550 42 -0.03880675 6.50395219
560 42 -0.04997839 6.80441049
570 42 -0.05115435 7.10457481
580 42 -0.04233463 7.40444514
590 42 -0.01352356 7.70372748
400 45 0.55887597 1.31413761
410 45 0.56857766 1.64399497
420 45 0.57827935 1.97385232
430 45 0.57739737 2.28401232
440 45 0.58680507 2.60387400
450 45 0.59591878 2.91374000
460 45 0.59503680 3.22390000
470 45 0.60415051 3.53376600
480 45 0.61355821 3.85362768
490 45 0.59356685 4.19436269
500 45 0.57416348 4.55508906
510 45 0.55476010 4.91581542
520 45 0.52536105 5.27683577
530 45 0.50595768 5.63756214
540 45 0.49596200 5.97800315
550 45 0.49478604 6.27816747
560 45 0.50331176 6.56804212
570 45 0.51213148 6.86791244
580 45 0.50154782 7.18836211
590 45 0.47126680 7.51939543
400 48 1.14832696 0.94664946
410 48 1.15802864 1.27650682
420 48 1.16743634 1.59636850
430 48 1.18683971 1.91593619
440 48 1.17713803 2.26637289
450 48 1.15802864 2.63709493
460 48 1.13891926 3.00781697
470 48 1.11980988 3.37853901
480 48 1.09099880 3.75955072
490 48 1.07188942 4.13027276
500 48 1.05278004 4.50099480
510 48 1.03367065 4.87171684
520 48 1.04307835 5.19157852
530 48 1.05160408 5.48145317
540 48 1.06042379 5.78132350
550 48 1.06924351 6.08119382
560 48 1.07806322 6.38106415
570 48 1.08658895 6.67093880
580 48 1.07629928 7.00138414
590 48 1.05601393 7.33212347
