200 35 0.00000000 0.00000000
210 35 0.00000000 0.41048752
220 35 0.00000000 0.82097503
230 35 0.00000000 1.23146255
240 35 0.00000000 1.64195006
250 35 0.00048723 2.04244945
260 35 0.00048723 2.45293697
270 35 -0.00950090 2.86293726
280 35 -0.03946527 3.27196309
290 35 -0.06942964 3.68098893
300 35 -0.09988124 4.10000289
310 35 -0.12984561 4.50902873
320 35 -0.15980998 4.91805457
330 35 -0.18977435 5.32708041
340 35 -0.21973872 5.73610625
350 35 -0.24970309 6.14513209
360 35 -0.27966746 6.55415793
370 35 -0.30865738 6.94320752
380 35 -0.33472394 7.27232837
390 35 -0.36127774 7.61143734
200 41 0.38198482 1.61052401
210 41 0.32059440 2.04805255
220 41 0.25969121 2.47559295
230 41 0.20877614 2.90362059
240 41 0.14738572 3.34114912
250 41 0.08648253 3.76868953
260 41 0.03556746 4.19671716
270 41 -0.00779561 4.67517264
280 41 -0.04165778 5.16410347
290 41 -0.07454551 5.63305805
300 41 -0.08014860 5.95316523
310 41 -0.08623892 6.28326053
320 41 -0.09184201 6.60336770
330 41 -0.09744511 6.92347488
340 41 -0.10353543 7.25357018
350 41 -0.11961387 7.58317826
360 41 -0.17613203 7.92082556
370 41 -0.23313742 8.26846098
380 41 -0.29014281 8.61609640
390 41 -0.34666097 8.95374370
200 44 0.84631076 1.94354267
210 44 0.76396964 2.40007300
220 44 0.67164040 2.85611610
230 44 0.57882394 3.32214732
240 44 0.48649470 3.77819043
250 44 0.43704131 4.17625369
260 44 0.41998841 4.52583801
270 44 0.40293552 4.87542234
280 44 0.37589450 5.22451943
290 44 0.35932883 5.56411563
300 44 0.34227594 5.91369996
310 44 0.31523492 6.26279705
320 44 0.27820578 6.61140693
330 44 0.24117664 6.96001680
340 44 0.20414750 7.30862667
350 44 0.16711836 7.65723654
360 44 0.14056457 7.99634552
370 44 0.12448612 8.32595359
380 44 0.09841956 8.65507444
390 44 0.08282834 8.97469439
200 47 1.37153989 1.84902091
210 47 1.27921065 2.30506402
220 47 1.22074358 2.68266381
230 47 1.15180117 3.06976450
240 47 1.09284688 3.45735241
250 47 1.02390447 3.84445310
260 47 0.96543740 4.22205289
270 47 0.89649499 4.60915358
280 47 0.84801605 4.98724060
290 47 0.83096315 5.33682492
300 47 0.81342303 5.69639737
310 47 0.79637014 6.04598169
320 47 0.77883002 6.40555414
330 47 0.76226435 6.74515034
340 47 0.74667314 7.06477029
350 47 0.74107004 7.38487747
360 47 0.72547882 7.70449742
370 47 0.70988761 8.02411737
380 47 0.69429639 8.34373732
390 47 0.68869330 8.66384450
