0 43 0.00000000 0.00000000
10 43 0.00000000 0.65375837
20 43 0.00994251 1.30644600
30 43 0.00994251 1.96020436
40 43 0.00994251 2.61396273
50 43 0.01988502 3.26665036
60 43 0.01988502 3.92040873
70 43 0.02233241 4.50349878
80 43 0.01621394 5.00704874
90 43 0.02110872 5.51947048
100 43 0.01606098 6.03296296
110 43 0.01101324 6.54645543
120 43 0.01483729 7.04893466
130 43 0.00978955 7.56242713
140 43 0.00474181 8.07591961
150 43 0.00856586 8.57839884
160 43 0.00351812 9.09189131
170 43 -0.00474181 9.57555625
180 43 -0.02508572 10.04040690
190 43 -0.04435890 10.51520006
0 37 -1.19524283 0.10860282
10 37 -1.17505189 0.66966638
20 37 -1.15486094 1.23072995
30 37 -1.14461251 1.79286425
40 37 -1.12442156 2.35392781
50 37 -1.10423061 2.91499138
60 37 -1.09398218 3.47712568
70 37 -1.07379123 4.03818925
80 37 -1.06354280 4.60032355
90 37 -1.07317938 5.16459931
100 37 -1.07287346 5.72780434
110 37 -1.07363827 6.28106686
120 37 -1.08327486 6.84534262
130 37 -1.08296893 7.40854765
140 37 -1.08266301 7.97175268
150 37 -1.08235709 8.53495771
160 37 -1.09199368 9.09923347
170 37 -1.08036859 9.58075695
180 37 -1.06874349 10.06228042
190 37 -1.06813165 10.53493212
0 40 -0.45444925 0.16963454
10 40 -0.47724055 0.70515350
20 40 -0.49896111 1.25061497
30 40 -0.52175241 1.78613393
40 40 -0.54454370 2.32165289
50 40 -0.56626426 2.86711437
60 40 -0.58905556 3.40263333
70 40 -0.61077612 3.94809480
80 40 -0.60481062 4.47045905
90 40 -0.60878762 4.99389403
100 40 -0.60282211 5.51625829
110 40 -0.59685661 6.03862254
120 40 -0.60083361 6.56205753
130 40 -0.59486811 7.08442178
140 40 -0.58890260 7.60678603
150 40 -0.59287960 8.13022102
160 40 -0.58798483 8.64264276
170 40 -0.58201932 9.16500701
180 40 -0.58599633 9.68844200
190 40 -0.58003082 10.21080625
0 46 1.29772718 -1.67860185
10 46 1.25015609 -0.99960480
20 46 1.20365573 -0.31066524
30 46 1.15608463 0.36833181
40 46 1.10958427 1.05727137
50 46 1.06308391 1.74621093
60 46 1.01551282 2.42520797
70 46 0.96901246 3.11414753
80 46 0.92037063 3.78320207
90 46 0.87631766 4.40147332
100 46 0.83226469 5.01974456
110 46 0.77933993 5.64902906
120 46 0.73528696 6.26730030
130 46 0.69123399 6.88557155
140 46 0.64718101 7.50384280
150 46 0.59991584 8.09228651
160 46 0.56718204 8.62887620
170 46 0.53551896 9.17540841
180 46 0.50278515 9.71199810
190 46 0.47112208 10.25853030
