0 32 0.00000000 0.00000000
10 32 0.00000000 0.49162994
20 32 0.00000000 0.98325988
30 32 0.00000000 1.47488983
40 32 0.00000000 1.96651977
50 32 0.00000000 2.45814971
60 32 0.00000000 2.94977965
70 32 0.00000000 3.44140959
80 32 -0.01342473 4.01440155
90 32 -0.03274821 4.63804135
100 32 -0.05288531 5.25171431
110 32 -0.07220878 5.87535411
120 32 -0.09234588 6.48902706
130 32 -0.11166936 7.11266687
140 32 -0.13180646 7.72633982
150 32 -0.16109678 8.35079325
160 32 -0.12102599 8.71875293
170 32 -0.06671685 9.01531746
180 32 -0.02156093 9.32266245
190 32 0.03274821 9.61922697
0 30 -0.52336113 0.59455288
10 30 -0.57746686 1.16083247
20 30 -0.62160575 1.72629844
30 30 -0.66574464 2.29176440
40 30 -0.71985038 2.85804399
50 30 -0.76398927 3.42350995
60 30 -0.81138264 3.94910853
70 30 -0.85877601 4.47470711
80 30 -0.90616938 5.00030570
90 30 -0.95274913 5.53587112
100 30 -1.00014250 6.06146970
110 30 -1.03756903 6.58625467
120 30 -0.98366669 7.12365074
130 30 -0.91979752 7.66023319
140 30 -0.85511472 8.20678249
150 30 -0.79124554 8.74336494
160 30 -0.70886651 9.13797069
170 30 -0.62892833 9.50267589
180 30 -0.53902331 9.86656748
190 30 -0.47637457 10.14238469
