0 1 0.00000000 0.00000000
10 1 0.00000000 0.50000000
20 1 -0.01000000 1.00000000
30 1 -0.01000000 1.51000000
40 1 -0.02000000 2.01000000
50 1 -0.02000000 2.51000000
60 1 -0.03000000 3.01000000
70 1 -0.03000000 3.51000000
80 1 -0.04000000 4.01000000
90 1 -0.03000000 4.45000000
100 1 -0.01000000 4.87000000
110 1 0.00000000 5.28000000
120 1 0.02000000 5.70000000
130 1 0.04000000 6.12000000
140 1 0.05000000 6.53000000
150 1 0.07000000 6.95000000
160 1 0.08000000 7.35000000
170 1 0.08000000 7.71000000
180 1 0.07000000 8.07000000
190 1 0.07000000 8.43000000
0 9 -0.86000000 0.94000000
10 9 -0.83000000 1.33000000
20 9 -0.80000000 1.71000000
30 9 -0.77000000 2.09000000
40 9 -0.73000000 2.47000000
50 9 -0.70000000 2.85000000
60 9 -0.67000000 3.23000000
70 9 -0.64000000 3.61000000
80 9 -0.60000000 4.00000000
90 9 -0.57000000 4.38000000
100 9 -0.54000000 4.76000000
110 9 -0.51000000 5.14000000
120 9 -0.47000000 5.52000000
130 9 -0.44000000 5.90000000
140 9 -0.42000000 6.35000000
150 9 -0.39000000 6.80000000
160 9 -0.36000000 7.26000000
170 9 -0.34000000 7.71000000
180 9 -0.31000000 8.16000000
190 9 -0.29000000 8.61000000
0 10 -1.68000000 1.89000000
10 10 -1.67000000 2.24000000
20 10 -1.67000000 2.59000000
30 10 -1.66000000 2.94000000
40 10 -1.66000000 3.29000000
50 10 -1.65000000 3.64000000
60 10 -1.64000000 3.98000000
70 10 -1.51000000 4.24000000
80 10 -1.39000000 4.51000000
90 10 -1.28000000 4.82000000
100 10 -1.21000000 5.23000000
110 10 -1.13000000 5.64000000
120 10 -1.06000000 6.06000000
130 10 -0.98000000 6.47000000
140 10 -0.91000000 6.88000000
150 10 -0.83000000 7.29000000
160 10 -0.80000000 7.73000000
170 10 -0.78000000 8.18000000
180 10 -0.76000000 8.63000000
190 10 -0.75000000 9.08000000
0 29 -0.04000000 -0.92000000
10 29 -0.01000000 -0.53000000
20 29 0.02000000 -0.15000000
30 29 0.05000000 0.24000000
40 29 0.08000000 0.62000000
50 29 0.11000000 1.01000000
60 29 0.15000000 1.40000000
70 29 0.26000000 1.83000000
80 29 0.36000000 2.25000000
90 29 0.46000000 2.68000000
100 29 0.57000000 3.11000000
110 29 0.67000000 3.54000000
120 29 0.70000000 4.04000000
130 29 0.72000000 4.55000000
140 29 0.74000000 5.06000000
150 29 0.76000000 5.58000000
160 29 0.77000000 6.08000000
170 29 0.79000000 6.52000000
180 29 0.81000000 6.97000000
190 29 0.82000000 7.42000000
