400 60 0.00000000 0.00000000
410 60 0.00000000 0.61522354
420 60 -0.00991510 1.23174741
430 60 0.03055800 1.77106358
440 60 0.07834551 2.28924922
450 60 0.12613302 2.80743485
460 60 0.16400543 3.32692083
470 60 0.21309328 3.85502156
480 60 0.26088079 4.37320720
490 60 0.30866829 4.89139284
500 60 0.34654071 5.41087881
510 60 0.38912686 5.88940407
520 60 0.43301334 6.37784442
530 60 0.46568439 6.85767002
540 60 0.50957088 7.34611037
550 60 0.54224193 7.82593596
560 60 0.58612842 8.31437631
570 60 0.64464374 8.76055560
580 60 0.73030366 9.18300368
590 60 0.80604849 9.60675210
400 51 0.60026962 -1.65208244
410 51 0.22967262 -0.78654338
420 51 -0.15213982 0.07038092
430 51 -0.45251845 0.85611159
440 51 -0.44357861 1.30879258
450 51 -0.43463877 1.76147357
460 51 -0.42569893 2.21415456
470 51 -0.40554365 2.67545031
480 51 -0.39660381 3.12813130
490 51 -0.38766397 3.58081229
500 51 -0.22609668 4.04373346
510 51 -0.06452939 4.50665463
520 51 0.09833824 4.97949090
530 51 0.25990553 5.44241207
540 51 0.43138792 5.90403290
550 51 0.72185145 6.35004964
560 51 1.01101464 6.78615130
570 51 1.31009292 7.22095261
580 51 1.59746814 7.56651806
590 51 1.88354302 7.90216842
400 57 0.52159903 -0.09866333
410 57 0.52029869 0.50664512
420 57 0.51038359 1.12316899
430 57 0.50908325 1.72847743
440 57 0.53102650 2.28030938
450 57 0.56889891 2.79979535
460 57 0.61668642 3.31798099
470 57 0.66317359 3.82625153
480 57 0.70104600 4.34573751
490 57 0.74753317 4.85400805
500 57 0.78540558 5.37349403
510 57 0.83189275 5.88176457
520 57 0.86846482 6.39133545
530 57 0.91105097 6.86986071
540 57 0.95363712 7.34838596
550 57 0.99622326 7.82691122
560 57 1.02889432 8.30673681
570 57 1.07148046 8.78526207
580 57 1.11878034 9.22282660
590 57 1.18200939 9.62804517
430 54 0.72640264 -0.69031819
440 54 0.82994224 0.02226833
450 54 0.93218150 0.72493976
460 54 1.03572110 1.43752628
470 54 1.12934561 2.15141314
480 54 1.23158487 2.85408457
490 54 1.31480665 3.48865066
500 54 1.39022640 4.06372619
510 54 1.45703138 4.65001716
520 54 1.52383637 5.23630812
530 54 1.59925611 5.81138365
540 54 1.67467585 6.38645917
550 54 1.76732510 6.93910383
560 54 1.85135960 7.50296392
570 54 1.93539410 8.06682402
580 54 2.04348489 8.50650160
590 54 2.15027534 8.93626409
600 54 2.25576545 9.35611149
610 54 2.36255591 9.78587398
620 54 2.46804602 10.20572138
