0 49 0.00000000 0.00000000
10 49 0.00000000 0.50039984
20 49 -0.00000000 1.00079968
30 49 -0.00000000 1.50119952
40 49 -0.00039968 2.01159137
50 49 -0.00039968 2.51199121
60 49 0.00959233 3.01279073
70 49 0.00959233 3.51319057
80 49 0.00959233 4.01359041
90 49 0.00959233 4.51399025
100 49 0.00919265 5.02438210
110 49 -0.07434055 5.61151258
120 49 -0.14748206 6.18905074
130 49 -0.22102325 6.77658090
140 49 -0.30415677 7.35371938
150 49 -0.37769796 7.94124954
160 49 -0.45123915 8.52877970
170 49 -0.53437267 9.10591818
180 49 -0.60791386 9.69344834
190 49 -0.70063971 10.26019512
30 52 -0.41966440 -2.26858586
40 52 -0.70703460 -1.08912905
50 52 -0.69584355 -0.61830555
60 52 -0.67466049 -0.14708238
70 52 -0.66346944 0.32374111
80 52 -0.64228638 0.79496428
90 52 -0.63069565 1.25579576
100 52 -0.62070364 1.75659529
110 52 -0.66147103 2.52558034
120 52 -0.70263811 3.30455741
130 52 -0.74340551 4.07354247
140 52 -0.78417291 4.84252753
150 52 -0.82494031 5.61151258
160 52 -0.86570771 6.38049764
170 52 -0.87609940 6.89048981
180 52 -0.84972050 7.23181686
190 52 -0.83373328 7.58273624
200 52 -0.81734638 7.92366360
210 52 -0.80095949 8.26459097
220 52 -0.92206264 8.28977083
