400 18 0.00000000 0.00000000
410 18 0.00000000 0.35000000
420 18 -0.01000000 0.69000000
430 18 -0.02000000 1.04000000
440 18 -0.03000000 1.39000000
450 18 -0.08000000 1.75000000
460 18 -0.14000000 2.11000000
470 18 -0.19000000 2.47000000
480 18 -0.24000000 2.82000000
490 18 -0.30000000 3.18000000
500 18 -0.35000000 3.54000000
510 18 -0.32000000 3.78000000
520 18 -0.29000000 4.03000000
530 18 -0.26000000 4.27000000
540 18 -0.22000000 4.51000000
550 18 -0.19000000 4.76000000
560 18 -0.16000000 5.00000000
570 18 -0.19000000 5.34000000
580 18 -0.23000000 5.71000000
590 18 -0.27000000 6.07000000
400 8 0.90000000 -0.23000000
410 8 0.90000000 0.10000000
420 8 0.91000000 0.43000000
430 8 0.91000000 0.75000000
440 8 0.91000000 1.06000000
450 8 0.90000000 1.38000000
460 8 0.90000000 1.69000000
470 8 0.90000000 2.01000000
480 8 0.89000000 2.32000000
490 8 0.89000000 2.65000000
500 8 0.87000000 2.99000000
510 8 0.85000000 3.33000000
520 8 0.84000000 3.67000000
530 8 0.82000000 4.01000000
540 8 0.81000000 4.35000000
550 8 0.79000000 4.68000000
560 8 0.79000000 4.96000000
570 8 0.79000000 5.23000000
580 8 0.78000000 5.51000000
590 8 0.78000000 5.79000000
400 21 -0.47000000 0.95000000
410 21 -0.46000000 1.27000000
420 21 -0.51000000 1.62000000
430 21 -0.55000000 1.97000000
440 21 -0.60000000 2.31000000
450 21 -0.65000000 2.66000000
460 21 -0.70000000 3.01000000
470 21 -0.73000000 3.35000000
480 21 -0.68000000 3.62000000
490 21 -0.62000000 3.90000000
500 21 -0.56000000 4.17000000
510 21 -0.50000000 4.44000000
520 21 -0.45000000 4.73000000
530 21 -0.42000000 5.07000000
540 21 -0.39000000 5.41000000
550 21 -0.37000000 5.70000000
560 21 -0.35000000 5.99000000
570 21 -0.33000000 6.28000000
580 21 -0.22000000 6.52000000
590 21 -0.09000000 6.77000000
400 24 0.41000000 -0.12000000
410 24 0.42000000 0.19000000
420 24 0.42000000 0.50000000
430 24 0.43000000 0.80000000
440 24 0.44000000 1.11000000
450 24 0.45000000 1.42000000
460 24 0.46000000 1.72000000
470 24 0.47000000 2.02000000
480 24 0.48000000 2.31000000
490 24 0.49000000 2.61000000
500 24 0.50000000 2.91000000
510 24 0.49000000 3.23000000
520 24 0.43000000 3.58000000
530 24 0.37000000 3.94000000
540 24 0.32000000 4.30000000
550 24 0.27000000 4.65000000
560 24 0.30000000 4.94000000
570 24 0.33000000 5.23000000
580 24 0.36000000 5.52000000
590 24 0.39000000 5.81000000
400 39 -0.65000000 -0.67000000
410 39 -0.69000000 -0.33000000
420 39 -0.71000000 -0.01000000
430 39 -0.72000000 0.31000000
440 39 -0.74000000 0.63000000
450 39 -0.75000000 0.95000000
460 39 -0.77000000 1.26000000
470 39 -0.78000000 1.58000000
480 39 -0.80000000 1.90000000
490 39 -0.81000000 2.22000000
500 39 -0.81000000 2.53000000
510 39 -0.82000000 2.85000000
520 39 -0.82000000 3.17000000
530 39 -0.82000000 3.49000000
540 39 -0.82000000 3.80000000
550 39 -0.82000000 4.12000000
560 39 -0.83000000 4.43000000
570 39 -0.86000000 4.72000000
580 39 -0.89000000 5.01000000
590 39 -0.92000000 5.30000000
400 42 -0.16000000 -1.19000000
410 42 -0.21000000 -0.84000000
420 42 -0.25000000 -0.50000000
430 42 -0.29000000 -0.15000000
440 42 -0.32000000 0.20000000
450 42 -0.34000000 0.57000000
460 42 -0.36000000 0.94000000
470 42 -0.37000000 1.30000000
480 42 -0.39000000 1.67000000
490 42 -0.40000000 2.04000000
500 42 -0.42000000 2.39000000
510 42 -0.42000000 2.71000000
520 42 -0.43000000 3.02000000
530 42 -0.43000000 3.34000000
540 42 -0.43000000 3.65000000
550 42 -0.45000000 3.96000000
560 42 -0.47000000 4.26000000
570 42 -0.48000000 4.56000000
580 42 -0.48000000 4.86000000
590 42 -0.46000000 5.16000000
400 45 0.30000000 -1.21000000
410 45 0.30000000 -0.88000000
420 45 0.30000000 -0.55000000
430 45 0.29000000 -0.24000000
440 45 0.29000000 0.08000000
450 45 0.29000000 0.39000000
460 45 0.28000000 0.70000000
470 45 0.28000000 1.01000000
480 45 0.28000000 1.33000000
490 45 0.25000000 1.67000000
500 45 0.22000000 2.03000000
510 45 0.19000000 2.39000000
520 45 0.15000000 2.75000000
530 45 0.12000000 3.11000000
540 45 0.10000000 3.45000000
550 45 0.09000000 3.75000000
560 45 0.09000000 4.04000000
570 45 0.09000000 4.34000000
580 45 0.07000000 4.66000000
590 45 0.03000000 4.99000000
400 48 0.90000000 -1.56000000
410 48 0.90000000 -1.23000000
420 48 0.90000000 -0.91000000
430 48 0.91000000 -0.59000000
440 48 0.89000000 -0.24000000
450 48 0.86000000 0.13000000
460 48 0.83000000 0.50000000
470 48 0.80000000 0.87000000
480 48 0.76000000 1.25000000
490 48 0.73000000 1.62000000
500 48 0.70000000 1.99000000
510 48 0.67000000 2.36000000
520 48 0.67000000 2.68000000
530 48 0.67000000 2.97000000
540 48 0.67000000 3.27000000
550 48 0.67000000 3.57000000
560 48 0.67000000 3.87000000
570 48 0.67000000 4.16000000
580 48 0.65000000 4.49000000
590 48 0.62000000 4.82000000
