0 12 0.00000000 0.00000000
10 12 0.00000000 0.43566042
20 12 -0.00987007 0.87292759
30 12 -0.00987007 1.30858801
40 12 -0.00987007 1.74424843
50 12 -0.01974015 2.18151560
60 12 0.08378085 2.63071868
70 12 0.19877867 3.08818507
80 12 0.30390642 3.54725822
90 12 0.40903418 4.00633137
100 12 0.51416193 4.46540452
110 12 0.61768292 4.91460759
120 12 0.72281067 5.37368074
130 12 0.82793842 5.83275389
140 12 0.93650922 6.25073999
150 12 1.05357288 6.59642208
160 12 1.18050660 6.94049740
170 12 1.29596350 7.27630941
180 12 1.41945418 7.66147178
190 12 1.53468154 8.05811098
0 10 1.01019046 1.53766551
10 10 1.07629700 1.88151130
20 10 1.13253346 2.22696384
30 10 1.19863999 2.57080963
40 10 1.25487645 2.91626218
50 10 1.32098299 3.26010797
60 10 1.38548276 3.59408368
70 10 1.55556936 3.82981774
80 10 1.71739265 4.07702863
90 10 1.87577289 4.36532657
100 10 2.01074039 4.75875226
110 10 2.15557797 5.15057119
120 10 2.29215223 5.55386695
130 10 2.43698981 5.94568589
140 10 2.57195732 6.33911158
150 10 2.71679489 6.73093051
160 10 2.81710238 7.16039344
170 10 2.90914654 7.60133320
180 10 3.00119071 8.04227296
190 10 3.08336480 8.48481947
0 14 0.57820263 -1.61387165
10 14 0.54423122 -1.32465557
20 14 0.50038973 -1.03383273
30 14 0.45815500 -0.73313982
40 14 0.41431352 -0.44231698
50 14 0.37506276 -0.06105673
60 14 0.32181028 0.54537890
70 14 0.26855779 1.15181453
80 14 0.21530531 1.75825016
90 14 0.20336940 2.30730165
100 14 0.29724986 2.69728429
110 14 0.40260715 3.09553024
120 14 0.49648761 3.48551288
130 14 0.59036807 3.87549552
140 14 0.68585528 4.27534823
150 14 0.77973574 4.66533087
160 14 0.85869632 5.08813724
170 14 0.91952352 5.52402720
180 14 0.98195747 5.96978723
190 14 1.04439141 6.41554725
