0 16 0.00000000 0.00000000
10 16 0.00000000 0.50289164
20 16 0.00954480 1.00280053
30 16 0.00954480 1.50569217
40 16 0.01908960 2.00560105
50 16 0.02863440 2.50550994
60 16 0.08351700 2.94934313
70 16 0.23504069 3.30011452
80 16 0.37701959 3.65386867
90 16 0.44323664 4.16749820
100 16 0.49334684 4.69663804
110 16 0.51064679 5.12078508
120 16 0.48022274 5.39221533
130 16 0.44025389 5.66662832
140 16 0.40982984 5.93805856
150 16 0.36986099 6.21247156
160 16 0.44920214 6.36578490
170 16 0.55777424 6.47853285
180 16 0.65680153 6.59426355
190 16 0.75582883 6.70999425
0 19 -0.39133679 1.12807602
10 19 -0.34838519 1.53373001
20 19 -0.30543359 1.93938401
30 19 -0.26248199 2.34503800
40 19 -0.22907519 2.75367474
50 19 -0.18612360 3.15932873
60 19 -0.22430279 3.50652082
70 19 -0.25949924 3.86325771
80 19 -0.30722324 4.21343255
90 19 -0.34540244 4.56062465
100 19 -0.35375414 4.83563419
110 19 -0.31199564 4.96926139
120 19 -0.27679919 5.11541613
130 19 -0.23504069 5.24904333
140 19 -0.19984425 5.39519808
150 19 -0.10379970 5.66901452
160 19 0.07337565 6.16892341
170 19 0.25711304 6.65630475
180 19 0.43130564 7.14666884
190 19 0.61802579 7.64359497
0 22 -0.91391458 0.15987540
10 22 -0.88945603 0.53987774
20 22 -0.86798023 0.91033528
30 22 -0.84352168 1.29033762
40 22 -0.82204588 1.66079516
50 22 -0.79758733 2.04079750
60 22 -0.77312878 2.42079984
70 22 -0.75165298 2.79125739
80 22 -0.67529458 3.10265648
90 22 -0.55717769 3.38005222
100 22 -0.42951599 3.65446522
110 22 -0.31438184 3.92231616
120 22 -0.19626495 4.19971190
130 22 -0.08113080 4.46756285
140 22 0.03698610 4.74495859
150 22 0.15212025 5.01280953
160 22 0.44621939 5.18282628
170 22 0.77551498 5.33136723
180 22 1.11435537 5.47692542
190 22 1.44365097 5.62546637
