200 38 0.00000000 0.00000000
210 38 0.00000000 0.48166378
220 38 -0.00083045 0.95336211
230 38 -0.01079591 1.43585635
240 38 -0.01079591 1.91752013
250 38 -0.01162637 2.38921846
260 38 -0.00332182 2.85012087
270 38 0.03903138 3.23794326
280 38 0.08138457 3.62576565
290 38 0.13370322 4.01275759
300 38 0.17605642 4.40057998
310 38 0.21840961 4.78840237
320 38 0.26076281 5.17622476
330 38 0.31308146 5.56321670
340 38 0.32304692 5.92363408
350 38 0.32221646 6.27491646
360 38 0.31059009 6.61706383
370 38 0.29979418 6.96917667
380 38 0.28816782 7.31132405
390 38 0.27654145 7.65347142
200 7 2.27627660 -0.25993235
210 7 2.23392341 0.19515688
220 7 2.18326567 0.67100748
230 7 2.14257338 1.14602762
240 7 2.09108518 1.61191276
250 7 2.05039290 2.08693291
260 7 1.99973515 2.56278351
270 7 1.95821241 3.02783820
280 7 1.90755467 3.50368880
290 7 1.86686239 3.97870894
300 7 1.82450919 4.43379817
310 7 1.81869601 4.84570375
320 7 1.81288283 5.25760933
330 7 1.79710418 5.67034536
340 7 1.79129100 6.08225094
350 7 1.78547782 6.49415652
360 7 1.76886872 6.89692710
370 7 1.76305554 7.30883268
380 7 1.79212146 7.65762370
390 7 1.81952646 7.98648380
200 17 -2.74714447 2.79780222
210 17 -2.67572536 2.93233589
220 17 -2.59434079 3.06603912
230 17 -2.36679618 3.26783963
240 17 -2.06700199 3.49372334
250 17 -1.75724235 3.71877659
260 17 -1.45744817 3.94466029
270 17 -1.15765399 4.17054400
280 17 -0.86865572 4.50770865
290 17 -0.57965745 4.84487329
300 17 -0.29065918 5.18203794
310 17 -0.02159182 5.52086350
320 17 0.19764824 5.86384133
330 17 0.41688831 6.20681916
340 17 0.63529792 6.53983154
350 17 0.85453799 6.88280937
360 17 0.89356936 7.23076993
370 17 0.91266982 7.58039140
380 17 0.94173574 7.92918242
390 17 0.96000575 8.26883843
200 23 -1.57371184 1.94741650
210 23 -1.22492083 2.15918248
220 23 -0.86616435 2.37011800
230 23 -0.50823834 2.57108806
240 23 -0.16775187 2.80361540
250 23 0.04982729 3.24707826
260 23 0.26823690 3.70050658
270 23 0.48581606 4.14396944
280 23 0.66934657 4.41968044
290 23 0.86284254 4.69456098
300 23 1.04637305 4.97027197
310 23 1.22990356 5.24598296
320 23 1.23405583 5.65705809
330 23 1.22824265 6.06896367
340 23 1.22242946 6.48086925
350 23 1.21661628 6.89277483
360 23 1.23571674 7.24239630
370 23 1.27142630 7.55049503
380 23 1.30713585 7.85859376
390 23 1.34201495 8.15672703
200 41 0.48830742 -0.28152418
210 41 0.48498560 0.16027778
220 41 0.48083333 0.59211427
230 41 0.48664651 1.02312031
240 41 0.48332469 1.46492226
250 41 0.47917242 1.89675876
260 41 0.48498560 2.32776480
270 41 0.50491652 2.80776767
280 41 0.53564335 3.29690555
290 41 0.56470926 3.76611251
300 41 0.60124927 4.08417670
310 41 0.63861974 4.41220634
320 41 0.67515975 4.73027053
330 41 0.71169976 5.04833472
340 41 0.74907023 5.37636437
350 41 0.77647524 5.70522447
360 41 0.76484887 6.04737184
370 41 0.75405296 6.39948468
380 41 0.74325704 6.75159751
390 41 0.73163068 7.09374489
200 44 0.99239348 -0.01245682
210 44 0.97080166 0.45093696
220 44 0.93924438 0.91516119
230 44 0.90851755 1.38935088
240 44 0.87696027 1.85357511
250 44 0.88028209 2.25468478
260 44 0.90934800 2.60347579
270 44 0.93841392 2.95226681
280 44 0.95751438 3.30188828
290 44 0.98574985 3.64071384
300 44 1.01481576 3.98950485
310 44 1.03391622 4.33912632
320 44 1.04305123 4.68957825
330 44 1.05218623 5.04003017
340 44 1.06132123 5.39048210
350 44 1.07045624 5.74093402
360 44 1.08872624 6.08059003
370 44 1.11613125 6.40945014
380 44 1.13357080 6.73914069
390 44 1.16014535 7.05803533
200 47 1.50063182 -0.17522596
210 47 1.46907454 0.28899827
220 47 1.46076999 0.67100748
230 47 1.44333044 1.06381260
240 47 1.43585635 1.45578726
250 47 1.41841680 1.84859238
260 47 1.41011225 2.23060159
270 47 1.39267270 2.62340671
280 47 1.39433361 3.00458546
290 47 1.42339952 3.35337648
300 47 1.45329590 3.71213295
310 47 1.48236182 4.06092396
320 47 1.51225819 4.41968044
330 47 1.54049365 4.75850600
340 47 1.56706820 5.07740064
350 47 1.60360822 5.39546483
360 47 1.63018277 5.71435947
370 47 1.65675732 6.03325411
380 47 1.68333188 6.35214875
390 47 1.71987189 6.67021294
