200 28 0.00000000 0.00000000
210 28 0.00000000 0.35128336
220 28 0.07828438 0.60891014
230 28 0.14660529 0.86568290
240 28 0.15827678 1.19789334
250 28 0.07002894 1.64197928
260 28 -0.01821891 2.08606521
270 28 -0.10646676 2.53015115
280 28 -0.20297005 2.95345614
290 28 -0.30772878 3.35598018
300 28 -0.41163350 3.74854076
310 28 -0.51639223 4.15106481
320 28 -0.57304166 4.57778585
330 28 -0.60150871 5.02699585
340 28 -0.62997575 5.47620585
350 28 -0.62940641 5.93794136
360 28 -0.53005642 6.41818044
370 28 -0.42074296 6.89927354
380 28 -0.37861173 7.34449816
390 28 -0.42273565 7.74218280
200 15 -1.20557945 0.59923134
210 15 -1.21725093 0.96958762
220 15 -1.23888589 1.33908990
230 15 -1.26052085 1.70859217
240 15 -1.28215580 2.07809444
250 15 -1.29382729 2.44845072
260 15 -1.31546225 2.81795299
270 15 -1.32542571 3.16838234
280 15 -1.33453517 3.50884823
290 15 -1.35360809 3.84846010
300 15 -1.36186353 4.17896252
310 15 -1.37097299 4.51942840
320 15 -1.37922843 4.84993082
330 15 -1.32542571 5.27608251
340 15 -1.27076898 5.69227074
350 15 -1.21611225 6.10845897
360 15 -1.16971097 6.50386625
370 15 -1.15889349 6.84604016
380 15 -1.13896656 7.19903155
390 15 -1.12814908 7.54120545
200 26 0.48052376 0.13151776
210 26 0.45034869 0.60065469
220 26 0.41021015 1.06893762
230 26 0.40594009 1.47003831
240 26 0.39341459 1.85035806
250 26 0.39085256 2.23153182
260 26 0.38829052 2.61270558
270 26 0.37576502 2.99302533
280 26 0.37234898 3.38416256
290 26 0.36978694 3.76533632
300 26 0.36722491 4.14651008
310 26 0.35469941 4.52682983
320 26 0.35213737 4.90800359
330 26 0.32139296 5.26668839
340 26 0.28979454 5.63533665
350 26 0.24823265 6.00313090
360 26 0.21748824 6.36181569
370 26 0.19670730 6.72135449
380 26 0.21748824 7.06438241
390 26 0.22745171 7.41651978
