400 42 0.00000000 0.00000000
410 42 0.00000000 0.35355339
420 42 0.00848528 0.69579307
430 42 0.01838478 1.04793225
440 42 0.03818377 1.39865721
450 42 0.07071068 1.76776695
460 42 0.10323759 2.13687669
470 42 0.14424978 2.49467272
480 42 0.17677670 2.86378246
490 42 0.21920310 3.23147799
500 42 0.24890159 3.58078874
510 42 0.29415642 3.89757258
520 42 0.32809755 4.20587113
530 42 0.37335238 4.52265497
540 42 0.41719300 4.82953932
550 42 0.44123463 5.13925209
560 42 0.46386205 5.43906536
570 42 0.49638896 5.73746442
580 42 0.53881537 6.03444927
590 42 0.60104076 6.32860569
400 8 1.18511097 0.80044488
410 8 1.23178001 1.12712821
420 8 1.28834856 1.45239733
430 8 1.33360339 1.76918117
440 8 1.37744401 2.07606551
450 8 1.41279935 2.39426356
460 8 1.45663997 2.70114790
470 8 1.50189480 3.01793174
480 8 1.53583593 3.32623030
490 8 1.58250498 3.65291363
500 8 1.61078925 3.99232489
510 8 1.63907352 4.33173614
520 8 1.67725728 4.66973318
530 8 1.70554156 5.00914444
540 8 1.74372532 5.34714148
550 8 1.77059538 5.67665324
560 8 1.81019336 5.95383910
570 8 1.84837713 6.22112546
580 8 1.87807561 6.49972553
590 8 1.91767359 6.77691139
400 18 0.32668333 1.15541248
410 18 0.37618081 1.50189480
420 18 0.41436457 1.83989184
430 18 0.45396255 2.18778838
440 18 0.49356053 2.53568492
450 18 0.49497475 2.89913780
460 18 0.48648947 3.26400490
470 18 0.48790368 3.62745779
480 18 0.48790368 3.98101118
490 18 0.47941840 4.34587828
500 18 0.48083261 4.70933116
510 18 0.54447222 4.94267640
520 18 0.60952605 5.18592113
530 18 0.67316566 5.41926637
540 18 0.74670476 5.65119740
550 18 0.81175858 5.89444213
560 18 0.87539820 6.12778737
570 18 0.89378297 6.46861283
580 18 0.90651089 6.84055100
590 18 0.91782460 7.20258967
400 21 -0.00424264 2.16233254
410 21 0.05091169 2.47770216
420 21 0.05091169 2.83125555
430 21 0.06081118 3.18339473
440 21 0.05939697 3.52704862
450 21 0.05939697 3.88060202
460 21 0.05939697 4.23415541
470 21 0.07778175 4.57498087
480 21 0.16546299 4.83519617
490 21 0.26445794 5.10389675
500 21 0.36203867 5.36269783
510 21 0.45961941 5.62149891
520 21 0.55012908 5.90151320
530 21 0.62791082 6.23385338
540 21 0.70569257 6.56619357
550 21 0.76650375 6.85045050
560 21 0.82731493 7.13470742
570 21 0.88812612 7.41896435
580 21 1.03096169 7.64099588
590 21 1.19501046 7.87009847
400 24 0.71559206 0.97863579
410 24 0.76933218 1.28410591
420 24 0.81317280 1.59099026
430 24 0.86549870 1.88656089
440 24 0.91923882 2.19203102
450 24 0.97297893 2.49750115
460 24 1.02530483 2.79307179
470 24 1.07763073 3.08864242
480 24 1.12854242 3.37431356
490 24 1.18086832 3.66988419
500 24 1.23319423 3.96545483
510 24 1.26854957 4.28365288
520 24 1.25865007 4.63862048
530 24 1.25016479 5.00348758
540 24 1.25157900 5.36694047
550 24 1.25157900 5.72049386
560 24 1.32228968 6.00333657
570 24 1.39300036 6.28617928
580 24 1.46371104 6.56902200
590 24 1.53442172 6.85186471
400 36 -0.25031580 -1.32794654
410 36 -0.21213203 -0.98994949
420 36 -0.17394827 -0.65195245
430 36 -0.14566400 -0.31254120
440 36 -0.09758074 0.02404163
450 36 -0.02121320 0.34648232
460 36 0.05515433 0.66892302
470 36 0.13152186 0.99136371
480 36 0.20788939 1.31380440
490 36 0.28425693 1.63624509
500 36 0.33375440 1.98272741
510 36 0.38325188 2.32920974
520 36 0.43416356 2.68559155
530 36 0.48366104 3.03207388
540 36 0.53315851 3.37855620
550 36 0.58407020 3.73493802
560 36 0.62083975 4.06303556
570 36 0.64205296 4.35294934
580 36 0.66326616 4.64286313
590 36 0.68447936 4.93277691
400 39 -0.41153615 0.58407020
410 39 -0.40305087 0.92630988
420 39 -0.37759502 1.24592215
430 39 -0.34223968 1.56412020
440 39 -0.31678384 1.88373247
450 39 -0.28142850 2.20193052
460 39 -0.25738687 2.51164329
470 39 -0.22203153 2.82984134
480 39 -0.19657569 3.14945360
490 39 -0.16122035 3.46765165
500 39 -0.11737973 3.77453600
510 39 -0.08202439 4.09273405
520 39 -0.03676955 4.40951789
530 39 0.00848528 4.72630173
540 39 0.05232590 5.03318607
550 39 0.09758074 5.34996991
560 39 0.13152186 5.65826846
570 39 0.14283557 5.94959646
580 39 0.15414928 6.24092445
590 39 0.16546299 6.53225244
400 45 0.45254834 -0.08485281
410 45 0.49921739 0.24183052
420 45 0.54588644 0.56851385
430 45 0.57982756 0.87681241
440 45 0.62508239 1.19359625
450 45 0.66892302 1.50048059
460 45 0.70286414 1.80877915
470 45 0.74670476 2.11566349
480 45 0.79195959 2.43244733
490 45 0.81034437 2.77327280
500 45 0.83155757 3.13389725
510 45 0.85277078 3.49452171
520 45 0.86408449 3.85656038
530 45 0.88529769 4.21718484
540 45 0.91358196 4.55659610
550 45 0.94610887 4.85499516
560 45 0.98712107 5.14208051
570 45 1.02954747 5.43906536
580 45 1.05500332 5.75867763
590 45 1.06207439 6.09101781
400 48 0.99702056 -0.51618795
410 48 1.04368961 -0.18950462
420 48 1.08894444 0.12727922
430 48 1.14409877 0.44264885
440 48 1.17379726 0.79195959
450 48 1.19642467 1.16248355
460 48 1.21905209 1.53300750
470 48 1.24167951 1.90353145
480 48 1.25582164 2.28536912
490 48 1.27844906 2.65589307
500 48 1.30107648 3.02641702
510 48 1.32370389 3.39694098
520 48 1.36895873 3.71372481
530 48 1.40997092 4.00081017
540 48 1.45239733 4.29779502
550 48 1.49482374 4.59477986
560 48 1.53725014 4.89176471
570 48 1.57826234 5.17885007
580 48 1.60513239 5.50836183
590 48 1.62210296 5.83928780
