200 20 0.00000000 0.00000000
210 20 0.00000000 0.34655447
220 20 0.00692532 0.68589506
230 20 0.01413919 1.03937485
240 20 0.02106451 1.37871545
250 20 0.02106451 1.72526992
260 20 0.04905434 2.05710808
270 20 0.15437689 2.36615041
280 20 0.25941088 2.66105355
290 20 0.25998799 3.03588640
300 20 0.23950059 3.41822168
310 20 0.21208787 3.80777084
320 20 0.02106451 4.15115120
330 20 -0.16995885 4.49453156
340 20 -0.36098222 4.83791193
350 20 -0.54508026 5.17407842
360 20 -0.83652074 5.44878271
370 20 -1.12824977 5.70934781
380 20 -1.41997880 5.96991291
390 20 -1.65543962 6.21518460
200 17 1.03562364 -0.54450315
210 17 0.98195242 -0.40195702
220 17 0.93549508 -0.25248556
230 17 0.93462941 0.05165133
240 17 0.96348491 0.42590707
250 17 0.99955427 0.80708813
260 17 1.02840976 1.18134388
270 17 1.05726526 1.55559962
280 17 0.99551450 1.99535733
290 17 0.93376375 2.43511504
300 17 0.87201299 2.87487275
310 17 0.79583449 3.30077983
320 17 0.68358663 3.69206031
330 17 0.57133876 4.08334079
340 17 0.46601621 4.46740740
350 17 0.35376834 4.85868788
360 17 0.11859608 5.11809877
370 17 -0.13100394 5.36365901
380 17 -0.37339008 5.61614457
390 17 -0.61606477 5.85449094
200 23 2.44954279 -0.22680417
210 23 2.52139296 0.17486429
220 23 2.60045701 0.58345807
230 23 2.68644638 0.98483797
240 23 2.73723205 1.39400886
250 23 2.54851713 1.85050276
260 23 2.35287689 2.31421053
270 23 2.16416196 2.77070442
280 23 2.07874970 3.09071184
290 23 2.00055132 3.41764457
300 23 1.91513906 3.73765199
310 23 1.82972680 4.05765940
320 23 1.52414713 4.33265225
330 23 1.21135359 4.60071978
340 23 0.89856005 4.86878731
350 23 0.58576650 5.13685484
360 23 0.33616649 5.38241508
370 23 0.12869550 5.61297047
380 23 -0.07877550 5.84352586
390 23 -0.27932117 6.06686737
