4790 186 0.00000000 0.00000000
4800 186 -0.00000000 0.69875604
4810 186 -0.02401410 1.38533329
4820 186 -0.14218124 2.02436891
4830 186 -0.26134443 2.66331581
4840 186 -0.40321941 3.30927516
4850 186 -0.56681013 3.96233571
4860 186 -0.73040084 4.61539626
4870 186 -0.89372823 5.16406844
4880 186 -1.05904774 5.71256316
4890 186 -1.22498834 6.26803028
4900 186 -1.39524805 6.83817204
4910 186 -1.56550776 7.40831381
4920 186 -1.68716968 7.91752730
4930 186 -1.78751085 8.40153313
4940 186 -1.80017049 8.85921504
4950 186 -1.75492151 9.29796045
4960 186 -1.53568906 9.72208558
4970 186 -1.29826141 10.14481968
4980 186 -1.20652983 10.70416511
4780 185 -0.70508156 -0.49250379
4790 185 -0.76810213 0.10225028
4800 185 -0.83003791 0.69609703
4810 185 -0.92517841 1.30204528
4820 185 -1.06881939 1.92274832
4830 185 -1.21146431 2.54354010
4840 185 -1.35254073 3.18053495
4850 185 -1.49176242 3.84179006
4860 185 -1.63089539 4.50204911
4870 185 -1.77615353 5.12963582
4880 185 -1.92514973 5.74283410
4890 185 -2.07414594 6.35603238
4900 185 -2.13466206 6.93394223
4910 185 -2.18585875 7.50866643
4920 185 -2.21795293 8.08308436
4930 185 -2.17272971 8.65736205
4940 185 -2.10716176 9.21738869
4950 185 -1.95370620 9.71496722
4960 185 -1.83442279 10.19042644
4970 185 -1.74922281 10.64277030
4890 192 -2.70684459 -0.55034659
4900 192 -2.37031798 0.10108249
4910 192 -2.08496517 0.74092526
4920 192 -1.85178221 1.36909300
4930 192 -1.62484177 1.99971653
4940 192 -1.46178630 2.64874420
4950 192 -1.29864209 3.29677581
4960 192 -1.10592247 3.92836677
4970 192 -0.88652687 4.54225485
4980 192 -0.66622394 5.15722771
4990 192 -0.45534061 5.72015952
5000 192 -0.24638070 6.27087247
5010 192 -0.04629656 6.81979081
5020 192 0.08105547 7.35118657
5030 192 0.20940356 7.88267107
5040 192 0.29927183 8.46293367
5050 192 0.35265241 9.09215185
5060 192 0.37502646 9.69752480
5070 192 0.32622545 10.24535548
5080 192 0.27742444 10.79318617
4900 193 -1.84707671 -0.32918785
4910 193 -1.57833341 0.23789419
4920 193 -1.32973735 0.82828050
4930 193 -1.16128657 1.50690362
4940 193 -0.99529158 2.17928421
4950 193 -0.83999847 2.79147785
4960 193 -0.68479408 3.40466754
4970 193 -0.51724204 4.03702845
4980 193 -0.34351617 4.67897496
4990 193 -0.16970157 5.31992541
5000 193 0.00615093 5.83656638
5010 193 0.18200344 6.35320736
5020 193 0.32728447 6.88620025
5030 193 0.40075217 7.45897813
5040 193 0.47421987 8.03175600
5050 193 0.49792486 8.62218811
5060 193 0.50923352 9.21653575
5070 193 0.51952610 9.79974931
5080 193 0.52557685 10.34041870
5090 193 0.52963550 10.88091063
