450 13 0.00000000 0.00000000
460 13 0.00000000 0.51933900
470 13 -0.00081835 1.03983140
480 13 -0.00081835 1.55917040
490 13 0.03859136 2.01196712
500 13 0.07800107 2.46476385
510 13 0.11757831 2.91854644
520 13 0.16191736 3.37050557
530 13 0.24355190 3.81511304
540 13 0.32501892 4.25873464
550 13 0.40665346 4.70334211
560 13 0.48730213 5.14811710
570 13 0.51419978 5.49146316
580 13 0.54027908 5.83596260
590 13 0.56635839 6.18046205
600 13 0.62436481 6.58749676
610 13 0.68253876 6.99551734
620 13 0.82838377 7.41805637
630 13 0.99511879 7.84414607
640 13 1.17378051 8.29863918
380 8 -0.81891981 -0.01401204
390 8 -0.77461927 0.42578162
400 8 -0.73048625 0.86458941
410 8 -0.68618571 1.30438306
420 8 -0.62743217 1.73969218
430 8 -0.56112674 2.17168939
440 8 -0.49366791 2.60450494
450 8 -0.42637660 3.03633463
460 8 -0.35291207 3.44480000
470 8 -0.27667670 3.84569422
480 8 -0.20142720 4.24675595
490 8 -0.12689977 4.67938473
500 8 -0.05309441 5.14358056
510 8 0.02071094 5.60777639
520 8 0.09468382 6.07295809
530 8 0.16750331 6.53732144
540 8 0.23254560 6.98576263
550 8 0.29576442 7.42944200
560 8 0.35816490 7.87427475
570 8 0.42155124 8.31893999
390 9 0.22406944 -0.05430364
400 9 0.21457853 0.42708905
410 9 0.20393423 0.90766339
420 9 0.19427580 1.38807021
430 9 0.20448301 1.86002976
440 9 0.24407949 2.31989508
450 9 0.28350846 2.77877454
460 9 0.32409081 3.23847235
470 9 0.38091112 3.68628196
480 9 0.45052846 4.12583108
490 9 0.51997828 4.56439433
500 9 0.58860975 5.00411097
510 9 0.66084965 5.44118578
520 9 0.74225891 5.86655919
530 9 0.82366816 6.29193259
540 9 0.90623080 6.71812435
550 9 0.98764005 7.14349775
560 9 1.07234195 7.57034033
570 9 1.17665147 8.01109483
580 9 1.28177933 8.45069593
430 12 -1.30387858 0.20025648
440 12 -1.26292845 0.62033277
450 12 -1.22296418 1.04057657
460 12 -1.18365075 1.46295964
470 12 -1.15464080 1.90230850
480 12 -1.12661671 2.34182488
490 12 -1.09760676 2.78117375
500 12 -1.07090358 3.21888591
510 12 -1.04831141 3.65628229
520 12 -1.02588675 4.09269280
530 12 -1.00247622 4.52893579
540 12 -0.97988404 4.96633217
550 12 -0.95948888 5.38482953
560 12 -0.93928050 5.79625829
570 12 -0.91923964 6.20670118
580 12 -0.85360429 6.63475491
590 12 -0.67966588 7.10323696
600 12 -0.50555995 7.57270488
610 12 -0.33162154 8.04118692
620 12 -0.21908426 8.53633171
450 14 -0.89254417 -0.00555899
460 14 -0.84937199 0.49325777
470 14 -0.80619980 0.99207454
480 14 -0.76204174 1.49072378
490 14 -0.70616302 2.00462510
500 14 -0.63065743 2.53852107
510 14 -0.55515183 3.07241704
520 14 -0.47066367 3.58754299
530 14 -0.35108282 4.02265955
540 14 -0.23051610 4.45760859
550 14 -0.11076773 4.89371102
560 14 -0.01112953 5.31294392
570 14 0.06873352 5.71727905
580 14 0.14141823 6.13906327
590 14 0.19680786 6.60233100
600 14 0.25335089 7.06641708
610 14 0.31794839 7.53014886
620 14 0.45765868 7.98821767
630 14 0.59736896 8.44628648
640 14 0.73806511 8.90418777
