4660 176 0.00000000 0.00000000
4670 176 -0.00000000 0.42443610
4680 176 -0.01124315 0.85844254
4690 176 -0.03393915 1.30104156
4700 176 -0.05642546 1.74461834
4710 176 -0.03541405 2.10011591
4720 176 -0.00469800 2.43410023
4730 176 -0.03454701 2.70027693
4740 176 -0.15506928 2.86317071
4750 176 -0.25771371 3.01404855
4760 176 -0.29038294 3.11923753
4770 176 -0.32326186 3.22344874
4780 176 -0.31410147 3.29000764
4790 176 -0.30417300 3.35537908
4800 176 -0.29522230 3.42096022
4810 176 -0.28529383 3.48633166
4820 176 -0.27613344 3.55289056
4830 176 -0.24817399 3.68803222
4840 176 -0.20917165 3.86989706
4850 176 -0.17016932 4.05176189
4650 171 -1.86409687 -0.34171457
4660 171 -1.95021820 0.05312225
4670 171 -2.03333790 0.43811071
4680 171 -2.11038365 0.80850098
4690 171 -2.18666133 1.17770379
4700 171 -2.13164009 1.51056662
4710 171 -2.06097457 1.84007441
4720 171 -1.99030904 2.16958220
4730 171 -1.96211634 2.44887984
4740 171 -1.94007062 2.72335932
4750 171 -1.90734249 2.97611586
4760 171 -1.83614449 3.14596240
4770 171 -1.76515618 3.31483116
4780 171 -1.74103948 3.44159230
4790 171 -1.78859198 3.50599540
4800 171 -1.83614449 3.57039849
4810 171 -1.88292892 3.63361414
4820 171 -1.93048142 3.69801724
4830 171 -1.95526254 3.77799158
4840 171 -1.96635255 3.86934809
4670 181 0.35240641 -0.55524024
4680 181 0.54538717 -0.10366696
4690 181 0.60552343 0.32934993
4700 181 0.66447223 0.76159875
4710 181 0.71524548 1.17003244
4720 181 0.73485267 1.48083070
4730 181 0.75425017 1.79065119
4740 181 0.77259687 2.08126502
4750 181 0.78996344 2.35777072
4760 181 0.80907586 2.63287927
4770 181 0.83300644 2.90184084
4780 181 0.85518881 3.15788174
4790 181 0.85751660 3.29749758
4800 181 0.85907632 3.43830087
4810 181 0.85280683 3.53782822
4820 181 0.83814973 3.59824485
4830 181 0.82447040 3.65845180
4840 181 0.81058139 3.71768097
4850 181 0.79592429 3.77809761
4860 181 0.78203528 3.83732678
