1190 25 0.00000000 0.00000000
1200 25 -0.00000000 0.46676975
1210 25 -0.00097907 0.93374303
1220 25 -0.00097907 1.40051278
1230 25 -0.00420764 1.88123159
1240 25 -0.00948219 2.37667501
1250 25 -0.01496027 2.87113935
1260 25 -0.01291429 3.32318450
1270 25 -0.01016990 3.76384930
1280 25 -0.00624291 4.20528965
1290 25 0.01547230 4.63894671
1300 25 0.10658574 5.04285678
1310 25 0.19888178 5.44754239
1320 25 0.28999523 5.85145245
1330 25 0.39134498 6.26038426
1340 25 0.49269474 6.66931607
1350 25 0.59404449 7.07824789
1360 25 0.71084941 7.40429943
1370 25 0.82687878 7.73153358
1380 25 0.94388722 8.05856420
1220 28 -2.95901137 0.65800965
1230 28 -2.73570856 0.90676827
1240 28 -2.51260927 1.15454782
1250 28 -2.29938851 1.41868019
1260 28 -2.11139218 1.71869749
1270 28 -1.92319232 2.01969386
1280 28 -1.74821526 2.33569549
1290 28 -1.62670139 2.71387981
1300 28 -1.50637011 3.09128858
1310 28 -1.38485624 3.46947290
1320 28 -1.26432143 3.84786075
1330 28 -1.14668528 4.23195804
1340 28 -1.03023171 4.61527980
1350 28 -0.91259556 4.99937710
1360 28 -0.77782033 5.36765503
1370 28 -0.60289254 5.70307308
1380 28 -0.42796475 6.03849113
1390 28 -0.25303696 6.37390918
1400 28 -0.06819208 6.69807329
1410 28 0.12326420 7.01473477
1230 32 0.31577025 0.26119945
1240 32 0.46242285 0.79962123
1250 32 0.60887193 1.33706394
1260 32 0.70017391 1.86962844
1270 32 0.76655353 2.40022409
1280 32 0.83391222 2.93061622
1290 32 0.90029185 3.46121187
1300 32 0.96980149 4.01669131
1310 32 1.04885546 4.66721761
1320 32 1.12790942 5.31774391
1330 32 1.20675986 5.96729115
1340 32 1.26848194 6.60814244
1350 32 1.29080987 7.22654156
1360 32 1.31313779 7.84494067
1370 32 1.33546572 8.46333978
1380 32 1.39993219 9.07808613
1390 32 1.52693271 9.68902547
1400 32 1.65393323 10.29996480
1410 32 1.80714795 10.85030038
1420 32 1.97849153 11.36009777
1350 34 0.04796155 0.29950741
1360 34 0.08617953 0.86659857
1370 34 0.12655919 1.43426175
1380 34 0.17399585 2.00147931
1390 34 0.23497452 2.56996731
1400 34 0.29672874 3.13727271
1410 34 0.36901063 3.69626138
1420 34 0.45785958 4.24159234
1430 34 0.54691205 4.78790238
1440 34 0.63576099 5.33323335
1450 34 0.75802470 5.86242574
1460 34 0.92835065 6.36732778
1470 34 1.09965566 6.87202630
1480 34 1.26998161 7.37692834
1490 34 1.46732516 7.84965820
1500 34 1.67495430 8.30799339
1510 34 1.88258343 8.76632857
1520 34 2.09021257 9.22466376
1530 34 2.37794973 9.69494487
1540 34 2.68473482 10.16841600
1350 35 0.66506452 -0.02385759
1360 35 0.71911258 0.53585735
1370 35 0.77238510 1.09675488
1380 35 0.82643316 1.65646981
1390 35 0.88022842 2.23462210
1400 35 0.93446930 2.81983140
1410 35 0.98891370 3.40601977
1420 35 1.05314879 3.99017288
1430 35 1.21117103 4.55380838
1440 35 1.36841772 5.11862647
1450 35 1.52643996 5.68226197
1460 35 1.67998462 6.22435793
1470 35 1.82982723 6.74373178
1480 35 1.97966985 7.26310562
1490 35 2.12951246 7.78247947
1500 35 2.29979985 8.28228264
1510 35 2.50163169 8.75203673
1520 35 2.70444260 9.22158729
1530 35 2.90627445 9.69134138
1540 35 3.11213826 10.17557799
