7490 297 0.00000000 0.00000000
7500 297 -0.00000000 0.43376146
7510 297 -0.00013141 0.86653158
7520 297 -0.03530512 1.32412180
7530 297 -0.09269381 1.79676177
7540 297 -0.15008249 2.26940174
7550 297 -0.14555466 2.74493039
7560 297 -0.14016690 3.21933630
7570 297 -0.18260267 3.66780169
7580 297 -0.27299337 4.08933523
7590 297 -0.36338406 4.51086877
7600 297 -0.38306769 4.93311698
7610 297 -0.37334576 5.35651099
7620 297 -0.36103254 5.76140404
7630 297 -0.32923165 6.00130548
7640 297 -0.29756217 6.24021560
7650 297 -0.26357575 6.47377485
7660 297 -0.22370130 6.69848361
7670 297 -0.18494958 6.92233246
7680 297 -0.12080373 7.20838369
7360 293 0.02326855 -0.35715483
7370 293 0.01165387 0.31621067
7380 293 -0.00009222 0.98858484
7390 293 -0.01183830 1.66095902
7400 293 -0.03282910 2.32447118
7410 293 -0.06207329 2.97898991
7420 293 -0.09230880 3.63364006
7430 293 -0.07813742 4.28845620
7440 293 0.00039884 4.94180148
7450 293 0.07906650 5.59613809
7460 293 0.17340407 6.23931880
7470 293 0.30106410 6.85992488
7480 293 0.42859272 7.47953964
7490 293 0.55612134 8.09915440
7500 293 0.69982244 8.74184406
7510 293 0.85368812 9.40033503
7520 293 1.00742239 10.05783466
7530 293 1.16214798 10.71520289
7540 293 1.25808551 11.34001406
7550 293 1.35389162 11.96383390
7480 295 0.96146164 -0.39476767
7490 295 0.95363937 0.07130186
7500 295 0.94594850 0.53836273
7510 295 0.93825764 1.00542359
7520 295 0.92145347 1.46461377
7530 295 0.89890421 1.91851302
7540 295 0.87635495 2.37241227
7550 295 0.81052153 2.82700546
7560 295 0.68290300 3.27970128
7570 295 0.55330181 3.73265992
7580 295 0.42469195 4.18548716
7590 295 0.35063973 4.58568869
7600 295 0.29960246 4.96165571
7610 295 0.24869660 5.33861405
7620 295 0.25792748 5.71264452
7630 295 0.30707431 6.08340130
7640 295 0.35635255 6.45514941
7650 295 0.39019834 6.78657581
7660 295 0.40003554 7.05864240
7670 295 0.41086408 7.33057758
7510 301 1.37058974 -0.15444664
7520 301 1.41151315 0.42822846
7530 301 1.45144524 1.01103497
7540 301 1.44922743 1.58026259
7550 301 1.43009710 2.14366212
7560 301 1.40997544 2.70719306
7570 301 1.30433443 3.19631674
7580 301 1.18958011 3.67756974
7590 301 1.07482579 4.15882273
7600 301 0.95372928 4.63789020
7610 301 0.83177285 5.11808040
7620 301 0.73660533 5.56445708
7630 301 0.66061886 5.98811621
7640 301 0.77134793 6.36684972
7650 301 0.98291813 6.74532964
7660 301 1.10412531 7.24876764
7670 301 1.23517430 7.75796226
7680 301 1.38478418 8.27781020
7690 301 1.53340273 8.79778956
7700 301 1.53992936 9.42537413
7630 304 0.10269931 -0.18409197
7640 304 0.07075087 0.29021942
7650 304 0.03880243 0.76453082
7660 304 0.01062796 1.22926321
7670 304 -0.00344198 1.65581103
7680 304 -0.01751193 2.08235884
7690 304 -0.03257320 2.50903806
7700 304 -0.04267784 2.93506024
7710 304 -0.05278247 3.36108242
7720 304 -0.06189577 3.78697319
7730 304 -0.07200040 4.21299536
7740 304 -0.07597724 4.66241520
7750 304 -0.07916563 5.11778300
7760 304 -0.08136269 5.57301939
7770 304 -0.08455108 6.02838719
7780 304 -0.07690633 6.48938020
7790 304 -0.06364789 6.95467281
7800 304 -0.05038945 7.41996542
7810 304 -0.04743852 7.88359814
7820 304 -0.13626384 8.33216035
7630 305 0.76627602 0.01241235
7640 305 0.67777345 0.47101926
7650 305 0.58927089 0.92962617
7660 305 0.53486772 1.38673917
7670 305 0.51555526 1.84222685
7680 305 0.49525147 2.29784594
7690 305 0.46769716 2.72920746
7700 305 0.43104107 3.13756555
7710 305 0.39537630 3.54579224
7720 305 0.35872021 3.95415033
7730 305 0.35581769 4.38123530
7740 305 0.38481750 4.82830130
7750 305 0.41394872 5.27635864
7760 305 0.44030883 5.71873081
7770 305 0.46039822 6.15184675
7780 305 0.48048760 6.58496269
7790 305 0.50143690 7.01695590
7800 305 0.50943900 7.44259537
7810 305 0.49987152 7.85745012
7820 305 0.48918132 8.27144495
