9520 153 0.00000000 0.00000000
9530 153 -0.00000000 0.00100000
9540 153 -0.00000000 0.00100000
9550 153 -0.00000000 0.00200000
9560 153 -0.00000000 0.00200000
9570 153 -0.01400000 0.02400000
9580 153 -0.14900000 0.23400000
9590 153 -0.28400000 0.44500000
9600 153 -0.42000000 0.67900000
9610 153 -0.55700000 1.12400000
9620 153 -0.69500000 1.56900000
9630 153 -0.78600000 2.00900000
9640 153 -0.82900000 2.44200000
9650 153 -0.87200000 2.87600000
9660 153 -0.91500000 3.30500000
9670 153 -0.95800000 3.71300000
9680 153 -1.00000000 4.12200000
9690 153 -1.04200000 4.53000000
9700 153 -1.07200000 4.94100000
9710 153 -1.09900000 5.35200000
9480 348 0.46300000 2.18200000
9490 348 0.45800000 2.19700000
9500 348 0.45300000 2.21300000
9510 348 0.44800000 2.22800000
9520 348 0.44300000 2.24300000
9530 348 0.43800000 2.25900000
9540 348 0.43400000 2.27400000
9550 348 0.42800000 2.29000000
9560 348 0.42300000 2.30500000
9570 348 0.41800000 2.32000000
9580 348 0.41300000 2.33500000
9590 348 0.40800000 2.35100000
9600 348 0.40900000 2.38300000
9610 348 0.41800000 2.44200000
9620 348 0.42700000 2.50000000
9630 348 0.43600000 2.55900000
9640 348 0.44400000 2.61700000
9650 348 0.45300000 2.67600000
9660 348 0.45300000 2.97100000
9670 348 0.45300000 3.26700000
9510 124 0.16600000 0.42000000
9520 124 0.16600000 0.42000000
9530 124 0.16600000 0.42100000
9540 124 0.16600000 0.42100000
9550 124 0.16700000 0.42200000
9560 124 0.16700000 0.42300000
9570 124 0.16700000 0.42300000
9580 124 0.16700000 0.42400000
9590 124 0.21500000 0.65500000
9600 124 0.24100000 0.97200000
9610 124 0.16800000 1.25600000
9620 124 0.09500000 1.53900000
9630 124 0.04100000 1.93200000
9640 124 -0.01300000 2.32400000
9650 124 -0.04100000 2.79300000
9660 124 -0.06300000 3.28000000
9670 124 -0.08300000 3.71500000
9680 124 -0.10200000 4.11400000
9690 124 -0.12100000 4.51200000
9700 124 -0.14000000 4.91100000
