5630 234 0.00000000 0.00000000
5640 234 0.00000000 0.52538462
5650 234 -0.00090029 1.04967861
5660 234 0.05732753 1.53341565
5670 234 0.17477862 1.97560027
5680 234 0.29232489 2.41678943
5690 234 0.38765695 2.80663145
5700 234 0.47626251 3.18277112
5710 234 0.53937437 3.53135955
5720 234 0.57500160 3.85220640
5730 234 0.51274436 4.15666335
5740 234 0.40796778 4.45404168
5750 234 0.36548082 4.75134768
5760 234 0.38419282 5.04948164
5770 234 0.40269355 5.27627169
5780 234 0.42098301 5.43171780
5790 234 0.43150673 5.56331663
5800 234 0.42398843 5.64195807
5810 234 0.41647013 5.72059950
5820 234 0.40833704 5.79516392
5560 210 -0.34166588 -0.33503645
5570 210 -0.44547174 0.16234202
5580 210 -0.54828213 0.65981566
5590 210 -0.65208799 1.15719413
5600 210 -0.74099809 1.62485533
5610 210 -0.82753659 2.08872501
5620 210 -0.91417027 2.55359016
5630 210 -1.06478374 2.97316088
5640 210 -1.28056280 3.34933291
5650 210 -1.49624669 3.72450948
5660 210 -1.69415884 4.11343978
5670 210 -1.84856382 4.53063890
5680 210 -2.00296879 4.94783801
5690 210 -2.08258285 5.40232410
5700 210 -2.16120144 5.85690535
5710 210 -2.19274024 6.29187812
5720 210 -2.11442619 6.68109773
5730 210 -2.03511667 7.07041252
5740 210 -1.95396279 7.47195834
5750 210 -1.86305986 7.91863681
5580 211 0.35381698 -0.23338711
5590 211 0.22996296 0.25303367
5600 211 0.10620410 0.73845900
5610 211 -0.01764993 1.22487978
5620 211 -0.17613953 1.66378871
5630 211 -0.34865314 2.08126572
5640 211 -0.52225739 2.49964302
5650 211 -0.69998242 2.90858533
5660 211 -0.91854230 3.24029089
5670 211 -1.13610672 3.57209162
5680 211 -1.35466660 3.90379718
5690 211 -1.54624625 4.21598180
5700 211 -1.71094083 4.50964095
5710 211 -1.87663087 4.80320493
5720 211 -1.99817040 5.18135456
5730 211 -2.10284610 5.59326231
5740 211 -2.18538753 6.01532263
5750 211 -2.07634742 6.51396303
5760 211 -1.96631184 7.01269861
5770 211 -1.88263409 7.51393711
5610 214 0.77774640 -0.33851962
5620 214 0.73398989 0.19272738
5630 214 0.69122884 0.72406954
5640 214 0.64756749 1.25432107
5650 214 0.64434699 1.77136133
5660 214 0.68185285 2.27220393
5670 214 0.71926354 2.77404199
5680 214 0.77295373 3.22118108
5690 214 0.85246119 3.58740992
5700 214 0.91727847 3.93917507
5710 214 0.84741727 4.16555398
5720 214 0.78546837 4.40373948
5730 214 0.79060175 4.75984431
5740 214 0.79473967 5.11585397
5750 214 0.79273733 5.40999848
5760 214 0.78866412 5.66275807
5770 214 0.77795958 5.90081985
5780 214 0.72454728 5.99717402
5790 214 0.67113499 6.09352819
5800 214 0.60036778 6.20329159
