7360 293 0.00000000 0.00000000
7370 293 0.00000000 0.67346566
7380 293 -0.00014849 1.34594241
7390 293 -0.00029697 2.01841916
7400 293 -0.00984163 2.68219465
7410 293 -0.02779355 3.33712039
7420 293 -0.04673438 3.99219462
7430 293 -0.02127206 4.64666897
7440 293 0.06852020 5.29856263
7450 293 0.15846094 5.95144521
7460 293 0.26387685 6.59290331
7470 293 0.40222095 7.21121545
7480 293 0.54041656 7.82853868
7490 293 0.67861218 8.44586192
7500 293 0.83337582 9.08597770
7510 293 0.99857504 9.74171714
7520 293 1.16362577 10.39646767
7530 293 1.32966541 11.05106972
7540 293 1.43636425 11.67413340
7550 293 1.54291459 12.29620818
7350 292 0.65537120 0.35765149
7360 292 0.66322609 0.98241089
7370 292 0.67206990 1.60702180
7380 292 0.68091370 2.23163270
7390 292 0.68649083 2.83448749
7400 292 0.69206795 3.43734228
7410 292 0.69779356 4.04118598
7420 292 0.70515251 4.65590775
7430 292 0.71666905 5.29831912
7440 292 0.72833409 5.94171940
7450 292 0.73999912 6.58511969
7460 292 0.92892041 7.15640048
7470 292 1.13687756 7.71976699
7480 292 1.34483471 8.28313350
7490 292 1.55392926 8.84734044
7500 292 1.76441364 9.44774224
7510 292 1.97489801 10.04814405
7520 292 2.18637130 10.64839737
7530 292 2.35359289 11.27046323
7540 292 2.49164299 11.90702130
7490 297 -0.01710555 0.35750301
7500 297 -0.00962484 0.79119995
7510 297 -0.00229262 1.22390798
7520 297 -0.02956944 1.68203676
7530 297 -0.07879838 2.15559616
7540 297 -0.12802731 2.62915557
7550 297 -0.11529912 3.10453541
7560 297 -0.10173050 3.57877785
7570 297 -0.13642566 4.02790839
7580 297 -0.21953309 4.45093813
7590 297 -0.30264052 4.87396786
7600 297 -0.31503908 5.29649274
7610 297 -0.29801668 5.71965611
7620 297 -0.27872245 6.12427659
7630 297 -0.24278892 6.36359392
7640 297 -0.20700387 6.60192233
7650 297 -0.16899451 6.83486070
7660 297 -0.12525063 7.05884837
7670 297 -0.08264415 7.28199560
7680 297 -0.01357456 7.56689803
7510 301 1.35061674 0.17944196
7520 301 1.40158296 0.76132463
7530 301 1.45156027 1.34335579
7540 301 1.45915977 1.91253700
7550 301 1.44974874 2.47618266
7560 301 1.43934881 3.03997681
7570 301 1.34215900 3.53084965
7580 301 1.23572150 4.01401014
7590 301 1.12928400 4.49717063
7600 301 1.01646756 4.97825529
7610 301 0.90281069 5.46047735
7620 301 0.81535560 5.90842892
7630 301 0.74668692 6.33333551
7640 301 0.86393120 6.71010305
7650 301 1.08199726 7.08487791
7660 301 1.21186876 7.58615068
7670 301 1.35167990 8.09300948
7680 301 1.51023290 8.61019992
7690 301 1.66779698 9.12753884
7700 301 1.68514605 9.75491752
