7520 302 0.00000000 0.00000000
7530 302 -0.00000000 0.43486665
7540 302 0.00954545 0.87235709
7550 302 0.09906715 1.32303088
7560 302 0.18858885 1.77370467
7570 302 0.30043923 2.22318269
7580 302 0.46512880 2.67251814
7590 302 0.60646178 3.07876682
7600 302 0.66180058 3.31764464
7610 302 0.77302548 3.52128408
7620 302 0.94013648 3.68968513
7630 302 1.11195237 3.86231277
7640 302 1.30308223 4.05271597
7650 302 1.49284845 4.24274434
7660 302 1.69708808 4.45215106
7670 302 1.95228355 4.73496420
7680 302 2.20710420 5.01914097
7690 302 2.46279408 5.30282334
7700 302 2.67034046 5.65760566
7710 302 2.85624343 6.04310545
7430 294 -0.00788978 -0.27276868
7440 294 0.05076959 0.22882187
7450 294 0.10806531 0.73003759
7460 294 0.16672467 1.23162814
7470 294 0.27523380 1.67725441
7480 294 0.39816114 2.10777720
7490 294 0.52071365 2.53966362
7500 294 0.75770815 2.99274044
7510 294 1.00871383 3.44820191
7520 294 1.25835588 3.90328855
7530 294 1.65351150 4.22383969
7540 294 2.11055046 4.48733426
7550 294 2.54534812 4.77038195
7560 294 2.89055050 5.13660227
7570 294 3.23612770 5.50145894
7580 294 3.56270138 5.87942539
7590 294 3.86021557 6.27507081
7600 294 4.15859900 6.67022184
7610 294 4.43571384 7.09472669
7620 294 4.67986915 7.56443850
7490 299 0.20468114 0.05039476
7500 299 0.32391769 0.40363638
7510 299 0.44364865 0.75774724
7520 299 0.52322017 1.09788599
7530 299 0.59275183 1.43453172
7540 299 0.66773804 1.77267677
7550 299 0.79120117 2.12121350
7560 299 0.91416990 2.46888100
7570 299 0.96071291 2.70240776
7580 299 0.99847621 2.92252122
7590 299 1.10279554 3.10592917
7600 299 1.21426880 3.24730354
7610 299 1.24507364 3.28730431
7620 299 1.27538409 3.32643585
7630 299 1.30618893 3.36643661
7640 299 1.39959918 3.54684594
7650 299 1.50881427 3.76313294
7660 299 1.69321333 3.97001935
7670 299 1.89758862 4.17359670
7680 299 2.11483453 4.39171184
