2970 85 0.00000000 0.00000000
2980 85 -0.00000000 0.57692287
2990 85 0.00010053 1.15285081
3000 85 -0.00089440 1.72967315
3010 85 0.01887254 2.33975123
3020 85 0.04817628 2.96486425
3030 85 0.07648509 3.58987674
3040 85 0.11565844 4.19689029
3050 85 0.17825953 4.76104196
3060 85 0.24086062 5.32519363
3070 85 0.30336117 5.89034023
3080 85 0.36914813 6.45280363
3090 85 0.43603056 7.01437263
3100 85 0.50201858 7.57484616
3110 85 0.56890100 8.13641516
3120 85 0.65135223 8.65332308
3130 85 0.73370293 9.17122593
3140 85 0.81714909 9.68823438
3150 85 0.88477685 10.20263936
3160 85 0.94952034 10.71574781
2970 84 0.44198282 0.01249734
2980 84 0.47100577 0.62049542
2990 84 0.50102364 1.22859404
3000 84 0.52994606 1.83758705
3010 84 0.57888847 2.42749606
3020 84 0.63659463 3.01024987
3030 84 0.69430078 3.59300368
3040 84 0.75500214 4.16600921
3050 84 0.82238723 4.72260355
3060 84 0.88977232 5.27919788
3070 84 0.95715741 5.83579221
3080 84 1.00618302 6.34530226
3090 84 1.05382197 6.84864164
3100 84 1.10136039 7.35297595
3110 84 1.14899934 7.85631533
3120 84 1.23938924 8.39412725
3130 84 1.33067354 8.93303464
3140 84 1.42106344 9.47084657
3150 84 1.50239840 10.00874863
3160 84 1.54532268 10.54880002
