6140 262 0.00000000 0.00000000
6150 262 -0.00000000 0.46639147
6160 262 0.00091983 0.93385714
6170 262 0.00091983 1.40024860
6180 262 0.00582129 1.88106143
6190 262 0.01478157 2.37422440
6200 262 0.02473887 2.86746456
6210 262 0.05748604 3.33839727
6220 262 0.11394291 3.78809675
6230 262 0.16947994 4.23672203
6240 262 0.22493979 4.68634432
6250 262 0.31697407 5.15584905
6260 262 0.41759555 5.63103356
6270 262 0.51921405 6.10629526
6280 262 0.66448900 6.54882908
6290 262 0.85441743 6.95871223
6300 262 1.04327166 7.36951520
6310 262 1.23312290 7.78039536
6320 262 1.39912937 8.17538757
6330 262 1.54021686 8.55541168
6170 263 0.36423265 0.30903653
6180 263 0.47201979 0.87303913
6190 263 0.57980692 1.43704173
6200 263 0.66988576 1.98362549
6210 263 0.71826357 2.48585809
6220 263 0.76664139 2.98809069
6230 263 0.81394500 3.49124312
6240 263 0.84130827 3.99285179
6250 263 0.86775173 4.49338624
6260 263 0.89419518 4.99392070
6270 263 0.96223030 5.44953153
6280 263 1.04783864 5.88544002
6290 263 1.13344698 6.32134851
6300 263 1.25274162 6.72375724
6310 263 1.38531265 7.11014296
6320 263 1.51680948 7.49744850
6330 263 1.64804902 7.93989870
6340 263 1.77982244 8.38840820
6350 263 1.91074680 8.84788487
6360 263 2.04265530 9.33351554
