7880 307 0.00000000 0.00000000
7890 307 -0.00000000 0.29291125
7900 307 -0.02306501 0.58282159
7910 307 -0.14367492 0.85969385
7920 307 -0.26344499 1.13710894
7930 307 -0.48272642 1.41926608
7940 307 -0.72670135 1.70094184
7950 307 -0.97037926 1.98400028
7960 307 -1.21785695 2.27293763
7970 307 -1.49019200 2.62796667
7980 307 -1.76282407 2.98161304
7990 307 -1.96855533 3.39755131
8000 307 -2.10738577 3.87578150
8010 307 -2.24621622 4.35401168
8020 307 -2.39202148 4.80987331
8030 307 -2.54593841 5.24144089
8040 307 -2.69985534 5.67300847
8050 307 -2.75703648 6.08017959
8060 307 -2.81337778 6.48789353
8070 307 -2.77368999 6.84098683
7720 303 1.67408729 0.65219072
7730 303 1.43173060 1.00873558
7740 303 1.21076948 1.38744415
7750 303 0.98896850 1.76560989
7760 303 0.76716753 2.14377564
7770 303 0.51738539 2.46575371
7780 303 0.25534356 2.76432879
7790 303 -0.00615545 3.06206403
7800 303 -0.26819728 3.36063911
7810 303 -0.45749011 3.66456052
7820 303 -0.64624012 3.96764208
7830 303 -0.83553295 4.27156349
7840 303 -1.02482578 4.57548491
7850 303 -1.24701595 4.86766897
7860 303 -1.47004596 5.15931021
7870 303 -1.69169331 5.45065443
7880 303 -1.91472332 5.74229567
7890 303 -2.11771996 5.99925747
7900 303 -2.31612818 6.24727799
7910 303 -2.51399358 6.49445866
7890 309 0.49934921 0.10247131
7900 309 0.44141016 0.37817598
7910 309 0.34669204 0.68130876
7920 309 0.25251676 0.98360169
7930 309 0.11838740 1.28507526
7940 309 -0.05293071 1.58513543
7950 309 -0.22424881 1.88519561
7960 309 -0.38465918 2.26970115
7970 309 -0.54590939 2.65366387
7980 309 -0.70631975 3.03816942
7990 309 -0.86203927 3.42094406
8000 309 -0.96581132 3.78966667
8010 309 -1.06904054 4.15754944
8020 309 -1.17281259 4.52627205
8030 309 -1.25663320 4.89360174
8040 309 -1.29472323 5.25834021
8050 309 -1.33335610 5.62391852
8060 309 -1.37228598 5.98811416
8070 309 -1.32677048 6.34140206
8080 309 -1.24555134 6.68919000
