7430 294 0.00000000 0.00000000
7440 294 -0.00000000 0.50500891
7450 294 -0.00131087 1.00948714
7460 294 -0.00131087 1.51449605
7470 294 0.05470201 1.96970980
7480 294 0.12678984 2.41159705
7490 294 0.19834700 2.85479517
7500 294 0.38111011 3.33233328
7510 294 0.57751258 3.81386736
7520 294 0.77260419 4.29487075
7530 294 1.12785139 4.65915145
7540 294 1.55119045 4.97394986
7550 294 1.95016757 5.30558559
7560 294 2.25049494 5.70942401
7570 294 2.55135300 6.11195156
7580 294 2.83181340 6.52529278
7590 294 3.08135751 6.95281791
7600 294 3.33182240 7.37995295
7610 294 3.55775306 7.83377266
7620 294 3.74569628 8.32866492
7490 299 0.17359496 0.34566717
7500 299 0.25099359 0.71036766
7510 299 0.32878232 1.07598893
7520 299 0.36830637 1.42306796
7530 299 0.39826426 1.76551142
7540 299 0.43346562 2.11007762
7550 299 0.51560872 2.47059601
7560 299 0.59736174 2.83019363
7570 299 0.61646437 3.06754587
7580 299 0.62840475 3.29055580
7590 299 0.71071419 3.48483950
7600 299 0.80501154 3.63820511
7610 299 0.83096158 3.68151326
7620 299 0.85652152 3.72390063
7630 299 0.88247156 3.76720877
7640 299 0.95429405 3.95724701
7650 299 1.03764704 4.18475586
7660 299 1.19676700 4.41166077
7670 299 1.37611235 4.63759936
7680 299 1.56655256 4.87947232
7520 302 -0.02384710 0.27183877
7530 302 -0.07435908 0.70376184
7540 302 -0.11569499 1.13939970
7550 302 -0.07912732 1.59742132
7560 302 -0.04255965 2.05544294
7570 302 0.01632446 2.51487048
7580 302 0.12770666 2.98029395
7590 302 0.22089511 3.40020931
7600 302 0.24811245 3.64389808
7610 302 0.33493072 3.85907844
7620 302 0.48134992 4.04575039
7630 302 0.63195123 4.23716682
7640 302 0.79967104 4.44848190
7650 302 0.96607998 4.65926630
7660 302 1.14461347 4.89097904
7670 302 1.36523136 5.20152010
7680 302 1.58531856 5.51337202
7690 302 1.80632654 5.82483385
7700 302 1.97125829 6.20132226
7710 302 2.11112513 6.60580621
