8880 345 0.00000000 0.00000000
8890 345 -0.00000000 0.57602778
8900 345 0.00011805 1.15106255
8910 345 0.00122911 1.72621537
8920 345 0.01458263 2.27462642
8930 345 0.06154564 2.76056826
8940 345 0.10751565 3.24639206
8950 345 0.14532633 3.71614024
8960 345 0.16133250 4.14905686
8970 345 0.17733867 4.58197348
8980 345 0.18476192 5.01084863
8990 345 0.10966832 5.41380142
9000 345 0.09159975 5.81144891
9010 345 0.20692058 6.19675672
9020 345 0.32136645 6.58095347
9030 345 0.46745662 6.88532768
9040 345 0.61671332 7.18000792
9050 345 0.72372204 7.48275721
9060 345 0.72963842 7.80571385
9070 345 0.73654781 8.12878855
8900 349 0.32252611 0.10782813
8910 349 0.40489020 0.78730231
8920 349 0.48725428 1.46677649
8930 349 0.54062671 2.11057877
8940 349 0.55287612 2.70216136
8950 349 0.56524357 3.29275093
8960 349 0.56807677 3.84494653
8970 349 0.53137715 4.23836505
8980 349 0.49356648 4.63265854
8990 349 0.47412297 5.00798766
9000 349 0.46169996 5.37508801
9010 349 0.50237855 5.74447298
9020 349 0.62431712 6.11646893
9030 349 0.74514462 6.48933983
9040 349 0.87878401 6.84762117
9050 349 1.02225626 7.19095878
9060 349 1.16683956 7.53342143
9070 349 1.27236920 7.89943850
9080 349 1.37567671 8.26720549
9090 349 1.45602701 8.63325034
