7720 303 0.00000000 0.00000000
7730 303 -0.00000000 0.43111599
7740 303 0.03015430 0.86853424
7750 303 0.05930886 1.30597567
7760 303 0.08846343 1.74341711
7770 303 0.06289027 2.15011972
7780 303 0.01402175 2.54435933
7790 303 -0.03486997 2.93759920
7800 303 -0.08373848 3.33183881
7810 303 -0.06943607 3.68960332
7820 303 -0.05515685 4.04636809
7830 303 -0.04085443 4.40413260
7840 303 -0.02655202 4.76189710
7850 303 -0.04605489 5.12844810
7860 303 -0.06655749 5.49502230
7870 303 -0.08608356 5.86057357
7880 303 -0.10658616 6.22714777
7890 303 -0.13001605 6.55377913
7900 303 -0.15467763 6.87043636
7910 303 -0.17936240 7.18609387
7880 307 -1.75115285 0.40172715
7890 307 -1.58648951 0.64397286
7900 307 -1.44258856 0.89670299
7910 307 -1.38668945 1.19348623
7920 307 -1.32979061 1.49024627
7930 307 -1.35252463 1.84686955
7940 307 -1.39595146 2.21697644
7950 307 -1.43835536 2.58805986
7960 307 -1.48059689 2.96614141
7970 307 -1.50624196 3.41285645
7980 307 -1.53290996 3.85859496
7990 307 -1.46923104 4.31824156
8000 307 -1.31520521 4.79179625
8010 307 -1.16117937 5.26535093
8020 307 -1.02549663 5.72432718
8030 307 -0.91017964 6.16777164
8040 307 -0.79486265 6.61121610
8050 307 -0.61325723 6.98010291
8060 307 -0.43065208 7.34896651
8070 307 -0.19933382 7.61867351
7890 309 -1.28057184 0.20575901
7900 309 -1.17349857 0.46634549
7910 309 -1.08142358 0.77029153
7920 309 -0.98937178 1.07323785
7930 309 -0.93082374 1.39796716
7940 309 -0.90382636 1.74243362
7950 309 -0.87682899 2.08690008
7960 309 -0.79333870 2.49507329
7970 309 -0.71084813 2.90326970
7980 309 -0.62735784 3.31144291
7990 309 -0.54096114 3.71554761
8000 309 -0.41950195 4.07882803
8010 309 -0.29806595 4.44110872
8020 309 -0.17660676 4.80438914
8030 309 -0.03943022 5.15530167
8040 309 0.13411008 5.47836321
8050 309 0.30767358 5.80242449
8060 309 0.48021415 6.12550923
8070 309 0.71646147 6.39210106
8080 309 0.97914484 6.63407306
