5560 210 0.00000000 0.00000000
5570 210 -0.00000000 0.50809546
5580 210 0.00099391 1.01608071
5590 210 0.00099391 1.52417617
5600 210 0.00950412 2.00013791
5610 210 0.01956128 2.47190359
5620 210 0.02972867 2.94466317
5630 210 -0.03198808 3.38615501
5640 210 -0.16636244 3.79847713
5650 210 -0.30084701 4.20980535
5660 210 -0.41512475 4.63096636
5670 210 -0.48103756 5.07091125
5680 210 -0.54695037 5.51085613
5690 210 -0.53203191 5.97202144
5700 210 -0.51611955 6.43307653
5710 210 -0.45812651 6.86531814
5720 210 -0.30194523 7.23032828
5730 210 -0.14477004 7.59522821
5740 210 0.01670946 7.97172439
5750 210 0.19695315 8.39040949
5580 211 0.70158076 -0.04258452
5590 211 0.67971676 0.45888030
5600 211 0.65774254 0.95935121
5610 211 0.63587854 1.46081603
5620 211 0.57040265 1.92284732
5630 211 0.48681993 2.36676390
5640 211 0.40235352 2.81178460
5650 211 0.31192563 3.24841121
5660 211 0.16574444 3.61777290
5670 211 0.02055716 3.98702438
5680 211 -0.12562403 4.35638607
5690 211 -0.24938227 4.70112641
5700 211 -0.35060734 5.02223929
5710 211 -0.45282632 5.34346239
5720 211 -0.49454486 5.73846690
5730 211 -0.51285835 6.16307215
5740 211 -0.50743023 6.59309370
5750 211 -0.29881589 7.05893923
5760 211 -0.08920765 7.52467454
5770 211 0.09511008 7.99824500
5630 234 0.40290854 0.25816605
5640 234 0.51024663 0.77246901
5650 234 0.61648061 1.28588828
5660 234 0.77230959 1.74752594
5670 234 0.97762337 2.15638808
5680 234 1.18282694 2.56425631
5690 234 1.35579443 2.92639889
5700 234 1.51937786 3.27650239
5710 234 1.65237649 3.60484423
5720 234 1.75280250 3.91164484
5730 234 1.75406014 4.22239944
5740 234 1.71224910 4.53491158
5750 234 1.73139904 4.83462691
5760 234 1.81062628 5.12264956
5770 234 1.87507086 5.34087626
5780 234 1.92473279 5.48930703
5790 234 1.96192069 5.61598008
5800 234 1.97062771 5.69449879
5810 234 1.97933474 5.77301750
5820 234 1.98660699 5.84767079
