9490 361 0.00000000 0.00000000
9500 361 -0.00000000 0.58736786
9510 361 -0.00117643 1.17552057
9520 361 -0.02374832 1.70739510
9530 361 -0.04533956 2.23946541
9540 361 -0.10262734 2.76134960
9550 361 -0.21287171 3.26756219
9560 361 -0.32409673 3.77357898
9570 361 -0.44846342 4.27391279
9580 361 -0.57636113 4.77150216
9590 361 -0.70445462 5.27007217
9600 361 -0.82607176 5.78217204
9610 361 -0.93983692 6.31623429
9620 361 -1.05222986 6.84853103
9630 361 -1.16501438 7.38278907
9640 361 -1.29368502 7.91489514
9650 361 -1.43863337 8.44681052
9660 361 -1.58358172 8.97872591
9670 361 -1.72853006 9.51064129
9680 361 -1.87446246 10.03216285
9300 357 -0.19854679 -0.23135076
9310 357 -0.19880727 0.16323501
9320 357 -0.19906775 0.55782079
9330 357 -0.19932824 0.95240656
9340 357 -0.31529475 1.35448338
9350 357 -0.48068173 1.75893009
9360 357 -0.64253771 2.16612125
9370 357 -0.78320595 2.59487812
9380 357 -0.92387418 3.02363498
9390 357 -1.06454242 3.45239184
9400 357 -1.11695932 3.87837361
9410 357 -1.16937621 4.30435538
9420 357 -1.22277375 4.73014137
9430 357 -1.19498027 5.15276238
9440 357 -1.16738257 5.57636404
9450 357 -1.14076552 5.99976991
9460 357 -1.13689912 6.41965329
9470 357 -1.18677076 6.83288666
9480 357 -1.23762305 7.24592425
9490 357 -1.28769048 7.66013826
9300 359 0.45726881 -0.22176392
9310 359 0.40662082 0.21578811
9320 359 0.35479640 0.65412500
9330 359 0.30316776 1.09148124
9340 359 0.23937980 1.52844932
9350 359 0.12832503 1.95700018
9360 359 0.01707448 2.38653168
9370 359 -0.10967062 2.81194992
9380 359 -0.27368028 3.22992819
9390 359 -0.43867058 3.64771067
9400 359 -0.55070429 4.08116476
9410 359 -0.53956477 4.55144756
9420 359 -0.52921010 5.02055392
9430 359 -0.56299472 5.45025568
9440 359 -0.64052705 5.83859153
9450 359 -0.71805938 6.22692739
9460 359 -0.78853140 6.61565312
9470 359 -0.79095067 7.00572894
9480 359 -0.79435058 7.39560898
9490 359 -0.79676985 7.78568480
