7140 286 0.00000000 0.00000000
7150 286 0.00000000 0.43459406
7160 286 0.00019789 0.87016835
7170 286 0.00039577 1.30574264
7180 286 -0.12971645 1.69213080
7190 286 -0.27435257 2.07226945
7200 286 -0.33781409 2.55130038
7210 286 -0.36629124 3.07223709
7220 286 -0.36767184 3.61116760
7230 286 -0.35629111 4.15772361
7240 286 -0.34491037 4.70427963
7250 286 -0.32723411 5.26180680
7260 286 -0.30877550 5.81815587
7270 286 -0.29011901 6.37548515
7280 286 -0.12254194 6.86194371
7290 286 0.06168975 7.33993919
7300 286 0.31046443 7.82938905
7310 286 0.65536560 8.33513917
7320 286 1.00124699 8.84069140
7330 286 1.31400782 9.35905099
6950 282 -0.64667703 -0.04492008
6960 282 -0.64841659 0.51244602
6970 282 -0.64917592 1.06961424
6980 282 -0.65091547 1.62698035
6990 282 -0.62181705 2.21076651
7000 282 -0.58309586 2.80179161
7010 282 -0.54535490 3.39301459
7020 282 -0.50747127 3.95462374
7030 282 -0.47022732 4.48779715
7040 282 -0.43416148 5.02018822
7050 282 -0.43183747 5.54714894
7060 282 -0.48012621 6.06596413
7070 282 -0.44585054 6.58443417
7080 282 -0.32665425 7.10412373
7090 282 -0.13558400 7.67663500
7100 282 0.07257347 8.26303970
7110 282 0.28189985 8.84512773
7120 282 0.50254713 9.39738561
7130 282 0.72201631 9.94886116
7140 282 0.94168336 10.50131694
6950 283 -1.59870108 -0.08634724
6960 283 -1.55804705 0.48898505
6970 283 -1.51817536 1.06549546
6980 283 -1.47752133 1.64082775
6990 283 -1.42059004 2.21593455
7000 283 -1.33718347 2.79079744
7010 283 -1.25357902 3.36664056
7020 283 -1.17115268 3.94170133
7030 283 -1.10644401 4.47953197
7040 283 -1.05000054 5.00168820
7050 283 -0.99257683 5.52364655
7060 283 -0.92789579 6.04618015
7070 283 -0.83281856 6.56767830
7080 283 -0.73754344 7.09015668
7090 283 -0.59502884 7.59901774
7100 283 -0.43212739 8.10274299
7110 283 -0.26902807 8.60744845
7120 283 -0.08567535 9.14173095
7130 283 0.11852440 9.70853114
7140 283 0.32350649 10.27415323
7000 284 -1.34083286 0.22579692
7010 284 -1.19514748 0.64424258
7020 284 -1.04965999 1.06170801
7030 284 -0.98332682 1.52167748
7040 284 -0.94892691 2.00033565
7050 284 -0.91570510 2.47821149
7060 284 -0.94481272 2.97581147
7070 284 -1.01704104 3.48721745
7080 284 -1.08848703 3.99744531
7090 284 -1.09169462 4.50205874
7100 284 -0.99215805 4.99511195
7110 284 -0.87889834 5.48539476
7120 284 -0.64174369 5.94760540
7130 284 -0.40360883 6.40961816
7140 284 -0.16567184 6.87065069
7150 284 0.03075514 7.36862804
7160 284 0.22267676 7.86955526
7170 284 0.41361817 8.37068038
7180 284 0.57401152 8.89735577
7190 284 0.68838952 9.46392587
7160 287 -1.21926194 0.32265512
7170 287 -1.14117988 0.88124996
7180 287 -1.06289993 1.44082502
7190 287 -1.01331803 1.96436646
7200 287 -0.98182197 2.46401433
7210 287 -0.95012803 2.96464243
7220 287 -0.89720968 3.48955066
7230 287 -0.83858946 4.02248937
7240 287 -0.77918690 4.55424997
7250 287 -0.75099967 5.06782808
7260 287 -0.72870300 5.57749450
7270 287 -0.70738656 6.08735881
7280 287 -0.59542921 6.61667115
7290 287 -0.39263307 7.16641174
7300 287 -0.18690545 7.71045967
7310 287 0.05422532 8.20247284
7320 287 0.29417797 8.69370366
7330 287 0.53530874 9.18571682
7340 287 0.75713413 9.73875705
7350 287 0.98013764 10.29257962
