6470 267 0.00000000 0.00000000
6480 267 -0.00000000 0.34033072
6490 267 -0.00017630 0.68164578
6500 267 -0.00214497 1.02162390
6510 267 -0.00428994 1.36258636
6520 267 -0.00643492 1.70354882
6530 267 -0.00840359 2.04352695
6540 267 0.05726782 2.39155606
6550 267 0.12195490 2.73940888
6560 267 0.18583394 3.08610106
6570 267 0.25052102 3.43395388
6580 267 0.31425315 3.79281069
6590 267 0.37745637 4.15462052
6600 267 0.44065960 4.51643035
6610 267 0.49889707 4.89462130
6620 267 0.53414220 5.33879220
6630 267 0.57037166 5.78313939
6640 267 0.60660113 6.22748658
6650 267 0.64184626 6.67165747
6660 267 0.68689068 7.13485397
6450 265 0.00047013 -1.38663650
6460 265 -0.12721449 -1.06511101
6470 265 -0.29721090 -0.71154317
6480 265 -0.46801534 -0.35913596
6490 265 -0.63801175 -0.00556811
6500 265 -0.68539214 0.37808811
6510 265 -0.70261068 0.76917828
6520 265 -0.71982923 1.16026845
6530 265 -0.70650395 1.56800420
6540 265 -0.67275737 1.98650888
6550 265 -0.63918708 2.40599790
6560 265 -0.62083728 2.81971312
6570 265 -0.60937784 3.23219425
6580 265 -0.59791840 3.64467537
6590 265 -0.58645896 4.05715650
6600 265 -0.53195315 4.44483822
6610 265 -0.47663931 4.83368058
6620 265 -0.42213350 5.22136230
6630 265 -0.36770116 5.61512634
6640 265 -0.32082029 6.06239716
