5580 212 0.00000000 0.00000000
5590 212 -0.00000000 0.52072642
5600 212 0.00099092 1.04131840
5610 212 0.02905556 1.55319180
5620 212 0.11978267 2.04344540
5630 212 0.20951885 2.53383343
5640 212 0.33193630 2.98244904
5650 212 0.52517405 3.33567867
5660 212 0.71940272 3.68877388
5670 212 0.86425422 4.06471409
5680 212 0.95986296 4.46449024
5690 212 1.05547171 4.86426639
5700 212 1.15108046 5.26404253
5710 212 1.14237723 5.73549163
5720 212 1.13254865 6.20608424
5730 212 1.12384543 6.67753334
5740 212 1.13364712 7.09197745
5750 212 1.15139156 7.48314255
5760 212 1.16913600 7.87430765
5770 212 1.21427295 8.25166512
5500 207 -0.22923746 0.05834542
5510 207 -0.15315144 0.61920807
5520 207 -0.07706542 1.18007073
5530 207 -0.03715579 1.75694179
5540 207 -0.05045260 2.35818649
5550 207 -0.06275848 2.95929677
5560 207 -0.01945743 3.51653372
5570 207 0.06237056 4.04533347
5580 207 0.13907495 4.55868173
5590 207 0.19231212 5.01062731
5600 207 0.24554929 5.46257289
5610 207 0.30523514 5.90254289
5620 207 0.42376571 6.24067822
5630 207 0.54229628 6.57881355
5640 207 0.66082686 6.91694888
5650 207 0.78552189 7.26333039
5660 207 0.91021693 7.60971190
5670 207 1.03491197 7.95609340
5680 207 1.03149367 8.34003782
5690 207 1.02721887 8.72510759
5580 213 -0.31645408 0.09237864
5590 213 -0.29949316 0.57447441
5600 213 -0.28154132 1.05643575
5610 213 -0.20616584 1.53767118
5620 213 -0.12358505 2.01994746
5630 213 -0.03136388 2.49889762
5640 213 0.14590771 2.95016338
5650 213 0.32232281 3.40255448
5660 213 0.47582760 3.83484290
5670 213 0.61258655 4.25527481
5680 213 0.75033643 4.67557229
5690 213 0.81200413 5.11527343
5700 213 0.82394130 5.56777592
5710 213 0.83488755 6.02041284
5720 213 0.84490816 6.44390970
5730 213 0.85345008 6.85650640
5740 213 0.86284849 7.26797774
5750 213 0.87936772 7.67242813
5760 213 0.96123412 8.01553728
5770 213 1.04409145 8.35851201
