9620 365 0.00000000 0.00000000
9630 365 -0.00000000 0.43657073
9640 365 -0.00000000 0.87314145
9650 365 -0.00000000 1.30971218
9660 365 -0.00000000 1.74628291
9670 365 -0.11916969 2.08540322
9680 365 -0.29100210 2.38291057
9690 365 -0.45619641 2.73216669
9700 365 -0.61197415 3.15950180
9710 365 -0.76766714 3.58584051
9720 365 -0.85316531 4.04825814
9730 365 -0.93974464 4.51158742
9740 365 -1.02524281 4.97400504
9750 365 -1.06111329 5.40752472
9760 365 -1.09265915 5.83739779
9770 365 -1.12320861 6.26735562
9780 365 -1.15375807 6.69731344
9790 365 -1.14610524 7.12650621
9800 365 -1.12142883 7.55614335
9810 365 -1.09675242 7.98578050
9630 366 -0.02629127 -0.06847459
9640 366 -0.00676637 0.36273160
9650 366 0.01275853 0.79393779
9660 366 0.03128703 1.22505923
9670 366 -0.01652424 1.55118050
9680 366 -0.06533191 1.87721702
9690 366 -0.15465535 2.14862322
9700 366 -0.25915618 2.45687567
9710 366 -0.35351660 2.90549256
9720 366 -0.42129256 3.34834177
9730 366 -0.48906852 3.79119097
9740 366 -0.55692923 4.23503658
9750 366 -0.61997514 4.72846865
9760 366 -0.68153676 5.22804865
9770 366 -0.74409478 5.72754389
9780 366 -0.79450586 6.21402176
9790 366 -0.81646793 6.67281111
9800 366 -0.83834526 7.13060406
9810 366 -0.81585177 7.57410608
9820 366 -0.74790631 8.00240552
