1230 33 0.00000000 0.00000000
1240 33 -0.00000000 0.63875269
1250 33 0.00099882 1.27755391
1260 33 0.00194911 1.91735396
1270 33 -0.01062696 2.52646137
1280 33 -0.02425039 3.13651908
1290 33 -0.04077321 3.74443354
1300 33 -0.09152682 4.33566706
1310 33 -0.14228042 4.92690058
1320 33 -0.19203520 5.51818262
1330 33 -0.31550865 6.10187801
1340 33 -0.45686383 6.68270218
1350 33 -0.50257792 7.12900950
1360 33 -0.53011910 7.57219511
1370 33 -0.50272978 8.12117127
1380 33 -0.47434164 8.67019596
1390 33 -0.44600204 9.22021948
1400 33 -0.47595416 9.79544367
1410 33 -0.54483215 10.38880007
1420 33 -0.60121077 10.99277561
1220 30 -0.32300764 -0.00768529
1230 30 -0.46461331 0.53708423
1240 30 -0.60626750 1.08285258
1250 30 -0.74887199 1.62757357
1260 30 -0.75727117 2.29495237
1270 30 -0.76562182 2.96133234
1280 30 -0.77402101 3.62871113
1290 30 -0.84414048 4.22701311
1300 30 -0.91425995 4.82531509
1310 30 -0.98442795 5.42461590
1320 30 -1.01961684 6.00459153
1330 30 -1.01987516 6.56624083
1340 30 -1.02113229 7.12784160
1350 30 -1.02143914 7.69048972
1360 30 -1.05816071 8.28140386
1370 30 -1.09902316 8.87512034
1380 30 -1.13893532 9.46988418
1390 30 -1.17979777 10.06360066
1400 30 -1.19649437 10.65448662
1410 30 -1.20819687 11.24561525
