1350 35 0.00000000 0.00000000
1360 35 0.00000000 0.56231842
1370 35 -0.00088562 1.12573941
1380 35 -0.00088562 1.68805782
1390 35 -0.00290938 2.26870393
1400 35 -0.00516789 2.85641721
1410 35 -0.00731792 3.44512459
1420 35 0.00047304 4.03274717
1430 35 0.10358900 4.60896163
1440 35 0.20581933 5.18627867
1450 35 0.30893529 5.76249312
1460 35 0.40966469 6.31683741
1470 35 0.50889317 6.84820894
1480 35 0.60812165 7.37958048
1490 35 0.70735012 7.91095202
1500 35 0.82880978 8.42480856
1510 35 0.98455605 8.91178710
1520 35 1.14129643 9.39865716
1530 35 1.29704271 9.88563570
1540 35 1.45541028 10.38741724
1170 24 0.40691714 0.12459311
1180 24 0.46804798 0.76775718
1190 24 0.53028141 1.41180687
1200 24 0.58738251 2.08257096
1210 24 0.64256832 2.77265684
1220 24 0.69665156 3.46185710
1230 24 0.73781151 4.15246760
1240 24 0.65394977 4.84967934
1250 24 0.57008803 5.54689108
1260 24 0.48523220 6.24421130
1270 24 0.40451458 6.91492559
1280 24 0.32683262 7.55814835
1290 24 0.24815655 8.20147958
1300 24 0.19189306 8.84739476
1310 24 0.32366004 9.51101699
1320 24 0.47122412 10.17190945
1330 24 0.74680997 10.81681986
1340 24 1.02349840 11.46261589
1350 24 1.32554613 12.12878116
1360 24 1.62770234 12.79594053
1190 25 -0.66427844 -0.04017653
1200 25 -0.70914270 0.42443213
1210 25 -0.75500106 0.88914926
1220 25 -0.79986532 1.35375791
1230 25 -0.84928394 1.83194072
1240 25 -0.90215434 2.32458331
1250 25 -0.95513322 2.81623180
1260 25 -0.99654570 3.26638067
1270 25 -1.03616916 3.70526901
1280 25 -1.07469004 4.14504298
1290 25 -1.09475696 4.57877944
1300 25 -1.04288777 4.98957695
1310 25 -0.98991601 5.40126007
1320 25 -0.93804682 5.81205757
1330 25 -0.87647138 6.22883744
1340 25 -0.81489595 6.64561732
1350 25 -0.75332052 7.06239720
1360 25 -0.66839533 7.39816604
1370 25 -0.58435575 7.73503745
1380 25 -0.49932208 8.07180039
1220 31 0.38277957 -0.12425700
1230 31 0.44157544 0.41454449
1240 31 0.50037131 0.95334598
1250 31 0.55916718 1.49214747
1260 31 0.60401010 2.05057841
1270 31 0.63911121 2.62113770
1280 31 0.67332669 3.19279958
1290 31 0.70311409 3.76997435
1300 31 0.68981380 4.41321311
1310 31 0.67541092 5.05556625
1320 31 0.66100805 5.69791939
1330 31 0.64045920 6.32082447
1340 31 0.60969727 6.91466595
1350 31 0.57992943 7.50839895
1360 31 0.55016160 8.10213195
1370 31 0.57899224 8.71663077
1380 31 0.64744278 9.34390704
1390 31 0.71589333 9.97118332
1400 31 0.80545468 10.58911435
1410 31 0.91491580 11.19582043
1230 32 -0.37507575 0.25016431
1240 32 -0.28085333 0.80018898
1250 32 -0.18673939 1.34921955
1260 32 -0.14704836 1.88809395
1270 32 -0.13197505 2.42261317
1280 32 -0.11590764 2.95702391
1290 32 -0.10083433 3.49154313
1300 32 -0.08503723 4.05113178
1310 32 -0.06887557 4.70624459
1320 32 -0.05271391 5.36135741
1330 32 -0.03666072 6.01547612
1340 32 -0.03682078 6.65929285
1350 32 -0.07403457 7.27697491
1360 32 -0.11124836 7.89465698
1370 32 -0.14846215 8.51233904
1380 32 -0.14338140 9.13043546
1390 32 -0.07569021 9.75075305
1400 32 -0.00799903 10.37107063
1410 32 0.09161002 10.93358466
1420 32 0.21316037 11.45749068
1350 34 -0.64532654 0.26255409
1360 34 -0.66179230 0.83069305
1370 34 -0.67616139 1.39960915
1380 34 -0.68346330 1.96875999
1390 34 -0.67740801 2.54047700
1400 34 -0.67046711 3.11109143
1410 34 -0.65224789 3.67443951
1420 34 -0.61622560 4.22578549
1430 34 -0.58009482 4.77812557
1440 34 -0.54407253 5.32947156
1450 34 -0.47323899 5.86796539
1460 34 -0.35223104 6.38690091
1470 34 -0.23022899 6.90572796
1480 34 -0.10922104 7.42466348
1490 34 0.04177171 7.91417261
1500 34 0.20438598 8.39034233
1510 34 0.36700025 8.86651204
1520 34 0.52961452 9.34268176
1530 34 0.77081772 9.83844180
1540 34 1.03067405 10.33920790
1420 36 -1.05363258 0.22663494
1430 36 -1.12533928 0.63884623
1440 36 -1.19693750 1.05205162
1450 36 -1.26853573 1.46525701
1460 36 -1.22568456 1.91325230
1470 36 -1.18393597 2.36036197
1480 36 -1.14119329 2.80736315
1490 36 -1.09548609 3.26309427
1500 36 -1.04384986 3.73628525
1510 36 -0.99232212 4.20848213
1520 36 -0.94068589 4.68167310
1530 36 -0.88904967 5.15486408
1540 36 -0.80645234 5.60757556
1550 36 -0.70981136 6.05070705
1560 36 -0.61416449 6.49394703
1570 36 -0.52083302 6.87909536
1580 36 -0.43864293 7.03308818
1590 36 -0.35755543 7.18619539
1600 36 -0.25848166 7.40272573
1610 36 -0.14700746 7.65914628
