5830 255 0.00000000 0.00000000
5840 255 0.00000000 0.71094374
5850 255 0.00020395 1.42090850
5860 255 -0.03601832 2.17333653
5870 255 -0.07717629 2.92984365
5880 255 -0.09577692 3.68594286
5890 255 -0.07966453 4.44212365
5900 255 -0.06453113 5.19810049
5910 255 -0.06612197 5.98532312
5920 255 -0.06791677 6.77352473
5930 255 -0.20077257 7.54361521
5940 255 -0.42218531 8.30240661
5950 255 -0.64339409 9.06021904
5960 255 -0.91550986 9.80742584
5970 255 -1.23930763 10.54284409
5980 255 -1.56290145 11.27728336
5990 255 -1.80271086 12.03122066
6000 255 -1.95714502 12.80192299
6010 255 -2.11178314 13.57360431
6020 255 -2.26740023 14.34508167
5900 257 0.14354300 0.29650869
5910 257 0.09316630 0.93056168
5920 257 0.02749303 1.56449229
5930 257 -0.16365289 2.19271219
5940 257 -0.35577780 2.82072813
5950 257 -0.58212623 3.43650681
5960 257 -0.88671152 4.02577144
5970 257 -1.19227578 4.61483212
5980 257 -1.52247772 5.19467406
5990 257 -1.87556332 5.76668416
6000 257 -2.22942395 6.33751133
6010 257 -2.44263773 6.92946816
6020 257 -2.64096285 7.52350532
6030 257 -2.82631647 8.13863135
6040 257 -3.00530673 8.76734073
6050 257 -3.18331800 9.39625407
6060 257 -3.33114404 10.02737011
6070 257 -3.44780587 10.66089282
6080 257 -3.56544669 11.29421157
6090 257 -3.66603693 11.92903958
