8500 328 0.00000000 0.00000000
8510 328 0.00000000 0.43487125
8520 328 -0.00017706 0.87072669
8530 328 0.01135279 1.25280530
8540 328 0.03718802 1.58360666
8550 328 0.06123192 1.91306969
8560 328 0.08474462 2.24548533
8570 328 0.10843439 2.57691676
8580 328 0.13212416 2.90834819
8590 328 0.02589502 3.16560365
8600 328 -0.08131832 3.42268204
8610 328 -0.10392041 3.58220052
8620 328 -0.07109921 3.67650199
8630 328 -0.03729380 3.77098053
8640 328 -0.02575475 3.81979498
8650 328 -0.02301601 3.84975327
8660 328 -0.01929307 3.87988863
8670 328 -0.01655433 3.90984692
8680 328 -0.01381558 3.93980521
8690 328 -0.01107684 3.96976351
8510 326 0.14650313 -1.54852731
8520 326 0.10218887 -1.18360780
8530 326 0.05706747 -0.81984956
8540 326 0.00846227 -0.45366991
8550 326 -0.07330905 -0.07821625
8560 326 -0.15490332 0.29625320
8570 326 -0.23667465 0.67170686
8580 326 -0.29407555 1.06983390
8590 326 -0.33992130 1.47715216
8600 326 -0.38675126 1.88429336
8610 326 -0.43590373 2.29304883
8620 326 -0.51151002 2.71330195
8630 326 -0.58711631 3.13355508
8640 326 -0.66254553 3.55282401
8650 326 -0.66914289 3.95094644
8660 326 -0.57338811 4.31667998
8670 326 -0.47763333 4.68241352
8680 326 -0.27197475 4.93989663
8690 326 -0.01819389 5.15015427
8700 326 0.23442571 5.36121904
