6970 277 0.00000000 0.00000000
6980 277 0.00000000 0.21452506
6990 277 0.03412655 0.42843480
7000 277 0.06832302 0.64134699
7010 277 0.07634073 0.88450274
7020 277 0.06493414 1.14734849
7030 277 0.05445518 1.41126172
7040 277 0.04453559 1.66719452
7050 277 0.03823796 1.91435912
7060 277 0.03143223 2.15447094
7070 277 0.03037874 2.32681910
7080 277 0.02932525 2.49916727
7090 277 -0.03687681 2.54264471
7100 277 -0.11008038 2.57159703
7110 277 -0.18328395 2.60054936
7120 277 -0.24294132 2.63646591
7130 277 -0.24741632 2.70030927
7140 277 -0.25182140 2.76315508
7150 277 -0.25197523 2.80825470
7160 277 -0.23911426 2.78208993
6950 272 -0.27153471 -0.75984597
6960 272 -0.29349485 -0.50375467
6970 272 -0.31937528 -0.24894062
6980 272 -0.34817844 0.00466612
6990 272 -0.38881239 0.25543869
7000 272 -0.43037397 0.50514379
7010 272 -0.47008029 0.75698383
7020 272 -0.48846975 1.01934013
7030 272 -0.50685921 1.28169643
7040 272 -0.51088205 1.52501067
7050 272 -0.48368709 1.72339775
7060 272 -0.45649213 1.92178483
7070 272 -0.49830543 2.08927109
7080 272 -0.64306241 2.20944354
7090 272 -0.74426271 2.29457578
7100 272 -0.74233753 2.29571318
7110 272 -0.74048227 2.29784813
7120 272 -0.73862700 2.29998308
7130 272 -0.73677174 2.30211802
7140 272 -0.73491648 2.30425297
7150 273 -0.73306122 2.30638792
7160 273 -0.73120596 2.30852287
7170 273 -0.72835315 2.31072774
7180 273 -0.72642796 2.31186514
7190 273 -0.72457270 2.31400009
7200 273 -0.72271744 2.31613504
7210 273 -0.72086218 2.31826998
7220 273 -0.71900692 2.32040493
7230 273 -0.71708174 2.32154233
7240 273 -0.71522647 2.32367728
7250 273 -0.71337121 2.32581223
7260 273 -0.71151595 2.32794718
7270 273 -0.70966069 2.33008212
7280 273 -0.70680788 2.33228699
7290 273 -0.70495262 2.33442194
7300 273 -0.70302743 2.33555934
7310 273 -0.70117217 2.33769429
7320 273 -0.69931691 2.33982924
7330 273 -0.69746165 2.34196419
7340 273 -0.69560639 2.34409913
