4830 190 0.00000000 0.00000000
4840 190 -0.00000000 0.48010416
4850 190 0.00099978 0.96018748
4860 190 -0.03576307 1.40404950
4870 190 -0.08883489 1.83324804
4880 190 -0.14190671 2.26244657
4890 190 -0.18364765 2.65940210
4900 190 -0.21780690 3.03619534
4910 190 -0.25296594 3.41300941
4920 190 -0.06615231 3.64216802
4930 190 0.18414754 3.84599879
4940 190 0.46550316 4.10019363
4950 190 0.54935996 4.38050781
4960 190 0.59593319 4.69560610
4970 190 0.58114473 5.13801010
4980 190 0.55644176 5.58462152
4990 190 0.49305968 6.04704202
5000 190 0.42869864 6.51048312
5010 190 0.34861185 6.93924425
5020 190 0.25606944 7.34626010
4830 191 0.78493384 -0.25140378
4840 191 0.73019572 0.09781211
4850 191 0.67543677 0.44602822
4860 191 0.63100891 0.81003256
4870 191 0.61330442 1.20848777
4880 191 0.59457932 1.60596402
4890 191 0.63055068 2.03630814
4900 191 0.70195185 2.48691870
4910 191 0.77235324 2.93755008
4920 191 0.83156956 3.37941253
4930 191 0.88776570 3.82033769
4940 191 0.95981256 4.15791027
4950 191 1.02861013 4.48354795
4960 191 1.06451901 4.81487189
4970 191 1.10042788 5.14619583
4980 191 1.13631593 5.47651998
4990 191 1.08072383 5.88076560
5000 191 1.00351141 6.30346554
5010 191 0.92529922 6.72618632
5020 191 0.85702237 7.14569945
4860 194 -0.12420222 -0.10443567
4870 194 -0.21426601 0.37354394
4880 194 -0.30430897 0.85252334
4890 194 -0.26877501 1.26187202
4900 194 -0.21941072 1.66293083
4910 194 -0.17542027 2.04609768
4920 194 -0.13567889 2.41735046
4930 194 -0.09593752 2.78860323
4940 194 -0.04609416 3.11663622
4950 194 0.03449252 3.38401570
4960 194 0.21037102 3.52038194
4970 194 0.32834542 3.70996581
4980 194 0.35994273 3.97836590
4990 194 0.34265481 4.34880635
5000 194 0.29281146 4.78894001
5010 194 0.24123932 5.24211251
5020 194 0.18681363 5.75035639
5030 194 0.13238794 6.25860028
5040 194 0.01685051 6.66609519
5050 194 -0.09866609 7.07458988
4870 195 0.44909005 -0.00035409
4880 195 0.42986506 0.42113778
4890 195 0.41363941 0.84256717
4900 195 0.39941333 1.26395490
4910 195 0.40401650 1.67694862
4920 195 0.43436408 2.07740339
4930 195 0.53475896 2.43138908
4940 195 0.79397355 2.67904367
4950 195 0.83902627 3.01717863
4960 195 0.86289609 3.34675295
4970 195 0.93981690 3.63021228
4980 195 0.92800696 3.87951235
4990 195 0.87989241 4.11456551
5000 195 0.98541118 4.57046659
5010 195 1.06745587 5.05186213
5020 195 0.98851467 5.53561133
5030 195 0.90857368 6.01938135
5040 195 0.77347800 6.49629870
5050 195 0.62432286 6.97050830
5060 195 0.54311132 7.44130198
