7200 290 0.00000000 0.00000000
7210 290 -0.00000000 0.40672472
7220 290 -0.00035651 0.81438374
7230 290 -0.00093429 1.21981766
7240 290 0.00463458 1.61475308
7250 290 0.01020346 2.00968851
7260 290 0.01577234 2.40462393
7270 290 0.01057226 2.79973146
7280 290 -0.03254044 3.19321627
7290 290 -0.07658743 3.58634457
7300 290 -0.11970012 3.97982938
7310 290 -0.07314530 4.37113827
7320 290 0.10837797 4.75936153
7330 290 0.29047902 5.14887560
7340 290 0.58272828 5.43485526
7350 290 0.94968409 5.65408216
7360 290 1.31699641 5.87237477
7370 290 1.75194661 5.84889452
7380 290 2.18560601 5.82599205
7390 290 2.62780928 5.80313875
7170 288 0.03346244 0.00206528
7180 288 -0.05637720 0.40019697
7190 288 -0.14586032 0.79739436
7200 288 -0.22239858 1.20274223
7210 288 -0.26837562 1.62617358
7220 288 -0.31341837 2.04996144
7230 288 -0.35975192 2.47432709
7240 288 -0.32032722 2.88432184
7250 288 -0.28032473 3.29560739
7260 288 -0.24090004 3.70560213
7270 288 -0.11623341 4.06891912
7280 288 0.01724754 4.42596651
7290 288 0.15130627 4.78430469
7300 288 0.36166968 5.16426684
7310 288 0.58044173 5.54743755
7320 288 0.79921377 5.93060826
7330 288 1.10325234 6.22215680
7340 288 1.40729090 6.51370535
7350 288 1.71132946 6.80525389
7360 288 2.07964983 7.05175968
