7890 309 0.00000000 0.00000000
7900 309 -0.00000000 0.28172682
7910 309 -0.03035210 0.59785931
7920 309 -0.06034569 0.91305827
7930 309 -0.12960782 1.23567221
7940 309 -0.23555443 1.56455109
7950 309 -0.34150104 1.89342997
7960 309 -0.41940629 2.30270588
7970 309 -0.49824508 2.71162329
7980 309 -0.57615033 3.12089920
7990 309 -0.64982099 3.52751650
8000 309 -0.67554449 3.90969879
8010 309 -0.70090949 4.29094755
8020 309 -0.72663299 4.67312984
8030 309 -0.73311800 5.04984584
8040 309 -0.69538286 5.41462119
8050 309 -0.65800622 5.78033008
8060 309 -0.62120462 6.14474693
8070 309 -0.50400598 6.48112243
8080 309 -0.35299799 6.80477284
7720 303 1.26268064 0.29637576
7730 303 1.09883043 0.69514149
7740 303 0.96047654 1.11119702
7750 303 0.82118913 1.52689404
7760 303 0.68190171 1.94259107
7770 303 0.50367587 2.30905600
7780 303 0.30863941 2.65513949
7790 303 0.11396146 3.00028945
7800 303 -0.08107499 3.34637294
7810 303 -0.20381801 3.68272714
7820 303 -0.32620253 4.01814782
7830 303 -0.44894555 4.35450203
7840 303 -0.57168856 4.69085623
7850 303 -0.72903958 5.02248955
7860 303 -0.88732412 5.35376437
7870 303 -1.04431663 5.68446416
7880 303 -1.20260117 6.01573898
7890 303 -1.34841263 6.30895565
7900 303 -1.49157259 6.59247853
7910 303 -1.63437405 6.87506789
7880 307 -0.50974913 0.00241369
7890 307 -0.44950992 0.28906371
7900 307 -0.41245985 0.57752045
7910 307 -0.47355094 0.87327860
7920 307 -0.53370851 1.16939524
7930 307 -0.69027507 1.49061777
7940 307 -0.87110628 1.81644759
7950 307 -1.05136246 2.14356945
7960 307 -1.23412816 2.47722601
7970 307 -1.42762767 2.88067357
7980 307 -1.62170220 3.28282911
7990 307 -1.73749522 3.73218640
8000 307 -1.77500674 4.22874545
8010 307 -1.81251825 4.72530450
8020 307 -1.86145573 5.20140756
8030 307 -1.92332772 5.65540409
8040 307 -1.98519972 6.10940063
8050 307 -1.95742104 6.51962782
8060 307 -1.92870882 6.93021351
8070 307 -1.81725334 7.26759708
