7900 315 0.00000000 0.00000000
7910 315 -0.00000000 0.54472011
7920 315 0.00005140 1.09043890
7930 315 0.00010281 1.63615769
7940 315 0.10557348 2.14841342
7950 315 0.23759725 2.65129186
7960 315 0.36967242 3.15516898
7970 315 0.50274626 3.65899470
7980 315 0.63010708 4.14909593
7990 315 0.74793640 4.60964805
8000 315 0.86671300 5.06915008
8010 315 0.98449091 5.52870352
8020 315 1.10400917 5.98316077
8030 315 1.22421770 6.43157454
8040 315 1.34547630 6.88093559
8050 315 1.46668350 7.32929795
8060 315 1.57401201 7.78037732
8070 315 1.56511203 8.24945491
8080 315 1.55616064 8.71753383
8090 315 1.54726066 9.18661142
7720 311 -0.34291372 -0.30077098
7730 311 -0.37799963 0.22372591
7740 311 -0.41308554 0.74822279
7750 311 -0.44812004 1.27371835
7760 311 -0.52217642 1.81924621
7770 311 -0.59907463 2.36792432
7780 311 -0.67797019 2.91670523
7790 311 -0.74567469 3.46891543
7800 311 -0.79184152 4.03103163
7810 311 -0.83800835 4.59314783
7820 311 -0.89326608 5.15372930
7830 311 -1.04406646 5.70621120
7840 311 -1.19486684 6.25869309
7850 311 -1.30220270 6.85800271
7860 311 -1.38953562 7.47630923
7870 311 -1.43999824 8.07169022
7880 311 -1.40420004 8.61156381
7890 311 -1.36845324 9.15043872
7900 311 -1.28197947 9.68269738
7910 311 -1.07617837 10.19880096
7990 316 -0.11163164 0.08785429
8000 316 -0.00898076 0.72041401
8010 316 0.09372153 1.35397241
8020 316 0.19742249 1.98747940
8030 316 0.29901595 2.58004059
8040 316 0.40135107 3.16755700
8050 316 0.50468487 3.75502199
8060 316 0.60702000 4.34253840
8070 316 0.78609178 4.88404952
8080 316 1.01570694 5.39592341
8090 316 1.24527071 5.90679861
8100 316 1.45354648 6.37370996
8110 316 1.65856920 6.83578212
8120 316 1.86354052 7.29685561
8130 316 2.07623691 7.71347323
8140 316 2.28893330 8.13009086
8150 316 2.50063100 8.54675989
8160 316 2.68078224 8.97306322
8170 316 2.82639096 9.40915507
8180 316 2.97294696 9.84419684
