4900 193 0.00000000 0.00000000
4910 193 -0.00000000 0.62753884
4920 193 -0.02818630 1.26750879
4930 193 -0.16658411 1.95289266
4940 193 -0.30452776 2.63158371
4950 193 -0.42636723 3.25130312
4960 193 -0.54871344 3.87188463
4970 193 -0.66811163 4.51507828
4980 193 -0.78603581 5.16957800
4990 193 -0.90345324 5.82321563
5000 193 -0.96579360 6.36539242
5010 193 -1.02813397 6.90756922
5020 193 -1.12510326 7.45143038
5030 193 -1.30400534 8.00048962
5040 193 -1.48290741 8.54954885
5050 193 -1.71433850 9.09325066
5060 193 -1.95864848 9.63518205
5070 193 -2.19910849 10.16661688
5080 193 -2.42518215 10.65778967
5090 193 -2.65298000 11.14794897
4780 185 1.10191585 0.34147687
4790 185 0.79026343 0.85194408
4800 185 0.47997985 1.36205593
4810 185 0.13450801 1.86888352
4820 185 -0.26111053 2.36827412
4830 185 -0.65586697 2.86817146
4840 185 -1.05614498 3.38338259
4850 185 -1.46513640 3.92131105
4860 185 -1.87362107 4.45837740
4870 185 -2.27364890 4.96329595
4880 185 -2.67089283 5.45361142
4890 185 -3.06813677 5.94392688
4900 185 -3.37031249 6.44024516
4910 185 -3.66270236 6.93767572
4920 185 -3.93769888 7.44301018
4930 185 -4.14276666 7.98132905
4940 185 -4.32334672 8.51548244
4950 185 -4.39776283 9.03084177
4960 185 -4.49358638 9.51157855
4970 185 -4.61031063 9.95683067
4790 186 1.52815560 1.08848402
4800 186 1.22891357 1.71992222
4810 186 0.91318650 2.33007090
4820 186 0.53273674 2.85693709
4830 186 0.15142489 3.38329654
4840 186 -0.25341380 3.90626656
4850 186 -0.68091721 4.42635389
4860 186 -1.10842063 4.94644122
4870 186 -1.49098181 5.37230968
4880 186 -1.87526718 5.79716465
4890 186 -2.26309975 6.22805431
4900 186 -2.66111973 6.67035522
4910 186 -3.05913972 7.11265613
4920 186 -3.38715129 7.52071055
4930 186 -3.68510097 7.91511641
4940 186 -3.89254311 8.32328398
4950 186 -4.03954596 8.73913871
4960 186 -4.02306571 9.21629005
4970 186 -3.98954746 9.69997645
4980 186 -4.14619275 10.24471882
4890 192 -0.68222709 -0.56804771
4900 192 -0.65709558 0.16474040
4910 192 -0.67324597 0.86514326
4920 192 -0.73154037 1.53265413
4930 192 -0.79652759 2.19971085
4940 192 -0.92712667 2.85603994
4950 192 -1.05721902 3.51150693
4960 192 -1.15354453 4.16478283
4970 192 -1.21818276 4.81348530
4980 192 -1.28246563 5.46355662
4990 192 -1.33297406 6.06256655
5000 192 -1.37998788 6.64971108
5010 192 -1.43425385 7.23143284
5020 192 -1.54674091 7.76617265
5030 192 -1.65836587 8.30141919
5040 192 -1.82565273 8.86426563
5050 192 -2.04687728 9.45572543
5060 192 -2.28590949 10.01235870
5070 192 -2.56461734 10.48651262
5080 192 -2.84332519 10.96066653
