4450 170 0.00000000 0.00000000
4460 170 -0.00000000 0.54034156
4470 170 -0.00408630 1.08123277
4480 170 -0.03324564 1.63039097
4490 170 -0.06339879 2.17943814
4500 170 -0.12402155 2.71300620
4510 170 -0.19115687 3.24182172
4520 170 -0.25939704 3.77152001
4530 170 -0.37454643 4.26176548
4540 170 -0.48870200 4.75212198
4550 170 -0.60385139 5.24236745
4560 170 -0.74225274 5.65253579
4570 170 -0.88859351 6.04370504
4580 170 -1.00268245 6.42539694
4590 170 -0.99085660 6.76984019
4600 170 -0.98002456 7.11417239
4610 170 -0.98068526 7.47130761
4620 170 -1.01062743 7.85636406
4630 170 -1.07890646 8.26933618
4640 170 -1.18463959 8.71132883
4380 169 0.51934373 0.02582811
4390 169 0.46617181 0.65481360
4400 169 0.41200607 1.28368805
4410 169 0.35839553 1.90759342
4420 169 0.30680594 2.47738857
4430 169 0.25621017 3.04729476
4440 169 0.20462057 3.61708991
4450 169 0.11725361 4.18288759
4460 169 -0.11498838 4.73048567
4470 169 -0.34623656 5.27819479
4480 169 -0.57870063 5.82778050
4490 169 -0.81813252 6.39469969
4500 169 -1.01439727 6.98052915
4510 169 -1.18096413 7.57973903
4520 169 -1.32135866 8.17885452
4530 169 -1.35540935 8.78079601
4540 169 -1.38957107 9.38373131
4550 169 -1.38464086 9.98801575
4560 169 -1.28673057 10.59765792
4570 169 -1.18981409 11.20718905
4460 175 0.75220200 0.09410714
4470 175 0.76291744 0.62860240
4480 175 0.77462670 1.16320870
4490 175 0.78898429 1.70112956
4500 175 0.80753367 2.24656235
4510 175 0.82707686 2.79210617
4520 175 0.84011306 3.32384206
4530 175 0.83870284 3.82277093
4540 175 0.83640985 4.32059493
4550 175 0.83709830 4.81875206
4560 175 0.84353312 5.31050769
4570 175 0.85085071 5.80336817
4580 175 0.85441512 6.29379685
4590 175 0.82530576 6.76145660
4600 175 0.79608535 7.23011017
4610 175 0.76697599 7.69776993
4620 175 0.71001202 8.20759745
4630 175 0.65315909 8.71643116
4640 175 0.59630616 9.22526487
4650 175 0.46177459 9.62781581
4470 180 0.27948988 0.02015947
4480 180 0.29107700 0.57387035
4490 180 0.30266412 1.12758123
4500 180 0.30959307 1.71397699
4510 180 0.31397363 2.31417514
4520 180 0.31923697 2.91547814
4530 180 0.30597869 3.46641299
4540 180 0.28588584 3.99746598
4550 180 0.26491022 4.52741412
4560 180 0.25831439 5.01872002
4570 180 0.26067956 5.48385915
4580 180 0.26315577 5.94800446
4590 180 0.26708662 6.38111940
4600 180 0.27346592 6.78331500
4610 180 0.28095007 7.18462783
4620 180 0.34201145 7.55670915
4630 180 0.42759621 7.91643717
4640 180 0.53360138 8.29152770
4650 180 0.67216929 8.69038097
4660 180 0.78531994 9.11859345
4500 182 0.29934955 -0.13056741
4510 182 0.22745613 0.41381603
4520 182 0.15655653 0.95831052
4530 182 0.03495012 1.53336346
4540 182 -0.13758520 2.14096247
4550 182 -0.30073200 2.74558560
4560 182 -0.42467028 3.34150866
4570 182 -0.54860855 3.93743173
4580 182 -0.62957401 4.50897578
4590 182 -0.69220106 5.06948791
4600 182 -0.77172298 5.62811235
4610 182 -0.91981820 6.17907497
4620 182 -1.06791342 6.73003759
4630 182 -1.15862826 7.17270204
4640 182 -1.22513064 7.56977311
4650 182 -1.26029173 8.00153890
4660 182 -1.26400050 8.46700559
4670 182 -1.26395053 8.92584870
4680 182 -1.26025287 9.37906204
4690 182 -1.26916945 9.87312731
