7160 287 0.00000000 0.00000000
7170 287 0.00000000 0.56402571
7180 287 0.00006028 1.12904960
7190 287 -0.02331277 1.65441395
7200 287 -0.06128976 2.15361105
7210 287 -0.09920647 2.65380634
7220 287 -0.11946441 3.18098621
7230 287 -0.13518710 3.71690859
7240 287 -0.14997189 4.25177250
7250 287 -0.19315432 4.76430765
7260 287 -0.24162906 5.27215330
7270 287 -0.29110198 5.78005922
7280 287 -0.25349908 6.31977398
7290 287 -0.12876009 6.89229576
7300 287 -0.00032977 7.45958550
7310 287 0.17036635 7.98024262
7320 287 0.34000401 8.49996184
7330 287 0.51070013 9.02061896
7340 287 0.65382835 9.59904295
7350 287 0.79801504 10.17840484
7000 284 -0.10699158 -0.11275550
7010 284 -0.02063736 0.32182930
7020 284 0.06565658 0.75541592
7030 284 0.06767422 1.22013942
7040 284 0.03547888 1.69895093
7050 284 0.00222508 2.17682453
7060 284 -0.09548856 2.66560367
7070 284 -0.23781895 3.16208636
7080 284 -0.37921144 3.65751059
7090 284 -0.45224534 4.15682116
7100 284 -0.42192403 4.65890643
7110 284 -0.37762818 5.16014777
7120 284 -0.20674412 5.65073888
7130 284 -0.03486189 6.14126971
7140 284 0.13696007 6.63080236
7150 284 0.26255718 7.15117758
7160 284 0.38328395 7.67385056
7170 284 0.50301253 8.19658382
7180 284 0.58895010 8.74039237
7190 284 0.62379249 9.31734125
7140 286 1.25218938 -0.15075731
7150 286 1.19202545 0.27965215
7160 286 1.13192181 0.71105979
7170 286 1.07181816 1.14246743
7180 286 0.88946832 1.50712279
7190 286 0.69359959 1.86357817
7200 286 0.56443349 2.32921120
7210 286 0.46411360 2.84118964
7220 286 0.38813834 3.37473979
7230 286 0.32374588 3.91760866
7240 286 0.25935343 4.46047753
7250 286 0.19967707 5.01508346
7260 286 0.14093861 5.56863092
7270 286 0.08226043 6.12317656
7280 286 0.18088005 6.62815000
7290 286 0.29716553 7.12704747
7300 286 0.47578682 7.64622416
7310 286 0.74735246 8.19485163
7320 286 1.01991628 8.74341883
7330 286 1.25790543 9.30008494
7350 292 0.74144138 -0.06481265
7360 292 0.69390986 0.55818555
7370 292 0.64737652 1.18112347
7380 292 0.60084318 1.80406138
7390 292 0.55298366 2.40503931
7400 292 0.50512414 3.00601723
7410 292 0.45732490 3.60799334
7420 292 0.41018875 4.22094944
7430 292 0.36474047 4.86185462
7440 292 0.31935246 5.50375799
7450 292 0.27396446 6.14566135
7460 292 0.41152557 6.73143430
7470 292 0.56874890 7.31101072
7480 292 0.72597223 7.89058713
7490 292 0.88425402 8.47110145
7500 292 1.04071320 9.08779143
7510 292 1.19717238 9.70448140
7520 292 1.35462974 10.32111110
7530 292 1.46607679 10.95554672
7540 292 1.54718302 11.60183286
