5590 204 0.00000000 0.00000000
5600 204 0.00000000 0.36677105
5610 204 -0.00000000 0.73354209
5620 204 0.03278339 1.12854874
5630 204 0.06916849 1.52702348
5640 204 0.10654603 1.92562092
5650 204 0.14293113 2.32409567
5660 204 0.12705201 2.68890364
5670 204 0.08981898 3.03898035
5680 204 0.05147080 3.38992681
5690 204 0.01423777 3.74000351
5700 204 -0.02772302 4.07941962
5710 204 -0.07653003 4.40085993
5720 204 -0.12533705 4.72230025
5730 204 -0.17327431 5.04485570
5740 204 -0.22208133 5.36629601
5750 204 -0.27088834 5.68773633
5760 204 -0.32648706 6.03151210
5770 204 -0.38344630 6.37814251
5780 204 -0.44040554 6.72477293
5570 202 0.47610628 0.04475271
5580 202 0.48100307 0.36376372
5590 202 0.49175365 0.70062782
5600 202 0.51233870 1.06389805
5610 202 0.53280105 1.42816072
5620 202 0.55326341 1.79242339
5630 202 0.57372577 2.15668606
5640 202 0.55909539 2.52769408
5650 202 0.54533476 2.89981724
5660 202 0.53070438 3.27082526
5670 202 0.51595131 3.64282572
5680 202 0.48829645 4.01323119
5690 202 0.44265490 4.38242064
5700 202 0.39713604 4.75061764
5710 202 0.35149449 5.11980709
5720 202 0.30585293 5.48899654
5730 202 0.21789343 5.84187063
5740 202 0.11169093 6.18745134
5750 202 0.00536575 6.53402450
5760 202 -0.10182919 6.87948253
5610 206 0.74794617 0.47032066
5620 206 0.74072096 0.81403100
5630 206 0.73349574 1.15774133
5640 206 0.72627053 1.50145167
5650 206 0.71904531 1.84516201
5660 206 0.70699147 2.19532869
5670 206 0.69357710 2.54835002
5680 206 0.68004005 2.90236378
5690 206 0.66662569 3.25538511
5700 206 0.62684883 3.65048991
5710 206 0.56874991 4.07154277
5720 206 0.51152075 4.49371077
5730 206 0.45441428 4.91488633
5740 206 0.39395149 5.33060890
5750 206 0.31319539 5.69041920
5760 206 0.23144684 6.05010681
5770 206 0.14969829 6.40979441
5780 206 0.08058433 6.75693741
5790 206 0.05878599 7.05551878
5800 206 0.03798010 7.35422284
