7400 291 0.00000000 0.00000000
7410 291 0.00000000 0.45905337
7420 291 -0.16005111 0.88997059
7430 291 -0.39067788 1.30765622
7440 291 -0.62078620 1.72665761
7450 291 -0.86823891 2.14793324
7460 291 -1.11660872 2.56881022
7470 291 -1.36537718 2.99060431
7480 291 -1.57638532 3.42336009
7490 291 -1.73444102 3.87477165
7500 291 -1.89249671 4.32618321
7510 291 -2.05015376 4.77667767
7520 291 -2.16761940 5.22501551
7530 291 -2.28416794 5.67375200
7540 291 -2.40071648 6.12248850
7550 291 -2.51778348 6.56990924
7560 291 -2.64973545 6.87347089
7570 291 -2.78168743 7.17703254
7580 291 -2.86942233 7.46165086
7590 291 -2.78475461 7.67073548
7370 289 -1.47510734 -0.69026614
7380 289 -1.72691030 -0.31667777
7390 289 -1.79589356 0.10039573
7400 289 -1.84494015 0.52177375
7410 289 -1.89306963 0.94355041
7420 289 -1.89582094 1.40140785
7430 289 -1.89765515 1.85966393
7440 289 -1.89948936 2.31792001
7450 289 -1.95997906 2.74304704
7460 289 -2.04455310 3.15334356
7470 289 -2.13004425 3.56324143
7480 289 -2.21461829 3.97353795
7490 289 -2.35445389 4.40560971
7500 289 -2.50796545 4.84155030
7510 289 -2.66187565 5.27840800
7520 289 -2.80542105 5.69142097
7530 289 -2.90958106 6.00379206
7540 289 -3.01322260 6.31747889
7550 289 -3.11686414 6.63116573
7560 289 -3.17828837 6.85525514
