7490 299 0.00000000 0.00000000
7500 299 -0.00000000 0.37282301
7510 299 0.00019044 0.74662773
7520 299 -0.03320074 1.09435036
7530 299 -0.07498732 1.43555247
7540 299 -0.11208536 1.77991963
7550 299 -0.10657604 2.14963661
7560 299 -0.10125716 2.51837189
7570 299 -0.13184540 2.75451879
7580 299 -0.16646236 2.97514895
7590 299 -0.12627976 3.18228745
7600 299 -0.06587576 3.35188803
7610 299 -0.04948192 3.39963991
7620 299 -0.03327852 3.44641009
7630 299 -0.01688469 3.49416197
7640 299 0.01392081 3.69497039
7650 299 0.04822664 3.93482683
7660 299 0.15677412 4.18982182
7670 299 0.28530696 4.44807036
7680 299 0.42138493 4.72420943
7430 294 -0.09805189 -0.37417486
7440 294 -0.20289252 0.11983166
7450 294 -0.30890529 0.61304692
7460 294 -0.41374592 1.10705344
7470 294 -0.45345645 1.56397802
7480 294 -0.47467563 2.01120363
7490 294 -0.49668608 2.45960138
7500 294 -0.41704239 2.96467749
7510 294 -0.32488606 3.47649407
7520 294 -0.23390187 3.98751939
7530 294 0.03798049 4.41761355
7540 294 0.38674383 4.81343944
7550 294 0.70818053 5.22067824
7560 294 0.91812733 5.67806685
7570 294 1.12886540 6.13428333
7580 294 1.31740526 6.59684329
7590 294 1.47275779 7.06685987
7600 294 1.62909203 7.53668602
7610 294 1.75588677 8.02752214
7620 294 1.83699496 8.55064971
7520 302 -0.17781359 -0.11320921
7530 302 -0.31689299 0.29881739
7540 302 -0.44776742 0.71638281
7550 302 -0.50708243 1.17201724
7560 302 -0.56639744 1.62765167
7570 302 -0.60417408 2.08929430
7580 302 -0.59184115 2.56770093
7590 302 -0.58785802 2.99781386
7600 302 -0.61182382 3.24184386
7610 302 -0.57156879 3.47035980
7620 302 -0.46709295 3.68336167
7630 302 -0.35951107 3.90187286
7640 302 -0.23931463 4.14340301
7650 302 -0.12029032 4.38414190
7660 302 0.00624961 4.64787026
7670 302 0.15759220 4.99744632
7680 302 0.30814353 5.34819451
7690 302 0.45967656 5.69875227
7700 302 0.54285544 6.10127839
7710 302 0.59570357 6.52598661
