10170 378 0.00000000 0.00000000
10180 378 -0.00000000 0.44342418
10190 378 -0.00091786 0.88645144
10200 378 -0.00275357 1.32908180
10210 378 -0.11560037 1.78907701
10220 378 -0.25826512 2.25252039
10230 378 -0.40001202 2.71636069
10240 378 -0.59856682 3.20575214
10250 378 -0.82381390 3.70648036
10260 378 -1.04774621 4.20668764
10270 378 -1.21799629 4.71376644
10280 378 -1.30712765 5.22977574
10290 378 -1.39625901 5.74578505
10300 378 -1.49017811 6.24011308
10310 378 -1.59456574 6.68306592
10320 378 -1.69895337 7.12601876
10330 378 -1.80425886 7.56857470
10340 378 -1.88331860 8.01594318
10350 378 -1.92536638 8.46842189
10360 378 -1.96649630 8.92129751
10130 375 -0.00863282 0.07035250
10140 375 -0.01165927 0.43511385
10150 375 -0.01428880 0.79895734
10160 375 -0.05522026 1.15059581
10170 375 -0.24672989 1.45237232
10180 375 -0.43823952 1.75414883
10190 375 -0.62974915 2.05592534
10200 375 -0.78620657 2.35978563
10210 375 -0.93413039 2.66406764
10220 375 -1.08113636 2.96874657
10230 375 -1.20963635 3.31629189
10240 375 -1.31910940 3.70801839
10250 375 -1.42950032 4.09934798
10260 375 -1.53897337 4.49107448
10270 375 -1.64440290 4.89108650
10280 375 -1.74931148 5.29241328
10290 375 -1.85422005 5.69374007
10300 375 -1.95285248 6.10322834
10310 375 -2.02809195 6.54680136
10320 375 -2.10241356 6.99077129
10150 376 -0.14606330 -0.02503021
10160 376 -0.19212980 0.37123596
10170 376 -0.23819630 0.76750213
10180 376 -0.36118915 1.15774021
10190 376 -0.60035292 1.53696401
10200 376 -0.83899575 1.91750258
10210 376 -1.06106754 2.28995408
10220 376 -1.27130642 2.65771706
10230 376 -1.48246315 3.02508314
10240 376 -1.66191660 3.41487470
10250 376 -1.81936629 3.82180786
10260 376 -1.97733693 4.22742625
10270 376 -2.09412804 4.64867301
10280 376 -2.19531557 5.07666727
10290 376 -2.29518834 5.50414058
10300 376 -2.39597897 5.93121697
10310 376 -2.45695444 6.38967416
10320 376 -2.51753301 6.84721349
10330 376 -2.57811157 7.30475282
10340 376 -2.64749660 7.76502091
10240 379 -0.21051175 0.04842316
10250 379 -0.10024487 0.46108672
10260 379 0.01002201 0.87375028
10270 379 0.03341496 1.31094792
10280 379 -0.03150482 1.77096794
10290 379 -0.09642460 2.23098796
10300 379 -0.18027208 2.69698646
10310 379 -0.29185373 3.17169220
10320 379 -0.40343538 3.64639793
10330 379 -0.51593488 4.12070676
10340 379 -0.61541074 4.62788479
10350 379 -0.70238390 5.16661726
10360 379 -0.78896014 5.70443186
10370 379 -0.87685115 6.24276742
10380 379 -1.00108434 6.77192440
10390 379 -1.18475498 7.28736315
10400 379 -1.36671393 7.80136309
10410 379 -1.54946671 8.31719874
10420 379 -1.73822277 8.82172243
10430 379 -1.93246116 9.31624891
