6750 271 0.00000000 0.00000000
6760 271 -0.00000000 0.32314857
6770 271 0.00000000 0.64629715
6780 271 -0.04225920 0.94249836
6790 271 -0.18358738 1.17912326
6800 271 -0.32491556 1.41574817
6810 271 -0.48055914 1.66368985
6820 271 -0.69542934 1.96369117
6830 271 -0.91069256 2.26505101
6840 271 -1.12377411 2.46472387
6850 271 -1.33560856 2.63973006
6860 271 -1.54783602 2.81609475
6870 271 -1.76124250 2.99653497
6880 271 -1.97329047 3.17736820
6890 271 -2.18621421 3.35868418
6900 271 -2.37468479 3.54707431
6910 271 -2.56354838 3.73682294
6920 271 -2.75201896 3.92521307
6930 271 -2.96557089 4.09088918
6940 271 -3.18482607 4.24829047
6770 276 0.51556471 1.29157928
6780 276 0.39929311 1.61716017
6790 276 0.28350427 1.94361682
6800 276 0.06795017 2.21544844
6810 276 -0.15816873 2.48054322
6820 276 -0.38468064 2.74699651
6830 276 -0.63349808 2.91498425
6840 276 -0.88270853 3.08433050
6850 276 -1.11293390 3.26947444
6860 276 -1.31400240 3.47851142
6870 276 -1.51594666 3.68803114
6880 276 -1.74868790 3.89968301
6890 276 -1.98502192 4.11103162
6900 276 -2.21999743 4.32277323
6910 276 -2.46999389 4.49483650
6920 276 -2.72016984 4.66243124
6930 276 -2.97224274 4.81622737
6940 276 -3.22885845 4.84578034
6950 276 -3.48499141 4.87620907
6960 276 -3.69205097 4.95837561
