1400 27 0.00000000 0.00000000
1410 27 0.00000000 0.37872549
1420 27 -0.00095848 0.75716582
1430 27 -0.00857085 1.11589002
1440 27 -0.02475408 1.45432776
1450 27 -0.03969366 1.79209219
1460 27 -0.05587688 2.13052993
1470 27 -0.08882159 2.46919738
1480 27 -0.15021170 2.80879163
1490 27 -0.21035816 3.14771257
1500 27 -0.27078980 3.48759199
1510 27 -0.32145446 3.82620400
1520 27 -0.28142019 4.16154451
1530 27 -0.24205923 4.49564137
1540 27 -0.20298343 4.83069671
1550 27 -0.15650121 5.17943215
1560 27 -0.10789609 5.53505912
1570 27 -0.05804732 5.89001278
1580 27 -0.11498566 6.24971130
1590 27 -0.19845244 6.61090694
1420 29 0.48117173 0.69716194
1430 29 0.49485182 1.06848101
1440 29 0.47552384 1.45606253
1450 29 0.45495221 1.84431735
1460 29 0.43466575 2.23161370
1470 29 0.38418327 2.56610663
1480 29 0.32119306 2.87601183
1490 29 0.25791768 3.18687550
1500 29 0.22875936 3.50580307
1510 29 0.27933689 3.84428041
1520 29 0.32895594 4.18247259
1530 29 0.37828982 4.52162325
1540 29 0.41285840 4.85429428
1550 29 0.43141801 5.18115899
1560 29 0.44997763 5.50802370
1570 29 0.39891690 5.88303411
1580 29 0.31974346 6.27889338
1590 29 0.23961154 6.67446749
1600 29 0.14334393 7.05063441
1610 29 0.02498379 7.39936192
