1510 38 0.00000000 0.00000000
1520 38 -0.00000000 0.54222689
1530 38 0.00080594 1.08504578
1540 38 -0.01758120 1.62865586
1550 38 -0.20021877 2.18810248
1560 38 -0.38307027 2.74615116
1570 38 -0.54601313 3.21459712
1580 38 -0.69065922 3.59225637
1590 38 -0.85451314 3.98930787
1600 38 -1.03875889 4.40736349
1610 38 -1.22647735 4.79805234
1620 38 -1.41365361 5.18293551
1630 38 -1.60691404 5.57947984
1640 38 -1.81267108 6.00655014
1650 38 -2.01783611 6.43281450
1660 38 -2.22439909 6.85929280
1670 38 -2.42604715 7.25712073
1680 38 -2.62850114 7.65435665
1690 38 -2.83095514 8.05159258
1700 38 -3.03413577 8.41603411
1490 37 -0.14777209 0.18428079
1500 37 -0.26080226 0.62362824
1510 37 -0.37603631 1.06259762
1520 37 -0.51255296 1.49337854
1530 37 -0.64966162 1.92496540
1540 37 -0.77170647 2.34280155
1550 37 -0.85845982 2.72948470
1560 37 -0.94580518 3.11697378
1570 37 -1.03255853 3.50365693
1580 37 -1.24361962 3.83997555
1590 37 -1.45408871 4.17548824
1600 37 -1.66455780 4.51100092
1610 37 -1.87130520 4.89887914
1620 37 -2.07683356 5.30874631
1630 37 -2.28236191 5.71861348
1640 37 -2.48682060 6.13547034
1650 37 -2.68833403 6.56689859
1660 37 -2.89043946 6.99913278
1670 37 -3.09335083 7.43077497
1680 37 -3.31924151 7.82444412
1520 39 1.02729321 0.62680034
1530 39 0.84772446 1.11281276
1540 39 0.66896166 1.59941717
1550 39 0.48880092 2.08623552
1560 39 0.28114430 2.60372923
1570 39 0.06143369 3.13594370
1580 39 -0.16360494 3.67541160
1590 39 -0.43569031 4.29075179
1600 39 -0.70777567 4.90609199
1610 39 -0.98066697 5.52084018
1620 39 -1.29294953 6.11657972
1630 39 -1.61506745 6.70881704
1640 39 -1.93718537 7.30105436
1650 39 -2.22969761 7.91379786
1660 39 -2.51877217 8.53030731
1670 39 -2.80865267 9.14622475
1680 39 -3.12080613 9.71476166
1690 39 -3.43435753 10.28351250
1700 39 -3.74790893 10.85226334
1710 39 -4.02891491 11.39528879
1560 40 1.59740879 1.11754694
1570 40 1.29388456 1.44798610
1580 40 0.99095233 1.77761933
1590 40 0.68742810 2.10805849
1600 40 0.37388961 2.45719832
1610 40 0.03698452 2.84997301
1620 40 -0.29911464 3.24333970
1630 40 -0.63258205 3.63988035
1640 40 -0.95170677 4.05067886
1650 40 -1.27083148 4.46147737
1660 40 -1.58995619 4.87227589
1670 40 -1.85947621 5.30338140
1680 40 -2.11695698 5.73836720
1690 40 -2.37422382 6.17475094
1700 40 -2.62895852 6.60430913
1710 40 -2.88196699 7.02644976
1720 40 -3.13357753 7.44837646
1730 40 -3.38578008 7.87110909
1740 40 -3.63819655 8.29244378
1750 40 -3.80347791 8.72691135
1650 41 2.71180391 1.93488929
1660 41 2.31172231 2.27009029
1670 41 1.91223272 2.60448537
1680 41 1.50404197 2.92876659
1690 41 1.06400662 3.20856275
1700 41 0.62397127 3.48835891
1710 41 0.20443287 3.81795340
1720 41 -0.16573874 4.26446206
1730 41 -0.53591035 4.71097072
1740 41 -0.88259548 5.16604590
1750 41 -1.20579413 5.62968760
1760 41 -1.52979872 6.09273731
1770 41 -1.85358937 6.55718495
1780 41 -2.15831605 7.04804404
1790 41 -2.46223680 7.53949514
1800 41 -2.76696348 8.03035423
1810 41 -3.07147622 8.52261127
1820 41 -3.33786655 9.00688825
1830 41 -3.59366538 9.49025970
1840 41 -3.85027013 9.97303915
