1800 47 0.00000000 0.00000000
1810 47 0.00000000 0.61173605
1820 47 -0.00004904 1.22247331
1830 47 0.00090072 1.83316153
1840 47 0.00658127 2.45863553
1850 47 0.02781428 3.11538447
1860 47 0.04804850 3.77218244
1870 47 0.06828272 4.42898041
1880 47 0.05379117 5.05144004
1890 47 -0.09970150 5.53454873
1900 47 -0.25319417 6.01765741
1910 47 -0.38500755 6.49369442
1920 47 -0.32794536 6.90138659
1930 47 -0.27765570 7.23231853
1940 47 -0.25930301 7.25945115
1950 47 -0.24099936 7.28558497
1960 47 -0.22264668 7.31271758
1970 47 -0.20334424 7.33880236
1980 47 -0.18499155 7.36593498
1990 47 -0.16668790 7.39206880
1930 49 -0.20932721 -0.12388349
1940 49 -0.16821634 0.52988703
1950 49 -0.12810427 1.18370659
1960 49 -0.06911314 1.83459679
1970 49 0.00181451 2.48389970
1980 49 0.07174336 3.13325165
1990 49 0.20872074 3.80233923
2000 49 0.41179688 4.49221029
2010 49 0.61587182 5.18203231
2020 49 0.81151503 5.86325749
2030 49 0.99733536 6.52794448
2040 49 1.18320474 7.19363028
2050 49 1.27061172 7.95425898
2060 49 1.34652354 8.72546413
2070 49 1.39070109 9.52325756
2080 49 1.38765403 10.35841186
2090 49 1.38460696 11.19356617
2100 49 1.37445716 11.98601742
2110 49 1.36247487 12.76153816
2120 49 1.35044354 13.53606011
