1220 28 0.00000000 0.00000000
1230 28 0.00000000 0.33428281
1240 28 0.00050257 0.66770109
1250 28 -0.01726981 1.00668950
1260 28 -0.07778444 1.35553184
1270 28 -0.13880163 1.70523872
1280 28 -0.21968225 2.05727896
1290 28 -0.38188622 2.41987911
1300 28 -0.54445216 2.78111216
1310 28 -0.70665613 3.14371231
1320 28 -0.86972464 3.50580990
1330 28 -1.03876414 3.87021990
1340 28 -1.20816561 4.23326279
1350 28 -1.37720511 4.59767279
1360 28 -1.52292304 4.96175971
1370 28 -1.61681061 5.32821588
1380 28 -1.71069817 5.69467205
1390 28 -1.80458574 6.06112822
1400 28 -1.88357574 6.42583438
1410 28 -1.95263403 6.78937385
1190 25 2.64152078 1.48697444
1200 25 2.32971594 1.83432403
1210 25 2.01704656 2.18117106
1220 25 1.70524172 2.52852065
1230 25 1.38171626 2.88409382
1240 25 1.04683216 3.24925767
1250 25 0.71245062 3.61355699
1260 25 0.41200443 3.95131590
1270 25 0.11968010 4.28107261
1280 25 -0.17228226 4.61219642
1290 25 -0.44580814 4.94941088
1300 25 -0.64781972 5.31084735
1310 25 -0.84946933 5.67365093
1320 25 -1.05148092 6.03508740
1330 25 -1.24922964 6.40709874
1340 25 -1.44697836 6.77911009
1350 25 -1.64472709 7.15112144
1360 25 -1.77561028 7.47178106
1370 25 -1.90786057 7.79280264
1380 25 -2.03924632 8.11432680
1200 26 -0.79890137 -0.60552918
1210 26 -0.68028026 -0.22658060
1220 26 -0.56165915 0.15236799
1230 26 -0.48934014 0.51943741
1240 26 -0.46346385 0.87685932
1250 26 -0.43845209 1.23377865
1260 26 -0.45262572 1.57254569
1270 26 -0.56036982 1.86732902
1280 26 -0.66674681 2.16175038
1290 26 -0.79188037 2.47649883
1300 26 -0.95977414 2.83694811
1310 26 -1.12716533 3.19653286
1320 26 -1.29455653 3.55611760
1330 26 -1.45553399 3.92058743
1340 26 -1.61687343 4.28369015
1350 26 -1.77871543 4.64765741
1360 26 -1.90589816 4.98781848
1370 26 -2.01985256 5.31716237
1380 26 -2.13380697 5.64650625
1390 26 -2.23549632 5.99454687
