330 7 0.00000000 0.00000000
340 7 -0.00000000 0.40875054
350 7 -0.00000000 0.81750107
360 7 -0.06153386 1.22785894
370 7 -0.16409031 1.63928837
380 7 -0.26664675 2.05071780
390 7 -0.44707954 2.42790875
400 7 -0.64721139 2.79566851
410 7 -0.84734323 3.16342827
420 7 -1.07966586 3.50267921
430 7 -1.34492790 3.81275831
440 7 -1.60952694 4.12208879
450 7 -1.87992170 4.44098012
460 7 -2.16406811 4.77841576
470 7 -2.44746591 5.11651440
480 7 -2.73161233 5.45395005
490 7 -3.01351287 5.79337468
500 7 -3.27877247 6.15020846
510 7 -3.52598193 6.47761109
520 7 -3.69667039 6.68844384
380 8 1.92494427 1.69675619
390 8 1.61010431 2.00700899
400 8 1.29592736 2.31651317
410 8 0.98108740 2.62676598
420 8 0.67880278 2.94546648
430 8 0.38383314 3.26797370
440 8 0.08894912 3.59189254
450 8 -0.20527190 3.91506276
460 8 -0.47742078 4.22839324
470 8 -0.74193420 4.53913534
480 8 -1.00719623 4.84921445
490 8 -1.29750289 5.17852288
500 8 -1.61285416 5.52706065
510 8 -1.92820543 5.87559842
520 8 -2.24421969 6.22488482
530 8 -2.56031958 6.57275959
540 8 -2.86889166 6.90459279
550 8 -3.17489737 7.23201989
560 8 -3.48231471 7.55953261
570 8 -3.78898342 7.88770833
400 10 -0.78607114 -0.61467809
410 10 -0.74779107 -0.29892560
420 10 -0.70809938 0.01674126
430 10 -0.66907068 0.33315675
440 10 -0.82319892 0.65349639
450 10 -1.02465921 0.97599872
460 10 -1.23045955 1.33205942
470 10 -1.43985133 1.72234148
480 10 -1.66079293 2.10907369
490 10 -1.90117672 2.49060958
500 10 -2.14164613 2.87073386
510 10 -2.38136691 3.25152113
520 10 -2.62341920 3.62890779
530 10 -2.86696872 4.00496846
540 10 -3.10910663 4.38094350
550 10 -3.35265616 4.75700417
560 10 -3.60266929 5.04986495
570 10 -3.85394480 5.33359302
580 10 -4.10522031 5.61732109
590 10 -4.30918580 5.88684489
430 12 1.45396262 1.45329718
440 12 1.15238259 1.74857753
450 12 0.85005393 2.04319488
460 12 0.54565066 2.33864648
470 12 0.22157035 2.63670847
480 12 -0.10325858 2.93410747
490 12 -0.42733889 3.23216947
500 12 -0.75159045 3.52740823
510 12 -1.07817351 3.81924638
520 12 -1.40409357 4.11033590
530 12 -1.72926501 4.40208843
540 12 -2.05584807 4.69392658
550 12 -2.36908558 4.97220389
560 12 -2.67693350 5.24590384
570 12 -2.98411842 5.51885516
580 12 -3.27643608 5.83836789
590 12 -3.53234522 6.26760036
600 12 -3.78891736 6.69758145
610 12 -4.04482651 7.12681391
620 12 -4.36000408 7.52492960
450 14 1.87219816 1.64469999
460 14 1.51066958 1.99107996
470 14 1.14914100 2.33745994
480 14 0.78836105 2.68450291
490 14 0.42304776 3.05023943
500 14 0.05446354 3.44380222
510 14 -0.31412069 3.83736501
520 14 -0.66245051 4.22615716
530 14 -0.92644772 4.59212365
540 14 -1.18969630 4.95875314
550 14 -1.45435651 5.32546826
560 14 -1.71848338 5.66593998
570 14 -1.98340291 5.98166556
580 14 -2.26641660 6.30273915
590 14 -2.59259110 6.63634850
600 14 -2.91867997 6.97136947
610 14 -3.23944285 7.31244303
620 14 -3.50869999 7.70848165
630 14 -3.77795713 8.10452028
640 14 -4.04646565 8.50122190
