990 20 0.00000000 0.00000000
1000 20 0.00000000 0.62541186
1010 20 0.00099774 1.25075657
1020 20 0.01409311 1.86225760
1030 20 0.04280699 2.45266214
1040 20 0.07251861 3.04299952
1050 20 0.10223023 3.63333689
1060 20 0.13194185 4.22367427
1070 20 0.16365855 4.82891063
1080 20 0.19584534 5.44113119
1090 20 0.22896272 6.05228685
1100 20 0.26114951 6.66450740
1110 20 0.29433404 7.27666081
1120 20 0.33656541 7.88920755
1130 20 0.46680918 8.51387110
1140 20 0.59698580 9.13753692
1150 20 0.72816015 9.76113558
1160 20 0.85840393 10.38579914
1170 20 0.95469567 10.96764611
1180 20 1.01803313 11.50660934
1170 24 1.03461101 -0.04057166
1180 24 1.06901394 0.60457440
1190 24 1.10448177 1.25065104
1200 24 1.13371370 1.92320624
1210 24 1.16023063 2.61498717
1220 24 1.18568266 3.30583751
1230 24 1.19816403 3.99756088
1240 24 1.08545750 4.69069451
1250 24 0.97275097 5.38382815
1260 24 0.85904670 6.07702894
1270 24 0.75058058 6.74381834
1280 24 0.64628771 7.38326575
1290 24 0.54099709 8.02278033
1300 24 0.45799259 8.66580618
1310 24 0.56212237 9.33432244
1320 24 0.68214888 10.00076647
1330 24 0.93074985 10.65655191
1340 24 1.18041573 11.31326795
1350 24 1.45457426 11.99138748
1360 24 1.72879995 12.67050475
