7720 311 0.00000000 0.00000000
7730 311 -0.00000000 0.52566910
7740 311 0.00000000 1.05133819
7750 311 0.00011794 1.57800031
7760 311 -0.03736191 2.12725459
7770 311 -0.07746698 2.67984176
7780 311 -0.11955810 3.23266482
7790 311 -0.15025422 3.78816257
7800 311 -0.15879952 4.35210670
7810 311 -0.16734482 4.91605082
7820 311 -0.18506319 5.47907042
7830 311 -0.29865176 6.04038551
7840 311 -0.41224033 6.60170061
7850 311 -0.47933577 7.20683795
7860 311 -0.52520493 7.82959474
7870 311 -0.53581617 8.42701620
7880 311 -0.46406380 8.96329654
7890 311 -0.39242938 9.49858385
7900 311 -0.27062272 10.02388390
7910 311 -0.03083309 10.52510035
7680 306 -0.50827412 0.19732566
7690 306 -0.42592194 0.70415020
7700 306 -0.34356975 1.21097474
7710 306 -0.26022454 1.71768134
7720 306 -0.14807034 2.17867097
7730 306 -0.02314384 2.62001705
7740 306 0.10277568 3.06124520
7750 306 0.20853042 3.49379107
7760 306 0.28471143 3.91474410
7770 306 0.36188545 4.33557919
7780 306 0.43794851 4.75553920
7790 306 0.53342302 5.08457509
7800 306 0.63424691 5.39082098
7810 306 0.73507079 5.69706687
7820 306 0.80677369 5.97857476
7830 306 0.87157492 6.25284617
7840 306 0.93550106 6.52822853
7850 306 1.12321992 6.80300595
7860 306 1.34032608 7.07932808
7870 306 1.55216277 7.34519875
7690 308 0.25613832 0.28276344
7700 308 0.35338581 0.78781880
7710 308 0.45162632 1.29275623
7720 308 0.54887381 1.79781160
7730 308 0.61701934 2.29524620
7740 308 0.68516487 2.79268081
7750 308 0.76039090 3.24798625
7760 308 0.84641460 3.64158747
7770 308 0.93144528 4.03530664
7780 308 1.02820577 4.41756232
7790 308 1.15152289 4.77753022
7800 308 1.27384699 5.13761607
7810 308 1.36553585 5.47717188
7820 308 1.38285854 5.76715279
7830 308 1.40117424 6.05701575
7840 308 1.46725384 6.32509314
7850 308 1.60386830 6.55961710
7860 308 1.74315744 6.78274606
7870 308 1.89174902 6.96549601
7880 308 2.04034060 7.14824596
7900 315 0.36222407 0.27721242
7910 315 0.39858154 0.82071783
7920 315 0.43505696 1.36521626
7930 315 0.47153238 1.90971469
7940 315 0.61095849 2.41378846
7950 315 0.77625259 2.90673355
7960 315 0.94166464 3.40067166
7970 315 1.10806970 3.89449182
7980 315 1.26785844 4.37499943
7990 315 1.41616466 4.82665999
8000 315 1.56534596 5.27720959
8010 315 1.71353425 5.72787713
8020 315 1.86311884 6.17334368
8030 315 2.01298879 6.61273416
8040 315 2.16396970 7.05299973
8050 315 2.31483267 7.49227227
8060 315 2.45202924 7.93518208
8070 315 2.47445780 8.40380768
8080 315 2.49676842 8.87144027
8090 315 2.51919697 9.34006588
