430 12 0.00000000 0.00000000
440 12 0.00000000 0.42206753
450 12 -0.00099747 0.84420614
460 12 -0.00285025 1.26841077
470 12 -0.01660398 1.70850148
480 12 -0.03135517 2.14866327
490 12 -0.04510890 2.58875398
500 12 -0.06099972 3.02699191
510 12 -0.08095150 3.46451668
520 12 -0.10097436 3.90104399
530 12 -0.11999975 4.33750021
540 12 -0.13995154 4.77502498
550 12 -0.16025635 5.19352673
560 12 -0.18006123 5.60497511
570 12 -0.19993720 6.01542601
580 12 -0.17614243 6.44782838
590 12 -0.04847802 6.93097619
600 12 0.07925746 7.41512146
610 12 0.20692186 7.89826926
620 12 0.27088793 8.40199671
330 7 -2.05562366 0.02216707
340 7 -1.76355902 0.30813079
350 7 -1.47149438 0.59409450
360 7 -1.22133062 0.92515053
370 7 -0.99910078 1.28626810
380 7 -0.77687094 1.64738567
390 7 -0.63358818 2.04019485
400 7 -0.51082584 2.44048150
410 7 -0.38806349 2.84076816
420 7 -0.30819239 3.24411120
430 7 -0.27220999 3.65058170
440 7 -0.23629868 4.05605473
450 7 -0.19761056 4.47235777
460 7 -0.15529268 4.91146049
470 7 -0.11197734 5.35049213
480 7 -0.06965947 5.78959485
490 7 -0.02434918 6.22848434
500 7 0.04504256 6.66766287
510 7 0.10603280 7.07335388
520 7 0.13726476 7.34281549
380 8 0.50345972 -0.16620563
390 8 0.50488129 0.27581131
400 8 0.50623179 0.71683079
410 8 0.50765336 1.15884773
420 8 0.52389484 1.59780355
430 8 0.54797392 2.03419581
440 8 0.57312156 2.47151445
450 8 0.59819811 2.90783562
460 8 0.63168564 3.32150166
470 8 0.66866551 3.72790108
480 8 0.70464790 4.13437158
490 8 0.73684891 4.57219014
500 8 0.76526853 5.04135677
510 8 0.79368816 5.51052340
520 8 0.82217886 5.98068750
530 8 0.84960101 6.44992520
540 8 0.87082747 6.90256130
550 8 0.89070107 7.35028112
560 8 0.90964827 7.79906950
570 8 0.92959295 8.24778679
390 9 1.54543753 -0.10511351
400 9 1.48928538 0.37308722
410 9 1.43206467 0.85036155
420 9 1.37584144 1.32756481
430 9 1.34020970 1.79828806
440 9 1.33500201 2.25982558
450 9 1.32972323 2.72036562
460 9 1.32551300 3.18183206
470 9 1.33861754 3.63304185
480 9 1.36526020 4.07727171
490 9 1.39183178 4.52050410
500 9 1.41747696 4.96480504
510 9 1.44696987 5.40682672
520 9 1.48672417 5.83809183
530 9 1.52647848 6.26935694
540 9 1.56730133 6.70154844
550 9 1.60705563 7.13281355
560 9 1.64994450 7.56586037
570 9 1.71099871 8.01465585
580 9 1.77297931 8.46238278
400 10 -3.04476869 0.15380714
410 10 -2.79237306 0.34735674
420 10 -2.53905104 0.53983778
430 10 -2.28565794 0.73331630
440 10 -2.16459437 1.06755665
450 10 -2.07509921 1.43713021
460 10 -1.96466191 1.83328246
470 10 -1.83228499 2.25594231
480 10 -1.71052485 2.68437138
490 10 -1.60607948 3.12305711
500 10 -1.50270266 3.56081644
510 10 -1.39832837 3.99850469
520 10 -1.29801504 4.43547979
530 10 -1.19969665 4.87259704
540 10 -1.10045186 5.30864575
550 10 -1.00213347 5.74576300
560 10 -0.96778589 6.12929168
570 10 -0.94084707 6.50733308
580 10 -0.91390826 6.88537448
590 10 -0.86402050 7.21967406
450 13 1.31715652 -0.07280588
460 13 1.26676885 0.44408296
470 13 1.21545479 0.96204036
480 13 1.16506712 1.47892921
490 13 1.16035934 1.93341336
500 13 1.15565156 2.38789750
510 13 1.15101486 2.84337911
520 13 1.15129444 3.29750786
530 13 1.18940682 3.74793815
540 13 1.22744813 4.19737097
550 13 1.26556051 4.64780126
560 13 1.30267543 5.09830263
570 13 1.29613382 5.44263853
580 13 1.28866582 5.78804297
590 13 1.28119782 6.13344741
600 13 1.29943898 6.54418974
610 13 1.31775121 6.95592954
620 13 1.42191227 7.39062538
630 13 1.54652029 7.83088194
640 13 1.68024297 8.30056508
450 14 0.42936257 -0.16493569
460 14 0.42393453 0.33571642
470 14 0.41850649 0.83636853
480 14 0.41407592 1.33694956
490 14 0.41983092 1.85384789
500 14 0.44318027 2.39255078
510 14 0.46652961 2.93125368
520 14 0.50064026 3.45214663
530 14 0.57744077 3.89681244
540 14 0.65523875 4.34140717
550 14 0.73211033 4.78707045
560 14 0.79060334 5.21399265
570 14 0.83085993 5.62416872
580 14 0.86227908 6.05101510
590 14 0.87245991 6.51747127
600 14 0.88370930 6.98485382
610 14 0.90300953 7.45266521
620 14 0.99761761 7.92212800
630 14 1.09222569 8.39159079
640 14 1.18783125 8.86098250
