390 9 0.00000000 0.00000000
400 9 0.00000000 0.48148624
410 9 -0.00116930 0.96217703
420 9 -0.00135622 1.44268089
430 9 0.01815213 1.91434754
440 9 0.06680565 2.37334300
450 9 0.11527225 2.83135609
460 9 0.16490814 3.29016463
470 9 0.23054449 3.73676722
480 9 0.30881256 4.17485866
490 9 0.38689371 4.61196772
500 9 0.46417941 5.05024608
510 9 0.54502077 5.48581201
520 9 0.63479903 5.90949805
530 9 0.72457730 6.33318409
540 9 0.81552486 6.75766559
550 9 0.90530313 7.18135163
560 9 0.99840236 7.60644166
570 9 1.11137963 8.04505440
580 9 1.22515235 8.48249785
380 8 -1.04199239 0.06084286
390 8 -0.98903138 0.49967783
400 8 -0.93625728 0.93753043
410 8 -0.88329627 1.37636540
420 8 -0.81597347 1.81043180
430 8 -0.74116552 2.24103808
440 8 -0.66518827 2.67243981
450 8 -0.58939794 3.10285918
460 8 -0.50789613 3.50979708
470 8 -0.42377327 3.90911067
480 8 -0.34063279 4.30861118
490 8 -0.25759199 4.73968684
500 8 -0.17465089 5.20233765
510 8 -0.09170979 5.66498847
520 8 -0.00858176 6.12862165
530 8 0.07337697 6.59145938
540 8 0.14724616 7.03853135
550 8 0.21919837 7.48087836
560 8 0.29035513 7.92439467
570 8 0.36249426 8.36772406
430 12 -1.52263333 0.28462911
440 12 -1.47341074 0.70381658
450 12 -1.42517053 1.12319097
460 12 -1.37753885 1.54471704
470 12 -1.33987422 1.98340870
480 12 -1.30319196 2.42228729
490 12 -1.26552734 2.86097895
500 12 -1.23020130 3.29807971
510 12 -1.19899169 3.73494577
520 12 -1.16796899 4.17082947
530 12 -1.13596393 4.60652624
540 12 -1.10475431 5.04339230
550 12 -1.07611382 5.46140632
560 12 -1.04779941 5.87235680
570 12 -1.01967192 6.28232490
580 12 -0.94561165 6.70900168
590 12 -0.76247246 7.17396409
600 12 -0.57914635 7.63990887
610 12 -0.39600716 8.10487127
620 12 -0.27373160 8.59770155
450 13 -0.22295549 0.05870988
460 13 -0.21271844 0.57794798
470 13 -0.20327684 1.09835537
480 13 -0.19303978 1.61759347
490 13 -0.14471234 2.06952539
500 13 -0.09638489 2.52145731
510 13 -0.04787053 2.97437160
520 13 0.00536879 3.42536891
530 13 0.09575144 3.86828084
540 13 0.18594716 4.31021040
550 13 0.27632981 4.75312233
560 13 0.36573008 5.19622118
570 13 0.39939044 5.53897033
580 13 0.43225534 5.88288877
590 13 0.46512025 6.22680722
600 13 0.53113875 6.63261944
610 13 0.59734417 7.03941403
620 13 0.75148980 7.45899612
630 13 0.92659138 7.88171640
640 13 1.11417722 8.33259948
450 14 -1.11543582 0.07074553
460 14 -1.06243950 0.56861438
470 14 -1.00944318 1.06648323
480 14 -0.95546448 1.56416515
490 14 -0.88946675 2.07686516
500 14 -0.80345183 2.60916906
510 14 -0.71743691 3.14147295
520 14 -0.62281115 3.65483341
530 14 -0.49467665 4.08750829
540 14 -0.36555977 4.51999624
550 14 -0.23723835 4.95365350
560 14 -0.12935572 5.37084091
570 14 -0.04153805 5.77352324
580 14 0.03944661 6.19379278
590 14 0.10395728 6.65587867
600 14 0.16963725 7.11876002
610 14 0.24336313 7.58112837
620 14 0.39207559 8.03635426
630 14 0.54078804 8.49158014
640 14 0.69048287 8.94661911
