3210 88 0.00000000 0.00000000
3220 88 0.00000000 0.49188617
3230 88 0.00096770 0.98402442
3240 88 -0.08587353 1.45225471
3250 88 -0.18142409 1.91821618
3260 88 -0.27794236 2.38392555
3270 88 -0.37349292 2.84988702
3280 88 -0.49931878 3.36066374
3290 88 -0.62417694 3.87169254
3300 88 -0.75000280 4.38246926
3310 88 -0.86010144 4.87254200
3320 88 -0.96553234 5.35659708
3330 88 -1.07121533 5.84161987
3340 88 -1.17664623 6.32567496
3350 88 -1.28232921 6.81069775
3360 88 -1.31985009 7.31967730
3370 88 -1.35737097 7.82865685
3380 88 -1.39392414 8.33788849
3390 88 -1.43144502 8.84686804
3400 88 -1.42908675 9.34556879
3020 86 -0.05198764 -0.09001270
3030 86 -0.11042392 0.27711290
3040 86 -0.16886021 0.64423849
3050 86 -0.22632879 1.01161617
3060 86 -0.27975578 1.38728033
3070 86 -0.33225574 1.76731947
3080 86 -0.37890881 2.14474826
3090 86 -0.38728473 2.50218056
3100 86 -0.39591274 2.86058055
3110 86 -0.40454075 3.21898055
3120 86 -0.47609389 3.61265700
3130 86 -0.55374601 4.00991152
3140 86 -0.63261791 4.40788164
3150 86 -0.71052212 4.80610386
3160 86 -0.78539310 5.21648336
3170 86 -0.85954847 5.62808266
3180 86 -0.93345175 6.03871425
3190 86 -1.00735502 6.44934585
3200 86 -1.10448319 6.85392726
3210 86 -1.22412062 7.25367829
3040 87 0.81213912 0.40894015
3050 87 0.72337875 0.80123416
3060 87 0.63508190 1.19571568
3070 87 0.54632152 1.58800970
3080 87 0.51663173 1.99155835
3090 87 0.48719402 2.39413930
3100 87 0.45750423 2.79768795
3110 87 0.42651332 3.21019803
3120 87 0.39296084 3.63650805
3130 87 0.35940836 4.06281807
3140 87 0.32585588 4.48912808
3150 87 0.21324446 4.88967604
3160 87 0.09095600 5.28770309
3170 87 -0.03036475 5.68598224
3180 87 -0.15240111 6.08304158
3190 87 -0.26097908 6.46810629
3200 87 -0.36564558 6.85005645
3210 87 -0.47127977 7.23175452
3220 87 -0.57691397 7.61345259
3230 87 -0.68708580 8.01256932
3210 89 -0.77338219 -0.25623815
3220 89 -0.75496329 0.21254511
3230 89 -0.73776419 0.68204398
3240 89 -0.71934530 1.15082724
3250 89 -0.72688363 1.62008216
3260 89 -0.79285824 2.08754804
3270 89 -0.85786515 2.55526601
3280 89 -0.92383977 3.02273189
3290 89 -1.03040914 3.49925678
3300 89 -1.14888370 3.97784719
3310 89 -1.26639057 4.45668968
3320 89 -1.36218509 4.94738858
3330 89 -1.40828519 5.46550033
3340 89 -1.45510090 5.98239228
3350 89 -1.50120099 6.50050403
3360 89 -1.56576878 7.02207186
3370 89 -1.65780633 7.54991756
3380 89 -1.74862409 8.07704765
3390 89 -1.84066165 8.60489336
3400 89 -1.93025961 9.13130784
3240 90 -0.31699204 0.02282642
3250 90 -0.39555493 0.46324539
3260 90 -0.47386574 0.90269666
3270 90 -0.55242863 1.34311564
3280 90 -0.65636325 1.77382505
3290 90 -0.76294888 2.20281048
3300 90 -0.86978661 2.63276362
3310 90 -0.97637225 3.06174905
3320 90 -1.08295788 3.49073448
3330 90 -1.17678447 3.95404493
3340 90 -1.27132667 4.41613558
3350 90 -1.36490116 4.87847833
3360 90 -1.45847566 5.34082107
3370 90 -1.53694097 5.82053369
3380 90 -1.59310030 6.32569122
3390 90 -1.64925964 6.83084875
3400 90 -1.70541897 7.33600628
3410 90 -1.78059084 7.85067820
3420 90 -1.85967418 8.36846467
3430 90 -1.93875751 8.88625114
3240 91 0.21398447 0.04334336
3250 91 0.16048429 0.45102305
3260 91 0.10698410 0.85870274
3270 91 0.05251622 1.26613034
3280 91 -0.01343400 1.68193387
3290 91 -0.08182381 2.09916861
3300 91 -0.15118132 2.51615127
3310 91 -0.24904949 2.97117525
3320 91 -0.35944902 3.44256887
3330 91 -0.46984855 3.91396249
3340 91 -0.58024807 4.38535611
3350 91 -0.66334047 4.86696347
3360 91 -0.73313711 5.35306781
3370 91 -0.80390145 5.83892006
3380 91 -0.87441370 6.32380461
3390 91 -0.94967501 6.82295261
3400 91 -1.03590634 7.35231086
3410 91 -1.12188559 7.88070141
3420 91 -1.20811692 8.41005966
3430 91 -1.29409616 8.93845021
3300 92 1.45411693 0.36433633
3310 92 1.27160315 0.94198217
3320 92 1.08934147 1.51866032
3330 92 0.90804749 2.09559055
3340 92 0.72595658 2.67954680
3350 92 0.54289797 3.26325096
3360 92 0.36080706 3.84720720
3370 92 0.17871615 4.43116345
3380 92 0.06153456 4.99999425
3390 92 -0.04836891 5.56865428
3400 92 -0.15802030 6.13634660
3410 92 -0.26792378 6.70500663
3420 92 -0.37141114 7.33630716
3430 92 -0.47393079 7.96785979
3440 92 -0.57645045 8.59941241
3450 92 -0.69054188 9.22381705
3460 92 -0.82150715 9.83762573
3470 92 -0.95125261 10.45071880
3480 92 -1.08221787 11.06452749
3490 92 -1.21314247 11.67421326
