7510 301 0.00000000 0.00000000
7520 301 0.00000000 0.58411043
7530 301 -0.00099810 1.16828250
7540 301 -0.04309117 1.73595598
7550 301 -0.10164687 2.29663077
7560 301 -0.16120068 2.85736720
7570 301 -0.30085064 3.33788764
7580 301 -0.44904009 3.80991824
7590 301 -0.59722953 4.28194884
7600 301 -0.75159246 4.75135494
7610 301 -0.90689186 5.22182077
7620 301 -1.03309916 5.66043303
7630 301 -1.13858093 6.07772741
7640 301 -1.05465844 6.46328806
7650 301 -0.87012484 6.85566078
7660 301 -0.78448693 7.36635359
7670 301 -0.68943470 7.88347841
7680 301 -0.57661356 8.41253076
7690 301 -0.46479053 8.94164475
7700 301 -0.50224920 9.56814443
7350 292 -0.70814349 0.11686660
7360 292 -0.75483158 0.73992857
7370 292 -0.80052157 1.36292891
7380 292 -0.84621156 1.98592925
7390 292 -0.89325745 2.58697142
7400 292 -0.94030335 3.18801358
7410 292 -0.98728762 3.79005385
7420 292 -1.03359393 4.40307320
7430 292 -1.07817454 5.04403932
7440 292 -1.12269352 5.68600354
7450 292 -1.16721250 6.32796776
7460 292 -1.02885852 6.91355394
7470 292 -0.87085073 7.49291699
7480 292 -0.71284294 8.07228003
7490 292 -0.55377542 8.65257955
7500 292 -0.39648153 9.26905715
7510 292 -0.23918765 9.88553475
7520 292 -0.08089566 10.50195072
7530 292 0.03141016 11.13623488
7540 292 0.11339123 11.78241064
7360 293 -1.32980846 -0.29660487
7370 293 -1.38857132 0.37429223
7380 293 -1.44739582 1.04419124
7390 293 -1.50622031 1.71409025
7400 293 -1.57364592 2.37450132
7410 293 -1.64867454 3.02536283
7420 293 -1.72470126 3.67628598
7430 293 -1.75644183 4.33048590
7440 293 -1.72387264 4.98772805
7450 293 -1.69124183 5.64596830
7460 293 -1.64219802 6.29417792
7470 293 -1.55833203 6.92220299
7480 293 -1.47452767 7.54922997
7490 293 -1.39072331 8.17625695
7500 293 -1.29240287 8.82743518
7510 293 -1.18504988 9.49508803
7520 293 -1.07775852 10.16174279
7530 293 -0.96946907 10.82833592
7540 293 -0.91754225 11.45833322
7550 293 -0.86567705 12.08733243
7480 295 -0.39128560 -0.26839445
7490 295 -0.43174199 0.19598178
7500 295 -0.47213675 0.66135610
7510 295 -0.51253150 1.12673043
7520 295 -0.56146574 1.58361492
7530 295 -0.61576027 2.03481898
7540 295 -0.67005480 2.48602304
7550 295 -0.76757574 2.93488679
7560 295 -0.92659704 3.37752912
7570 295 -1.08761454 3.82029470
7580 295 -1.24763393 4.26299866
7590 295 -1.34954275 4.65702860
7600 295 -1.42679526 5.02849603
7610 295 -1.50398614 5.40096155
7620 295 -1.52098293 5.77471964
7630 295 -1.49793249 6.14800864
7640 295 -1.47482043 6.52229574
7650 295 -1.46427790 6.85527900
7660 295 -1.47352615 7.12736625
7670 295 -1.48177630 7.39939187
7490 297 -1.37804249 0.05804211
7500 297 -1.40843229 0.49073768
7510 297 -1.43888373 0.92243516
7520 297 -1.50603028 1.37643663
7530 297 -1.59639161 1.84389447
7540 297 -1.68675295 2.31135231
7550 297 -1.71555230 2.78602967
7560 297 -1.74341518 3.25964730
7570 297 -1.81716665 3.70403758
7580 297 -1.93686833 4.11820241
7590 297 -2.05657001 4.53236724
7600 297 -2.10578844 4.95219881
7610 297 -2.12575384 5.37523354
7620 297 -2.14183813 5.77999433
7630 297 -2.12692314 6.02153427
7640 297 -2.11206978 6.26207611
7650 297 -2.09453029 6.49744256
7660 297 -2.07049717 6.72439280
7670 297 -2.04752377 6.95040656
7680 297 -2.00357660 7.24024902
7630 304 -1.26269787 -0.11840227
7640 304 -1.32779857 0.35250526
7650 304 -1.39289927 0.82341279
7660 304 -1.45356417 1.28502926
7670 304 -1.49748395 1.70954316
7680 304 -1.54140373 2.13405706
7690 304 -1.58632160 2.55863260
7700 304 -1.62624898 2.98289997
7710 304 -1.66617636 3.40716735
7720 304 -1.70510565 3.83137309
7730 304 -1.74503303 4.25564046
7740 304 -1.78048694 4.70367731
7750 304 -1.81557106 5.15770276
7760 304 -1.84965708 5.61166657
7770 304 -1.88474120 6.06569201
7780 304 -1.90941290 6.52608783
7790 304 -1.92878595 6.99116598
7800 304 -1.94815900 7.45624413
7810 304 -1.97769793 7.91894430
7820 304 -2.09773174 8.36018107
7630 305 -0.61451907 0.12411009
7640 305 -0.73493465 0.57538948
7650 305 -0.85535024 1.02666887
7660 305 -0.94164556 1.47884706
7670 305 -0.99282253 1.93186242
7680 305 -1.04499760 2.38493942
7690 305 -1.10270586 2.81331047
7700 305 -1.16788189 3.21809694
7710 305 -1.23205982 3.62282177
7720 305 -1.29723586 4.02760824
7730 305 -1.33005328 4.45344039
7740 305 -1.33244666 4.90143957
7750 305 -1.33477841 5.35043686
7760 305 -1.33947616 5.79356882
7770 305 -1.34978071 6.22702794
7780 305 -1.36008527 6.66048707
7790 305 -1.36945336 7.09288647
7800 305 -1.39129170 7.51804066
7810 305 -1.42990084 7.93120568
7820 305 -1.46956971 8.34343424
