9900 369 0.00000000 0.00000000
9910 369 -0.00000000 0.54388418
9920 369 0.00099837 1.08782536
9930 369 0.00099837 1.63170953
9940 369 0.00482088 2.17881683
9950 369 0.03871045 2.76069439
9960 369 0.07160164 3.34251495
9970 369 0.10454983 3.92333714
9980 369 0.16188557 4.48051092
9990 369 0.24272447 5.01198252
10000 369 0.32456175 5.54351113
10010 369 0.42656508 6.05515683
10020 369 0.54879147 6.54592124
10030 369 0.67096087 7.03768403
10040 369 0.70886783 7.53164765
10050 369 0.72569495 8.02641108
10060 369 0.74152368 8.52111751
10070 369 0.73573017 9.00857975
10080 369 0.71313529 9.49207791
10090 369 0.69059740 9.97457770
9900 370 0.52594470 0.05106050
9910 370 0.49459611 0.60016638
9920 370 0.46324753 1.14927226
9930 370 0.43184194 1.69937651
9940 370 0.40049336 2.24848239
9950 370 0.47320369 2.79952251
9960 370 0.54602802 3.34856587
9970 370 0.61973673 3.89966298
9980 370 0.69601216 4.44089035
9990 370 0.80845338 4.91006193
10000 370 0.92089459 5.37923351
10010 370 1.03433419 5.84846209
10020 370 1.14112898 6.34635853
10030 370 1.24321873 6.87403522
10040 370 1.34536548 7.40071353
10050 370 1.44745523 7.92839021
10060 370 1.47269774 8.43365036
10070 370 1.46544987 8.92904260
10080 370 1.45820200 9.42443483
10090 370 1.41030578 9.91249830
9930 372 -0.50728815 -0.02695795
9940 372 -0.60812212 0.54622659
9950 372 -0.70889909 1.11841275
9960 372 -0.81067444 1.69054191
9970 372 -0.91601488 2.27248383
9980 372 -1.03265000 2.87681838
9990 372 -1.15022651 3.48009755
10000 372 -1.23725239 4.09213227
10010 372 -1.27892303 4.71677261
10020 372 -1.32153504 5.34035759
10030 372 -1.36320568 5.96499793
10040 372 -1.34654404 6.56792777
10050 372 -1.31550618 7.16466695
10060 372 -1.28352695 7.76246150
10070 372 -1.25248909 8.35920068
10080 372 -1.24287491 8.92767282
10090 372 -1.24079175 9.48770198
10100 372 -1.23776721 10.04878651
10110 372 -1.23474266 10.60987104
10120 372 -1.29604248 11.15726700
9950 373 0.32654195 0.33315365
9960 373 0.25357789 0.92696022
9970 373 0.17967244 1.51971142
9980 373 0.08212043 2.12313218
9990 373 -0.05134365 2.74153038
10000 373 -0.18580610 3.35987159
10010 373 -0.31927018 3.97826979
10020 373 -0.59054117 4.53671590
10030 373 -0.86075679 5.09422062
10040 373 -1.02871167 5.63252273
10050 373 -1.09235205 6.15073784
10060 373 -1.10570232 6.68284194
10070 373 -1.04420210 7.23724858
10080 373 -0.98763674 7.79037186
10090 373 -0.98221647 8.34458176
10100 373 -0.97574083 8.89785029
10110 373 -0.97026356 9.45106183
10120 373 -0.95697029 10.00772446
10130 373 -0.94173727 10.56549946
10140 373 -0.92744562 11.12221910
10050 374 0.11002526 0.09041815
10060 374 0.24896845 0.60417275
10070 374 0.38691326 1.11787035
10080 374 0.51963821 1.63527647
10090 374 0.61231603 2.18745653
10100 374 0.70499385 2.73963660
10110 374 0.74855092 3.27498955
10120 374 0.71936823 3.78615720
10130 374 0.69018555 4.29732485
10140 374 0.63943761 4.80024995
10150 374 0.55742566 5.28937063
10160 374 0.47441534 5.77843431
10170 374 0.39240340 6.26755499
10180 374 0.33397919 6.71194740
10190 374 0.27883510 7.15151893
10200 374 0.22468938 7.59114745
10210 374 0.16954529 8.03071898
10220 374 0.14463925 8.50206566
10230 374 0.12455409 8.97669245
10240 374 0.10247218 9.45120524
