7550 275 0.00000000 0.00000000
7560 275 0.00000000 0.17112568
7570 275 -0.00001169 0.34083720
7580 275 -0.13353928 0.52650191
7590 275 -0.26635394 0.71286786
7600 275 -0.37316432 0.87992635
7610 275 -0.41528541 1.00260811
7620 275 -0.45739481 1.12670404
7630 275 -0.49951590 1.24938580
7640 275 -0.43134378 1.45530462
7650 275 -0.35036237 1.67101742
7660 275 -0.37876255 1.91379804
7670 275 -0.51794680 2.18507234
7680 275 -0.73009496 2.44068563
7690 275 -1.05132085 2.67457220
7700 275 -1.38453792 2.91209353
7710 275 -1.76504188 3.16061263
7720 275 -2.14625876 3.40843048
7730 275 -2.51151077 3.70561556
7740 275 -2.86152252 4.05005246
7370 279 -0.03478145 0.58296334
7380 279 -0.07528969 0.55854853
7390 279 -0.11438376 0.53412204
7400 279 -0.15417908 0.51040848
7410 279 -0.13231211 0.50386358
7420 279 -0.09484257 0.50284678
7430 279 -0.05667180 0.50111706
7440 279 -0.01991519 0.49939902
7450 279 0.01825559 0.49766930
7460 279 0.05501220 0.49595127
7470 279 0.09318297 0.49422154
7480 279 0.12993958 0.49250351
7490 279 0.13964005 0.55394373
7500 279 0.10628445 0.71049533
7510 279 0.07363009 0.86633401
7520 279 0.06141685 0.92866246
7530 279 0.05195012 0.98106839
7540 279 0.04248339 1.03347432
7550 279 0.03301667 1.08588024
7560 279 0.01864127 1.14327665
7570 280 -0.03773834 1.25193363
7580 280 -0.09483088 1.35988937
7590 280 -0.13150568 1.45706941
7600 280 -0.13862326 1.53703402
7610 280 -0.14572915 1.61841281
7620 280 -0.15283503 1.69979159
7630 280 -0.15639967 1.95297392
7640 280 -0.15791902 2.28250949
7650 280 -0.20044916 2.61238399
7660 280 -0.40558494 2.94643087
7670 280 -0.61072071 3.28047774
7680 280 -0.85985923 3.50952577
7690 280 -1.15584052 3.63218415
7700 280 -1.45110888 3.75554377
7710 280 -1.74234511 3.93897620
7720 280 -2.03429427 4.12170739
7730 280 -2.30948382 4.36440620
7740 280 -2.54747264 4.74468810
7750 280 -2.78474853 5.12567123
7760 280 -3.02273736 5.50595313
7680 296 1.32441837 0.42323278
7690 296 1.23793223 0.56820226
7700 296 1.09293938 0.82113915
7710 296 0.93402694 1.10106207
7720 296 0.73700216 1.38978553
7730 296 0.50257797 1.68801078
7740 296 0.26673962 1.98624771
7750 296 0.00601897 2.26842628
7760 296 -0.27175348 2.54084593
7770 296 -0.55023885 2.81256435
7780 296 -0.75911457 3.03632970
7790 296 -0.80700919 3.14491656
7800 296 -0.79845407 3.15333143
7810 296 -0.75227749 3.09355081
7820 296 -0.70468673 3.03375850
7830 296 -0.74171215 3.08851357
7840 296 -0.79900338 3.17242850
7850 296 -0.85629460 3.25634343
7860 296 -0.91358583 3.34025836
7870 296 -1.18203179 3.62886495
7690 298 1.03882711 0.00626440
7700 298 0.86129677 0.25805594
7710 298 0.71313666 0.55556827
7720 298 0.56639072 0.85306890
7730 298 0.37364350 1.14599980
7740 298 0.07756872 1.42847054
7750 298 -0.11325009 1.61248734
7760 298 -0.19739877 1.69803849
7770 298 -0.27403250 1.75170665
7780 298 -0.34047490 1.75508428
7790 298 -0.40620436 1.75916316
7800 298 -0.47264676 1.76254079
7810 298 -0.54183567 1.77584096
7820 298 -0.63650293 1.87208601
7830 298 -0.73117019 1.96833106
7840 298 -0.86119159 2.15043113
7850 298 -1.07513960 2.53051434
7860 298 -1.28908761 2.91059756
7870 298 -1.64031484 3.19352411
7880 298 -1.99224331 3.47716359
