9180 354 0.00000000 0.00000000
9190 354 0.00000000 0.47817675
9200 354 -0.00000000 0.95635349
9210 354 -0.00002719 1.43353061
9220 354 -0.06516628 1.90747670
9230 354 -0.14735346 2.37988570
9240 354 -0.22854102 2.85226752
9250 354 -0.30972857 3.32464934
9260 354 -0.48097069 3.75946555
9270 354 -0.74221301 4.15871541
9280 354 -1.00245569 4.55793809
9290 354 -1.20077567 4.95347593
9300 354 -1.35611153 5.34784475
9310 354 -1.51147459 5.74121395
9320 354 -1.61466656 6.14016685
9330 354 -1.59544145 6.55279670
9340 354 -1.57518952 6.96639900
9350 354 -1.52270475 7.38812799
9360 354 -1.43596067 7.81892895
9370 354 -1.34821696 8.24970272
9210 355 0.02577499 -0.15575831
9220 355 0.02452440 0.27643544
9230 355 0.02427345 0.70860200
9240 355 0.02302287 1.14079575
9250 355 0.01693725 1.57912322
9260 355 -0.01245983 2.04309392
9270 355 -0.04091165 2.50503817
9280 355 -0.07030873 2.96900887
9290 355 -0.09873337 3.43195276
9300 355 -0.22115672 3.85943904
9310 355 -0.40626401 4.26262050
9320 355 -0.59237092 4.66582915
9330 355 -0.85496629 5.05211101
9340 355 -1.13771739 5.43293881
9350 355 -1.31072664 5.80277905
9360 355 -1.40992636 6.16460969
9370 355 -1.48059270 6.54567172
9380 355 -1.43620744 7.00063320
9390 355 -1.39282181 7.45562187
9400 355 -1.34868123 7.90158667
9220 356 -0.09318103 -0.15252310
9230 356 -0.09832139 0.28377792
9240 356 -0.10248930 0.71905211
9250 356 -0.10265869 1.15421757
9260 356 -0.06084361 1.58824118
9270 356 -0.01905572 2.02126517
9280 356 0.02173255 2.45431634
9290 356 -0.05635364 2.89360161
9300 356 -0.14843465 3.33326749
9310 356 -0.24051567 3.77293337
9320 356 -0.33259668 4.21259925
9330 356 -0.67820111 4.52611094
9340 356 -1.02380554 4.83962263
9350 356 -1.29475765 5.17611327
9360 356 -1.39414141 5.56796002
9370 356 -1.49355235 5.95880713
9380 356 -1.50393554 6.38624740
9390 356 -1.47487097 6.82962112
9400 356 -1.44483396 7.27196802
9410 356 -1.40001371 7.74292358
