4250 167 0.00000000 0.00000000
4260 167 0.00000000 0.51000000
4270 167 0.00000000 1.01900000
4280 167 0.00000000 1.52800000
4290 167 0.00600000 2.04200000
4300 167 0.01700000 2.56000000
4310 167 0.02900000 3.07900000
4320 167 0.04100000 3.59700000
4330 167 0.04800000 4.11900000
4340 167 0.04800000 4.64500000
4350 167 0.04800000 5.17100000
4360 167 0.04800000 5.69700000
4370 167 0.04800000 6.22700000
4380 167 0.04800000 6.76800000
4390 167 0.04800000 7.31000000
4400 167 0.04800000 7.85200000
4410 167 0.04500000 8.39100000
4420 167 0.03000000 8.91500000
4430 167 0.01600000 9.43900000
4440 167 0.00100000 9.96300000
4090 166 0.11000000 0.01700000
4100 166 0.14200000 0.57100000
4110 166 0.17400000 1.12500000
4120 166 0.20500000 1.67900000
4130 166 0.23400000 2.25800000
4140 166 0.26100000 2.84800000
4150 166 0.28900000 3.43700000
4160 166 0.31200000 4.02000000
4170 166 0.31700000 4.57800000
4180 166 0.32300000 5.13600000
4190 166 0.32800000 5.69400000
4200 166 0.33400000 6.25200000
4210 166 0.29600000 6.82200000
4220 166 0.25300000 7.39400000
4230 166 0.21000000 7.96600000
4240 166 0.16700000 8.53900000
4250 166 0.16100000 9.15300000
4260 166 0.15400000 9.76700000
4270 166 0.14800000 10.38200000
4280 166 0.15200000 10.99700000
4260 168 0.43600000 0.39100000
4270 168 0.45600000 0.87100000
4280 168 0.47700000 1.35300000
4290 168 0.49700000 1.83400000
4300 168 0.54100000 2.36000000
4310 168 0.59200000 2.89700000
4320 168 0.64200000 3.43400000
4330 168 0.69200000 3.97100000
4340 168 0.68100000 4.51400000
4350 168 0.67000000 5.05600000
4360 168 0.66000000 5.59800000
4370 168 0.64900000 6.14000000
4380 168 0.63800000 6.68200000
4390 168 0.62700000 7.22400000
4400 168 0.62400000 7.77700000
4410 168 0.63200000 8.34500000
4420 168 0.64100000 8.91400000
4430 168 0.64900000 9.48300000
4440 168 0.65700000 10.05100000
4450 168 0.66600000 10.62000000
