7990 316 0.00000000 0.00000000
8000 316 -0.00000000 0.64083461
8010 316 -0.00010923 1.28266324
8020 316 0.00077555 1.92460110
8030 316 0.00613887 2.52578430
8040 316 0.01304237 3.12210664
8050 316 0.02093988 3.71853822
8060 316 0.02784338 4.31486057
8070 316 0.11786192 4.87806361
8080 316 0.26251859 5.42010830
8090 316 0.40728449 5.96115898
8100 316 0.53807955 6.45540350
8110 316 0.66643872 6.94435025
8120 316 0.79490713 7.43230298
8130 316 0.93812193 7.87761133
8140 316 1.08133672 8.32291967
8150 316 1.22355751 8.76811879
8160 316 1.33309591 9.21777458
8170 316 1.40696988 9.67155938
8180 316 1.48194711 10.12445938
7900 315 0.12426295 -0.06883835
7910 315 0.03700799 0.46884796
7920 315 -0.05035621 1.00752829
7930 315 -0.13772040 1.54620862
7940 315 -0.11566635 2.06874438
7950 315 -0.06590000 2.58627728
7960 315 -0.01624288 3.10480421
7970 315 0.03440825 3.62344036
7980 315 0.08161856 4.12761413
7990 315 0.12415372 4.60109355
8000 315 0.16779212 5.07368819
8010 315 0.21043651 5.54617359
8020 315 0.25561509 6.01390738
8030 315 0.30244309 6.47578630
8040 315 0.35015587 6.93876847
8050 315 0.39797788 7.40075662
8060 315 0.43166520 7.86320356
8070 315 0.34774183 8.32479847
8080 315 0.26392769 8.78539937
8090 315 0.18000432 9.24699429
