450 14 0.00000000 0.00000000
460 14 0.00000000 0.50068154
470 14 0.00000000 1.00136307
480 14 0.00099664 1.50196272
490 14 0.01235516 2.01876828
500 14 0.04154337 2.55718637
510 14 0.07073159 3.09560447
520 14 0.11048740 3.61609700
530 14 0.19210415 4.05990406
540 14 0.27471754 4.50362923
550 14 0.35641618 4.94843293
560 14 0.41953415 5.37469591
570 14 0.46423521 5.78441144
580 14 0.50028008 6.21089211
590 14 0.51551731 6.67721049
600 14 0.53183307 7.14444362
610 14 0.55620385 7.61201828
620 14 0.65589597 8.08042780
630 14 0.75558808 8.54883733
640 14 0.85627683 9.01716496
330 7 -2.48281175 0.21403226
340 7 -2.18766406 0.49681281
350 7 -1.89251637 0.77959336
360 7 -1.63877823 1.10791783
370 7 -1.41264646 1.46660491
380 7 -1.18651470 1.82529200
390 7 -1.03898179 2.21652472
400 7 -0.91188703 2.61545695
410 7 -0.78479227 3.01438917
420 7 -0.70055310 3.41684260
430 7 -0.66016615 3.82289912
440 7 -0.61986109 4.22795899
450 7 -0.57666197 4.64381815
460 7 -0.52958614 5.08243628
470 7 -0.48151366 5.52097252
480 7 -0.43443783 5.95959065
490 7 -0.38437207 6.39796312
500 7 -0.31022314 6.83636355
510 7 -0.24483827 7.24136950
520 7 -0.21068682 7.51047669
380 8 0.07407903 -0.00207317
390 8 0.08029256 0.43990238
400 8 0.08642420 0.88088130
410 8 0.09263773 1.32285685
420 8 0.11363710 1.76161080
430 8 0.14244584 2.19771636
440 8 0.17233310 2.63473667
450 8 0.20213847 3.07076034
460 8 0.24010871 3.48403901
470 8 0.28149231 3.89001364
480 8 0.32187926 4.29607015
490 8 0.35882490 4.73351388
500 8 0.39232923 5.20234483
510 8 0.42583356 5.67117578
520 8 0.45941978 6.14100338
530 8 0.49192747 6.60991621
540 8 0.51805985 7.06229559
550 8 0.54278614 7.50977365
560 8 0.56659769 7.95833023
570 8 0.59140587 8.40680493
390 9 1.11665792 0.04771896
400 9 1.06569338 0.52650034
410 9 1.01365032 1.00436698
420 9 0.96260390 1.48215172
430 9 0.93207751 1.95323360
440 9 0.93187379 2.41480046
450 9 0.93158818 2.87537067
460 9 0.93238110 3.33685563
470 9 0.95037657 3.78789683
480 9 0.98183369 4.23181174
490 9 1.01320892 4.67473001
500 9 1.04366940 5.11872681
510 9 1.07795267 5.56040278
520 9 1.12238012 5.99121155
530 9 1.16680756 6.42202033
540 9 1.21231353 6.85374386
550 9 1.25674097 7.28455264
560 9 1.30432212 7.71710903
570 9 1.37023827 8.16521623
580 9 1.43706917 8.61224490
430 12 -0.42754922 0.16958085
440 12 -0.42297346 0.59162358
450 12 -0.41939434 1.01374819
460 12 -0.41664808 1.43794797
470 12 -0.42562984 1.87816193
480 12 -0.43560824 2.31845778
490 12 -0.44458999 2.75867173
500 12 -0.45572881 3.19705619
510 12 -0.47093608 3.63477155
520 12 -0.48622524 4.07149027
530 12 -0.50051776 4.50812710
540 12 -0.51572503 4.94584247
550 12 -0.53149154 5.36453975
560 12 -0.54683463 5.77617866
570 12 -0.56225960 6.18682092
580 12 -0.53377842 6.61893991
590 12 -0.40088357 7.10067528
600 12 -0.26790682 7.58340728
610 12 -0.13501197 8.06514264
620 12 -0.06558860 8.56814701
450 13 0.88874058 0.08249955
460 13 0.84395962 0.59990429
470 13 0.79826391 1.11838756
480 13 0.75348295 1.63579230
490 13 0.75370265 2.09030077
500 13 0.75392235 2.54480924
510 13 0.75422394 3.00031436
520 13 0.75942685 3.45441339
530 13 0.80242024 3.90440402
540 13 0.84533175 4.35339801
550 13 0.88832515 4.80338864
560 13 0.93032191 5.25346116
570 13 0.92751373 5.59784774
580 13 0.92379081 5.94331284
590 13 0.92006788 6.28877795
600 13 0.94276095 6.69929838
610 13 0.96553591 7.11081545
620 13 1.07440351 7.54435651
630 13 1.20377717 7.98323628
640 13 1.34258396 8.45144208
