7720 310 0.00000000 0.00000000
7730 310 -0.00000000 0.73033691
7740 310 0.00099132 1.46054237
7750 310 -0.00660517 2.18684279
7760 310 -0.08045602 2.87754319
7770 310 -0.15529819 3.56837505
7780 310 -0.22492085 4.26053232
7790 310 -0.27624511 4.96135956
7800 310 -0.32770081 5.66119547
7810 310 -0.36274765 6.33262806
7820 310 -0.32984229 6.88509637
7830 310 -0.29680548 7.43855601
7840 310 -0.20083882 7.96450505
7850 310 -0.09052808 8.48451711
7860 310 0.01978265 9.00452917
7870 310 0.34935110 9.61853621
7880 310 0.70270035 10.24452128
7890 310 1.05426960 10.86468985
7900 310 1.40518162 11.47990181
7910 310 1.75497087 12.09425389
7630 305 0.12413449 0.41125130
7640 305 0.03564930 0.86986156
7650 305 -0.05283589 1.32847182
7660 305 -0.10722175 1.78558688
7670 305 -0.12651695 2.24107529
7680 305 -0.14680348 2.69669515
7690 305 -0.17434146 3.12805771
7700 305 -0.21098208 3.53641719
7710 305 -0.24663138 3.94464523
7720 305 -0.28327200 4.35300471
7730 305 -0.28615834 4.78008979
7740 305 -0.25714160 5.22715469
7750 305 -0.22799341 5.67521092
7760 305 -0.20161654 6.11758210
7770 305 -0.18151075 6.55069728
7780 305 -0.16140496 6.98381246
7790 305 -0.14043929 7.41580487
7800 305 -0.13242108 7.84144404
7810 305 -0.14197283 8.25629915
7820 305 -0.15264736 8.67029439
7780 314 0.09309676 0.29129022
7790 314 0.02064253 0.78711618
7800 314 -0.05095183 1.28181938
7810 314 -0.08677639 1.74958705
7820 314 -0.06917903 2.17899983
7830 314 -0.05059035 2.60828116
7840 314 -0.05440777 3.04355972
7850 314 -0.10885387 3.49261275
7860 314 -0.16217721 3.94252566
7870 314 -0.21662331 4.39157868
7880 314 -0.33775097 4.84745596
7890 314 -0.48590725 5.30489964
7900 314 -0.63492341 5.76346608
7910 314 -0.74089642 6.18908883
7920 314 -0.81837299 6.59378424
7930 314 -0.89485824 6.99834821
7940 314 -0.95726232 7.39499255
7950 314 -0.88619922 7.72551946
7960 314 -0.81513613 8.05604637
7970 314 -0.74308171 8.38644183
