4670 181 0.00000000 0.00000000
4680 181 -0.00000000 0.49108044
4690 181 -0.11486509 0.91289321
4700 181 -0.23052028 1.33353305
4710 181 -0.34433463 1.72906092
4720 181 -0.44843977 2.02256070
4730 181 -0.55235350 2.31507896
4740 181 -0.64968582 2.58952280
4750 181 -0.74237532 2.85060834
4760 181 -0.83291039 3.11109519
4770 181 -0.91659932 3.36782299
4780 181 -0.99681836 3.61198258
4790 181 -1.04954292 3.74128115
4800 181 -1.10344040 3.87136982
4810 181 -1.14831696 3.96042651
4820 181 -1.18553693 4.01022283
4830 181 -1.22177539 4.06021057
4840 181 -1.25782244 4.10921680
4850 181 -1.29504241 4.15901312
4860 181 -1.33108946 4.20801935
4660 176 -0.54224925 0.37208568
4670 176 -0.70904066 0.76237612
4680 176 -0.88993159 1.15704873
4690 176 -1.08473064 1.55512200
4700 176 -1.27972109 1.95417679
4710 176 -1.40010056 2.28933166
4720 176 -1.50310201 2.60851765
4730 176 -1.63514963 2.84155076
4740 176 -1.80998860 2.94397797
4750 176 -1.96366607 3.04238140
4760 176 -2.03504338 3.12626989
4770 176 -2.10622927 3.20917688
4780 176 -2.12396160 3.27398093
4790 176 -2.14052100 3.33799488
4800 176 -2.15806192 3.40181742
4810 176 -2.17462132 3.46583137
4820 176 -2.19235365 3.53063542
4830 176 -2.21975039 3.66589228
4840 176 -2.25535352 3.84845300
4850 176 -2.29095664 4.03101373
