7630 304 0.00000000 0.00000000
7640 304 0.00000000 0.47538616
7650 304 0.00000000 0.95077232
7660 304 0.00312167 1.41634751
7670 304 0.01774978 1.84287654
7680 304 0.03237789 2.26940558
7690 304 0.04602574 2.69613235
7700 304 0.06457487 3.12187045
7710 304 0.08312400 3.54760855
7720 304 0.10265339 3.97314891
7730 304 0.12120252 4.39888701
7740 304 0.14743803 4.84755805
7750 304 0.17485995 5.30211062
7760 304 0.20326212 5.75646545
7770 304 0.23068404 6.21101802
7780 304 0.26929265 6.67045504
7790 304 0.31379121 7.13380467
7800 304 0.35828978 7.59715430
7810 304 0.39239258 8.05954050
7820 304 0.33391380 8.51305812
7480 295 0.84266231 -0.26791272
7490 295 0.86618004 0.19762881
7500 295 0.88989549 0.66415059
7510 295 0.91361095 1.13067238
7520 295 0.92770475 1.58995374
7530 295 0.93571088 2.04434223
7540 295 0.94371700 2.49873072
7550 295 0.90858346 2.95672050
7560 295 0.81167698 3.41696949
7570 295 0.71280998 3.87761395
7580 295 0.61492325 4.33806067
7590 295 0.56793408 4.74233412
7600 295 0.54227915 5.12088111
7610 295 0.51682195 5.50040836
7620 295 0.55116876 5.87297284
7630 295 0.62512127 6.23958848
7640 295 0.69927152 6.60718437
7650 295 0.75531438 6.93558687
7660 295 0.78341364 7.20637725
7670 295 0.81249315 7.47696990
7490 297 -0.09009518 0.19057770
7500 297 -0.06094414 0.62335849
7510 297 -0.03199083 1.05515903
7520 297 -0.03633257 1.51407858
7530 297 -0.06182763 1.98950681
7540 297 -0.08732269 2.46493504
7550 297 -0.05084708 2.93908431
7560 297 -0.01358895 3.41205559
7570 297 -0.02578956 3.86235898
7580 297 -0.08764664 4.28901423
7590 297 -0.14950372 4.71566948
7600 297 -0.14076556 5.13828591
7610 297 -0.10261132 5.56006933
7620 297 -0.06311501 5.96321947
7630 297 -0.01526338 6.20044136
7640 297 0.03239051 6.43668299
7650 297 0.08199650 6.66743013
7660 297 0.13688240 6.88895110
7670 297 0.19059032 7.10968954
7680 297 0.27381529 7.39078312
7510 301 1.26701627 -0.05563056
7520 301 1.34700598 0.52297694
7530 301 1.42601543 1.10178218
7540 301 1.46205771 1.66987192
7550 301 1.48083403 2.23328336
7560 301 1.49863009 2.79689254
7570 301 1.42609958 3.29201002
7580 301 1.34394742 3.77988708
7590 301 1.26179526 4.26776414
7600 301 1.17316836 4.75388683
7610 301 1.08375894 5.24118751
7620 301 1.01880543 5.69295077
7630 301 0.97146287 6.12075877
7640 301 1.10739446 6.49119446
7650 301 1.34392217 6.85460008
7660 301 1.49868899 7.34875413
7670 301 1.66366224 7.84799038
7680 301 1.84787038 8.35660847
7690 301 2.03109826 8.86542429
7700 301 2.07978710 9.49115139
7630 305 0.67528260 0.15146423
7640 305 0.61780091 0.61498215
7650 305 0.56031922 1.07850006
7660 305 0.53675942 1.53823578
7670 305 0.54810178 1.99399158
7680 305 0.55846388 2.44994512
7690 305 0.55996161 2.88218320
7700 305 0.55083219 3.29208154
7710 305 0.54268303 3.70178216
7720 305 0.53355361 4.11168050
7730 305 0.55936000 4.53799498
7740 305 0.61833942 4.98210130
7750 305 0.67751657 5.42718788
7760 305 0.73354681 5.86678840
7770 305 0.78269843 6.29757502
7780 305 0.83185005 6.72836165
7790 305 0.88178419 7.15797029
7800 305 0.91837339 7.58210969
7810 305 0.93670796 7.99666951
7820 305 0.95386454 8.41044680
7780 312 -0.24535001 0.11376015
7790 312 -0.23991443 0.55540532
7800 312 -0.23447885 0.99705048
7810 312 -0.22904327 1.43869565
7820 312 -0.20456212 1.89384142
7830 312 -0.17438875 2.35191955
7840 312 -0.14519565 2.81019541
7850 312 -0.15853217 3.28521134
7860 312 -0.19068288 3.76810298
7870 312 -0.22283358 4.25099461
7880 312 -0.29505276 4.69708248
7890 312 -0.40734043 5.10636659
7900 312 -0.51864783 5.51545297
7910 312 -0.63093549 5.92473707
7920 312 -0.62754456 6.31578759
7930 312 -0.62493616 6.70801609
7940 312 -0.61487276 7.10180121
7950 312 -0.54927136 7.51804808
7960 312 -0.48268969 7.93409722
7970 312 -0.39301944 8.31794516
7780 313 0.77478486 -0.28074440
7790 313 0.77892045 0.20502911
7800 313 0.78325377 0.69178287
7810 313 0.78483564 1.17501107
7820 313 0.76009786 1.63396427
7830 313 0.73516234 2.09193722
7840 313 0.73236041 2.53320375
7850 313 0.76207099 2.94852926
7860 313 0.79178157 3.36385477
7870 313 0.75179724 3.85342729
7880 313 0.68126931 4.37364438
7890 313 0.59758576 4.88427346
7900 313 0.45695483 5.35028198
7910 313 0.31730415 5.81609277
7920 313 0.23333872 6.27475147
7930 313 0.18779259 6.72157980
7940 313 0.27784149 7.09719023
7950 313 0.38611978 7.46708320
7960 313 0.53889663 7.82493964
7970 313 0.69461425 8.18220288
7780 314 0.63625748 0.03385879
7790 314 0.59727023 0.53343160
7800 314 0.55906550 1.03182642
7810 314 0.55474059 1.50094399
7820 314 0.60114077 1.92820507
7830 314 0.64852120 2.35526840
7840 314 0.67394894 2.78982039
7850 314 0.64978753 3.24151634
7860 314 0.62680411 3.69399480
7870 314 0.60264270 4.14569075
7880 314 0.51240869 4.60867436
7890 314 0.39531231 5.07503627
7900 314 0.27743340 5.54257618
7910 314 0.20028770 5.97435568
7920 314 0.15016844 6.38334109
7930 314 0.10102945 6.79212876
7940 314 0.06540788 7.19206888
7950 314 0.15851114 7.51707624
7960 314 0.25161439 7.84208360
7970 314 0.34569791 8.16689323
