1520 39 0.00000000 0.00000000
1530 39 -0.00000000 0.51812450
1540 39 0.00096116 1.03652500
1550 39 0.00068516 1.55561066
1560 39 -0.01475128 2.11299986
1570 39 -0.03639280 2.68837508
1580 39 -0.06051827 3.27240073
1590 39 -0.10247923 3.94390150
1600 39 -0.14444019 4.61540226
1610 39 -0.18736230 5.28662703
1620 39 -0.27382222 5.95367327
1630 39 -0.37072171 6.62084303
1640 39 -0.46762120 7.28801279
1650 39 -0.52964297 7.96415723
1660 39 -0.58713494 8.64264280
1670 39 -0.64558807 9.32085238
1680 39 -0.74135463 9.96233719
1690 39 -0.83835834 10.60450717
1700 39 -0.93536206 11.24667715
1710 39 -1.01075320 11.85343672
1510 38 -1.18085711 -0.23191916
1520 38 -0.99293509 0.27670183
1530 38 -0.80405192 0.78559882
1540 38 -0.63289807 1.30188979
1550 38 -0.61032628 1.88996080
1560 38 -0.58843965 2.47679466
1570 38 -0.57893228 2.97267933
1580 38 -0.58372650 3.37706283
1590 38 -0.59981722 3.80629364
1600 38 -0.62775645 4.26229408
1610 38 -0.66843780 4.69382743
1620 38 -0.71062264 5.11972699
1630 38 -0.75447310 5.55867361
1640 38 -0.79946615 6.03058528
1650 38 -0.84418320 6.50153580
1660 38 -0.89013740 6.97317147
1670 38 -0.94141080 7.41622908
1680 38 -0.99364535 7.85901068
1690 38 -1.04587989 8.30179229
1700 38 -1.11016174 8.71406386
1560 40 0.70486147 0.26274380
1570 40 0.53467072 0.67789691
1580 40 0.36475596 1.09208887
1590 40 0.19456520 1.50724198
1600 40 0.02146202 1.94340742
1610 40 -0.15843682 2.42860161
1620 40 -0.33737451 2.91407180
1630 40 -0.51274356 3.40160713
1640 40 -0.66971741 3.89754584
1650 40 -0.82669126 4.39348456
1660 40 -0.98366512 4.88942327
1670 40 -1.08707077 5.38721868
1680 40 -1.17783853 5.88448141
1690 40 -1.26792112 6.38298128
1700 40 -1.35799407 6.87420105
1710 40 -1.44901852 7.35786473
1720 40 -1.53880582 7.84084324
1730 40 -1.62886912 8.32478290
1740 40 -1.71961757 8.80748542
1750 40 -1.72407982 9.27230806
1650 41 2.03345913 0.64320834
1660 41 1.77434573 1.09629249
1670 41 1.51550833 1.54841548
1680 41 1.24500385 1.99406705
1690 41 0.92921103 2.40902716
1700 41 0.61341820 2.82398727
1710 41 0.33411082 3.27855562
1720 41 0.14163005 3.82568281
1730 41 -0.05085071 4.37280999
1740 41 -0.21833169 4.91983295
1750 41 -0.36081289 5.46675169
1760 41 -0.50425525 6.01339444
1770 41 -0.64701244 6.56127433
1780 41 -0.76273366 7.12732168
1790 41 -0.87749373 7.69364502
1800 41 -0.99321495 8.25969237
1810 41 -1.10825100 8.82697687
1820 41 -1.19029306 9.37356365
1830 41 -1.26271388 9.91563027
1840 41 -1.33609585 10.45742090
