9900 370 0.00000000 0.00000000
9910 370 -0.00000000 0.55000000
9920 370 -0.00000000 1.10000000
9930 370 -0.00000000 1.65100000
9940 370 -0.00000000 2.20100000
9950 370 0.10400000 2.74700000
9960 370 0.20800000 3.29100000
9970 370 0.31300000 3.83700000
9980 370 0.42000000 4.37300000
9990 370 0.55900000 4.83500000
10000 370 0.69800000 5.29700000
10010 370 0.83800000 5.75900000
10020 370 0.97300000 6.25000000
10030 370 1.10500000 6.77100000
10040 370 1.23700000 7.29100000
10050 370 1.36900000 7.81200000
10060 370 1.42300000 8.31500000
10070 370 1.44400000 8.81000000
10080 370 1.46500000 9.30500000
10090 370 1.44500000 9.79500000
9900 369 -0.52800000 -0.02100000
9910 369 -0.49700000 0.52200000
9920 369 -0.46500000 1.06500000
9930 369 -0.43400000 1.60800000
9940 369 -0.39900000 2.15400000
9950 369 -0.33200000 2.73300000
9960 369 -0.26600000 3.31200000
9970 369 -0.20000000 3.89000000
9980 369 -0.11100000 4.44300000
9990 369 -0.00000000 4.96900000
10000 369 0.11200000 5.49500000
10010 369 0.24300000 6.00000000
10020 369 0.39300000 6.48300000
10030 369 0.54300000 6.96700000
10040 369 0.60900000 7.45800000
10050 369 0.65400000 7.95100000
10060 369 0.69800000 8.44400000
10070 369 0.72000000 8.93100000
10080 369 0.72500000 9.41500000
10090 369 0.73000000 9.89800000
9950 373 -0.18300000 0.29300000
9960 373 -0.22200000 0.89000000
9970 373 -0.26200000 1.48600000
9980 373 -0.32500000 2.09400000
9990 373 -0.42300000 2.71900000
10000 373 -0.52200000 3.34400000
10010 373 -0.62000000 3.96900000
10020 373 -0.85900000 4.54200000
10030 373 -1.09700000 5.11400000
10040 373 -1.23400000 5.66100000
10050 373 -1.26800000 6.18200000
10060 373 -1.25100000 6.71400000
10070 373 -1.15800000 7.26400000
10080 373 -1.07000000 7.81300000
10090 373 -1.03300000 8.36600000
10100 373 -0.99500000 8.91800000
10110 373 -0.95800000 9.47000000
10120 373 -0.91300000 10.02500000
10130 373 -0.86600000 10.58100000
10140 373 -0.82000000 11.13600000
10050 374 -0.41300000 0.06300000
10060 374 -0.24500000 0.56800000
10070 374 -0.07800000 1.07300000
10080 374 0.08400000 1.58200000
10090 374 0.20800000 2.12800000
10100 374 0.33200000 2.67400000
10110 374 0.40600000 3.20600000
10120 374 0.40600000 3.71800000
10130 374 0.40600000 4.23000000
10140 374 0.38400000 4.73500000
10150 374 0.33000000 5.22800000
10160 374 0.27500000 5.72100000
10170 374 0.22100000 6.21400000
10180 374 0.18800000 6.66100000
10190 374 0.15800000 7.10300000
10200 374 0.12900000 7.54500000
10210 374 0.09900000 7.98700000
10220 374 0.10100000 8.45900000
10230 374 0.10800000 8.93400000
10240 374 0.11300000 9.40900000
