8480 340 0.00000000 0.00000000
8490 340 0.00000000 0.40655258
8500 340 -0.00043537 0.81400541
8510 340 -0.03249026 1.23171522
8520 340 -0.11396312 1.66662576
8530 340 -0.19543598 2.10153629
8540 340 -0.27690883 2.53644683
8550 340 -0.50583863 2.94781059
8560 340 -0.75134931 3.35670973
8570 340 -0.99685999 3.76560887
8580 340 -1.24237067 4.17450801
8590 340 -1.53248074 4.59294097
8600 340 -1.82349107 5.01093857
8610 340 -2.11316578 5.42847127
8620 340 -2.37536803 5.86040065
8630 340 -2.59435815 6.31322768
8640 340 -2.81334828 6.76605472
8650 340 -3.03190303 7.21798150
8660 340 -3.19112229 7.72637331
8670 340 -3.33361309 8.24840911
8310 337 1.06389929 0.12683968
8320 337 0.70054407 0.48541323
8330 337 0.33808911 0.84442214
8340 337 -0.02526610 1.20299569
8350 337 -0.37468216 1.56719950
8360 337 -0.67150724 1.95128266
8370 337 -0.96833231 2.33536582
8380 337 -1.25656071 2.72693879
8390 337 -1.45943484 3.18089483
8400 337 -1.66364459 3.63531576
8410 337 -1.86651872 4.08927180
8420 337 -2.01071409 4.51606531
8430 337 -2.13934690 4.93594458
8440 337 -2.26707945 5.35625921
8450 337 -2.38504943 5.80462188
8460 337 -2.49604615 6.27301886
8470 337 -2.60704286 6.74141584
8480 337 -2.71760421 7.20891257
8490 337 -2.87131126 7.69442172
8500 337 -3.04281675 8.18687463
8470 339 -0.68143215 -0.59613691
8480 339 -0.75449281 -0.20159016
8490 339 -0.82708859 0.19429221
8500 339 -0.89968437 0.59017459
8510 339 -0.97184477 0.98515671
8520 339 -1.11102234 1.38549607
8530 339 -1.25110017 1.78540006
8540 339 -1.39027774 2.18573942
8550 339 -1.52945531 2.58607878
8560 339 -1.74195181 2.98872781
8570 339 -2.00183701 3.39289693
8580 339 -2.26172221 3.79706606
8590 339 -2.52160742 4.20123518
8600 339 -2.77913868 4.61431828
8610 339 -3.00564075 5.10794447
8620 339 -3.23214282 5.60157066
8630 339 -3.45864488 6.09519684
8640 339 -3.68468207 6.59015865
8650 339 -3.87790431 7.09765758
8660 339 -4.06255939 7.61041045
