3040 87 0.00000000 0.00000000
3050 87 0.00000000 0.40221014
3060 87 0.00093483 0.80645156
3070 87 0.00093483 1.20866171
3080 87 0.06103277 1.60881323
3090 87 0.12116303 2.00796527
3100 87 0.18126097 2.40811679
3110 87 0.24206749 2.81729593
3120 87 0.30342099 3.24050007
3130 87 0.36477449 3.66370421
3140 87 0.42612799 4.08690836
3150 87 0.40468646 4.50243244
3160 87 0.37325016 4.91763330
3170 87 0.34281333 5.33286649
3180 87 0.31140935 5.74706788
3190 87 0.29048497 6.14660032
3200 87 0.27268830 6.54223181
3210 87 0.25389215 6.93783098
3220 87 0.23509601 7.33343016
3230 87 0.21571808 7.74701992
3020 86 -0.95293221 -0.29595474
3030 86 -0.92890994 0.07501551
3040 86 -0.90488767 0.44598577
3050 86 -0.87986592 0.81698835
3060 86 -0.84907356 1.19518119
3070 86 -0.81641153 1.57743659
3080 86 -0.77862283 1.95585569
3090 86 -0.70791352 2.30632423
3100 86 -0.63723654 2.65779224
3110 86 -0.56655955 3.00926025
3120 86 -0.54947147 3.40902143
3130 86 -0.53754238 3.81361838
3140 86 -0.52664510 4.21918250
3150 86 -0.51474833 4.62477893
3160 86 -0.49721023 5.04156355
3170 86 -0.47870498 5.45937996
3180 86 -0.46016741 5.87619690
3190 86 -0.44162984 6.29301383
3200 86 -0.44707972 6.70905505
3210 86 -0.47554992 7.12535236
3210 88 -0.88236213 -0.21963394
3220 88 -0.77381191 0.26012521
3230 88 -0.66426221 0.73991669
3240 88 -0.64563265 1.21576745
3250 88 -0.63599838 1.69132731
3260 88 -0.62736359 2.16685485
3270 88 -0.61772932 2.64241471
3280 88 -0.62773404 3.16836614
3290 88 -0.63673929 3.69434989
3300 88 -0.64674401 4.22030132
3310 88 -0.64597824 4.72258850
3320 88 -0.64198779 5.21797630
3330 88 -0.63802966 5.71436358
3340 88 -0.63403921 6.20975139
3350 88 -0.63008108 6.70613867
3360 88 -0.55435449 7.21084996
3370 88 -0.47862791 7.71556124
3380 88 -0.40190185 8.22030485
3390 88 -0.32617526 8.72501614
3400 88 -0.21382106 9.21090145
3210 89 -1.69322433 -0.29888356
3220 89 -1.57180770 0.15427756
3230 89 -1.45142287 0.60840584
3240 89 -1.33000624 1.06156696
3250 89 -1.23380280 1.52091639
3260 89 -1.19498975 1.99141671
3270 89 -1.15517723 2.46194934
3280 89 -1.11636419 2.93244966
3290 89 -1.11514592 3.42074416
3300 89 -1.12508351 3.91368051
3310 89 -1.13402162 4.40664918
3320 89 -1.11916620 4.90639043
3330 89 -1.04979202 5.42190204
3340 89 -0.98138499 5.93638185
3350 89 -0.91201081 6.45189346
3360 89 -0.85988632 6.97485143
3370 89 -0.83316894 7.50999457
3380 89 -0.80541977 8.04417056
3390 89 -0.77870239 8.57931370
3400 89 -0.74992141 9.11252253
