8270 321 0.00000000 0.00000000
8280 321 0.00000000 0.77811117
8290 321 0.00057061 1.55704357
8300 321 -0.11646665 2.27887615
8310 321 -0.40902510 2.91809329
8320 321 -0.70158355 3.55731043
8330 321 -0.96059538 4.13790485
8340 321 -1.21903660 4.71932048
8350 321 -1.49552922 5.28527174
8360 321 -1.92099799 5.72093827
8370 321 -2.34564553 6.15603420
8380 321 -2.75025224 6.62347768
8390 321 -3.13920180 7.11170226
8400 321 -3.52897258 7.60049745
8410 321 -3.91048876 8.07138004
8420 321 -4.28003364 8.51567901
8430 321 -4.64900790 8.96079921
8440 321 -5.01855278 9.40509819
8450 321 -5.39096229 9.80146186
8460 321 -5.76394241 10.19700431
8250 320 1.83164315 2.80782627
8260 320 1.43275028 3.13978783
8270 320 1.03303619 3.47232001
8280 320 0.63332210 3.80485218
8290 320 0.33160300 4.22759511
8300 320 0.07169284 4.68947898
8310 320 -0.18821732 5.15136285
8320 320 -0.46237737 5.56469839
8330 320 -0.74359297 5.95736464
8340 320 -1.01338090 6.33843744
8350 320 -1.23935118 6.67566945
8360 320 -1.46392962 7.01315208
8370 320 -1.73243367 7.33123002
8380 320 -2.09885175 7.60653129
8390 320 -2.46609105 7.88240318
8400 320 -2.82986426 8.15099591
8410 320 -3.19295504 8.41180825
8420 320 -3.55522461 8.67204999
8430 320 -3.90517589 8.92373253
8440 320 -4.20560340 9.13978649
8300 327 0.83561581 0.89767378
8310 327 0.58595740 1.47420451
8320 327 0.33572837 2.04991401
8330 327 0.08467813 2.62619413
8340 327 -0.16701212 3.19804815
8350 327 -0.41870238 3.76990216
8360 327 -0.67288328 4.32765665
8370 327 -0.93627495 4.82483753
8380 327 -1.20048784 5.32258903
8390 327 -1.46445012 5.81894869
8400 327 -1.76577981 6.24750956
8410 327 -2.10372509 6.60409613
8420 327 -2.44331281 6.96182394
8430 327 -2.74974717 7.32695813
8440 327 -3.00682740 7.70528968
8450 327 -3.26390763 8.08362122
8460 327 -3.52073725 8.46056093
8470 327 -3.76011307 8.83633242
8480 327 -3.99866767 9.21153331
8490 327 -4.23640105 9.58616358
8340 338 2.95194450 4.01181875
8350 338 2.43390927 4.09169680
8360 338 1.91562343 4.17296667
8370 338 1.39086423 4.27821770
8380 338 0.85352071 4.42143759
8390 338 0.31617718 4.56465749
8400 338 -0.19363814 4.75450568
8410 338 -0.67724770 4.99433645
8420 338 -1.16060665 5.23277538
8430 338 -1.57472485 5.53756731
8440 338 -1.92042352 5.90928283
8450 338 -2.26530097 6.28042773
8460 338 -2.60463809 6.63676370
8470 338 -2.93079328 6.97176339
8480 338 -3.25891092 7.30569125
8490 338 -3.58645794 7.64044033
8500 338 -3.88477649 7.98045216
8510 338 -4.16582245 8.32429248
8520 338 -4.44547658 8.66838341
8530 338 -4.72570131 9.01165313
