6530 269 0.00000000 0.00000000
6540 269 0.00000000 0.61313049
6550 269 0.00072905 1.22504917
6560 269 0.00048766 1.83720923
6570 269 -0.01863551 2.41902991
6580 269 -0.04817245 2.98798384
6590 269 -0.07673897 3.55669638
6600 269 -0.10530548 4.12540892
6610 269 -0.08024719 4.67356956
6620 269 -0.04208566 5.21640995
6630 269 -0.00416551 5.75827992
6640 269 0.10119705 6.28543524
6650 269 0.27254883 6.79617643
6660 269 0.44584147 7.30643486
6670 269 0.61816368 7.81693467
6680 269 0.87710529 8.29867552
6690 269 1.17389856 8.76687927
6700 269 1.47069182 9.23508303
6710 269 1.75748558 9.75008433
6720 269 2.03989039 10.28472582
6530 268 -0.76947568 0.33257358
6540 268 -0.78132307 0.91464543
6550 268 -0.79341185 1.49574685
6560 268 -0.80550063 2.07684827
6570 268 -0.81174237 2.63588587
6580 268 -0.81846688 3.19298261
6590 268 -0.82446234 3.74886754
6600 268 -0.80475365 4.30866355
6610 268 -0.75739994 4.87188786
6620 268 -0.71028762 5.43414174
6630 268 -0.66317530 5.99639563
6640 268 -0.53040911 6.52600882
6650 268 -0.37507676 7.04691751
6660 268 -0.21877398 7.56758482
6670 268 -0.06344163 8.08849350
6680 268 0.18502750 8.60684482
6690 268 0.43349663 9.12519614
6700 268 0.68196576 9.64354746
6710 268 0.94087312 10.15415003
6720 268 1.22308548 10.64659006
