10050 374 0.00000000 0.00000000
10060 374 -0.00000000 0.53221142
10070 374 -0.00094887 1.06410718
10080 374 -0.00790475 1.59822011
10090 374 -0.06259730 2.15544603
10100 374 -0.11728985 2.71267195
10110 374 -0.21500666 3.24083047
10120 374 -0.37662664 3.72665244
10130 374 -0.53824662 4.21247440
10140 374 -0.71853211 4.68470966
10150 374 -0.92539351 5.13545722
10160 374 -1.13320378 5.58588911
10170 374 -1.34006518 6.03663667
10180 374 -1.51247975 6.45036511
10190 374 -1.68046938 6.86029618
10200 374 -1.84751013 7.27054292
10210 374 -2.01549976 7.68047399
10220 374 -2.16259544 8.12897244
10230 374 -2.30589376 8.58189583
10240 374 -2.45108981 9.03418788
9900 369 -0.08260439 -0.11600653
9910 369 -0.22459495 0.40901602
9920 369 -0.36563665 0.93435424
9930 369 -0.50762721 1.45937679
9940 369 -0.64676928 1.98850861
9950 369 -0.76596439 2.55905442
9960 369 -0.88610837 3.12928457
9970 369 -1.00593669 3.69856585
9980 369 -1.09604938 4.25138563
9990 369 -1.15676397 4.78553049
10000 369 -1.21652969 5.31999103
10010 369 -1.25163792 5.84052288
10020 369 -1.26177299 6.34617719
10030 369 -1.27222372 6.85278037
10040 369 -1.36458927 7.33950987
10050 369 -1.47751244 7.82150817
10060 369 -1.59138448 8.30319080
10070 369 -1.72423770 8.77223560
10080 369 -1.87227473 9.23306749
10090 369 -2.01999610 9.69295052
9900 370 0.41177057 0.07059037
9910 370 0.23815535 0.59246943
9920 370 0.06454014 1.11434850
9930 370 -0.10939074 1.63717643
9940 370 -0.28300595 2.15905550
9950 370 -0.35667592 2.70996813
9960 370 -0.42971456 3.25898303
9970 370 -0.50243566 3.81021133
9980 370 -0.57010238 4.35258225
9990 370 -0.58404609 4.83483797
10000 370 -0.59798979 5.31709368
10010 370 -0.61098463 5.79966506
10020 370 -0.63787808 6.30817537
10030 370 -0.67708806 6.84420483
10040 370 -0.71598238 7.37928542
10050 370 -0.75519236 7.91531487
10060 370 -0.86273233 8.40964285
10070 370 -0.99905973 8.88596296
10080 370 -1.13538713 9.36228306
10090 370 -1.30903992 9.82091658
9930 372 -0.56526220 -0.27446611
9940 372 -0.81223923 0.25251619
9950 372 -1.05890061 0.77854962
9960 372 -1.30651085 1.30426738
9970 372 -1.56012435 1.83852686
9980 372 -1.83048682 2.39145374
9990 372 -2.10148251 2.94311608
10000 372 -2.34527284 3.51120610
10010 372 -2.54857175 4.10330538
10020 372 -2.75250386 4.69414012
10030 372 -2.95580277 5.28623940
10040 372 -3.09712442 5.87260975
10050 372 -3.22295224 6.45675730
10060 372 -3.34814684 7.04216939
10070 372 -3.47397466 7.62631694
10080 372 -3.61310358 8.17758470
10090 372 -3.75729815 8.71873618
10100 372 -3.90085952 9.26115220
10110 372 -4.04442089 9.80356821
10120 372 -4.24650223 10.31597736
9950 373 0.14563761 0.29084306
9960 373 -0.07981978 0.84500817
9970 373 -0.30591038 1.39790874
9980 373 -0.55761298 1.95493549
9990 373 -0.84789236 2.51704480
10000 373 -1.13912061 3.07883846
10010 373 -1.42939998 3.64094777
10020 373 -1.83705564 4.10920717
10030 373 -2.24344677 4.57683336
10040 373 -2.54611032 5.05261984
10050 373 -2.74283289 5.53624907
10060 373 -2.89463535 6.04641474
10070 373 -2.98000555 6.59765056
10080 373 -3.06980445 7.14635919
10090 373 -3.20925843 7.68276443
10100 373 -3.34744787 8.21853647
10110 373 -3.48658619 8.75399285
10120 373 -3.61908052 9.29482115
10130 373 -3.74999278 9.83722965
10140 373 -3.88153825 10.37837361
