10150 376 0.00000000 0.00000000
10160 376 0.00000000 0.39893483
10170 376 0.00000000 0.79786966
10180 376 -0.07710783 1.19969971
10190 376 -0.27088134 1.60400383
10200 376 -0.46398556 2.00955378
10210 376 -0.64156343 2.40515724
10220 376 -0.80792895 2.79473716
10230 376 -0.97525202 3.18402882
10240 376 -1.10849433 3.59193504
10250 376 -1.21790067 4.01432733
10260 376 -1.32797630 4.43547381
10270 376 -1.39534319 4.86738897
10280 376 -1.44643173 5.30420468
10290 376 -1.49627446 5.74035110
10300 376 -1.54707474 6.17620925
10310 376 -1.55470255 6.63864067
10320 376 -1.56204209 7.10011454
10330 376 -1.56938164 7.56158841
10340 376 -1.58515364 8.02678970
10130 375 0.14752535 0.07887504
10140 375 0.18663951 0.44154580
10150 375 0.22604193 0.80325901
10160 375 0.22598929 1.15727172
10170 375 0.07060802 1.47914384
10180 375 -0.08477324 1.80101596
10190 375 -0.24015451 2.12288808
10200 375 -0.36047742 2.44278244
10210 375 -0.47227513 2.76211028
10220 375 -0.58311529 3.08172639
10230 375 -0.67062332 3.44178520
10240 375 -0.73412993 3.84353252
10250 375 -0.79859409 4.24499158
10260 375 -0.86210071 4.64673890
10270 375 -0.92063408 5.05624939
10280 375 -0.97849816 5.46700570
10290 375 -1.03636225 5.87776201
10300 375 -1.08704973 6.29590048
10310 375 -1.11056485 6.74519442
10320 375 -1.13312241 7.19477662
10170 378 0.14797655 0.00799629
10180 378 0.19918040 0.44845420
10190 378 0.24942670 0.88862383
10200 378 0.29871546 1.32850520
10210 378 0.23974091 1.79845414
10220 378 0.15154606 2.27527137
10230 378 0.06430875 2.75237686
10240 378 -0.07640596 3.26142241
10250 378 -0.24232529 3.78481115
10260 378 -0.40699881 4.30753061
10270 378 -0.51755571 4.83087674
10280 378 -0.54650530 5.35372655
10290 378 -0.57545489 5.87657636
10300 378 -0.61166381 6.37844279
10310 378 -0.66420372 6.83048654
10320 378 -0.71674363 7.28253030
10330 378 -0.77024109 7.73428579
10340 378 -0.79711265 8.18779094
10350 378 -0.78662973 8.64209822
10360 378 -0.77518927 9.09669377
10240 379 -0.05553539 0.08040411
10250 379 0.10164567 0.47757424
10260 379 0.25882674 0.87474437
10270 379 0.33254805 1.30631612
10280 379 0.32118278 1.77075538
10290 379 0.30981752 2.23519465
10300 379 0.28034153 2.70775804
10310 379 0.22432235 3.19217300
10320 379 0.16830318 3.67658796
10330 379 0.11132645 4.16071465
10340 379 0.07108179 4.67598678
10350 379 0.04689989 5.22115853
10360 379 0.02300626 5.76537273
10370 379 -0.00213318 6.31025621
10380 379 -0.06443158 6.85021909
10390 379 -0.18735391 7.38341896
10400 379 -0.30874216 7.91499200
10410 379 -0.43070694 8.44848013
10420 379 -0.55994108 8.97142519
10430 379 -0.69577529 9.48507300
