5830 256 0.00000000 0.00000000
5840 256 -0.00000000 0.29670861
5850 256 -0.00086280 0.59392277
5860 256 -0.01776153 0.89937396
5870 256 -0.05982974 1.21725486
5880 256 -0.10225521 1.53650411
5890 256 -0.16374988 1.85881359
5900 256 -0.30360427 2.19574348
5910 256 -0.44345865 2.53267338
5920 256 -0.63436649 2.89719936
5930 256 -0.85957734 3.27834772
5940 256 -1.08428265 3.66035888
5950 256 -1.39102131 3.98148876
5960 256 -1.77878221 4.24346295
5970 256 -2.16654312 4.50543715
5980 256 -2.55311768 4.78526051
5990 256 -2.93788575 5.10575003
6000 256 -3.32214827 5.42710235
6010 256 -3.68856163 5.74726831
6020 256 -4.04828156 6.06698940
6010 259 -0.12408807 0.33812298
6020 259 0.01453952 0.63009968
6030 259 0.12571256 0.90686953
6040 259 0.12477562 1.12879097
6050 259 0.12470147 1.35020685
6060 259 0.08250519 1.56501019
6070 259 -0.12695958 1.75148944
6080 259 -0.33642434 1.93796869
6090 259 -0.62147842 2.12005980
6100 259 -0.95692538 2.29922548
6110 259 -1.29374068 2.47803391
6120 259 -1.63061664 2.66267297
6130 259 -1.96755328 2.85314267
6140 259 -2.30535271 3.04411792
6150 259 -2.64315214 3.23509316
6160 259 -2.96385736 3.48095728
6170 259 -3.27846905 3.75106740
6180 259 -3.59257521 4.02204033
6190 259 -3.90215840 4.28688603
6200 259 -4.20635584 4.54509896
