7680 306 0.00000000 0.00000000
7690 306 0.00000000 0.51347152
7700 306 0.00000000 1.02694304
7710 306 0.00099908 1.54045740
7720 306 0.03776646 2.01346708
7730 306 0.09029128 2.46913598
7740 306 0.14381518 2.92484772
7750 306 0.17882784 3.36875550
7760 306 0.18650888 3.79647737
7770 306 0.19518902 4.22424209
7780 306 0.20291291 4.65096488
7790 306 0.24437967 4.99105385
7800 306 0.29478169 5.30950579
7810 306 0.34518370 5.62795773
7820 306 0.37080927 5.91732139
7830 306 0.39078312 6.19843533
7840 306 0.40971503 6.48050550
7850 306 0.55093416 6.78183283
7860 306 0.72091243 7.08939809
7870 306 0.88736567 7.38580207
7690 308 0.74081422 0.20693066
7700 308 0.75580044 0.72104486
7710 308 0.77178575 1.23520191
7720 308 0.78677197 1.74931611
7730 308 0.77425521 2.25124074
7740 308 0.76173845 2.75316537
7750 308 0.76296734 3.21464179
7760 308 0.78475044 3.61694453
7770 308 0.80553446 4.01920443
7780 308 0.83973499 4.41203050
7790 308 0.90372296 4.78711654
7800 308 0.96671185 5.16215974
7810 308 1.00275474 5.51202530
7820 308 0.97334513 5.80103062
7830 308 0.94493459 6.09007879
7840 308 0.96716367 6.36528392
7850 308 1.06439594 6.61868259
7860 308 1.16609584 6.86126275
7870 308 1.28345386 7.06547855
7880 308 1.40081187 7.26969436
7720 311 0.53334214 -0.11325263
7730 311 0.44903367 0.40561159
7740 311 0.36472520 0.92447581
7750 311 0.28037388 1.44433912
7760 311 0.15528807 1.98047207
7770 311 0.02707648 2.51947373
7780 311 -0.10313328 3.05838970
7790 311 -0.22252451 3.60177329
7800 311 -0.32140634 4.15704654
7810 311 -0.42028816 4.71231980
7820 311 -0.52807603 5.26520927
7830 311 -0.73021966 5.80104036
7840 311 -0.93236330 6.33687144
7850 311 -1.09564402 6.92341420
7860 311 -1.24079910 7.53075266
7870 311 -1.34708932 8.11873853
7880 311 -1.36227614 8.65958450
7890 311 -1.37742012 9.19943139
7900 311 -1.34143955 9.73746707
7910 311 -1.18514071 10.27065341
