400 10 0.00000000 0.00000000
410 10 0.00000000 0.31806446
420 10 0.00141166 0.63621381
430 10 0.00207505 0.95502654
440 10 -0.18948675 1.25448785
450 10 -0.42829683 1.55039957
460 10 -0.67545428 1.87910338
470 10 -0.93029570 2.24134756
480 10 -1.19617577 2.59867765
490 10 -1.48073130 2.94850925
500 10 -1.76520194 3.29692919
510 10 -2.04900919 3.64609741
520 10 -2.33472172 3.99160914
530 10 -2.62176102 4.33562431
540 10 -2.90738866 4.67972437
550 10 -3.19442796 5.02373955
560 10 -3.47787050 5.28438168
570 10 -3.76146711 5.53580556
580 10 -4.04506371 5.78722944
590 10 -4.27998464 6.03024622
330 7 0.70637883 0.70481625
340 7 0.65718440 1.11059564
350 7 0.60798997 1.51637502
360 7 0.49751551 1.91634426
370 7 0.34618769 2.31244007
380 7 0.19485987 2.70853588
390 7 -0.02965751 3.06126942
400 7 -0.27259569 3.40226948
410 7 -0.51553387 3.74326954
420 7 -0.78699771 4.05209373
430 7 -1.08765060 4.32799378
440 7 -1.38755522 4.60323044
450 7 -1.69436410 4.88726092
460 7 -2.01705655 5.18804586
470 7 -2.33908561 5.48957908
480 7 -2.66177807 5.79036402
490 7 -2.98248035 6.09339379
500 7 -3.28875789 6.41570896
510 7 -3.57357438 6.71097930
520 7 -3.76839652 6.89973664
430 12 1.97486384 2.32253865
440 12 1.63993802 2.57937653
450 12 1.30434881 2.83546613
460 12 0.96659967 3.09213423
470 12 0.60900234 3.34902555
480 12 0.25074163 3.60516860
490 12 -0.10685570 3.86205992
500 12 -0.46428325 4.11612792
510 12 -0.82361607 4.36653943
520 12 -1.18220062 4.61628754
530 12 -1.54012178 4.86678394
540 12 -1.89945460 5.11719544
550 12 -2.24390679 5.35575086
560 12 -2.58245767 5.59041084
570 12 -2.92026026 5.82440744
580 12 -3.24890748 6.10641631
590 12 -3.55461595 6.50172926
600 12 -3.86107270 6.89770560
610 12 -4.16678118 7.29301855
620 12 -4.52758226 7.65030777
