1230 32 0.00000000 0.00000000
1240 32 -0.00000000 0.55803674
1250 32 0.00006093 1.11507533
1260 32 -0.05180483 1.65291447
1270 32 -0.12719951 2.18230435
1280 32 -0.20159605 2.71175516
1290 32 -0.27699072 3.24114504
1300 32 -0.35590488 3.79536661
1310 32 -0.45058861 4.44380241
1320 32 -0.54527234 5.09223822
1330 32 -0.63989515 5.73967588
1340 32 -0.74875895 6.37422192
1350 32 -0.88973175 6.97675214
1360 32 -1.03070454 7.57928236
1370 32 -1.17167734 8.18181259
1380 32 -1.27103281 8.79189249
1390 32 -1.30905181 9.41473321
1400 32 -1.34707081 10.03757392
1410 32 -1.34387030 10.60883022
1420 32 -1.31252470 11.14573752
1170 24 0.79196757 0.00826827
1180 24 0.74362488 0.65251976
1190 24 0.69621940 1.29783033
1200 24 0.63924465 1.96860516
1210 24 0.57711971 2.65810098
1220 24 0.51405755 3.34653774
1230 24 0.43801955 4.03418243
1240 24 0.23764027 4.70722414
1250 24 0.03726099 5.38026585
1260 24 -0.16411644 6.05324663
1270 24 -0.35692274 6.70070221
1280 24 -0.54209513 7.32157352
1290 24 -0.72826567 7.94238391
1300 24 -0.89278172 8.56952541
1310 24 -0.87495673 9.24586798
1320 24 -0.84110054 9.92218725
1330 24 -0.67836215 10.60436994
1340 24 -0.51468654 11.28761169
1350 24 -0.32945501 11.99521206
1360 24 -0.14428441 12.70381057
1190 25 -0.23602747 -0.33500303
1200 25 -0.35869502 0.11535979
1210 25 -0.48236072 0.56566168
1220 25 -0.60502827 1.01602451
1230 25 -0.73447673 1.47899761
1240 25 -0.86976890 1.95564006
1250 25 -1.00500014 2.43128438
1260 25 -1.12182399 2.86797785
1270 25 -1.23498321 3.29387454
1280 25 -1.34720521 3.72083030
1290 25 -1.44021880 4.14495112
1300 25 -1.45845595 4.55860848
1310 25 -1.47575589 4.97332490
1320 25 -1.49399304 5.38698225
1330 25 -1.50367340 5.80817495
1340 25 -1.51335377 6.22936765
1350 25 -1.52303414 6.65056035
1360 25 -1.49602158 6.99584766
1370 25 -1.47006809 7.34207217
1380 25 -1.44311646 7.68835762
1220 31 0.81019397 -0.24108449
1230 31 0.77717106 0.29990857
1240 31 0.74414814 0.84090163
1250 31 0.71112522 1.38189468
1260 31 0.66103533 1.93987945
1270 31 0.59929567 2.50817358
1280 31 0.53649694 3.07740492
1290 31 0.46840285 3.65132233
1300 31 0.34668506 4.28308002
1310 31 0.22403005 4.91377864
1320 31 0.10137505 5.54447726
1330 31 -0.02405397 6.15496933
1340 31 -0.15464215 6.73509063
1350 31 -0.28423218 7.31527286
1360 31 -0.41382222 7.89545510
1370 31 -0.48916134 8.50599913
1380 31 -0.52760684 9.13582684
1390 31 -0.56605234 9.76565455
1400 31 -0.58211221 10.38983568
1410 31 -0.57666275 11.00631301
1350 34 -0.26846261 -0.03341895
1360 34 -0.38062010 0.52378272
1370 34 -0.49084224 1.08210438
1380 34 -0.59413830 1.64185069
1390 34 -0.68470223 2.20638162
1400 34 -0.77420709 2.76997534
1410 34 -0.85136868 3.32831134
1420 34 -0.90895629 3.87782355
1430 34 -0.96660482 4.42833390
1440 34 -1.02419243 4.97784611
1450 34 -1.04529856 5.52056844
1460 34 -1.01364832 6.05248503
1470 34 -0.98099993 6.58446255
1480 34 -0.94934968 7.11637915
1490 34 -0.88317662 7.62435466
1500 34 -0.80329658 8.12114454
1510 34 -0.72341653 8.61793441
1520 34 -0.64353648 9.11472429
1530 34 -0.48950361 9.64409266
1540 34 -0.31793068 10.18154473
1350 35 0.41192987 -0.18324242
1360 35 0.31698451 0.37100246
1370 35 0.22098007 0.92618454
1380 35 0.12603471 1.48042941
1390 35 0.02600008 2.05239713
1400 35 -0.07545919 2.63129092
1410 35 -0.17697939 3.21118285
1420 35 -0.26851816 3.79168406
1430 35 -0.26417436 4.37703620
1440 35 -0.26088963 4.96332556
1450 35 -0.25654583 5.54867770
1460 35 -0.25086162 6.11207072
1470 35 -0.24277792 6.65256739
1480 35 -0.23469423 7.19306406
1490 35 -0.22661053 7.73356074
1500 35 -0.19365750 8.26054755
1510 35 -0.12237187 8.76683142
1520 35 -0.05008810 9.27317622
1530 35 0.02119753 9.77946009
1540 35 0.09256738 10.30077702
1420 36 -0.66484153 -0.13776333
1430 36 -0.80511904 0.25642219
1440 36 -0.94545747 0.65160585
1450 36 -1.08579590 1.04678951
1460 36 -1.11920230 1.49558791
1470 36 -1.15354592 1.94332725
1480 36 -1.18689139 2.39112752
1490 36 -1.21878893 2.84803292
1500 36 -1.24779061 3.32314860
1510 36 -1.27673136 3.79726613
1520 36 -1.30573303 4.27238180
1530 36 -1.33473471 4.74749747
1540 36 -1.32976191 5.20765535
1550 36 -1.30932957 5.66074201
1560 36 -1.28989536 6.11376774
1570 36 -1.26293477 6.50914493
1580 36 -1.20792585 6.67480428
1590 36 -1.15385414 6.83940455
1600 36 -1.09276318 7.06955427
1610 36 -1.02618513 7.34111525
