2070 71 0.00000000 0.00000000
2080 71 -0.00000000 0.46900000
2090 71 -0.00000000 0.93800000
2100 71 0.07000000 1.44000000
2110 71 0.13900000 1.94300000
2120 71 0.20800000 2.44500000
2130 71 0.29100000 2.89900000
2140 71 0.37600000 3.34700000
2150 71 0.46100000 3.79500000
2160 71 0.46800000 4.24800000
2170 71 0.45500000 4.70200000
2180 71 0.44300000 5.15600000
2190 71 0.43000000 5.61000000
2200 71 0.47500000 6.08200000
2210 71 0.52000000 6.55400000
2220 71 0.56600000 7.02700000
2230 71 0.59900000 7.49200000
2240 71 0.60400000 7.94300000
2250 71 0.61000000 8.39400000
2260 71 0.61600000 8.84500000
1960 50 -1.09200000 -0.23600000
1970 50 -1.10500000 0.38400000
1980 50 -1.11800000 1.00400000
1990 50 -1.13100000 1.62400000
2000 50 -1.14400000 2.24400000
2010 50 -1.14500000 2.85900000
2020 50 -1.14500000 3.47300000
2030 50 -1.14500000 4.08800000
2040 50 -1.15300000 4.68700000
2050 50 -1.19000000 5.22600000
2060 50 -1.22700000 5.76500000
2070 50 -1.26400000 6.30500000
2080 50 -1.31900000 6.91700000
2090 50 -1.37300000 7.52900000
2100 50 -1.36500000 8.12900000
2110 50 -1.34100000 8.72500000
2120 50 -1.31700000 9.32100000
2130 50 -1.33900000 9.83800000
2140 50 -1.37200000 10.33500000
2150 50 -1.40500000 10.83200000
2080 72 0.21300000 -0.26300000
2090 72 0.30000000 0.30200000
2100 72 0.38700000 0.86600000
2110 72 0.47200000 1.43200000
2120 72 0.55500000 1.99900000
2130 72 0.65000000 2.54800000
2140 72 0.79300000 3.01900000
2150 72 0.93600000 3.49000000
2160 72 1.03700000 3.99500000
2170 72 1.11900000 4.51300000
2180 72 1.19700000 5.02600000
2190 72 1.22800000 5.50200000
2200 72 1.25800000 5.97700000
2210 72 1.28900000 6.45200000
2220 72 1.27600000 6.93300000
2230 72 1.26200000 7.41400000
2240 72 1.24800000 7.89500000
2250 72 1.22000000 8.38700000
2260 72 1.17700000 8.88900000
2270 72 1.13400000 9.39100000
2090 73 2.22300000 0.02400000
2100 73 2.05300000 0.26400000
2110 73 1.88300000 0.50500000
2120 73 1.72700000 0.76300000
2130 73 1.58300000 1.03400000
2140 73 1.43700000 1.30500000
2150 73 1.34100000 1.63000000
2160 73 1.25600000 1.97000000
2170 73 1.17100000 2.30900000
2180 73 1.10600000 2.67500000
2190 73 1.04800000 3.05300000
2200 73 0.99000000 3.43000000
2210 73 0.97400000 3.80500000
2220 73 0.96700000 4.17900000
2230 73 0.96000000 4.55300000
2240 73 0.96600000 4.92800000
2250 73 1.02000000 5.30700000
2260 73 1.07300000 5.68600000
2270 73 1.12700000 6.06500000
2280 73 1.16800000 6.44500000
2180 75 0.86400000 -0.07200000
2190 75 0.88600000 0.03300000
2200 75 0.90700000 0.13800000
2210 75 0.75800000 0.25200000
2220 75 0.60900000 0.36600000
2230 75 0.49900000 0.59500000
2240 75 0.41600000 0.90000000
2250 75 0.34400000 1.30400000
2260 75 0.27900000 1.77300000
2270 75 0.21500000 2.24300000
2280 75 0.30900000 2.79100000
2290 75 0.40300000 3.34000000
2300 75 0.48900000 3.87800000
2310 75 0.54200000 4.37400000
2320 75 0.59600000 4.87000000
2330 75 0.65100000 5.35400000
2340 75 0.71500000 5.73400000
2350 75 0.78000000 6.11500000
2360 75 0.80100000 6.55800000
2370 75 0.77900000 7.06500000
2180 76 0.26300000 -0.05100000
2190 76 0.27400000 0.24500000
2200 76 0.28500000 0.54200000
2210 76 0.16200000 0.75700000
2220 76 0.00600000 0.95100000
2230 76 -0.13800000 1.21300000
2240 76 -0.23700000 1.74500000
2250 76 -0.26200000 2.22200000
2260 76 -0.21400000 2.64300000
2270 76 -0.19900000 3.06000000
2280 76 -0.21500000 3.47400000
2290 76 -0.23200000 3.88700000
2300 76 -0.23800000 4.32800000
2310 76 -0.23800000 4.78600000
2320 76 -0.23800000 5.24400000
2330 76 -0.23100000 5.70600000
2340 76 -0.19500000 6.18500000
2350 76 -0.15900000 6.66400000
2360 76 -0.12400000 7.14200000
2370 76 -0.08900000 7.60500000
