1210 23 0.00000000 0.00000000
1220 23 0.00000000 0.40184201
1230 23 -0.00099790 0.80361932
1240 23 0.04222555 1.23431844
1250 23 0.09690624 1.67377722
1260 23 0.15058903 2.11317130
1270 23 0.21017713 2.50785378
1280 23 0.26876732 2.90247155
1290 23 0.32742221 3.29609143
1300 23 0.47763548 3.66859106
1310 23 0.62784874 4.04109069
1320 23 0.78723726 4.41117892
1330 23 1.02193148 4.74807003
1340 23 1.25656101 5.08595905
1350 23 1.63048409 5.31563389
1360 23 2.03914967 5.51950257
1370 23 2.49114323 5.62697267
1380 23 2.98546686 5.63797948
1390 23 3.48559376 5.62130377
1400 23 4.00800057 5.49283537
1160 21 0.58431920 -1.56246730
1170 21 0.54237983 -1.17837605
1180 21 0.50150307 -0.79521800
1190 21 0.46787045 -0.41559866
1200 21 0.49728250 -0.08099452
1210 21 0.52662986 0.25460753
1220 21 0.55597721 0.59020957
1230 21 0.61252680 0.92356695
1240 21 0.67705963 1.25744195
1250 21 0.74059455 1.59125225
1260 21 0.80181015 1.92992266
1270 21 0.84047957 2.30721522
1280 21 0.87914900 2.68450778
1290 21 0.92206885 3.05806753
1300 21 1.00059972 3.40788163
1310 21 1.07913058 3.75769573
1320 21 1.22212957 4.04054072
1330 21 1.40702313 4.28000548
1340 21 1.61739188 4.48204011
1350 21 1.84534465 4.66016235
