4510 183 0.00000000 0.00000000
4520 183 0.00000000 0.51888053
4530 183 -0.00013683 1.03875165
4540 183 -0.00112743 1.55749534
4550 183 -0.04000150 2.08009156
4560 183 -0.07873874 2.60169718
4570 183 -0.12031093 3.12190171
4580 183 -0.18913795 3.62017055
4590 183 -0.25810180 4.11942999
4600 183 -0.32781535 4.60950042
4610 183 -0.39974520 5.07907480
4620 183 -0.47167505 5.54864917
4630 183 -0.54360491 6.01822355
4640 183 -0.54797200 6.51025396
4650 183 -0.53690009 7.00744549
4660 183 -0.56439582 7.51344251
4670 183 -0.65037515 8.03356995
4680 183 -0.73621765 8.55270680
4690 183 -0.82206014 9.07184364
4700 183 -0.90863113 9.64741159
4520 184 0.72571812 0.50505268
4530 184 0.66358436 1.01333154
4540 184 0.60145059 1.52161039
4550 184 0.54874675 2.02008738
4560 184 0.51039302 2.50237566
4570 184 0.47217613 2.98367336
4580 184 0.43382241 3.46596164
4590 184 0.34672143 3.95766828
4600 184 0.26074789 4.44852116
4610 184 0.17364691 4.94022780
4620 184 0.09389059 5.42992049
4630 184 0.04634786 5.91295847
4640 184 -0.00232231 6.39685021
4650 184 -0.05099247 6.88074195
4660 184 -0.10530555 7.39817706
4670 184 -0.17538141 7.99318493
4680 184 -0.24559411 8.58918340
4690 184 -0.31580680 9.18518187
4700 184 -0.39295366 9.78022251
4710 184 -0.48721428 10.37491818
