6420 152 0.00000000 0.00000000
6430 152 0.00000000 0.31681067
6440 152 -0.02814930 0.65506001
6450 152 -0.05977387 0.99574298
6460 152 -0.09041362 1.33659956
6470 152 -0.12186458 1.67629771
6480 152 -0.21610068 2.06686852
6490 152 -0.33732765 2.47806680
6500 152 -0.45774342 2.89042349
6510 152 -0.57897040 3.30162176
6520 152 -0.66503127 3.73221964
6530 152 -0.73521830 4.17069288
6540 152 -0.80639014 4.60899251
6550 152 -0.87147949 5.04734896
6560 152 -0.89242891 5.47723978
6570 152 -0.91355194 5.90811542
6580 152 -0.93467496 6.33899106
6590 152 -0.84996191 6.77430784
6600 152 -0.76524885 7.20962462
6610 152 -0.68053579 7.64494140
6410 150 0.71873211 -0.24088204
6420 150 0.70031101 0.07674300
6430 150 0.67552018 0.40746103
6440 150 0.63613704 0.76911551
6450 150 0.59773871 1.13094360
6460 150 0.53854563 1.50129098
6470 150 0.44830561 1.88647372
6480 150 0.35708078 2.27148285
6490 150 0.26539195 2.65336392
6500 150 0.16327417 3.02528322
6510 150 0.06214122 3.39737612
6520 150 -0.03881814 3.76848420
6530 150 -0.11364516 4.17567692
6540 150 -0.18082409 4.59132581
6550 150 -0.24898783 5.00680108
6560 150 -0.31715157 5.42227636
6570 150 -0.35513324 5.84510303
6580 150 -0.32290264 6.28436854
6590 150 -0.29084563 6.72461886
6600 150 -0.23794022 7.13300473
6510 157 -1.58972550 0.66003775
6520 157 -1.51649880 1.00498825
6530 157 -1.41135714 1.33017932
6540 157 -1.27609654 1.63427893
6550 157 -1.13985113 1.93855214
6560 157 -1.01594748 2.22643386
6570 157 -0.91701773 2.47741972
6580 157 -0.81889919 2.72724717
6590 157 -0.72078065 2.97707461
6600 157 -0.63743750 3.20703530
6610 157 -0.55670158 3.43450555
6620 157 -0.52911413 3.50841720
6630 157 -0.52424686 3.51536772
6640 157 -0.51937960 3.52231825
6650 157 -0.51451234 3.52926877
6660 157 -0.50981869 3.53720411
6670 157 -0.50495143 3.54415463
6680 157 -0.50008417 3.55110516
6690 157 -0.49521691 3.55805568
6700 157 -0.49034965 3.56500620
