2050 58 0.00000000 0.00000000
2060 58 -0.00000000 0.32372983
2070 58 0.05652244 0.69455757
2080 58 0.11205640 1.06523395
2090 58 0.16857884 1.43606169
2100 58 0.17585652 1.83779174
2110 58 0.18328555 2.23853332
2120 58 0.19056323 2.64026337
2130 58 0.19784090 3.04199342
2140 58 0.24634122 3.46521053
2150 58 0.30396952 3.89488364
2160 58 0.36273766 4.32371962
2170 58 0.41838901 4.75309001
2180 58 0.44857158 5.18361877
2190 58 0.47974264 5.61429889
2200 58 0.50992521 6.04482765
2210 58 0.54109627 6.47550777
2220 58 0.51569237 6.89246657
2230 58 0.45318036 7.30070822
2240 58 0.39051700 7.70993836
2040 61 -0.09073307 -1.55464514
2050 61 -0.12847442 -1.27513737
2060 61 -0.16621576 -0.99562961
2070 61 -0.20395711 -0.71612184
2080 61 -0.22996028 -0.39435044
2090 61 -0.24689724 -0.04589939
2100 61 -0.26482268 0.30240031
2110 61 -0.28175964 0.65085137
2120 61 -0.27312899 1.03053217
2130 61 -0.24829038 1.42989296
2140 61 -0.22345176 1.82925376
2150 61 -0.19762467 2.22876591
2160 61 -0.15877746 2.65556316
2170 61 -0.09899304 3.12400934
2180 61 -0.03935998 3.59344400
2190 61 0.02042444 4.06189018
2200 61 0.08020886 4.53033636
2210 61 0.08632198 5.00573896
2220 61 0.09258646 5.48015308
2230 61 0.09786247 5.95441584
2070 65 2.02298629 0.56369536
2080 65 2.04730904 0.98624524
2090 65 2.07064332 1.40864376
2100 65 2.10152092 1.85445378
2110 65 2.13407275 2.30254348
2120 65 2.16548475 2.75147030
2130 65 2.15627954 3.17495615
2140 65 2.05078108 3.54019590
2150 65 1.94513125 3.90642412
2160 65 1.83948142 4.27265235
2170 65 1.76655641 4.57712229
2180 65 1.69849349 4.87626680
2190 65 1.62944208 5.17525995
2200 65 1.56054203 5.47326462
2210 65 1.56011575 5.83941871
2220 65 1.58783949 6.23315135
2230 65 1.61556322 6.62688399
2240 65 1.64427544 7.02076800
2250 65 1.60739283 7.44001575
2260 65 1.52619858 7.87776967
2090 67 0.99302250 -0.41345897
2100 67 1.04103167 -0.03988820
2110 67 1.19314925 0.26161012
2120 67 1.44709558 0.49271024
2130 67 1.62364712 0.72713411
2140 67 1.72037284 0.96754446
2150 67 1.64575506 1.24342884
2160 67 1.49800841 1.53441840
2170 67 1.35162708 1.92880591
2180 67 1.20597785 2.39108645
2190 67 1.06032862 2.85336700
2200 67 0.99519097 3.31178938
2210 67 0.96570960 3.76859005
2220 67 0.93622822 4.22539072
2230 67 0.86999398 4.63812068
2240 67 0.78740042 5.03215914
2250 67 0.70480685 5.42619759
2260 67 0.64062062 5.83215957
2270 67 0.60169000 6.25817530
2280 67 0.56374787 6.68434240
2100 71 2.20494976 0.06246258
2110 71 2.30036265 0.48982821
2120 71 2.33426747 0.91586866
2130 71 2.32491090 1.34034298
2140 71 2.31654281 1.76496867
2150 71 2.30422081 2.18898892
2160 71 2.29106169 2.61186932
2170 71 2.27676273 3.03558684
2180 71 2.26246376 3.45930437
2190 71 2.24259843 3.85991312
2200 71 2.22181567 4.25329979
2210 71 2.19989307 4.64752359
2220 71 2.17781911 5.04273586
2230 71 2.14047315 5.45179610
2240 71 2.10327856 5.85986786
2250 71 2.06593260 6.26892810
2260 71 2.02333226 6.66605555
2270 71 1.96702605 7.03376958
2280 71 1.91056848 7.40247209
2290 71 1.85426227 7.77018613
