6510 157 0.00000000 0.00000000
6520 157 0.00000000 0.35263721
6530 157 0.03532242 0.69257298
6540 157 0.10448699 1.01813136
6550 157 0.17457886 1.34406407
6560 157 0.23600176 1.65139976
6570 157 0.28065671 1.91745790
6580 157 0.32475870 2.18221442
6590 157 0.36886068 2.44697094
6600 157 0.40263477 2.68922558
6610 157 0.43437560 2.92850266
6620 157 0.44601363 3.00653186
6630 157 0.44933148 3.01434159
6640 157 0.45264934 3.02215132
6650 157 0.45596720 3.02996104
6660 157 0.45891073 3.03869807
6670 157 0.46222859 3.04650779
6680 157 0.46554645 3.05431752
6690 157 0.46886431 3.06212724
6700 157 0.47218216 3.06993697
6410 150 2.44521843 -0.40192015
6420 150 2.36124261 -0.09504386
6430 150 2.26831708 0.22331733
6440 150 2.15469322 0.56891047
6450 150 2.04199666 0.91487793
6460 150 1.90718956 1.26486086
6470 150 1.73893165 1.62290872
6480 150 1.56974644 1.98058227
6490 150 1.40075690 2.33509959
6500 150 1.22363435 2.67770666
6510 150 1.04743910 3.02068806
6520 150 0.87161818 3.36274215
6530 150 0.71386681 3.74552081
6540 150 0.56184088 4.13815947
6550 150 0.40888765 4.53042381
6560 150 0.25593442 4.92268814
6570 150 0.13097880 5.32841107
6580 150 0.07129140 5.76479441
6590 150 0.01122967 6.20210504
6600 150 -0.02182129 6.61257505
6420 152 1.69213284 -0.31553675
6430 152 1.62634568 -0.00563185
6440 152 1.52857098 0.31939908
6450 152 1.42689140 0.64608894
6460 152 1.32613913 0.97315312
6470 152 1.22483388 1.29891569
6480 152 1.05154814 1.66140438
6490 152 0.84757647 2.03846612
6500 152 0.64415778 2.41682948
6510 152 0.44018611 2.79389123
6520 152 0.26658560 3.19723210
6530 152 0.10687755 3.61157295
6540 152 -0.05375780 4.02553948
6550 152 -0.20845503 4.44082464
6560 152 -0.31821656 4.85699457
6570 152 -0.42835242 5.27409179
6580 152 -0.53848827 5.69118901
6590 152 -0.54601726 6.13460791
6600 152 -0.55354624 6.57802680
6610 152 -0.56107522 7.02144569
6540 132 1.28213073 3.79374034
6550 132 1.25828469 3.64176546
6560 132 1.23388568 3.48848895
6570 132 1.20911234 3.33613974
6580 132 1.18526631 3.18416485
6590 132 1.16049297 3.03181564
6600 132 1.14788511 3.02564783
6610 132 1.13560053 3.03470813
6620 132 1.12294163 3.04469573
6630 132 1.11158435 3.05413036
6640 132 1.09929977 3.06319066
6650 132 1.08756816 3.07355258
6660 132 1.07528358 3.08261289
6670 132 1.06392630 3.09204751
6680 132 1.05126740 3.10203511
6690 132 1.03991012 3.11146974
6700 132 1.02762554 3.12053004
6710 132 1.01589393 3.13089197
6720 132 1.00360935 3.13995227
6730 132 0.99132477 3.14901257
