2980 87 0.00000000 0.00000000
2990 87 -0.00000000 0.48165236
3000 87 0.00045053 0.96419749
3010 87 0.08365992 1.45314350
3020 87 0.18745262 1.94514357
3030 87 0.30734823 2.43797827
3040 87 0.48765047 2.93953296
3050 87 0.66795271 3.44108765
3060 87 0.84914771 3.94219180
3070 87 1.04597846 4.43876571
3080 87 1.25977997 4.92901556
3090 87 1.47268871 5.41971595
3100 87 1.68694075 5.91085856
3110 87 1.85911680 6.39187146
3120 87 2.00443530 6.86627586
3130 87 2.14975380 7.34068025
3140 87 2.29552283 7.81597741
3150 87 2.38896990 8.29191611
3160 87 2.47571711 8.77011578
3170 87 2.56335708 9.24786491
2890 85 -2.10835880 1.15583570
2900 85 -1.75988548 1.66213240
2910 85 -1.41185438 2.16977239
2920 85 -1.06293883 2.67472579
2930 85 -0.71047715 3.17116890
2940 85 -0.35845770 3.66895531
2950 85 -0.03195251 4.16057545
2960 85 0.23457998 4.63989625
2970 85 0.50067023 5.12056035
2980 85 0.76720271 5.59988116
2990 85 0.97346974 6.10849488
3000 85 1.17928623 6.61621584
3010 85 1.38510272 7.12393679
3020 85 1.58738970 7.64464015
3030 85 1.78441977 8.19487932
3040 85 1.98190037 8.74601126
3050 85 2.17803768 9.29670097
3060 85 2.41371596 9.77703080
3070 85 2.64895201 10.25870393
3080 85 2.88373753 10.73948429
2890 86 -2.94347771 1.35213496
2900 86 -2.61114051 1.84865282
2910 86 -2.27969607 2.34562121
2920 86 -1.94825162 2.84258960
2930 86 -1.60117972 3.33279170
2940 86 -1.23893091 3.81533474
2950 86 -0.87712431 4.29922108
2960 86 -0.52291864 4.78358287
2970 86 -0.22813549 5.28337072
2980 86 0.06575489 5.78360911
2990 86 0.35964528 6.28384749
3000 86 0.58792196 6.81831803
3010 86 0.80905655 7.35639283
3020 86 1.03019114 7.89446763
3030 86 1.24459267 8.42585919
3040 86 1.43071030 8.92783949
3050 86 1.61772070 9.42936927
3060 86 1.80383834 9.93134957
3070 86 2.00640975 10.40822463
3080 86 2.22099605 10.86895526
