2720 80 0.00000000 0.00000000
2730 80 0.00000000 0.31364311
2740 80 -0.00022318 0.62588973
2750 80 -0.00022318 0.93953284
2760 80 0.03611748 1.22516959
2770 80 0.09594982 1.49201429
2780 80 0.15659199 1.75944564
2790 80 0.21583768 2.02710017
2800 80 0.19932847 2.35841942
2810 80 0.18223260 2.69054851
2820 80 0.16432690 3.02209094
2830 80 0.13389103 3.29763342
2840 80 0.07351030 3.44405462
2850 80 0.01312957 3.59047582
2860 80 0.02967067 3.55059610
2870 80 0.07870729 3.43176677
2880 80 0.12855376 3.31352410
2890 80 0.17759038 3.19469477
2900 80 0.22662701 3.07586544
2910 80 0.27507698 2.95784595
2790 81 -1.01166578 -0.20065481
2800 81 -0.77767371 0.09850687
2810 81 -0.54449148 0.39708189
2820 81 -0.31049941 0.69624358
2830 81 -0.28783671 1.09792305
2840 81 -0.35486193 1.54329550
2850 81 -0.42188716 1.98866795
2860 81 -0.58305123 2.37819349
2870 81 -0.78498775 2.74559196
2880 81 -0.98714746 3.11159395
2890 81 -1.18849734 3.47818258
2900 81 -1.24418483 3.61812508
2910 81 -1.30068217 3.75748092
2920 81 -1.33544142 3.84466919
2930 81 -1.34049813 3.85335422
2940 81 -1.34636467 3.86145260
2950 81 -1.35142137 3.87013763
2960 81 -1.35589142 3.87801282
2970 81 -1.36094812 3.88669785
2980 81 -1.36600482 3.89538289
