4870 119 0.00000000 0.00000000
4880 119 -0.00000000 0.42147479
4890 119 0.00000000 0.84294958
4900 119 -0.00004745 1.26342550
4910 119 0.02834808 1.69256149
4920 119 0.06987132 2.12407721
4930 119 0.11039569 2.55564039
4940 119 0.15715056 2.99191322
4950 119 0.22297656 3.45030599
4960 119 0.28975398 3.90765244
4970 119 0.35653141 4.36499890
4980 119 0.37231645 4.84479034
4990 119 0.38805405 5.32358292
5000 119 0.40479052 5.80232804
5010 119 0.41372581 6.28544827
5020 119 0.41186330 6.77308597
5030 119 0.40904937 7.26177001
5040 119 0.40718687 7.74940771
5050 119 0.42948713 8.23990205
5060 119 0.46586653 8.73172980
4860 117 0.58900320 -0.03498904
4870 117 0.68023523 0.36813590
4880 117 0.77042093 0.77030941
4890 117 0.81237599 1.16876741
4900 117 0.80605295 1.56251100
4910 117 0.79868359 1.95530318
4920 117 0.79136168 2.34909423
4930 117 0.80805307 2.80581668
4940 117 0.83049807 3.27828384
4950 117 0.85299052 3.75174988
4960 117 0.89165712 4.20742838
4970 117 0.94074191 4.65059842
4980 117 0.98987415 5.09476733
4990 117 1.02454526 5.55063564
5000 117 1.00332216 6.05220775
5010 117 0.98214652 6.55477873
5020 117 0.96097088 7.05734971
5030 117 0.98569596 7.55673901
5040 117 1.05736810 8.05389804
5050 117 1.12904024 8.55105708
4870 118 -0.72341693 -0.01268641
4880 118 -0.74073706 0.46567435
4890 118 -0.75805720 0.94403511
4900 118 -0.76105856 1.40769985
4910 118 -0.73380427 1.83388666
4920 118 -0.70550364 2.26102490
4930 118 -0.65537016 2.68412257
4940 118 -0.51695381 3.09001161
4950 118 -0.37753859 3.49585320
4960 118 -0.24691868 3.86406977
4970 118 -0.17242787 4.25197197
4980 118 -0.22285081 4.70787824
4990 118 -0.26257561 5.19931688
5000 118 -0.28123865 5.77585196
5010 118 -0.29990168 6.35238703
5020 118 -0.27161292 6.88464425
5030 118 -0.22220309 7.39787779
5040 118 -0.17279325 7.91111133
5050 118 -0.12119112 8.38619787
5060 118 -0.06711433 8.85015444
4910 121 0.03944245 -0.09698089
4920 121 0.03543510 0.42980269
4930 121 0.03042887 0.95663373
4940 121 0.06419126 1.45659482
4950 121 0.10175935 1.95237062
4960 121 0.14037376 2.44909784
4970 121 0.15406378 2.94801024
4980 121 0.15181928 3.44868075
4990 121 0.14962223 3.95035013
5000 121 0.14842406 4.45197207
5010 121 0.16972308 4.96353766
5020 121 0.19406617 5.47595976
5030 121 0.21840927 5.98838187
5040 121 0.24279981 6.50180285
5050 121 0.32565174 6.98141160
5060 121 0.42320206 7.45431533
5070 121 0.52170380 7.92617273
5080 121 0.61920666 8.39807758
5090 121 0.59441989 8.86678177
5100 121 0.56868170 9.33653229
