5410 140 0.00000000 0.00000000
5420 140 -0.00000000 0.39997125
5430 140 -0.00074005 0.80061505
5440 140 -0.10090725 1.23756645
5450 140 -0.22562872 1.68467109
5460 140 -0.35102273 2.13103567
5470 140 -0.52726040 2.51550581
5480 140 -0.71829413 2.88369477
5490 140 -0.90939537 3.25329634
5500 140 -1.11946546 3.61986769
5510 140 -1.34783188 3.98414887
5520 140 -1.57693835 4.34910260
5530 140 -1.80604481 4.71405633
5540 140 -1.98071487 4.97684022
5550 140 -2.15464487 5.23895156
5560 140 -2.32931493 5.50173545
5570 140 -2.52732166 5.73437967
5580 140 -2.72875864 5.96473623
5590 140 -2.92945556 6.19442024
5600 140 -3.15652438 6.44266558
5440 141 0.77109042 1.16667886
5450 141 0.60883376 1.61411352
5460 141 0.44590455 2.06080813
5470 141 0.28271032 2.48342100
5480 141 0.11857602 2.89607816
5490 141 -0.04555827 3.30873532
5500 141 -0.20962507 3.71997988
5510 141 -0.40255393 4.15745383
5520 141 -0.59770296 4.59694542
5530 141 -0.79359204 5.03710956
5540 141 -1.04691525 5.40515351
5550 141 -1.32424768 5.74231774
5560 141 -1.60158012 6.07948198
5570 141 -1.87891255 6.41664621
5580 141 -2.17365374 6.67369219
5590 141 -2.47014255 6.92286760
5600 141 -2.76730391 7.17130296
5610 141 -3.05860485 7.37117232
5620 141 -3.34862569 7.55906833
5630 141 -3.63790648 7.74629178
