6570 169 0.00000000 0.00000000
6580 169 -0.00000000 0.51965084
6590 169 -0.00099875 1.03925166
6600 169 -0.00599249 1.55865233
6610 169 -0.01697871 2.07775281
6620 169 -0.02801496 2.59785203
6630 169 -0.03690363 3.11505508
6640 169 -0.04024818 3.62152207
6650 169 -0.04364277 4.12898781
6660 169 -0.04598857 4.63550483
6670 169 -0.10181452 5.11030633
6680 169 -0.15764046 5.58510783
6690 169 -0.21346641 6.05990933
6700 169 -0.19009302 6.55269598
6710 169 -0.16676967 7.04648138
6720 169 -0.14339628 7.53926804
6730 169 -0.18369257 8.02385880
6740 169 -0.22204140 8.50954838
6750 169 -0.26138897 8.99518792
6760 169 -0.26602670 9.44752242
6570 168 0.62914359 0.21274477
6580 168 0.60282592 0.73808597
6590 168 0.57960456 1.26157978
6600 168 0.57745889 1.76410182
6610 168 0.57526319 2.26762260
6620 168 0.57311751 2.77014464
6630 168 0.55518817 3.30792111
6640 168 0.53725882 3.84569759
6650 168 0.51244023 4.36110135
6660 168 0.47224594 4.82366964
6670 168 0.43300035 5.28728670
6680 168 0.40603802 5.76553667
6690 168 0.39700118 6.26571098
6700 168 0.38891306 6.76693406
6710 168 0.39585618 7.26790891
6720 168 0.41783055 7.76863551
6730 168 0.44080367 8.26941214
6740 168 0.46377679 8.77018877
6750 168 0.44131170 9.21862641
6760 168 0.41889665 9.66606531
