4490 109 0.00000000 0.00000000
4500 109 -0.00000000 0.39751855
4510 109 0.00339104 0.79381201
4520 109 0.00702106 1.18913444
4530 109 0.01065108 1.58445686
4540 109 -0.04980900 1.89706617
4550 109 -0.11026907 2.20967548
4560 109 -0.17072914 2.52228479
4570 109 -0.23118921 2.83489410
4580 109 -0.28371758 3.12782885
4590 109 -0.32831424 3.40108906
4600 109 -0.37314988 3.67532028
4610 109 -0.40849917 3.95703543
4620 109 -0.42509966 4.25881254
4630 109 -0.44170014 4.56058965
4640 109 -0.45830062 4.86236676
4650 109 -0.34296261 5.16366088
4660 109 -0.21428434 5.46514869
4670 109 -0.08439606 5.76590447
4680 109 0.10255370 5.95197377
4500 111 -0.57167143 -0.33430641
4510 111 -0.52383970 0.01113407
4520 111 -0.47624695 0.35754558
4530 111 -0.44880673 0.69796742
4540 111 -0.42743162 1.03792640
4550 111 -0.40605652 1.37788537
4560 111 -0.39028367 1.71131635
4570 111 -0.38959943 2.03073541
4580 111 -0.38770517 2.34942242
4590 111 -0.38678195 2.66787045
4600 111 -0.44449498 2.93584285
4610 111 -0.50878128 3.19704826
4620 111 -0.56338754 3.45239735
4630 111 -0.60275677 3.69604887
4640 111 -0.64139396 3.94091040
4650 111 -0.68076319 4.18456192
4660 111 -0.73506758 4.52237257
4670 111 -0.79055178 4.86916141
4680 111 -0.84627497 5.21692128
4690 111 -0.78390807 5.55770035
4510 113 0.07488204 -0.14943453
4520 113 0.06860560 0.18989805
4530 113 0.06256815 0.52825962
4540 113 0.05629171 0.86759221
4550 113 0.03936420 1.21254215
4560 113 0.02122668 1.55822413
4570 113 0.00332815 1.90293508
4580 113 -0.01480937 2.24861706
4590 113 -0.03187273 2.55645930
4600 113 -0.05004295 2.82695485
4610 113 -0.06700316 3.09671836
4620 113 -0.09267240 3.37257718
4630 113 -0.12754373 3.65235028
4640 113 -0.16265404 3.93309441
4650 113 -0.19776435 4.21383854
4660 113 -0.22386628 4.50400865
4670 113 -0.25044617 4.79612080
4680 113 -0.27581606 5.08750091
4690 113 -0.22104126 5.34196450
4700 113 -0.11859824 5.56593644
