1580 55 0.00000000 0.00000000
1590 55 -0.00000000 0.53645130
1600 55 -0.00095815 1.07186244
1610 55 -0.00095815 1.60831374
1620 55 -0.05291440 2.14263251
1630 55 -0.11082460 2.67570606
1640 55 -0.16877580 3.20977877
1650 55 -0.21011040 3.75354108
1660 55 -0.23970116 4.30379046
1670 55 -0.26929192 4.85403985
1680 55 -0.29514701 5.38642741
1690 55 -0.30214485 5.84953002
1700 55 -0.30914269 6.31263264
1710 55 -0.31614053 6.77573525
1720 55 -0.32077096 7.22992745
1730 55 -0.31784805 7.64639769
1740 55 -0.31496615 8.06386708
1750 55 -0.31104408 8.48037833
1760 55 -0.30816217 8.89784772
1770 55 -0.32166200 9.34867336
1590 54 0.63464102 0.24122972
1600 54 0.61958653 0.80308501
1610 54 0.60457305 1.36394114
1620 54 0.58593203 1.91564080
1630 54 0.56370448 2.45718483
1640 54 0.54143591 2.99972801
1650 54 0.51916735 3.54227120
1660 54 0.47698272 4.05797505
1670 54 0.42621576 4.56331821
1680 54 0.37548981 5.06766222
1690 54 0.35011193 5.56403906
1700 54 0.35012311 6.05144956
1710 54 0.35017531 6.53786091
1720 54 0.35018649 7.02527141
1730 54 0.35019768 7.51268192
1740 54 0.33777903 7.96155025
1750 54 0.32006260 8.39318682
1760 54 0.30230517 8.82582254
1770 54 0.28454773 9.25845827
1780 54 0.26683130 9.69009484
