330 19 0.00000000 0.00000000
340 19 0.00000000 0.40036109
350 19 0.00004246 0.80172127
360 19 -0.00095664 1.20212482
370 19 -0.00095664 1.60248591
380 19 0.01390245 1.99921278
390 19 0.03962423 2.39247527
400 19 0.06530355 2.78473867
410 19 0.09002623 3.17804362
420 19 0.11570555 3.57030702
430 19 0.13855742 3.96669420
440 19 0.15192785 4.37549516
450 19 0.16429918 4.78433859
460 19 0.17762715 5.19214046
470 19 0.18999849 5.60098389
480 19 0.20236982 6.00982732
490 19 0.14148728 6.43779849
500 19 0.07964810 6.86681121
510 19 0.01876556 7.29478237
520 19 -0.04311608 7.72279600
170 13 1.04669263 -0.02947090
180 13 1.06351994 0.53132037
190 13 1.08034725 1.09211163
200 13 1.09717456 1.65290290
210 13 1.08628189 2.22087767
220 13 1.03472344 2.79758707
230 13 0.98316498 3.37429646
240 13 0.93160652 3.95100586
250 13 0.88004807 4.52771525
260 13 0.83739657 5.10204430
270 13 0.79474507 5.67637334
280 13 0.75109447 6.25074484
290 13 0.71269414 6.83089863
300 13 0.71650820 7.46230615
310 13 0.72036471 8.09471276
320 13 0.72417877 8.72612028
330 13 0.72699373 9.35757026
340 13 0.70787099 9.99095349
350 13 0.68870579 10.62333763
360 13 0.66858396 11.25676332
320 14 0.77457827 0.35042616
330 14 0.83877782 0.70702176
340 14 0.90297737 1.06361735
350 14 0.96717691 1.42021295
360 14 1.02733760 1.77597929
370 14 1.04957503 2.13435828
380 14 1.07281155 2.49269480
390 14 1.09604808 2.85103132
400 14 1.11928460 3.20936785
410 14 1.14252113 3.56770437
420 14 1.16571519 3.92504180
430 14 1.17836877 4.22277303
440 14 1.19102234 4.52050426
450 14 1.20367592 4.81823549
460 14 1.21628704 5.11496763
470 14 1.24885514 5.48091478
480 14 1.28471776 5.85372824
490 14 1.32058039 6.22654169
500 14 1.33231480 6.62039865
510 14 1.28705565 7.06271936
320 16 1.26326962 0.23857463
330 16 1.33263451 0.59895431
340 16 1.40199939 0.95933399
350 16 1.47036518 1.31975613
360 16 1.52873998 1.68060289
370 16 1.55905511 2.04064038
380 16 1.59041181 2.40163450
390 16 1.62072694 2.76167199
400 16 1.65208364 3.12266611
410 16 1.67995348 3.49581926
420 16 1.70612235 3.87605102
430 16 1.73229123 4.25628278
440 16 1.75841765 4.63551544
450 16 1.78458652 5.01574720
460 16 1.79940564 5.36443243
470 16 1.81422477 5.71311767
480 16 1.82908635 6.06280200
490 16 1.84390547 6.41148724
500 16 1.84103806 6.76793047
510 16 1.79384816 7.14127095
340 20 0.79055136 0.18459836
350 20 0.79459271 0.53874616
360 20 0.79863406 0.89289397
370 20 0.80267541 1.24704177
380 20 0.80671676 1.60118958
390 20 0.82104383 2.00894899
400 20 0.83930235 2.43856117
410 20 0.85756086 2.86817335
420 20 0.87581938 3.29778553
430 20 0.88986920 3.72257207
440 20 0.88678698 4.12106234
450 20 0.88274813 4.52059418
460 20 0.87966591 4.91908446
470 20 0.87662615 5.31857383
480 20 0.84671565 5.74522868
490 20 0.79193261 6.19896409
500 20 0.73619293 6.65374105
510 20 0.68145234 7.10847555
520 20 0.62567020 7.56225342
530 20 0.60213644 7.99764539
