2040 61 0.00000000 0.00000000
2050 61 0.00000000 0.28204432
2060 61 0.00000000 0.56408865
2070 61 0.00000000 0.84613297
2080 61 0.01728806 1.16849010
2090 61 0.04713089 1.51607377
2100 61 0.07597387 1.86363971
2110 61 0.10581670 2.21122338
2120 61 0.16517617 2.58633463
2130 61 0.24323127 2.97878004
2140 61 0.32128638 3.37122545
2150 61 0.40034133 3.76368859
2160 61 0.49595042 4.18144917
2170 61 0.61788161 4.63768243
2180 61 0.73979507 5.09491553
2190 61 0.86172626 5.55114879
2200 61 0.98365745 6.00738204
2210 61 1.05333090 6.47769110
2220 61 1.12302207 6.94700032
2230 61 1.19171340 7.41629181
2050 58 0.29794962 1.52852217
2060 58 0.34126906 1.84934054
2070 58 0.44690494 2.20926978
2080 58 0.55154097 2.56918130
2090 58 0.65717685 2.92911055
2100 58 0.71814599 3.32625380
2110 58 0.77913286 3.72239721
2120 58 0.84010200 4.11954046
2130 58 0.90107114 4.51668372
2140 58 1.00576745 4.92960463
2150 58 1.12037355 5.34770204
2160 58 1.23599722 5.76481733
2170 58 1.34860364 6.18287928
2180 58 1.43612534 6.60549726
2190 58 1.52464689 7.02813296
2200 58 1.61216860 7.45075093
2210 58 1.70069014 7.87338663
2220 58 1.73130945 8.28999491
2230 58 1.72398790 8.70293001
2240 58 1.71664863 9.11686495
2090 67 1.22671500 0.98590178
2100 67 1.32428122 1.34968857
2110 67 1.51537530 1.62811999
2120 67 1.79796209 1.82316026
2130 67 2.00429491 2.03185086
2140 67 2.13232089 2.25715587
2150 67 2.09529124 2.54054396
2160 67 1.98781168 2.84868702
2170 67 1.89552122 3.25911541
2180 67 1.81304128 3.73672829
2190 67 1.73056134 4.21434117
2200 67 1.72735262 4.67735704
2210 67 1.75926250 5.13399449
2220 67 1.79117238 5.59063194
2230 67 1.78076267 6.00851307
2240 67 1.75163958 6.41005989
2250 67 1.72251650 6.81160670
2260 67 1.71323073 7.22250666
2270 67 1.73165691 7.64990048
2280 67 1.75108293 8.07731203
