1870 64 0.00000000 0.00000000
1880 64 -0.00000000 0.36019994
1890 64 0.00099944 0.72043320
1900 64 0.00199889 1.08066646
1910 64 -0.00539700 1.45262654
1920 64 -0.03074959 1.85300417
1930 64 -0.05506941 2.25241567
1940 64 -0.08038869 2.65179386
1950 64 -0.07152694 3.04630808
1960 64 0.07615770 3.41843473
1970 64 0.22284290 3.79052807
1980 64 0.36952810 4.16262141
1990 64 0.52734045 4.53108343
2000 64 0.70940599 4.89234945
2010 64 0.89250430 5.25264934
2020 64 1.07556929 5.61394867
2030 64 1.22258764 6.00606422
2040 64 1.33449215 6.43102820
2050 64 1.44639667 6.85599217
2060 64 1.55830118 7.28095615
1680 62 1.47121622 0.10807331
1690 62 1.43237113 0.58304284
1700 62 1.39352603 1.05801238
1710 62 1.35568039 1.53301523
1720 62 1.31680198 2.00898421
1730 62 1.24637443 2.47089433
1740 62 1.17594688 2.93280445
1750 62 1.10551933 3.39471457
1760 62 1.03712398 3.85569188
1770 62 0.99518061 4.30354314
1780 62 0.95320392 4.75239385
1790 62 0.91126055 5.20024511
1800 62 0.86928387 5.64909582
1810 62 0.85049430 6.09271610
1820 62 0.84079969 6.53363788
1830 62 0.83207120 6.97559241
1840 62 0.82337603 7.41654751
1850 62 0.84866199 7.85863530
1860 62 0.89693517 8.30148934
1870 62 0.94417560 8.74530951
1840 60 -1.21735721 2.63190490
1850 60 -1.22362040 2.66971724
1860 60 -1.22895077 2.70956177
1870 60 -1.23424783 2.74840686
1880 60 -1.24051102 2.78621920
1890 60 -1.21542495 2.87410372
1900 60 -1.19033888 2.96198824
1910 60 -1.16521950 3.04887332
1920 60 -1.14013344 3.13675784
1930 60 -1.11504737 3.22464236
1940 60 -1.07720172 3.44002274
1950 60 -1.03785691 3.67046142
1960 60 -0.99851209 3.90090010
1970 60 -0.96016672 4.13130547
1980 60 -0.91785689 4.36284354
1990 60 -0.86961701 4.59658039
2000 60 -0.82240990 4.83128337
2010 60 -0.77420334 5.06601966
2020 60 -0.72599678 5.30075595
2030 60 -0.70973914 5.56344339
1890 66 -0.42702949 -0.09627986
1900 66 -0.44421995 0.23933374
1910 66 -0.46237653 0.57391458
1920 66 -0.47956698 0.90952818
1930 66 -0.49475854 1.24520841
1940 66 -0.48496398 1.58172151
1950 66 -0.47620218 1.91920074
1960 66 -0.46644094 2.25671329
1970 66 -0.46940596 2.58579718
1980 66 -0.48019996 2.90961733
1990 66 -0.49099397 3.23343748
2000 66 -0.50182129 3.55825707
2010 66 -0.40594121 3.89363747
2020 66 -0.29810110 4.23041709
2030 66 -0.18929487 4.56822947
2040 66 -0.07602444 4.92219954
2050 66 0.04983899 5.31861270
2060 66 0.17670186 5.71505918
2070 66 0.30256529 6.11147235
2080 66 0.40517497 6.48509817
1900 70 0.74875081 -0.07009440
1910 70 0.71250427 0.26688510
1920 70 0.67625774 0.60386461
1930 70 0.64004452 0.93984468
1940 70 0.60379798 1.27682418
1950 70 0.65886740 1.63585811
1960 70 0.72389795 1.99622463
1970 70 0.78992794 2.35662446
1980 70 0.86012229 2.71216033
1990 70 0.95103846 3.04637471
2000 70 1.04195463 3.38058908
2010 70 1.09779029 3.71663578
2020 70 1.09845658 4.05684682
2030 70 1.09912288 4.39705787
2040 70 1.09978918 4.73726891
2050 70 1.15325948 5.11425953
2060 70 1.25856766 5.52699697
2070 70 1.36487528 5.93976771
2080 70 1.47018346 6.35250514
2090 70 1.61150497 6.76544246
1910 72 0.08438646 -0.13026099
1920 72 0.10777348 0.21871186
1930 72 0.13012773 0.56865084
1940 72 0.15248198 0.91858981
1950 72 0.16873962 1.27132724
1960 72 0.13519158 1.64741836
1970 72 0.10161023 2.02450892
1980 72 0.06802888 2.40159948
1990 72 0.09321489 2.78665229
2000 72 0.14225433 3.17650243
2010 72 0.19229320 3.56638589
2020 72 0.24236539 3.95526990
2030 72 0.33361471 4.30950649
2040 72 0.43002783 4.65891243
2050 72 0.52644095 5.00831837
2060 72 0.65050538 5.39866824
2070 72 0.78226553 5.79827963
2080 72 0.91399237 6.19889046
2090 72 1.06717396 6.58620868
2100 72 1.24274311 6.96226648
1950 73 1.56236559 0.01505830
1960 73 1.42390916 0.44668524
1970 73 1.28641885 0.87934494
1980 73 1.17521395 1.30387583
1990 73 1.17101628 1.69995584
2000 73 1.16785137 2.09506973
2010 73 1.15119396 2.47472553
2020 73 1.12980584 2.84621921
2030 73 1.09362593 3.21121649
2040 73 0.92032219 3.51761298
2050 73 0.74805120 3.82304334
2060 73 0.55432546 4.17178299
2070 73 0.34670744 4.54707455
2080 73 0.15154916 4.93879032
2090 73 -0.02538590 5.35412631
2100 73 -0.20132152 5.76949561
2110 73 -0.26275407 6.23170557
2120 73 -0.31036096 6.69937916
2130 73 -0.30063303 7.12794113
2140 73 -0.26731820 7.53927934
