1650 56 0.00000000 0.00000000
1660 56 -0.00000000 0.36841960
1670 56 0.00080615 0.73624748
1680 56 0.00440802 1.10450422
1690 56 0.03741658 1.47226424
1700 56 0.06983342 1.83921812
1710 56 0.10284198 2.20697814
1720 56 0.13176009 2.56409541
1730 56 0.12488478 2.82343829
1740 56 0.11800947 3.08278117
1750 56 0.11113415 3.34212406
1760 56 0.11214930 3.57334683
1770 56 0.14655301 3.68950786
1780 56 0.18095671 3.80566889
1790 56 0.21536042 3.92182992
1800 56 0.24305982 3.95111717
1810 56 0.26735548 3.94196728
1820 56 0.29165115 3.93281739
1830 56 0.31653854 3.92447364
1840 56 0.34002806 3.91591546
1640 59 0.84368476 -0.68253427
1650 59 0.80384975 -0.31092537
1660 59 0.76460645 0.06148967
1670 59 0.72396529 0.43369028
1680 59 0.64806270 0.69532132
1690 59 0.55563548 0.91077945
1700 59 0.46342269 1.12483973
1710 59 0.44227018 1.31403162
1720 59 0.49319852 1.47636554
1730 59 0.54391243 1.64009733
1740 59 0.54178171 1.80788428
1750 59 0.48718364 1.98193040
1760 59 0.43258557 2.15597651
1770 59 0.37798749 2.33002263
1780 59 0.32466785 2.47708050
1790 59 0.27112564 2.60693515
1800 59 0.21838958 2.73619809
1810 59 0.16506179 2.86465488
1820 59 0.11232573 2.99391782
1830 59 0.08817392 3.08607362
1840 60 0.10802628 3.11988018
1850 60 0.12648079 3.15347231
1860 60 0.14692487 3.18808502
1870 60 0.16677723 3.22189158
1880 60 0.18523173 3.25548371
1890 60 0.25928317 3.30905035
1900 60 0.33333460 3.36261699
1910 60 0.40679432 3.41537749
1920 60 0.48084576 3.46894413
1930 60 0.55489719 3.52251077
1940 60 0.71780112 3.66839877
1950 60 0.89119309 3.82519553
1960 60 1.06458506 3.98199230
1970 60 1.23717089 4.13938077
1980 60 1.41357301 4.29520853
1990 60 1.59599545 4.44909828
2000 60 1.77820345 4.60438590
2010 60 1.96121760 4.75908179
2020 60 2.14423175 4.91377769
2030 60 2.31941516 5.11019504
