4870 120 0.00000000 0.00000000
4880 120 0.00000000 0.56408687
4890 120 0.00106012 1.12910977
4900 120 0.00212024 1.69413267
4910 120 -0.00636604 2.26676255
4920 120 -0.01672437 2.84151268
4930 120 -0.02708271 3.41626280
4940 120 -0.02746031 3.99039245
4950 120 0.01514128 4.56285215
4960 120 0.05774288 5.13531185
4970 120 0.10134255 5.70770950
4980 120 0.21673080 6.30670411
4990 120 0.34028978 6.90819657
5000 120 0.46384877 7.50968903
5010 120 0.60619032 8.09097715
5020 120 0.78990315 8.62861420
5030 120 0.97355394 9.16525317
5040 120 1.15720473 9.70189215
5050 120 1.41258738 10.24809879
5060 120 1.68512342 10.79624486
4870 118 1.14458434 0.36067671
4880 118 1.13425791 0.83923953
4890 118 1.12393149 1.31780234
4900 118 1.12770751 1.78146142
4910 118 1.16118816 2.20720435
4920 118 1.19572894 2.63388331
4930 118 1.25204119 3.05620301
4940 118 1.39637534 3.46002556
4950 118 1.54170757 3.86378607
4960 118 1.67769549 4.23005412
4970 118 1.75784803 4.61682611
4980 118 1.71409413 5.07342067
4990 118 1.68155659 5.56538745
5000 118 1.67132235 6.14213372
5010 118 1.66108811 6.71887999
5020 118 1.69715348 7.25066687
5030 118 1.75405961 7.76312340
5040 118 1.81096574 8.27557992
5050 118 1.86950637 8.74986148
5060 118 1.93035870 9.21297809
4910 121 1.90613016 0.26524106
4920 121 1.90982285 0.79202694
4930 121 1.91251747 1.31887487
4940 121 1.95358384 1.81828908
4950 121 1.99839432 2.31346281
4960 121 2.04426491 2.80957256
4970 121 2.06524572 3.30823157
4980 121 2.07031941 3.80888140
4990 121 2.07545514 4.31052931
5000 121 2.08158895 4.81211517
5010 121 2.11036288 5.32331480
5020 121 2.14219309 5.83532636
5030 121 2.17402329 6.34733792
5040 121 2.20591554 6.86034756
5050 121 2.29576872 7.33869409
5060 121 2.40022072 7.81012148
5070 121 2.50560874 8.28048874
5080 121 2.60999869 8.75091806
5090 121 2.59206528 9.21993447
5100 121 2.57319585 9.69001100
