6880 177 0.00000000 0.00000000
6890 177 -0.00000000 0.52209578
6900 177 0.00001915 1.04319174
6910 177 0.03001365 1.56586212
6920 177 0.10198129 2.09033677
6930 177 0.17394893 2.61481142
6940 177 0.27085069 3.09075475
6950 177 0.39264826 3.52016638
6960 177 0.51344602 3.94955886
6970 177 0.63524360 4.37897049
6980 177 0.75950049 4.78442483
6990 177 0.88473805 5.19089815
7000 177 1.00999476 5.59637164
7010 177 1.08553263 6.03889964
7020 177 1.09001073 6.53607662
7030 177 1.09348902 7.03323445
7040 177 1.09696731 7.53039227
7050 177 1.12167159 8.01595452
7060 177 1.15043260 8.49859393
7070 177 1.18019342 8.98125250
6880 175 0.59482956 0.22343410
6890 175 0.58429509 0.77333320
6900 175 0.57374147 1.32423213
6910 175 0.61156212 1.85605409
6920 175 0.69773788 2.36979891
6930 175 0.78291382 2.88352457
6940 175 0.87666290 3.36740897
6950 175 0.97900428 3.82045228
6960 175 1.08134566 4.27349559
6970 175 1.21837415 4.74320634
6980 175 1.37128479 5.21922245
6990 175 1.52417628 5.69623838
7000 175 1.65761157 6.19688598
7010 175 1.78700928 6.69945661
7020 175 1.91738766 7.20304620
7030 175 1.95831502 7.62490749
7040 175 1.99924237 8.04676879
7050 175 2.04016973 8.46863008
7060 175 2.06846339 8.87124587
7070 175 1.98511087 9.09769091
