680 26 0.00000000 0.00000000
690 26 -0.00000000 0.55059695
700 26 -0.00000000 1.10119390
710 26 0.00000000 1.65179085
720 26 0.00000000 2.20238780
730 26 -0.00622597 2.70780469
740 26 -0.01158924 3.21434219
750 26 -0.01682356 3.71988803
760 26 -0.02304953 4.22530493
770 26 -0.03733766 4.73068186
780 26 -0.05882524 5.23713945
790 26 -0.07919223 5.74273433
800 26 -0.10055087 6.24820026
810 26 -0.13738907 6.74862803
820 26 -0.21199900 7.23708515
830 26 -0.28673788 7.72653392
840 26 -0.36134781 8.21499104
850 26 -0.43694939 8.70331921
860 26 -0.49263804 9.17810208
870 26 -0.54819773 9.65189330
600 22 0.55229329 0.25837593
610 22 0.36396315 0.66750642
620 22 0.17576196 1.07564526
630 22 -0.09227803 1.50062946
640 22 -0.41321333 1.93688687
650 22 -0.53011736 2.42488630
660 22 -0.51051137 2.94878859
670 22 -0.46662990 3.47988125
680 22 -0.38609731 4.02380726
690 22 -0.30556472 4.56773327
700 22 -0.22516107 5.11265093
710 22 -0.16325190 5.66020572
720 22 -0.10332604 6.20750262
730 22 -0.04352912 6.75579116
740 22 -0.07341668 7.28031641
750 22 -0.16375499 7.78891349
760 22 -0.25396436 8.29651891
770 22 -0.34430267 8.80511599
780 22 -0.43653529 9.32052568
790 22 -0.52967057 9.84287692
610 23 -1.39472803 -0.16220577
620 23 -1.49571661 0.34298955
630 23 -1.59657623 0.84719322
640 23 -1.69756480 1.35238853
650 23 -1.79255443 1.87349022
660 23 -1.87748952 2.41808460
670 23 -1.96242461 2.96267897
680 23 -2.04735969 3.50727334
690 23 -2.05193109 4.05425058
700 23 -2.05563980 4.60234842
710 23 -2.06034015 5.15031732
720 23 -2.07069255 5.68746704
730 23 -2.08941405 6.21142745
740 23 -2.10800660 6.73439620
750 23 -2.12672810 7.25835661
760 23 -2.14532064 7.78132536
770 23 -2.23565896 8.28992244
780 23 -2.32500562 8.79864847
790 23 -2.41521498 9.30625390
800 23 -2.50456165 9.81497993
620 24 -0.43173868 0.31899014
630 24 -0.60178684 0.84344093
640 24 -0.77183501 1.36789171
650 24 -0.95043026 1.86501215
660 24 -1.12950136 2.35803704
670 24 -1.20236772 2.89512502
680 24 -1.20331034 3.46072568
690 24 -1.20524460 4.02619739
700 24 -1.18498477 4.56833625
710 24 -1.15136671 5.09305220
720 24 -1.11787761 5.61875980
730 24 -1.09447392 6.15223170
740 24 -1.09684407 6.70554570
750 24 -1.09908528 7.25786804
760 24 -1.10132648 7.81019039
770 24 -1.13586536 8.34722025
780 24 -1.20382251 8.86982031
790 24 -1.27165071 9.39142872
800 24 -1.33947891 9.91303714
810 24 -1.40730711 10.43464555
680 25 -0.46982462 -0.05504389
690 25 -0.48212036 0.47378577
700 25 -0.49342446 1.00274439
710 25 -0.50572020 1.53157405
720 25 -0.51702430 2.06053267
730 25 -0.53755111 2.59837619
740 25 -0.56019017 3.13695345
750 25 -0.58170864 3.67466802
760 25 -0.60335605 4.21337424
770 25 -0.64186153 4.74988829
780 25 -0.68122971 5.28528174
790 25 -0.72072684 5.82166684
800 25 -0.76022397 6.35805194
810 25 -0.80809928 6.85805290
820 25 -0.85757104 7.35482100
830 25 -0.90605115 7.85171805
840 25 -0.95539396 8.34749450
850 25 -1.00322932 8.83943329
860 25 -1.05063786 9.32033498
870 25 -1.09791745 9.80024501
710 28 -0.22560786 -0.10295190
720 28 -0.16637034 0.55820687
730 28 -0.10825342 1.22022834
740 28 -0.02723953 1.89228619
750 28 0.14234732 2.61216486
760 28 0.30637111 3.32829487
770 28 0.41127362 4.01051805
780 28 0.51703883 4.69386183
790 28 0.66087362 5.37913079
800 28 0.84364071 6.06744554
810 28 1.02541614 6.75563133
820 28 1.16929090 7.43283814
830 28 1.25370655 8.09424573
840 28 1.33812220 8.75565332
850 28 1.42029665 9.41878630
860 28 1.49389313 10.08584594
870 28 1.56736067 10.75389723
880 28 1.62560654 11.41492704
890 28 1.65043414 12.06152707
900 28 1.67526174 12.70812709
740 30 -0.55503758 0.22026639
750 30 -0.60566445 0.84999563
760 30 -0.65642027 1.48071652
770 30 -0.68100632 2.11181519
780 30 -0.47243451 2.74903085
790 30 -0.26399166 3.38723817
800 30 -0.05455715 4.02557443
810 30 0.21991222 4.60581194
820 30 0.51157748 5.17013399
830 30 0.80212213 5.73531874
840 30 0.98367418 6.29338940
850 30 1.11637742 6.84712476
860 30 1.25007231 7.40098907
870 30 1.34548875 7.97004417
880 30 1.35391597 8.57215793
890 30 1.36221423 9.17526334
900 30 1.37163310 9.77750605
910 30 1.41686219 10.33700970
920 30 1.47842447 10.87947729
930 30 1.53998674 11.42194488
