110 11 0.00000000 0.00000000
120 11 -0.00000000 0.48547914
130 11 0.00000000 0.97095829
140 11 0.00010093 1.45544254
150 11 -0.07954822 1.97304665
160 11 -0.19364375 2.50323832
170 11 -0.30674438 3.03353093
180 11 -0.35116853 3.55068805
190 11 -0.32582038 4.05381574
200 11 -0.30146712 4.55684250
210 11 -0.27611897 5.05997019
220 11 -0.20986483 5.55619130
230 11 -0.08230220 6.04254999
240 11 0.04526044 6.52890868
250 11 0.17282308 7.01526736
260 11 0.28249205 7.48975942
270 11 0.31660680 7.91638125
280 11 0.35171645 8.34310401
290 11 0.38682609 8.76982677
300 11 0.42094084 9.19644860
0 1 1.66334643 2.46848915
10 1 1.54593458 2.81339995
20 1 1.42742692 3.15920471
30 1 1.31338906 3.51048859
40 1 1.23330736 3.91346368
50 1 1.15223075 4.31633783
60 1 1.07105322 4.72020688
70 1 0.99633528 5.12975692
80 1 0.92598622 5.54578097
90 1 0.85663206 5.96190595
100 1 0.78727790 6.37803093
110 1 0.74195978 6.82473807
120 1 0.69654073 7.27244010
130 1 0.65122262 7.71914724
140 1 0.60580357 8.16684927
150 1 0.55121420 8.62568258
160 1 0.49193874 9.09107641
170 1 0.43256235 9.55746514
180 1 0.37328689 10.02285897
190 1 0.27797899 10.49665893
0 2 2.26468019 2.93154714
10 2 2.11462431 3.07312480
20 2 1.96446750 3.21569735
30 2 1.81540651 3.35737594
40 2 1.66710972 3.52124498
50 2 1.53892707 3.88315548
60 2 1.40985047 4.24397015
70 2 1.32475104 4.67659018
80 2 1.28273481 5.17991973
90 2 1.24171348 5.68335021
100 2 1.21955187 6.14949382
110 2 1.19828422 6.61673325
120 2 1.17711751 7.08297779
130 2 1.15256238 7.55289911
140 2 1.12143231 8.02818420
150 2 1.09030224 8.50346929
160 2 1.05917217 8.97875439
170 2 1.02605231 9.45383761
180 2 0.96467172 9.93007434
190 2 0.90418508 10.40740690
110 10 0.62916194 0.13921298
120 10 0.66229621 0.62503818
130 10 0.69543049 1.11086337
140 10 0.72517636 1.60036535
150 10 0.72294146 2.11778201
160 10 0.72070655 2.63519868
170 10 0.71946654 3.15271627
180 10 0.72758429 3.66716268
190 10 0.76257859 4.17428436
200 10 0.79657799 4.68130511
210 10 0.83057739 5.18832586
220 10 0.87204570 5.69107866
230 10 0.97327971 6.14963801
240 10 1.07550861 6.60829829
250 10 1.17783844 7.06596367
260 10 1.28006735 7.52462395
270 10 1.32299195 7.98329865
280 10 1.36084115 8.44246358
290 10 1.39879129 8.90063362
300 10 1.43564560 9.35969763
