5730 145 0.00000000 0.00000000
5740 145 -0.00000000 0.31593987
5750 145 -0.00099069 0.63201584
5760 145 0.00215547 0.94146713
5770 145 0.01514845 1.23442477
5780 145 0.02827753 1.52837312
5790 145 0.05411156 1.82663240
5800 145 0.13414578 2.14469926
5810 145 0.21318930 2.46290222
5820 145 0.28663682 2.76976124
5830 145 0.34053632 3.02984554
5840 145 0.39344512 3.29006595
5850 145 0.44748072 3.55114094
5860 145 0.47958493 3.81421949
5870 145 0.49881011 4.07906735
5880 145 0.51704459 4.34405132
5890 145 0.53626977 4.60889919
5900 145 0.46575002 4.88910441
5910 145 0.39523027 5.16930963
5920 145 0.32471052 5.44951485
5630 143 0.22407745 0.33057873
5640 143 0.32737242 0.71509810
5650 143 0.43165809 1.09948137
5660 143 0.54691737 1.46822559
5670 143 0.67301415 1.82034007
5680 143 0.80010162 2.17231844
5690 143 0.96296806 2.49818425
5700 143 1.16359484 2.79766528
5710 143 1.36422163 3.09714632
5720 143 1.56791862 3.40428072
5730 143 1.77328681 3.71623249
5740 143 1.97865500 4.02818425
5750 143 2.24078083 4.30508505
5760 143 2.63798300 4.49983730
5770 143 3.03405837 4.69373495
5780 143 3.38904681 4.87510807
5790 143 3.57275265 5.00733577
5800 143 3.75731309 5.13843666
5810 143 3.56105422 5.28955403
5820 143 3.30719895 5.44757461
5630 144 0.85117463 0.14146996
5640 144 0.98460825 0.44412565
5650 144 1.11903256 0.74664525
5660 144 1.24005559 1.06917497
5670 144 1.34268588 1.41946632
5680 144 1.44545227 1.77074835
5690 144 1.54808256 2.12103969
5700 144 1.67782561 2.42622118
5710 144 1.80999633 2.72703159
5720 144 1.94842140 3.02193581
5730 144 2.13742572 3.27355331
5740 144 2.32755684 3.52602541
5750 144 2.51877044 3.73494491
5760 144 2.71219332 3.90116641
5770 144 2.82115077 4.04770063
5780 144 2.84762416 4.17427534
5790 144 2.86477299 4.29910290
5800 144 2.79533889 4.40352466
5810 144 2.72576869 4.50695574
5820 144 2.61399109 4.64848584
