740 30 0.00000000 0.00000000
750 30 -0.00000000 0.63176103
760 30 -0.00004907 1.26452086
770 30 0.02601775 1.89556010
780 30 0.28498276 2.51401230
790 30 0.54389869 3.13346329
800 30 0.80381343 3.75296336
810 30 1.12389806 4.30933987
820 30 1.45984788 4.84847411
830 30 1.79474983 5.38855807
840 30 2.02043959 5.93028506
850 30 2.19709025 6.47160524
860 30 2.37473970 7.01297450
870 30 2.51545113 7.57255318
880 30 2.57210230 8.17205517
890 30 2.62870440 8.77255597
900 30 2.68635436 9.37210703
910 30 2.77627444 9.92618679
920 30 2.88110996 10.46197641
930 30 2.98594549 10.99776602
600 22 1.10682357 -0.05075020
610 22 0.95188524 0.37215654
620 22 0.79699598 0.79406449
630 22 0.56387460 1.23916158
640 22 0.27893142 1.69973447
650 22 0.20150974 2.19553270
660 22 0.26303617 2.71617893
670 22 0.34933620 3.24204707
680 22 0.47319791 3.77777021
690 22 0.59705962 4.31349334
700 22 0.72087226 4.85021527
710 22 0.82646123 5.39104793
720 22 0.93005262 5.93178246
730 22 1.03359493 6.47351578
740 22 1.04583690 6.99874919
750 22 0.99654611 7.51294994
760 22 0.94730439 8.02615190
770 22 0.89801360 8.54035266
780 22 0.84738053 9.06149592
790 22 0.79640398 9.58963074
620 24 0.13081370 0.08852556
630 24 0.00333987 0.62491667
640 24 -0.12413396 1.16130778
650 24 -0.26231754 1.67114138
660 24 -0.40130364 2.17693073
670 24 -0.43089552 2.71813062
680 24 -0.38651007 3.28198781
690 24 -0.34312341 3.84579593
700 24 -0.27948384 4.38456768
710 24 -0.20392521 4.90490209
720 24 -0.12841564 5.42623529
730 24 -0.06233686 5.95611603
740 24 -0.02035896 6.50784046
750 24 0.02166800 7.05856611
760 24 0.06369497 7.60929175
770 24 0.07230266 8.14736229
780 24 0.04644319 8.67372746
790 24 0.02063280 9.19909383
800 24 -0.00517759 9.72446020
810 24 -0.03098798 10.24982657
680 25 0.06287662 -0.28125350
690 25 0.09299877 0.24686075
700 25 0.12411972 0.77502406
710 25 0.15424187 1.30313831
720 25 0.18536281 1.83130162
730 25 0.20800270 2.36906034
740 25 0.22859593 2.90771971
750 25 0.25023702 3.44542935
760 25 0.27182905 3.98413779
770 25 0.27644155 4.52201206
780 25 0.28010433 5.05883846
790 25 0.28371804 5.59666366
800 25 0.28733175 6.13448885
810 25 0.27967854 6.63671831
820 25 0.27017494 7.13585324
830 25 0.26167014 7.63503725
840 25 0.25221562 8.13317338
850 25 0.24395617 8.62736341
860 25 0.23523768 9.11051762
870 25 0.22656826 9.59267303
680 26 0.53560125 -0.26403655
690 26 0.57972395 0.28478965
700 26 0.62384665 0.83361584
710 26 0.66796934 1.38244203
720 26 0.71209204 1.93126822
730 26 0.74638823 2.43555858
740 26 0.78163416 2.94089681
750 26 0.81692915 3.44523624
760 26 0.85122534 3.94952661
770 26 0.87748211 4.45442321
780 26 0.89664916 4.96097392
790 26 0.91686409 5.46657491
800 26 0.93608021 5.97212683
810 26 0.93946282 6.47389725
820 26 0.90423589 6.96676241
830 26 0.86895990 7.46062636
840 26 0.83373297 7.95349152
850 26 0.79750725 8.44630761
860 26 0.78004495 8.92402621
870 26 0.76263172 9.40074603
710 27 0.97317652 0.16294927
720 27 1.08197557 0.71995894
730 27 1.21543584 1.32523685
740 27 1.40756862 2.04052630
750 27 1.60692089 2.73114028
760 27 1.82400298 3.36655776
770 27 2.04008626 4.00192617
780 27 2.27863374 4.62838614
790 27 2.53145877 5.24954031
800 27 2.78328500 5.87064542
810 27 2.95651822 6.50190626
820 27 3.11966535 7.13467400
830 27 3.26873121 7.76875236
840 27 3.35628172 8.41182305
850 27 3.44378316 9.05589253
860 27 3.52933608 9.69886508
870 27 3.60585077 10.34239480
880 27 3.68241453 10.98492573
890 27 3.75832298 11.62041602
900 27 3.82708949 12.19748548
710 28 0.30246880 -0.34857801
720 28 0.41449850 0.30570736
730 28 0.52548034 0.96094246
740 28 0.66008978 1.62434679
750 28 0.88681950 2.32832025
760 28 1.10770365 3.02900291
770 28 1.26693949 3.70062553
780 28 1.42712506 4.37329602
790 28 1.62541206 5.04483475
800 28 1.86275022 5.71628958
810 28 2.09908959 6.38769535
820 28 2.29677034 7.05119465
830 28 2.43391714 7.70371036
840 28 2.57106393 8.35622608
850 28 2.70611500 9.01064124
860 28 2.83293035 9.66965783
870 28 2.95969664 10.32967322
880 28 3.07072755 10.98390952
890 28 3.14729131 11.62644045
900 28 3.22385507 12.26897137
740 29 1.06581914 0.17250668
750 29 1.16903539 0.74125655
760 29 1.27220256 1.31100521
770 29 1.42360633 1.87711641
780 29 1.68646521 2.43668876
790 29 1.95032289 2.99631017
800 29 2.20818780 3.55563716
810 29 2.41226496 4.10931804
820 29 2.61634213 4.66299891
830 29 2.82041929 5.21667979
840 29 3.02305604 5.77930075
850 29 3.22674065 6.34097199
860 29 3.41534519 6.90390478
870 29 3.48235946 7.47588213
880 29 3.54837492 8.04781041
890 29 3.61443946 8.61873989
900 29 3.66008647 9.19767715
910 29 3.70073950 9.77636907
920 29 3.74129439 10.35705857
930 29 3.75018224 10.93018509
