4290 108 0.00000000 0.00000000
4300 108 0.00000000 0.49135018
4310 108 0.00021370 0.98172346
4320 108 0.00787626 1.46144243
4330 108 0.01834740 1.93768118
4340 108 0.02784165 2.41370625
4350 108 0.05956037 2.88640374
4360 108 0.09659099 3.35821592
4370 108 0.13481220 3.82926490
4380 108 0.16192118 4.28559932
4390 108 0.17715471 4.72602859
4400 108 0.19357884 5.16569465
4410 108 0.20881238 5.60612392
4420 108 0.20069190 6.03632626
4430 108 0.18692371 6.46426953
4440 108 0.17315553 6.89221279
4450 108 0.15841044 7.31994236
4460 108 0.14180314 7.74214633
4470 108 0.12519584 8.16435031
4480 108 0.10782534 8.58536369
4190 105 0.14723715 0.01480614
4200 105 0.00064109 0.48841948
4210 105 -0.14497807 0.96224652
4220 105 -0.22957150 1.48934513
4230 105 -0.31416494 2.01644375
4240 105 -0.39952158 2.54235177
4250 105 -0.40165855 3.04347095
4260 105 -0.38364695 3.53671387
4270 105 -0.36563536 4.02995680
4280 105 -0.34102969 4.51645301
4290 105 -0.31080685 4.99598880
4300 105 -0.27960710 5.47573829
4310 105 -0.24938426 5.95527409
4320 105 -0.23714248 6.40937996
4330 105 -0.22719031 6.85991403
4340 105 -0.21745184 7.31142501
4350 105 -0.20985033 7.77270499
4360 105 -0.20933136 8.25700317
4370 105 -0.20902608 8.74227826
4380 105 -0.20896502 9.21931075
4190 106 -0.63400811 -0.40074270
4200 106 -0.72763787 0.14894672
4210 106 -0.82203084 0.69744556
4220 106 -0.91544690 1.24615808
4230 106 -0.96389504 1.78116348
4240 106 -1.01234317 2.31616888
4250 106 -1.06057761 2.85019739
4260 106 -1.11308599 3.37100721
4270 106 -1.16690707 3.88845893
4280 106 -1.22051446 4.40493376
4290 106 -1.24762343 4.89854302
4300 106 -1.24725710 5.36950042
4310 106 -1.24570016 5.83969461
4320 106 -1.24640231 6.31553650
4330 106 -1.24930248 6.81546508
4340 106 -1.25317955 7.31517997
4350 106 -1.25705663 7.81489486
4360 106 -1.25351536 8.29473594
4370 106 -1.24353267 8.75448951
4380 106 -1.23235937 9.21347987
4250 107 -0.79034264 -0.11658691
4260 107 -0.82960181 0.40916847
4270 107 -0.86907468 0.93590074
4280 107 -0.86907468 1.49276428
4290 107 -0.81262817 2.09575582
4300 107 -0.75520477 2.69896105
4310 107 -0.69170627 3.30247157
4320 107 -0.61291318 3.90625683
4330 107 -0.53433378 4.51101900
4340 107 -0.42287560 5.08714578
4350 107 -0.26067966 5.62318914
4360 107 -0.09827004 6.15825560
4370 107 0.07601503 6.67647053
4380 107 0.25839005 7.18110044
4390 107 0.43014129 7.68750099
4400 107 0.50670583 8.20788342
4410 107 0.55466551 8.70460655
4420 107 0.53488329 9.15068352
4430 107 0.50557629 9.60286611
4440 107 0.39488130 10.10890032
4300 110 -0.55863417 -0.43646061
4310 110 -0.61349321 0.06233843
4320 110 -0.66835225 0.56113748
4330 110 -0.71734989 1.06121870
4340 110 -0.72137961 1.58034948
4350 110 -0.72540932 2.09948025
4360 110 -0.73258343 2.61894683
4370 110 -0.74821383 3.13963454
4380 110 -0.76482113 3.66010856
4390 110 -0.78310748 4.16486058
4400 110 -0.81039962 4.60315288
4410 110 -0.83769176 5.04144518
4420 110 -0.86498391 5.47973748
4430 110 -0.79373126 5.90273519
4440 110 -0.72324182 6.32454230
4450 110 -0.65296608 6.74732631
4460 110 -0.60549484 7.16205089
4470 110 -0.59352782 7.56593799
4480 110 -0.58058389 7.97003879
4490 110 -0.54572077 8.34413044
4310 112 -0.09475930 -0.11899863
4320 112 -0.10571890 0.37097778
4330 112 -0.11667850 0.86095420
4340 112 -0.14250529 1.34870206
4350 112 -0.20414158 1.83168753
4360 112 -0.26577786 2.31467301
4370 112 -0.32622355 2.79689528
4380 112 -0.23582977 3.23534022
4390 112 -0.14424539 3.67302195
4400 112 -0.05385161 4.11146689
4410 112 0.03211559 4.55610904
4420 112 0.11603741 5.00542199
4430 112 0.19898232 5.45452125
4440 112 0.23338752 5.88686056
4450 112 0.21946669 6.30146303
4460 112 0.20533217 6.71704241
4470 112 0.19119765 7.13262178
4480 112 0.18268030 7.57399742
4490 112 0.17416296 8.01537306
4500 112 0.16585931 8.45577180
