2020 77 0.00000000 0.00000000
2030 77 -0.00000000 0.55425987
2040 77 -0.01140620 1.11250703
2050 77 -0.12230364 1.69387332
2060 77 -0.23220516 2.27532981
2070 77 -0.28642521 2.86283402
2080 77 -0.30289041 3.45476213
2090 77 -0.31935561 4.04669025
2100 77 -0.15088229 4.55897703
2110 77 0.01867716 5.07035809
2120 77 0.18685459 5.50831511
2130 77 0.29854227 5.96023309
2140 77 0.35464592 6.42719817
2150 77 0.35117462 6.88675877
2160 77 0.21144233 7.33196871
2170 77 0.07171005 7.77717864
2180 77 -0.06237868 8.31527642
2190 77 -0.19447196 8.86459997
2200 77 -0.30238523 9.43519153
2210 77 -0.34971322 10.05745921
1950 43 -0.67401597 2.56364944
1960 43 -0.64188303 2.81858762
1970 43 -0.60965987 3.07252988
1980 43 -0.57943217 3.31524635
1990 43 -0.55020040 3.55787261
2000 43 -0.51997270 3.80058908
2010 43 -0.46430567 4.03958528
2020 43 -0.36817026 4.27521843
2030 43 -0.27303077 4.51076138
2040 43 -0.17689536 4.74639453
2050 43 -0.05513298 4.99840628
2060 43 0.12920293 5.29122921
2070 43 0.31263314 5.58296601
2080 43 0.49705926 5.87479303
2090 43 0.58280604 6.18077585
2100 43 0.66755690 6.48666847
2110 43 0.75230776 6.79256108
2120 43 0.75004889 7.08354372
2130 43 0.68948164 7.36422434
2140 43 0.62891438 7.64490495
1980 75 -1.39618624 -0.38251011
1990 75 -1.51881825 0.02910548
2000 75 -1.64244618 0.44063086
2010 75 -1.72413710 0.91017595
2020 75 -1.74369111 1.46969328
2030 75 -1.74885114 2.02549394
2040 75 -1.62636347 2.55771360
2050 75 -1.50278967 3.08902755
2060 75 -1.39841263 3.61056991
2070 75 -1.33722834 4.11012620
2080 75 -1.27595383 4.60868656
2090 75 -1.22057187 5.08361902
2100 75 -1.17080821 5.54298116
2110 75 -1.12013883 6.00342944
2120 75 -1.02935109 6.49763444
2130 75 -0.93856335 6.99183945
2140 75 -0.84677969 7.48613466
2150 75 -0.88400772 7.98581363
2160 75 -0.92123574 8.48549260
2170 75 -0.96670178 8.98743766
1980 76 -1.94685934 -0.48861918
1990 76 -1.98723751 0.06800781
2000 76 -2.02661976 0.62472501
2010 76 -2.01014013 1.18549807
2020 76 -1.95572522 1.74870319
2030 76 -1.90475274 2.30557195
2040 76 -1.88973812 2.81600760
2050 76 -1.87372758 3.32653347
2060 76 -1.86261366 3.81352165
2070 76 -1.85956816 4.26764798
2080 76 -1.85661287 4.72277023
2090 76 -1.78260065 5.13613229
2100 76 -1.67799268 5.53318792
2110 76 -1.53844081 5.92135963
2120 76 -1.31569331 6.28895254
2130 76 -1.22069816 6.63694094
2140 76 -1.17891271 7.06244532
2150 76 -1.19521192 7.60820015
2160 76 -1.24618440 8.15985113
2170 76 -1.43277197 8.73436142
