4910 121 0.00000000 0.00000000
4920 121 0.00000000 0.52679882
4930 121 -0.00099848 1.05365270
4940 121 0.03656614 1.55334250
4950 121 0.07790450 2.04881817
4960 121 0.12029640 2.54523727
4970 121 0.13778125 3.04403110
4980 121 0.13934541 3.54470420
4990 121 0.14096463 4.04637578
5000 121 0.14358233 4.54799232
5010 121 0.16877221 5.05938108
5020 121 0.19701259 5.57160318
5030 121 0.22525297 6.08382529
5040 121 0.25354840 6.59704587
5050 121 0.34004632 7.07601049
5060 121 0.44119119 7.54815847
5070 121 0.54327950 8.01925292
5080 121 0.64436932 8.49040242
5090 121 0.62314870 8.95928160
5100 121 0.60098464 9.42921431
4860 117 0.55001641 0.05780954
4870 117 0.64431237 0.46022882
4880 117 0.73755480 0.86170466
4890 117 0.78253971 1.25983197
4900 117 0.77921207 1.65361227
4910 117 0.77483089 2.04644914
4920 117 0.77050476 2.44028450
4930 117 0.79066995 2.89686676
4940 117 0.81670835 3.36914952
4950 117 0.84280181 3.84243076
4960 117 0.88493364 4.29780193
4970 117 0.93738820 4.74058576
4980 117 0.98989781 5.18436807
4990 117 1.02803571 5.63995945
5000 117 1.01062868 6.14167849
5010 117 0.99327671 6.64439601
5020 117 0.97592473 7.14711354
5030 117 1.00444795 7.64630030
5040 117 1.07989991 8.14289974
5050 117 1.15535186 8.63949918
4870 118 -0.76219608 0.09009511
4880 118 -0.77587683 0.56857378
4890 118 -0.78955757 1.04705245
4900 118 -0.78903176 1.51072661
4910 118 -0.75853624 1.93669377
4920 118 -0.72698720 2.36360437
4930 118 -0.67363666 2.78630843
4940 118 -0.53213672 3.19113279
4950 118 -0.38963830 3.59590211
4960 118 -0.25622115 3.96311440
4970 118 -0.17878172 4.35043872
4980 118 -0.22573513 4.80671537
4990 118 -0.26172040 5.29844198
5000 118 -0.27599720 5.87510234
5010 118 -0.29027400 6.45176271
5020 118 -0.25793717 6.98378933
5030 118 -0.20462460 7.49663216
5040 118 -0.15131203 8.00947499
5050 118 -0.09609741 8.48415525
5060 118 -0.03849287 8.94768704
4870 119 -0.03870358 0.09727812
4880 119 -0.03549742 0.51874072
4890 119 -0.03229126 0.94020332
4900 119 -0.02914016 1.36066743
4910 119 0.00251899 1.78957499
4920 119 0.04732357 2.22076236
4930 119 0.09112966 2.65200479
4940 119 0.14120191 3.08790933
4950 119 0.21051300 3.54578810
4960 119 0.28076752 4.00261335
4970 119 0.35102204 4.45943859
4980 119 0.37045641 4.93909608
4990 119 0.38983572 5.41775508
5000 119 0.41021352 5.89635903
5010 119 0.42282365 6.37939732
5020 119 0.42467065 6.86703508
5030 119 0.42557422 7.35572638
5040 119 0.42742123 7.84336414
5050 119 0.45345204 8.33367465
5060 119 0.49357172 8.82521144
4870 120 -1.90422407 -0.27859591
4880 120 -1.90817814 0.28547710
4890 120 -1.91107868 0.85049355
4900 120 -1.91397922 1.41551000
4910 120 -1.92647925 1.98806632
4920 120 -1.94086614 2.56272972
4930 120 -1.95525304 3.13739311
4940 120 -1.95965510 3.71150601
4950 120 -1.92106731 4.28425027
4960 120 -1.88247953 4.85699453
4970 120 -1.84289326 5.42968373
4980 120 -1.73170660 6.02947247
4990 120 -1.61236693 6.63181626
5000 120 -1.49302725 7.23416005
5010 120 -1.35476385 7.81643166
5020 120 -1.17482419 8.35534327
5030 120 -0.99493958 8.89325639
5040 120 -0.81505497 9.43116951
5050 120 -0.56350733 9.97915289
5060 120 -0.29482032 10.52919588
