6060 148 0.00000000 0.00000000
6070 148 -0.00000000 0.49633255
6080 148 0.00115648 0.99185113
6090 148 -0.01198995 1.53461827
6100 148 -0.03374351 2.10938412
6110 148 -0.05532581 2.68316475
6120 148 -0.08076440 3.24409511
6130 148 -0.12638301 3.75178295
6140 148 -0.17200161 4.25947079
6150 148 -0.21744897 4.76617341
6160 148 -0.19731529 5.27514063
6170 148 -0.16107547 5.78487750
6180 148 -0.12483566 6.29461437
6190 148 -0.09493635 6.79411415
6200 148 -0.06846418 7.28997323
6210 148 -0.04100678 7.78600356
6220 148 -0.00806919 8.25050664
6230 148 0.02807996 8.70237304
6240 148 0.06440037 9.15325421
6250 148 0.10547565 9.60597688
6020 146 -0.91352461 -0.22172231
6030 146 -0.99533468 0.33651430
6040 146 -1.07598827 0.89393694
6050 146 -1.14957401 1.45157314
6060 146 -1.15338194 1.99900853
6070 146 -1.15620465 2.54661517
6080 146 -1.16018383 3.09503578
6090 146 -1.12792723 3.61017024
6100 146 -1.04041736 4.07603934
6110 146 -0.95290748 4.54190845
6120 146 -0.86655409 5.00859152
6130 146 -0.81859632 5.29909634
6140 146 -0.78036591 5.54629553
6150 146 -0.76784003 5.75451681
6160 146 -0.79404222 5.90525647
6170 146 -0.81013022 6.11459394
6180 146 -0.78494751 6.55947913
6190 146 -0.75976480 7.00436431
6200 146 -0.73342560 7.44843553
6210 146 -0.74439204 7.93778688
6050 147 -0.85057891 -0.47873951
6060 147 -0.84954936 0.03502692
6070 147 -0.84967629 0.54960731
6080 147 -0.84980322 1.06418771
6090 147 -0.83056813 1.58416368
6100 147 -0.81133305 2.10413965
6110 147 -0.79209796 2.62411563
6120 147 -0.78644248 3.13462617
6130 147 -0.78275745 3.64479420
6140 147 -0.77890116 4.15397701
6150 147 -0.76065735 4.60374602
6160 147 -0.72652700 4.99131681
6170 147 -0.68896952 5.38252831
6180 147 -0.61260137 5.79571096
6190 147 -0.53524799 6.20906487
6200 147 -0.45887984 6.62224753
6210 147 -0.42041571 7.09583122
6220 147 -0.38096635 7.56958616
6230 147 -0.34267348 8.04415508
6240 147 -0.30519256 8.54091274
