6050 147 0.00000000 0.00000000
6060 147 -0.00000000 0.51376746
6070 147 -0.00115811 1.02834657
6080 147 -0.00231622 1.54292567
6090 147 0.01587683 2.06293915
6100 147 0.03406989 2.58295262
6110 147 0.05226294 3.10296609
6120 147 0.05689539 3.61348695
6130 147 0.05955807 4.12366134
6140 147 0.06239399 4.63285085
6150 147 0.07973646 5.08265552
6160 147 0.11309007 5.47029393
6170 147 0.14986352 5.86157990
6180 147 0.22540353 6.27491476
6190 147 0.30192843 6.68842285
6200 147 0.37746844 7.10175771
6210 147 0.41498347 7.57541753
6220 147 0.45348337 8.04925058
6230 147 0.49082517 8.52389527
6240 147 0.52731055 9.02072705
6020 146 -0.06346062 0.25689054
6030 146 -0.14638919 0.81496209
6040 146 -0.22815964 1.37222199
6050 146 -0.30286270 1.92970961
6060 146 -0.30776764 2.47713627
6070 146 -0.31168771 3.02473615
6080 146 -0.31676588 3.57314768
6090 146 -0.28554164 4.08834575
6100 146 -0.19896550 4.55438928
6110 146 -0.11238937 5.02043281
6120 146 -0.02697135 5.48728800
6130 146 0.02040417 5.77788834
6140 146 0.05813914 6.02516364
6150 146 0.07024773 6.23340960
6160 146 0.04374353 6.38409645
6170 146 0.02723606 6.59340126
6180 146 0.05152720 7.03833602
6190 146 0.07581835 7.48327078
6200 146 0.10126761 7.92739389
6210 146 0.08932057 8.41672227
6060 148 0.84961785 0.48044304
6070 148 0.84862323 0.97677460
6080 148 0.84878673 1.47229450
6090 148 0.83455266 2.01503421
6100 148 0.81164736 2.58975531
6110 148 0.78891529 3.16349153
6120 148 0.76235268 3.72436980
6130 148 0.71571680 4.23196520
6140 148 0.66908091 4.73956061
6150 148 0.62261826 5.24617113
6160 148 0.64173197 5.75517768
6170 148 0.67695023 6.26498614
6180 148 0.71216850 6.77479461
6190 148 0.74106679 7.27435331
6200 148 0.76654524 7.77026444
6210 148 0.79300858 8.26634879
6220 148 0.82501528 8.73091695
6230 148 0.86025885 9.18285488
6240 148 0.89567565 9.63380792
6250 148 0.93584363 10.08661200
