1890 66 0.00000000 0.00000000
1900 66 0.00000000 0.33605357
1910 66 -0.00101769 0.67112515
1920 66 -0.00101769 1.00717872
1930 66 0.00098199 1.34319657
1940 66 0.02797768 1.67876807
1950 66 0.05399139 2.01535727
1960 66 0.08100494 2.35192861
1970 66 0.09487773 2.68073334
1980 66 0.10066252 3.00468169
1990 66 0.10644732 3.32863004
2000 66 0.11224996 3.65357824
2010 66 0.22516053 3.98361491
2020 66 0.35008704 4.31443717
2030 66 0.47603125 4.64624141
2040 66 0.60726033 4.99395383
2050 66 0.75323706 5.38340960
2060 66 0.90021363 5.77284751
2070 66 1.04619035 6.16230328
2080 66 1.16777811 6.53019106
1840 60 -0.64973570 2.76504132
1850 60 -0.65405644 2.80312454
1860 60 -0.65734163 2.84318958
1870 60 -0.66064468 2.88225478
1880 60 -0.66496542 2.92033799
1890 60 -0.63541656 3.00682421
1900 60 -0.60586769 3.09331042
1910 60 -0.57633669 3.17879679
1920 60 -0.54678783 3.26528300
1930 60 -0.51723897 3.35176921
1940 60 -0.46842532 3.56493166
1950 60 -0.41734418 3.79305600
1960 60 -0.36626304 4.02118035
1970 60 -0.31618174 4.24932255
1980 60 -0.26208322 4.47839317
1990 60 -0.20194995 4.70935635
2000 60 -0.14279866 4.94133722
2010 60 -0.08264754 5.17330024
2020 60 -0.02249641 5.40526326
2030 60 0.00717743 5.66677514
1850 57 -0.89466094 3.55554030
1860 57 -0.86953994 3.56209282
1870 57 -0.84540094 3.56966305
1880 57 -0.82027994 3.57621557
1890 57 -0.80415751 3.69494664
1900 57 -0.78903492 3.81369557
1910 57 -0.77291249 3.93242664
1920 57 -0.75778990 4.05117557
1930 57 -0.74164962 4.17090648
1940 57 -0.66817919 4.36462559
1950 57 -0.56810586 4.59187508
1960 57 -0.46905022 4.81814258
1970 57 -0.36376344 5.05730088
1980 57 -0.23967608 5.34113063
1990 57 -0.11557086 5.62596022
2000 57 0.00955205 5.91177180
2010 57 0.13363941 6.19560155
2020 57 0.20323546 6.50840882
2030 57 0.25794102 6.82748295
2040 57 0.31364643 7.14653923
1870 64 0.43139551 0.07430958
1880 64 0.44982114 0.43403795
1890 64 0.46924662 0.79374846
1900 64 0.48867209 1.15345897
1910 64 0.50031309 1.52531040
1920 64 0.49547458 1.92646073
1930 64 0.49161805 2.32659337
1940 64 0.48676168 2.72674386
1950 64 0.51579277 3.12028826
1960 64 0.68231979 3.48437307
1970 64 0.84784697 3.84847574
1980 64 1.01337416 4.21257841
1990 64 1.18982817 4.57248531
2000 64 1.39013552 4.92396499
2010 64 1.59142486 5.27442698
2020 64 1.79273205 5.62588880
2030 64 1.95961616 6.00997043
2040 64 2.09311273 6.42865368
2050 64 2.22660931 6.84733693
2060 64 2.36010588 7.26602018
1900 70 1.17558044 -0.03399458
1910 70 1.15661918 0.30439790
1920 70 1.13765791 0.64279038
1930 70 1.11867880 0.98018302
1940 70 1.09971753 1.31857550
1950 70 1.17308084 1.67432236
1960 70 1.25646040 2.03089051
1970 70 1.34083981 2.38744081
1980 70 1.42912930 2.73892049
1990 70 1.53702282 3.06804659
2000 70 1.64491633 3.39717269
2010 70 1.71786898 3.72992321
2020 70 1.73593753 4.06965476
2030 70 1.75400608 4.40938631
2040 70 1.77207463 4.74911787
2050 70 1.84475947 5.12287971
2060 70 1.97104291 5.52968985
2070 70 2.09832619 5.93648214
2080 70 2.22460962 6.34329229
2090 70 2.38686947 6.74845983
1910 72 0.50900814 -0.06009756
1920 72 0.55021585 0.28722207
1930 72 0.59044158 0.63555939
1940 72 0.63066731 0.98389671
1950 72 0.66494756 1.33534068
1960 72 0.65068198 1.71265553
1970 72 0.63643425 2.09097022
1980 72 0.62218652 2.46928490
1990 72 0.66703651 2.85254523
2000 72 0.73595410 3.23937642
2010 72 0.80587152 3.62618975
2020 72 0.87577109 4.01200324
2030 72 0.98502153 4.36110830
2040 72 1.09918190 4.70512488
2050 72 1.21334228 5.04914146
2060 72 1.35721220 5.43263390
2070 72 1.50924153 5.82498206
2080 72 1.66128872 6.21833006
2090 72 1.83408260 6.59730536
2100 72 2.02865872 6.96388977
1950 73 1.99248592 0.00942707
1960 73 1.87629016 0.44757150
1970 73 1.76111209 0.88669792
1980 73 1.67176919 1.31636157
1990 73 1.68783806 1.71213775
2000 73 1.70488891 2.10689625
2010 73 1.70767418 2.48690709
2020 73 1.70531741 2.85900849
2030 73 1.68785591 3.22537865
2040 73 1.53045243 3.54023917
2050 73 1.37403094 3.85408199
2060 73 1.19839823 4.21227488
2070 73 1.01024965 4.59769558
2080 73 0.83538468 4.99888162
2090 73 0.67992732 5.42272476
2100 73 0.52546980 5.84655005
2110 73 0.48776152 6.31129739
2120 73 0.46414029 6.78079396
2130 73 0.49577810 7.20829724
2140 73 0.55009087 7.61739273
