6580 171 0.00000000 0.00000000
6590 171 0.00000000 0.53523546
6600 171 0.00098275 1.07065589
6610 171 -0.01301857 1.59918589
6620 171 -0.04218891 2.12180821
6630 171 -0.07135925 2.64443054
6640 171 -0.13932933 3.22182128
6650 171 -0.22390146 3.82254380
6660 171 -0.30865855 4.42424908
6670 171 -0.37269765 5.00237968
6680 171 -0.39050290 5.52408839
6690 171 -0.40751037 6.04696480
6700 171 -0.42550058 6.56965625
6710 171 -0.28010289 7.02439630
6720 171 -0.13489017 7.48011909
6730 171 0.08883941 8.01065569
6740 171 0.30664822 8.48614735
6750 171 0.50064695 8.74754072
6760 171 0.69489977 8.99677122
6770 171 0.88780926 9.14501065
6530 166 -0.54320205 -0.02795592
6540 166 -0.70113441 0.50299358
6550 166 -0.85925174 1.03492582
6560 166 -0.98822301 1.52553606
6570 166 -1.11430397 2.01160251
6580 166 -1.22087949 2.54000734
6590 166 -1.32242546 3.07953437
6600 166 -1.43740663 3.59312889
6610 166 -1.56447033 4.07901037
6620 166 -1.69153403 4.56489185
6630 166 -1.82210087 5.05316667
6640 166 -1.98394179 5.55081868
6650 166 -2.14596767 6.04945342
6660 166 -2.30780859 6.54710543
6670 166 -2.46611275 6.99352764
6680 166 -2.62410490 7.43288568
6690 166 -2.75432609 7.86525987
6700 166 -2.82040355 8.28121512
6710 166 -2.86947355 8.70952941
6720 166 -2.84658269 9.18801975
6580 170 -0.49949045 -0.16829229
6590 170 -0.54378123 0.45629264
6600 170 -0.58708928 1.08106252
6610 170 -0.63214421 1.65564329
6620 170 -0.67717673 2.19766642
6630 170 -0.72202428 2.73870680
6640 170 -0.77321857 3.30806183
6650 170 -0.82731439 3.89823946
6660 170 -0.88122524 4.48743435
6670 170 -0.96357778 5.07636394
6680 170 -1.06534234 5.66571017
6690 170 -1.16052848 6.24713651
6700 170 -1.20203545 6.75420867
6710 170 -1.24372738 7.26226357
6720 170 -1.24575079 7.79203041
6730 170 -1.18956057 8.35310497
6740 170 -1.00519872 8.87114426
6750 170 -0.52111457 9.28889125
6760 170 -0.03856994 9.62290873
6770 170 0.44510504 9.83197933
6720 172 0.34091538 0.38367787
6730 172 0.33421926 0.83014305
6740 172 0.31198419 1.27266605
6750 172 0.25590793 1.70576702
6760 172 0.20001664 2.13788525
6770 172 0.13447166 2.58344990
6780 172 0.05502999 3.04878528
6790 172 -0.02422672 3.51313792
6800 172 -0.12644528 3.95892303
6810 172 -0.25205355 4.38300742
6820 172 -0.37784679 4.80807454
6830 172 -0.50566343 5.22767305
6840 172 -0.64029016 5.63479667
6850 172 -0.77510186 6.04290304
6860 172 -0.90991355 6.45100940
6870 172 -1.04454028 6.85813303
6880 172 -1.13922197 7.24224808
6890 172 -1.21577520 7.61654690
6900 172 -1.29251339 7.99182846
6910 172 -1.37004936 8.36594231
6740 173 -0.39035717 -0.03989085
6750 173 -0.51047440 0.34961248
6760 173 -0.63040666 0.73813308
6770 173 -0.72201307 1.11672160
6780 173 -0.74762610 1.46906372
6790 173 -0.77403690 1.82023814
6800 173 -0.57362978 2.23140110
6810 173 -0.34883899 2.64817095
6820 173 -0.19704972 3.00948109
6830 173 -0.16007908 3.38072517
6840 173 -0.28327159 3.77575505
6850 173 -0.41322748 4.17968755
6860 173 -0.55480255 4.59669655
6870 173 -0.69656259 5.01468828
6880 173 -0.84420789 5.41529141
6890 173 -0.99467438 5.80925820
6900 173 -1.14514086 6.20322500
6910 173 -1.27890069 6.60033621
6920 173 -1.34405332 7.01137773
6930 173 -1.40902099 7.42143651
