0 9 0.00000000 0.00000000
10 9 0.00000000 0.42600000
20 9 0.00000000 0.85200000
30 9 0.00000000 1.27800000
40 9 0.00000000 1.70400000
50 9 0.00000000 2.17700000
60 9 0.00000000 2.64900000
70 9 0.00000000 3.12100000
80 9 0.00000000 3.59300000
90 9 0.00000000 4.02800000
100 9 0.00000000 4.45800000
110 9 0.00000000 4.88800000
120 9 0.00000000 5.31800000
130 9 -0.01300000 5.73300000
140 9 -0.05500000 6.11400000
150 9 -0.09700000 6.49400000
160 9 -0.13900000 6.87500000
170 9 -0.18100000 7.25600000
180 9 -0.22300000 7.63700000
190 9 -0.26500000 8.01700000
0 8 0.59700000 -0.00000000
10 8 0.65100000 0.50500000
20 8 0.70600000 1.01000000
30 8 0.76000000 1.51500000
40 8 0.78200000 1.98800000
50 8 0.77000000 2.43000000
60 8 0.75800000 2.87200000
70 8 0.74600000 3.31400000
80 8 0.74000000 3.73300000
90 8 0.74000000 4.12700000
100 8 0.74000000 4.52200000
110 8 0.74000000 4.91700000
120 8 0.74000000 5.32000000
130 8 0.74000000 5.73100000
140 8 0.74000000 6.14300000
150 8 0.74000000 6.55400000
160 8 0.74000000 6.96600000
170 8 0.72100000 7.43700000
180 8 0.70200000 7.90900000
190 8 0.68300000 8.38000000
