7220 183 0.00000000 0.00000000
7230 183 0.00000000 0.57243515
7240 183 0.00066208 1.14561973
7250 183 -0.08198309 1.66830776
7260 183 -0.19953003 2.17112454
7270 183 -0.38218128 2.67274643
7280 183 -0.71405294 3.17009360
7290 183 -1.04601194 3.66885228
7300 183 -1.42296468 4.16199285
7310 183 -1.84292492 4.65176362
7320 183 -2.26429667 5.14144703
7330 183 -2.67761335 5.60399899
7340 183 -3.08916914 6.06099225
7350 183 -3.50138702 6.51723607
7360 183 -3.91490111 7.01732416
7370 183 -4.32747710 7.53659870
7380 183 -4.74071518 8.05512381
7390 183 -5.21082782 8.54249954
7400 183 -5.69470621 9.02335576
7410 183 -6.17783518 9.50354989
7250 184 1.33511194 1.72270169
7260 184 0.94416634 1.98401863
7270 184 0.55313340 2.24674708
7280 184 0.08027809 2.43498325
7290 184 -0.41278912 2.60638258
7300 184 -0.91595703 2.84941972
7310 184 -1.43581854 3.20194349
7320 184 -1.95493062 3.55380518
7330 184 -2.40014262 3.93645289
7340 184 -2.84526728 4.31768909
7350 184 -3.26766971 4.70954134
7360 184 -3.59825913 5.14037268
7370 184 -3.92951062 5.57045458
7380 184 -4.25820113 6.00494572
7390 184 -4.58079488 6.45540024
7400 184 -4.90272654 6.90660419
7410 184 -5.29027263 7.38775389
7420 184 -5.68438889 7.87203932
7430 184 -6.08596276 8.35090404
7440 184 -6.55364368 8.77608583
