7110 165 0.00000000 0.00000000
7120 165 -0.00000000 0.29025851
7130 165 -0.00474060 0.44850365
7140 165 -0.00948120 0.60674880
7150 165 -0.02752030 0.72458170
7160 165 -0.05319052 0.81659278
7170 165 -0.07976338 0.90751518
7180 165 -0.09651052 0.97926846
7190 165 -0.11297860 1.04803475
7200 165 -0.12845102 1.11689406
7210 165 -0.14392343 1.18575337
7220 165 -0.16039151 1.25451965
7230 165 -0.22760746 1.41496284
7240 165 -0.30891084 1.59719006
7250 165 -0.39030725 1.78041294
7260 165 -0.41544347 1.98496164
7270 165 -0.42701247 2.19479529
7280 165 -0.43767882 2.40571762
7290 165 -0.42093168 2.62422284
7300 165 -0.40020188 2.84310015
6940 134 0.24432359 1.60970649
6950 134 0.24883681 1.61514991
6960 134 0.25434569 1.62068636
6970 134 0.25985457 1.62622280
6980 134 0.26536346 1.63175925
6990 134 0.26987667 1.63720267
7000 134 0.27538556 1.64273911
7010 134 0.28089444 1.64827556
7020 134 0.28640332 1.65381200
7030 134 0.29191220 1.65934845
7040 134 0.29642542 1.66479187
7050 134 0.30193430 1.67032831
7060 134 0.30744319 1.67586476
7070 134 0.31195641 1.68130818
7080 134 0.31737227 1.68784029
7090 134 0.32288115 1.69337673
7100 134 0.32839003 1.69891318
7110 134 0.33389891 1.70444962
7120 134 0.33841213 1.70989305
7130 134 0.34392102 1.71542949
7080 176 -1.18622536 -0.35387766
7090 176 -1.26212322 -0.19725865
7100 176 -1.32853988 -0.06687143
7110 176 -1.39495654 0.06351580
7120 176 -1.40477537 0.29761746
7130 176 -1.37602169 0.60261455
7140 176 -1.32638663 0.92061040
7150 176 -1.25596320 1.25260068
7160 176 -1.18553976 1.58459095
7170 176 -1.10567647 1.76178817
7180 176 -1.02513447 1.92097041
7190 176 -0.94180875 2.12560868
7200 176 -0.85755971 2.39561628
7210 176 -0.77240803 2.66671255
7220 176 -0.68825201 2.93771581
7230 176 -0.60373425 3.17259609
7240 176 -0.51872382 3.39145273
7250 176 -0.43470905 3.61021634
7260 176 -0.32028347 3.86898223
7270 176 -0.17734536 4.16656869
7080 178 -1.84217858 -0.30970324
7090 178 -1.78610098 0.11133868
7100 178 -1.72902771 0.53247363
7110 178 -1.69036562 0.78516562
7120 178 -1.65903838 0.96586317
7130 178 -1.64595004 1.12677835
7140 178 -1.70609643 1.21155106
7150 178 -1.76534017 1.29741245
7160 178 -1.78217000 1.40230171
7170 178 -1.73760283 1.53803589
7180 178 -1.69194697 1.67286743
7190 178 -1.63348529 1.86413487
7200 178 -1.56203175 2.10984687
7210 178 -1.49057820 2.35555888
7220 178 -1.41812899 2.60136391
7230 178 -1.26594051 2.92894087
7240 178 -1.07780476 3.29101123
7250 178 -0.88966902 3.65308158
7260 178 -0.77484034 4.00428576
7270 178 -0.66110035 4.35639258
7110 160 -0.22732839 1.70223436
7120 160 -0.23039807 1.73509127
7130 160 -0.20461071 1.81383143
7140 160 -0.15871370 1.92458098
7150 160 -0.11272366 2.03433487
7160 160 -0.04620709 2.11788454
7170 160 0.03511353 2.18273018
7180 160 0.11543848 2.24748280
7190 160 0.19510195 2.28706476
7200 160 0.27238134 2.26616271
7210 160 0.34866506 2.24516763
7220 160 0.42494879 2.22417255
7230 160 0.50123251 2.20317747
7240 160 0.50525307 2.22464454
7250 160 0.49123108 2.25647823
7260 160 0.47612041 2.28921457
7270 160 0.46209843 2.32104826
7280 160 0.44798343 2.35387762
7290 160 0.43296578 2.38561829
7300 160 0.38962510 2.48401334
7140 135 0.34942990 1.72096593
7150 135 0.35493878 1.72650238
7160 135 0.35945200 1.73194580
7170 135 0.36496088 1.73748225
7180 135 0.37046976 1.74301869
7190 135 0.37588563 1.74955080
7200 135 0.38039884 1.75499422
7210 135 0.38590773 1.76053067
7220 135 0.39141661 1.76606711
7230 135 0.39692549 1.77160355
7240 135 0.40143871 1.77704698
7250 135 0.40694759 1.78258342
7260 135 0.41245647 1.78811987
7270 135 0.41796536 1.79365631
7280 135 0.42247858 1.79909973
7290 135 0.42798746 1.80463618
7300 135 0.43349634 1.81017262
7310 135 0.44276739 1.90444376
7320 135 0.45294108 1.99980359
7330 135 0.46221212 2.09407472
7260 180 -0.26644525 -1.12566555
7270 180 -0.28877018 -0.59644764
7280 180 -0.31009944 -0.06713671
7290 180 -0.38155643 0.45046053
7300 180 -0.47473200 0.96401998
7310 180 -0.56790756 1.47757944
7320 180 -0.62783690 1.94704027
7330 180 -0.65361737 2.37349117
7340 180 -0.68030048 2.79885338
7350 180 -0.70707661 3.22521126
7360 180 -0.58694576 3.51966258
7370 180 -0.45138729 3.79948556
7380 180 -0.31492617 4.08039722
7390 180 -0.17704218 4.33532860
7400 180 -0.03683268 4.56536837
7410 180 0.10437248 4.79550116
7420 180 0.24458198 5.02554093
7430 180 0.38607310 5.17736077
7440 180 0.52933160 5.31026299
7450 180 0.67168747 5.44207653
