740 29 0.00000000 0.00000000
750 29 -0.00000000 0.57803979
760 29 -0.00022663 1.15705356
770 29 0.04765762 1.74110159
780 29 0.20637334 2.33861755
790 29 0.36606303 2.93636014
800 29 0.51990884 3.53274296
810 29 0.62183954 4.11396592
820 29 0.72377024 4.69518888
830 29 0.82570094 5.27641184
840 29 0.92461801 5.86617401
850 29 1.02473568 6.45518883
860 29 1.10979038 7.04275218
870 29 1.07359391 7.61750327
880 29 1.03642346 8.19202774
890 29 0.99947964 8.76557822
900 29 0.94101653 9.34336197
910 29 0.87768352 9.92001258
920 29 0.81389726 10.49861116
930 29 0.72030335 11.06411375
710 27 -0.08944713 -0.02594631
720 27 -0.08185769 0.54153884
730 27 -0.05862226 1.16092008
740 27 0.00269878 1.89902152
750 27 0.07552940 2.61413319
760 27 0.17566092 3.27810132
770 27 0.27481845 3.94184282
780 27 0.39766986 4.60083033
790 27 0.53551677 5.25714673
800 27 0.67238970 5.91323652
810 27 0.73011929 6.56528505
820 27 0.77765581 7.21701527
830 27 0.81110333 7.86752066
840 27 0.78241845 8.51588952
850 27 0.75350695 9.16523236
860 27 0.72287411 9.81314797
870 27 0.68324881 10.45999790
880 27 0.64385014 11.10587385
890 27 0.60506388 11.74470530
900 27 0.56968223 12.32477956
710 28 -0.65803601 -0.64901587
720 28 -0.66463764 0.01475850
730 28 -0.67243987 0.67928023
740 28 -0.65845294 1.35605889
750 28 -0.56107037 2.08920392
760 28 -0.46885181 2.81806724
770 28 -0.43210174 3.50732948
780 28 -0.39460432 4.19779233
790 28 -0.31941573 4.89394510
800 28 -0.20578860 5.59698839
810 28 -0.09313546 6.29980506
820 28 -0.01710782 6.98793935
830 28 0.00131998 7.65445748
840 28 0.01974778 8.32097561
850 28 0.03577435 8.98898844
860 28 0.04287594 9.66005816
870 28 0.04975090 10.33210186
880 28 0.04217530 10.99564961
890 28 0.00277663 11.64152556
900 28 -0.03662205 12.28740151
740 30 -1.01788667 -0.36004961
750 30 -1.13069552 0.26155812
760 30 -1.24373099 0.88413983
770 30 -1.33076306 1.50969192
780 30 -1.18639237 2.16444615
790 30 -1.04224832 2.82017436
800 30 -0.89713028 3.47612921
810 30 -0.68153786 4.08071907
820 30 -0.44725641 4.67117669
830 30 -0.21417557 5.26238167
840 30 -0.08884509 5.83570206
850 30 -0.01169297 6.39986565
860 30 0.06643314 6.96425586
870 30 0.10496336 7.53996709
880 30 0.05365548 8.13995001
890 30 0.00212096 8.74090690
900 30 -0.04821294 9.34111645
910 30 -0.05867589 9.90234771
920 30 -0.05119717 10.44824611
930 30 -0.04371844 10.99414452
