1850 57 0.00000000 0.00000000
1860 57 -0.00000000 0.02596151
1870 57 -0.00123259 0.05122969
1880 57 -0.00123259 0.07719120
1890 57 -0.11205049 0.12275865
1900 57 -0.22313802 0.16736315
1910 57 -0.33395592 0.21293060
1920 57 -0.44504345 0.25753510
1930 57 -0.55682431 0.30337218
1940 57 -0.72572820 0.42335750
1950 57 -0.92036249 0.57754730
1960 57 -1.11430345 0.73050451
1970 57 -1.31914515 0.89274468
1980 57 -1.56246690 1.08445156
1990 57 -1.80675161 1.27642807
2000 57 -2.05172966 1.46963717
2010 57 -2.29505141 1.66134405
2020 57 -2.58016579 1.80763754
2030 57 -2.87510241 1.94110435
2040 57 -3.16976940 2.07553413
1840 60 0.82672387 0.03747856
1850 60 0.78878309 0.04290968
1860 60 0.74918601 0.04984302
1870 60 0.71055189 0.05650673
1880 60 0.67261111 0.06193785
1890 60 0.59638288 0.11235864
1900 60 0.52015464 0.16277944
1910 60 0.44488938 0.21293060
1920 60 0.36866115 0.26335140
1930 60 0.29243291 0.31377220
1940 60 0.09849196 0.41480638
1950 60 -0.10935419 0.52181094
1960 60 -0.31720035 0.62881550
1970 60 -0.52531613 0.73485710
1980 60 -0.73331636 0.84502019
1990 60 -0.94162474 0.96150031
2000 60 -1.15116571 1.07728711
2010 60 -1.36043705 1.19403687
2020 60 -1.56970839 1.31078662
2030 60 -1.81526421 1.40550376
1890 66 3.66623513 -0.03170078
1900 66 3.34106144 0.05311710
1910 66 3.01658109 0.13670237
1920 66 2.69140740 0.22152024
1930 66 2.36677297 0.30826404
1940 66 2.04887929 0.41908194
1950 66 1.72975301 0.52920651
1960 66 1.41089636 0.64029404
1970 66 1.09623824 0.73670599
1980 66 0.78423790 0.82406609
1990 66 0.47223756 0.91142619
2000 66 0.15927425 0.99905591
2010 66 -0.13157940 1.19161020
2020 66 -0.42016046 1.39598968
2030 66 -0.70943485 1.60160176
2040 66 -1.01276852 1.81634273
2050 66 -1.35277185 2.05588966
2060 66 -1.69250556 2.29639956
2070 66 -2.03250890 2.53594649
2080 66 -2.35779814 2.74645042
