4190 106 0.00000000 0.00000000
4200 106 -0.00000000 0.55760649
4210 106 -0.00095228 1.11416744
4220 106 -0.00090566 1.67077502
4230 106 0.04116882 2.20631936
4240 106 0.08324329 2.74186370
4250 106 0.12536439 3.27640913
4260 106 0.16105264 3.79864121
4270 106 0.19488295 4.31778330
4280 106 0.22875989 4.83592648
4290 106 0.28491957 5.32707930
4300 106 0.36436089 5.79128838
4310 106 0.44484776 6.25454518
4320 106 0.52405595 6.72374883
4330 106 0.60514181 7.21706626
4340 106 0.68522875 7.71033706
4350 106 0.76531569 8.20360786
4360 106 0.84937856 8.67604138
4370 106 0.93641844 9.12759100
4380 106 1.02450385 9.57818834
4120 103 -0.14461991 0.33161737
4130 103 -0.21039569 0.94721996
4140 103 -0.27717037 1.56277592
4150 103 -0.33481497 2.17575480
4160 103 -0.36293157 2.77809893
4170 103 -0.39100155 3.37944415
4180 103 -0.41526238 3.98497154
4190 103 -0.43085940 4.59791096
4200 103 -0.44550414 5.21189592
4210 103 -0.46010225 5.82488197
4220 103 -0.43604944 6.46770267
4230 103 -0.40228728 7.11698313
4240 103 -0.37895362 7.75376374
4250 103 -0.39909865 8.33545711
4260 103 -0.41919706 8.91615157
4270 103 -0.43934209 9.49784494
4280 103 -0.49201185 10.09003317
4290 103 -0.55186050 10.68589065
4300 103 -0.61166253 11.28074922
4310 103 -0.66932686 11.87270431
4120 104 -0.91841111 0.33053597
4130 104 -0.94666760 0.93587684
4140 104 -0.97492409 1.54121771
4150 104 -1.01576651 2.11593842
4160 104 -1.05656230 2.68966022
4170 104 -1.09740473 3.26438093
4180 104 -1.13172822 3.89246365
4190 104 -1.16268912 4.55574143
4200 104 -1.19365002 5.21901922
4210 104 -1.18994848 5.86889867
4220 104 -1.13513564 6.49613670
4230 104 -1.07937050 7.12442028
4240 104 -1.04901756 7.73950458
4250 104 -1.07638811 8.32586612
4260 104 -1.10380530 8.91322657
4270 104 -1.13117585 9.49958811
4280 104 -1.15629572 10.10207212
4290 104 -1.17821261 10.72172416
4300 104 -1.20008287 11.34037729
4310 104 -1.22299867 11.95998270
4190 105 0.83992925 0.27846699
4200 105 0.77494076 0.76997131
4210 105 0.71095119 1.26152226
4220 105 0.71606591 1.79534136
4230 105 0.72118063 2.32916047
4240 105 0.72534306 2.86193404
4250 105 0.80738120 3.35629701
4260 105 0.90795930 3.83951233
4270 105 1.00853740 4.32272765
4280 105 1.11448308 4.79818481
4290 105 1.22479743 5.26583718
4300 105 1.33611070 5.73353619
4310 105 1.44642505 6.20118856
4320 105 1.53474361 6.64679134
4330 105 1.62020531 7.08925749
4340 105 1.70562039 7.53272256
4350 105 1.79056918 7.98617675
4360 105 1.87240108 8.46351158
4370 105 1.95418636 8.94184532
4380 105 2.03434683 9.41209451
4250 107 -0.10640120 0.30637197
4260 107 -0.05682143 0.83125467
4270 107 -0.00728829 1.35713628
4280 107 0.08621671 1.90609330
4290 107 0.24311231 2.49104524
4300 107 0.40100681 3.07604381
4310 107 0.56494141 3.66032324
4320 107 0.74399959 4.24230534
4330 107 0.92301113 4.82528636
4340 107 1.12962637 5.37451777
4350 107 1.37952841 5.87571531
4360 107 1.62947708 6.37591393
4370 107 1.88830298 6.85750624
4380 107 2.15282285 7.32434801
4390 107 2.40716710 7.79471915
4400 107 2.57002388 8.29485680
4410 107 2.70070923 8.77647422
4420 107 2.75611031 9.21953936
4430 107 2.80314706 9.67022278
4440 107 2.77899383 10.18765936
4290 108 0.69229646 0.28859420
4300 108 0.77480088 0.77296804
4310 108 0.85735193 1.25634298
4320 108 0.94545707 1.72796410
4330 108 1.03574655 2.19568283
4340 108 1.12503712 2.66335493
4350 108 1.23567787 3.12401492
4360 108 1.35140643 3.58291022
4370 108 1.46818054 4.04085324
4380 108 1.57152941 4.48615652
4390 108 1.66050075 4.91777452
4400 108 1.75051764 5.34844024
4410 108 1.83948898 5.78005824
4420 108 1.90372066 6.20551599
4430 108 1.96200549 6.62969505
4440 108 2.02029032 7.05387411
4450 108 2.07757624 7.47800655
4460 108 2.13209856 7.89700454
4470 108 2.18662088 8.31600253
4480 108 2.24019092 8.73395498
4300 110 0.06830623 -0.04786709
4310 110 0.09798128 0.45306144
4320 110 0.12765633 0.95398997
4330 110 0.16332486 1.45519827
4340 110 0.24652152 1.96763491
4350 110 0.32971818 2.48007156
4360 110 0.40987148 2.99336723
4370 110 0.48189360 3.50928662
4380 110 0.55291680 4.02515938
4390 110 0.61964487 4.52581531
4400 110 0.66633550 4.96246733
4410 110 0.71302613 5.39911935
4420 110 0.75971676 5.83577137
4430 110 0.90098485 6.24079893
4440 110 1.04130065 6.64478096
4450 110 1.18156982 7.04976189
4460 110 1.29800497 7.45062703
4470 110 1.37762026 7.84677019
4480 110 1.45823446 8.24295998
4490 110 1.55541769 8.60588617
4310 112 0.57890108 0.18719653
4320 112 0.65037084 0.67205638
4330 112 0.72184059 1.15691623
4340 112 0.77828003 1.64207557
4350 112 0.79861875 2.12855305
4360 112 0.81895747 2.61503053
4370 112 0.84034172 3.10055572
4380 112 1.00307297 3.51759714
4390 112 1.16684976 3.93368627
4400 112 1.32958100 4.35072768
4410 112 1.48898912 4.77462160
4420 112 1.64716518 5.20346345
4430 112 1.80434234 5.63225867
4440 112 1.91085472 6.05268240
4450 112 1.96674898 6.46373572
4460 112 2.02259661 6.87578795
4470 112 2.07844424 7.28784018
4480 112 2.14416083 7.72437922
4490 112 2.20987743 8.16091825
4500 112 2.27564065 8.59645838
