4190 105 0.00000000 0.00000000
4200 105 -0.00000000 0.49578221
4210 105 0.00099641 0.99147971
4220 105 0.07604145 1.52002227
4230 105 0.15108650 2.04856483
4240 105 0.22505043 2.57619570
4250 105 0.37118314 3.05553924
4260 105 0.53423458 3.52140106
4270 105 0.69728601 3.98726287
4280 105 0.86464175 4.44472987
4290 105 1.03530540 4.89388677
4300 105 1.20696545 5.34295896
4310 105 1.37762910 5.79211585
4320 105 1.52359642 6.22229668
4330 105 1.66632038 6.64974243
4340 105 1.80912905 7.07818459
4350 105 1.95278487 7.51659080
4360 105 2.09648103 7.97908017
4370 105 2.24026191 8.44256594
4380 105 2.38137225 8.89824989
4190 106 -0.86918407 -0.16596400
4200 106 -0.79609149 0.38683114
4210 106 -0.72408003 0.93871460
4220 106 -0.65107217 1.49051334
4230 106 -0.53916013 2.01592147
4240 106 -0.42724809 2.54132959
4250 106 -0.31542076 3.06574130
4260 106 -0.21158484 3.57878916
4270 106 -0.10999588 4.08901723
4280 106 -0.00849163 4.59824889
4290 106 0.11156512 5.07780220
4300 106 0.25117077 5.52759245
4310 106 0.39168812 5.97630157
4320 106 0.53171734 6.43107383
4330 106 0.67676894 6.90950568
4340 106 0.82082413 7.38802225
4350 106 0.96487932 7.86653881
4360 106 1.11014471 8.32387672
4370 106 1.25562392 8.76012069
4380 106 1.40201481 9.19528355
4250 107 -0.93450711 0.15171178
4260 107 -0.81655209 0.66556644
4270 107 -0.69851236 1.18041751
4280 107 -0.53385538 1.71238093
4290 107 -0.30163648 2.27171927
4300 107 -0.06842117 2.83097290
4310 107 0.17068785 3.38872183
4320 107 0.42448881 3.94221083
4330 107 0.67837448 4.49669624
4340 107 0.95520168 5.01410488
4350 107 1.26864576 5.47821996
4360 107 1.58200513 5.94133863
4370 107 1.90172616 6.38484789
4380 107 2.22515850 6.81298750
4390 107 2.53896565 7.24595987
4400 107 2.76597662 7.72043434
4410 107 2.95866606 8.18076550
4420 107 3.07166729 8.61274550
4430 107 3.17737500 9.05337446
4440 107 3.22125717 9.56951238
4290 108 -0.14503142 0.02939194
4300 108 0.00025414 0.49877143
4310 108 0.14545500 0.96715451
4320 108 0.29462130 1.42315716
4330 108 0.44544156 1.87500475
4340 108 0.59526541 2.32693706
4350 108 0.76533605 2.76911912
4360 108 0.94021929 3.20888480
4370 108 1.11601423 3.64756936
4380 108 1.27684291 4.07548306
4390 108 1.42162422 4.49171421
4400 108 1.56731723 4.90686424
4410 108 1.71209854 5.32309539
4420 108 1.83154615 5.73646238
4430 108 1.94493062 6.14934126
4440 108 2.05831508 6.56222013
4450 108 2.17070314 6.97518372
4460 108 2.27967841 7.38341942
4470 108 2.38865368 7.79165513
4480 108 2.49654783 8.19897914
4300 110 -0.80774177 -0.22237184
4310 110 -0.71265970 0.27034451
4320 110 -0.61757763 0.76306086
4330 110 -0.51651712 1.25526892
4340 110 -0.36686673 1.75237833
4350 110 -0.21721635 2.24948773
4360 110 -0.07047046 2.74784769
4370 110 0.06855833 3.24987458
4380 110 0.20659071 3.75198618
4390 110 0.33837035 4.23957527
4400 110 0.44189565 4.66633928
4410 110 0.54542094 5.09310328
4420 110 0.64894624 5.51986728
4430 110 0.84208750 5.90288223
4440 110 1.03414763 6.28498549
4450 110 1.22629249 6.66808516
4460 110 1.39426947 7.05022877
4470 110 1.52512532 7.43251759
4480 110 1.65697757 7.81472171
4490 110 1.80089560 8.16177732
4310 112 -0.27073985 -0.05626664
4320 112 -0.13633002 0.41504111
4330 112 -0.00192020 0.88634887
4340 112 0.11762826 1.35992374
4350 112 0.20156028 1.83953757
4360 112 0.28549229 2.31915139
4370 112 0.37033600 2.79768409
4380 112 0.58633003 3.18979578
4390 112 0.80323576 3.58082635
4400 112 1.01922979 3.97293803
4410 112 1.23282762 4.37227870
4420 112 1.44585260 4.77668612
4430 112 1.65788119 5.18117824
4440 112 1.81858482 5.58401238
4450 112 1.92787877 5.98419213
4460 112 2.03725745 6.38536828
4470 112 2.14663612 6.78654444
4480 112 2.26900840 7.21070245
4490 112 2.39138068 7.63486047
4500 112 2.51366825 8.05802209
