450 21 0.00000000 0.00000000
460 21 -0.00000000 0.69694476
470 21 -0.00099577 1.39398135
480 21 -0.00099577 2.09092611
490 21 -0.00199155 2.78796270
500 21 -0.00548107 3.44706802
510 21 -0.00825030 4.10309419
520 21 -0.01210713 4.75821641
530 21 -0.03610616 5.38004762
540 21 -0.06246406 5.99807938
550 21 0.01078421 6.62901891
560 21 0.14904768 7.26802221
570 21 0.29907679 7.90393200
580 21 0.49109774 8.52693116
590 21 0.68311870 9.14993032
600 21 0.87513966 9.77292948
610 21 0.96370622 10.41752002
620 21 1.05236461 11.06310633
630 21 1.14093117 11.70769687
640 21 1.19156646 12.35478115
320 18 0.21542023 0.37580597
330 18 0.22125139 0.96174624
340 18 0.22699073 1.54669073
350 18 0.23273007 2.13163522
360 18 0.33236207 2.72198043
370 18 0.47138026 3.31471894
380 18 0.61039845 3.90745745
390 18 0.74842086 4.50028779
400 18 1.01467152 5.04614454
410 18 1.28101401 5.59299706
420 18 1.54726466 6.13885381
430 18 1.81351532 6.68471055
440 18 2.07860663 7.17443660
450 18 2.34369794 7.66416264
460 18 2.60978502 8.15379685
470 18 2.87377438 8.63157360
480 18 3.13817984 9.08119316
490 18 3.40158953 9.53090456
500 18 3.66509104 9.98161173
510 18 3.91564748 10.43351268
600 22 0.60892631 0.26520323
610 22 0.51497912 0.70569151
620 22 0.42094010 1.14518402
630 22 0.25270582 1.61863330
640 22 0.03533996 2.11468983
650 22 0.02838675 2.61644839
660 22 0.16249494 3.12327479
670 22 0.32186482 3.63178855
680 22 0.51980877 4.14477899
690 22 0.71775272 4.65776943
700 22 0.91578850 5.17175564
710 22 1.09635949 5.69237366
720 22 1.27493892 6.21317534
730 22 1.45361018 6.73497279
740 22 1.53956821 7.25326924
750 22 1.56305357 7.76929292
760 22 1.58644711 8.28432083
770 22 1.60993247 8.80034451
780 22 1.63306486 9.32343044
790 22 1.65684006 9.85348679
610 23 -1.38293026 0.28218592
620 23 -1.37058208 0.79722818
630 23 -1.35832573 1.31127465
640 23 -1.34597755 1.82631691
650 23 -1.32428573 2.35556115
660 23 -1.28762859 2.90551865
670 23 -1.25097145 3.45547615
680 23 -1.21431431 4.00543365
690 23 -1.09872983 4.54007861
700 23 -0.98205774 5.07562751
710 23 -0.86638143 5.61126824
720 23 -0.75859384 6.13759402
730 23 -0.66186594 6.65288881
740 23 -0.56522987 7.16718782
750 23 -0.46850198 7.68248260
760 23 -0.37186591 8.19678161
770 23 -0.34838055 8.71280529
780 23 -0.32389941 9.22873714
790 23 -0.30050588 9.74376504
800 23 -0.27602475 10.25969689
620 24 -0.33781156 0.54030394
630 24 -0.38861329 1.08928862
640 24 -0.43941503 1.63827331
650 24 -0.50455362 2.16246980
660 24 -0.57105530 2.68277503
670 24 -0.52427110 3.22276043
680 24 -0.40105904 3.77477836
690 24 -0.27884276 4.32688811
700 24 -0.14009432 4.85136296
710 24 0.00786289 5.35590797
720 24 0.15591193 5.86144875
730 24 0.29582545 6.37677797
740 24 0.41494824 6.91712209
750 24 0.53397919 7.45647043
760 24 0.65301015 7.99581877
770 24 0.73717464 8.52733578
780 24 0.78556871 9.05210908
790 24 0.83387096 9.57588660
800 24 0.88217321 10.09966412
810 24 0.93047546 10.62344165
