4250 107 0.00000000 0.00000000
4260 107 -0.00000000 0.52721912
4270 107 -0.00014036 1.05542834
4280 107 0.04132627 1.61074583
4290 107 0.14251759 2.20785999
4300 107 0.24469902 2.80511451
4310 107 0.35296140 3.40222108
4320 107 0.47649638 3.99846273
4330 107 0.59989099 4.59569448
4340 107 0.75394079 5.16192205
4350 107 0.95560267 5.68439931
4360 107 1.15740491 6.20588647
4370 107 1.36979478 6.70968459
4380 107 1.58924054 7.19933299
4390 107 1.79822386 7.69153820
4400 107 1.91332591 8.20477452
4410 107 1.99814074 8.69654728
4420 107 2.01163038 9.14285886
4430 107 2.01607635 9.59596838
4440 107 1.94337034 10.10884052
4120 103 -0.04042342 0.02153943
4130 103 -0.16379907 0.62822835
4140 103 -0.28816481 1.23477692
4150 103 -0.40319858 1.83961841
4160 103 -0.48783512 2.43664911
4170 103 -0.57233129 3.03268971
4180 103 -0.65342850 3.63325215
4190 103 -0.72659732 4.24200853
4200 103 -0.79891640 4.85189536
4210 103 -0.87109512 5.46079209
4220 103 -0.90759986 6.10302601
4230 103 -0.93504576 6.75260412
4240 103 -0.97169845 7.38875708
4250 103 -1.04645674 7.96597818
4260 103 -1.12107467 8.54220917
4270 103 -1.19583296 9.11943027
4280 103 -1.30395878 9.70404109
4290 103 -1.41957674 10.29162980
4300 103 -1.53505434 10.87822840
4310 103 -1.64813067 11.46213742
4190 105 0.94476088 0.06121174
4200 105 0.83383926 0.54442639
4210 105 0.72390774 1.02778139
4220 105 0.67879936 1.55971582
4230 105 0.63369098 2.09165024
4240 105 0.58773286 2.62245421
4250 105 0.62291747 3.12234124
4260 105 0.67760820 3.61287353
4270 105 0.73229894 4.10340581
4280 105 0.79306304 4.58671909
4290 105 0.85891043 5.06267300
4300 105 0.92574791 5.53876726
4310 105 0.99159530 6.01472117
4320 105 1.03761791 6.46665471
4330 105 1.08109129 6.91519686
4340 105 1.12442432 7.36472912
4350 105 1.16635376 7.82416238
4360 105 1.20293437 8.30707734
4370 105 1.23937463 8.79098240
4380 105 1.27495756 9.26668594
4190 106 0.13474094 -0.29500827
4200 106 0.08230354 0.26012714
4210 106 0.02901640 0.81413208
4220 106 -0.02328064 1.36827739
4230 106 -0.03175530 1.90540510
4240 106 -0.04022995 2.44253281
4250 106 -0.04856425 2.97867043
4260 106 -0.06214494 3.50194432
4270 106 -0.07728475 4.02196719
4280 106 -0.09228421 4.54099996
4290 106 -0.08256150 5.03525745
4300 106 -0.04712652 5.50488003
4310 106 -0.01056107 5.97365286
4320 106 0.02417211 6.44822594
4330 106 0.05850698 6.94698251
4340 106 0.09185175 7.44559872
4350 106 0.12519652 7.94421493
4360 106 0.16445913 8.42246010
4370 106 0.20864949 8.88019388
4380 106 0.25397030 9.33707792
4290 108 0.79682998 0.05741066
4300 108 0.83341818 0.54739669
4310 108 0.87014674 1.03639261
4320 108 0.91351012 1.51420912
4330 108 0.95941513 1.98834595
4340 108 1.00433004 2.46234241
4350 108 1.07115994 2.93136562
4360 108 1.14322106 3.39911041
4370 108 1.21641264 3.86600547
4380 108 1.27742712 4.31905429
4390 108 1.32541475 4.75712641
4400 108 1.37453285 5.19434880
4410 108 1.42252049 5.63242092
4420 108 1.44645741 6.06203357
4430 108 1.46459408 6.48981396
4440 108 1.48273075 6.91759435
4450 108 1.49987732 7.34523438
4460 108 1.51475538 7.76750282
4470 108 1.52963345 8.18977127
4480 108 1.54366177 8.61090926
4300 110 0.20724590 -0.33623970
4310 110 0.18968204 0.16525956
4320 110 0.17211819 0.66675882
4330 110 0.16049494 1.16910024
4340 110 0.19513329 1.68708980
4350 110 0.22977164 2.20507936
4360 110 0.26129932 2.72363795
4370 110 0.28448513 3.24404396
4380 110 0.30668084 3.76430961
4390 110 0.32603142 4.26902196
4400 110 0.33145232 4.70812971
4410 110 0.33687322 5.14723746
4420 110 0.34229411 5.58634520
4430 110 0.44484730 6.00286272
4440 110 0.54655074 6.41824978
4450 110 0.64811382 6.83462694
4460 110 0.72633557 7.24466518
4470 110 0.76834467 7.64653984
4480 110 0.81134387 8.04855485
4490 110 0.87396679 8.41901182
4310 112 0.69347257 -0.05420137
4320 112 0.71902931 0.43523080
4330 112 0.74458605 0.92466298
4340 112 0.75515091 1.41297986
4350 112 0.72965108 1.89921413
4360 112 0.70415125 2.38544839
4370 112 0.67978187 2.87083291
4380 112 0.80257332 3.30132944
4390 112 0.92649523 3.73097622
4400 112 1.04928668 4.16147275
4410 112 1.16812531 4.59847891
4420 112 1.28527205 5.04029520
4430 112 1.40142869 5.48197114
4440 112 1.46793235 5.91054817
4450 112 1.48492339 6.32503617
4460 112 1.50177406 6.74051427
4470 112 1.51862474 7.15599238
4480 112 1.54299791 7.59677685
4490 112 1.56737108 8.03756132
4500 112 1.59188461 8.47735568
