6880 175 0.00000000 0.00000000
6890 175 -0.00000000 0.55000000
6900 175 -0.00000000 1.10100000
6910 175 0.04800000 1.63200000
6920 175 0.14400000 2.14400000
6930 175 0.23900000 2.65600000
6940 175 0.34200000 3.13800000
6950 175 0.45300000 3.58900000
6960 175 0.56400000 4.04000000
6970 175 0.71000000 4.50700000
6980 175 0.87200000 4.98000000
6990 175 1.03400000 5.45400000
7000 175 1.17700000 5.95200000
7010 175 1.31600000 6.45200000
7020 175 1.45600000 6.95300000
7030 175 1.50500000 7.37400000
7040 175 1.55400000 7.79500000
7050 175 1.60300000 8.21600000
7060 175 1.63900000 8.61800000
7070 175 1.56000000 8.84600000
6880 177 -0.59900000 -0.21200000
6890 177 -0.58900000 0.31000000
6900 177 -0.57900000 0.83100000
6910 177 -0.53900000 1.35300000
6920 177 -0.45700000 1.87600000
6930 177 -0.37500000 2.39900000
6940 177 -0.26900000 2.87300000
6950 177 -0.13900000 3.30000000
6960 177 -0.01000000 3.72700000
6970 177 0.12000000 4.15400000
6980 177 0.25200000 4.55700000
6990 177 0.38500000 4.96100000
7000 177 0.51800000 5.36400000
7010 177 0.60200000 5.80500000
7020 177 0.61600000 6.30200000
7030 177 0.62900000 6.79900000
7040 177 0.64200000 7.29600000
7050 177 0.67600000 7.78100000
7060 177 0.71400000 8.26300000
7070 177 0.75300000 8.74500000
6910 164 1.50300000 4.59300000
6920 164 1.50700000 4.60300000
6930 164 1.51000000 4.61300000
6940 164 1.51400000 4.62300000
6950 164 1.51800000 4.63300000
6960 164 1.52200000 4.64300000
6970 164 1.52500000 4.65300000
6980 164 1.58400000 4.80100000
6990 164 1.72500000 5.15500000
7000 164 1.86900000 5.51400000
7010 164 2.02500000 5.89400000
7020 164 2.18100000 6.27500000
7030 164 2.29000000 6.65100000
7040 164 2.36700000 7.02500000
7050 164 2.44400000 7.39800000
7060 164 2.50600000 7.75300000
7070 164 2.55400000 8.09000000
7080 164 2.60200000 8.42600000
7090 164 2.63900000 8.73900000
7100 164 2.66600000 9.02800000
6940 182 3.13100000 -0.17100000
6950 182 2.95900000 0.28400000
6960 182 2.78700000 0.73900000
6970 182 2.63100000 1.21200000
6980 182 2.53700000 1.76100000
6990 182 2.44300000 2.30900000
7000 182 2.38000000 2.86600000
7010 182 2.36200000 3.43500000
7020 182 2.34500000 4.00400000
7030 182 2.33900000 4.54300000
7040 182 2.33900000 5.07000000
7050 182 2.33900000 5.59600000
7060 182 2.27800000 6.09500000
7070 182 2.21000000 6.59100000
7080 182 2.13800000 7.09400000
7090 182 2.03600000 7.65700000
7100 182 1.93400000 8.22100000
7110 182 1.86800000 8.79000000
7120 182 1.88700000 9.37100000
7130 182 1.90600000 9.95200000
