520 17 0.00000000 0.00000000
530 17 0.00000000 0.37631104
540 17 0.00807311 0.75835139
550 17 0.08633018 1.18933263
560 17 0.16475467 1.62129976
570 17 0.24301174 2.05228100
580 17 0.32143622 2.48424813
590 17 0.39656822 2.91474573
600 17 0.46446418 3.34444346
610 17 0.53219273 3.77315530
620 17 0.60008869 4.20285303
630 17 0.66798465 4.63255076
640 17 0.63455752 5.04496757
650 17 0.55737934 5.45061338
660 17 0.48462835 5.85246447
670 17 0.42530774 6.23783451
680 17 0.36598714 6.62320454
690 17 0.30765241 7.00840717
700 17 0.23471541 7.29567219
710 17 0.15976943 7.57110657
520 15 -0.50306257 0.05398194
530 15 -0.49249684 0.49848657
540 15 -0.48193112 0.94299120
550 15 -0.47136539 1.38749583
560 15 -0.40919873 1.82526667
570 15 -0.32402185 2.26115874
580 15 -0.23983086 2.69721823
590 15 -0.15465398 3.13311030
600 15 -0.08017304 3.56574709
610 15 -0.09390104 3.96873287
620 15 -0.10746164 4.37270454
630 15 -0.12200811 4.77684363
640 15 -0.13573612 5.17982941
650 15 -0.14816201 5.57853682
660 15 -0.15463538 5.93464648
670 15 -0.16127616 6.28977027
680 15 -0.16791694 6.64489405
690 15 -0.17455773 7.00001783
700 15 -0.20958460 7.31938927
710 15 -0.28538626 7.58381149
