3400 98 0.00000000 0.00000000
3410 98 0.00000000 0.64887056
3420 98 -0.00022655 1.29676711
3430 98 0.02908438 1.94806034
3440 98 0.07751315 2.60209372
3450 98 0.12571537 3.25515309
3460 98 0.18712361 3.91643444
3470 98 0.24950585 4.57748925
3480 98 0.31091409 5.23877060
3490 98 0.39397688 5.89604191
3500 98 0.48093568 6.55240703
3510 98 0.56812102 7.20974615
3520 98 0.57443969 7.82839958
3530 98 0.55908069 8.43772142
3540 98 0.54492224 9.04779071
3550 98 0.50833868 9.64972895
3560 98 0.38955227 10.22047915
3570 98 0.27076587 10.79122935
3580 98 0.15123201 11.36318010
3590 98 -0.11574265 11.84416817
3260 95 0.42762458 -0.29350846
3270 95 0.48449725 0.21585045
3280 95 0.54114337 0.72423536
3290 95 0.59844602 1.22220062
3300 95 0.65611083 1.71289479
3310 95 0.71302819 2.20478951
3320 95 0.76376250 2.71865626
3330 95 0.80987648 3.24797138
3340 95 0.85696445 3.77705996
3350 95 0.88980459 4.30227565
3360 95 0.90142016 4.82010775
3370 95 0.91423627 5.33868730
3380 95 0.92682584 5.85629284
3390 95 0.98231765 6.39061359
3400 95 1.03855691 6.92373379
3410 95 1.09456962 7.45587998
3420 95 1.15807998 7.98936235
3430 95 1.23253088 8.52132669
3440 95 1.30795579 9.05306449
3450 95 1.38240669 9.58502883
