1980 76 0.00000000 0.00000000
1990 76 -0.00000000 0.55808960
2000 76 0.00099984 1.11619712
2010 76 0.05800861 1.67430822
2020 76 0.15302919 2.23210037
2030 76 0.24415793 2.78382182
2040 76 0.29606357 3.29183343
2050 76 0.34896906 3.79986297
2060 76 0.39528778 4.28477077
2070 76 0.43118166 4.73748661
2080 76 0.46705762 5.19120229
2090 76 0.57078290 5.59812619
2100 76 0.70384397 5.98657278
2110 76 0.87111460 6.36363052
2120 76 1.11987394 6.71414413
2130 76 1.23979734 7.05434756
2140 76 1.31225882 7.47571360
2150 76 1.33548807 8.02121740
2160 76 1.32456151 8.57511054
2170 76 1.18002916 9.16161493
1980 75 0.55690699 0.06598940
1990 75 0.46437705 0.48539876
2000 75 0.37084726 0.90479020
2010 75 0.32334235 1.37901513
2020 75 0.34432106 1.93848085
2030 75 0.37938711 2.49319823
2040 75 0.54006024 3.01516101
2050 75 0.70175112 3.53614188
2060 75 0.84358856 4.04876566
2070 75 0.94075575 4.54258601
2080 75 1.03794086 5.03540651
2090 75 1.12753938 5.50508737
2100 75 1.21040779 5.95964521
2110 75 1.29425813 6.41522080
2120 75 1.42056401 6.90156206
2130 75 1.54686990 7.38790332
2140 75 1.67417562 7.87426250
2150 75 1.67319728 8.37532542
2160 75 1.67221895 8.87638833
2170 75 1.66318814 9.38030742
2020 77 1.97710906 0.34648200
2030 77 2.01721015 0.89928929
2040 77 2.04622341 1.45689868
2050 77 1.97767886 2.04476486
2060 77 1.91013415 2.63264896
2070 77 1.89856253 3.22253632
2080 77 1.92496689 3.81410441
2090 77 1.95137125 4.40567251
2100 77 2.15646735 4.90442755
2110 77 2.36258121 5.40220066
2120 77 2.56200439 5.82684216
2130 77 2.70609595 6.26949509
2140 77 2.79583781 6.73117723
2150 77 2.82562514 7.18978460
2160 77 2.71847030 7.64393748
2170 77 2.61131547 8.09809036
2180 77 2.51650990 8.64447933
2190 77 2.42450675 9.20192029
2200 77 2.35815898 9.77882407
2210 77 2.35597654 10.40288516
