750 37 0.00000000 0.00000000
760 37 0.00000000 0.58509657
770 37 -0.00000000 1.17019315
780 37 0.00049735 1.75824821
790 37 0.00363872 2.35599910
800 37 0.00760045 2.95259805
810 37 0.01156219 3.54919700
820 37 0.05363559 4.12519251
830 37 0.10687979 4.69525396
840 37 0.15930362 5.26646735
850 37 0.30054184 5.86533943
860 37 0.44161428 6.46322534
870 37 0.56802589 7.04025316
880 37 0.68389565 7.60282867
890 37 0.80075157 8.16523839
900 37 0.92862961 8.73289340
910 37 1.08167614 9.31152779
920 37 1.23587461 9.89098256
930 37 1.36553355 10.43907156
940 37 1.43935897 10.91441019
750 31 0.49824254 0.08051320
760 31 0.52425704 0.69368548
770 31 0.54911961 1.30603739
780 31 0.55096887 1.92023001
790 31 0.52930749 2.53330487
800 31 0.50863227 3.14621395
810 31 0.48697089 3.75928881
820 31 0.54764976 4.35547928
830 31 0.60914901 4.95051780
840 31 0.66982788 5.54670827
850 31 0.80803926 6.09741565
860 31 0.95364257 6.64383826
870 31 1.10023205 7.19009509
880 31 1.24682152 7.73635192
890 31 1.38309475 8.31172190
900 31 1.51887917 8.89021614
910 31 1.65449781 9.46772422
920 31 1.77480103 10.02651232
930 31 1.76497188 10.40234259
940 31 1.75530852 10.77915901
