6020 146 0.00000000 0.00000000
6030 146 0.00000000 0.56419943
6040 146 0.00102623 1.12742581
6050 146 0.00907658 1.68983864
6060 146 0.08468814 2.23204053
6070 146 0.16129935 2.77426901
6080 146 0.23688432 3.31747055
6090 146 0.34349556 3.82248346
6100 146 0.49763255 4.27073985
6110 146 0.65176953 4.71899624
6120 146 0.80488028 5.16822568
6130 146 0.89445499 5.44870629
6140 146 0.96812575 5.68774943
6150 146 1.01071176 5.89195381
6160 146 1.00664405 6.04489973
6170 146 1.02108043 6.25435758
6180 146 1.11050626 6.69088939
6190 146 1.19993208 7.12742120
6200 146 1.29038414 7.56297995
6210 146 1.35049055 8.04874967
6050 147 0.02501243 -0.26342813
6060 147 0.10052828 0.24475920
6070 147 0.17501790 0.75391958
6080 147 0.24950752 1.26307997
6090 147 0.34393689 1.77477137
6100 147 0.43836627 2.28646277
6110 147 0.53279564 2.79815418
6120 147 0.61241643 3.30244926
6130 147 0.69003791 3.80669117
6140 147 0.76768599 4.30993344
6150 147 0.85095442 4.75230361
6160 147 0.94092260 5.13082933
6170 147 1.03480962 5.51246034
6180 147 1.17028299 5.91020268
6190 147 1.30675601 6.30797160
6200 147 1.44222938 6.70571394
6210 147 1.54895760 7.16871511
6220 147 1.65668547 7.63174287
6230 147 1.76338710 8.09574369
6240 147 1.87250277 8.58181650
6060 148 0.93602008 0.08691607
6070 148 1.00798932 0.57800306
6080 148 1.08098478 1.06811699
6090 148 1.14667964 1.60705408
6100 148 1.20849820 2.17889974
6110 148 1.27034335 2.74974576
6120 148 1.32650966 3.30843651
6130 148 1.35498896 3.81737356
6140 148 1.38346825 4.32631062
6150 148 1.41197412 4.83424804
6160 148 1.50569630 5.33491674
6170 148 1.61546600 5.83401154
6180 148 1.72523569 6.33310633
6190 148 1.82724749 6.82299162
6200 148 1.92534047 7.30977162
6210 148 2.02443309 7.79657820
6220 148 2.12437647 8.25139610
6230 148 2.22566512 8.69324518
6240 148 2.32698036 9.13409461
6250 148 2.43326725 9.57607662
