4300 110 0.00000000 0.00000000
4310 110 -0.00000000 0.50180674
4320 110 0.00000000 1.00361347
4330 110 0.00596644 1.50605392
4340 110 0.05871384 2.02251370
4350 110 0.11146124 2.53897349
4360 110 0.16111980 3.05611083
4370 110 0.20250625 3.57538644
4380 110 0.24289829 4.09455644
4390 110 0.27990258 4.59828224
4400 110 0.30068947 5.03693119
4410 110 0.32147635 5.47558015
4420 110 0.34226324 5.91422910
4430 110 0.45933222 6.32690192
4440 110 0.57551240 6.73847471
4450 110 0.69158697 7.15104191
4460 110 0.78411263 7.55809105
4470 110 0.84016210 7.95824909
4480 110 0.89720597 8.35851275
4490 110 0.97275697 8.72655086
4120 103 -0.23499485 0.36622864
4130 103 -0.33706004 0.97686413
4140 103 -0.44011964 1.58739400
4150 103 -0.53391272 2.19589121
4160 103 -0.59760059 2.79551847
4170 103 -0.66118283 3.39415133
4180 103 -0.72120993 3.99718429
4190 103 -0.77302669 4.60812866
4200 103 -0.82395466 5.22017305
4210 103 -0.87477702 5.83122304
4220 103 -0.88878042 6.47434115
4230 103 -0.89347346 7.12448189
4240 103 -0.90783755 7.76152794
4250 103 -0.96234659 8.34101199
4260 103 -1.01675000 8.91950164
4270 103 -1.07125904 9.49898569
4280 103 -1.15885651 10.08702283
4290 103 -1.25383729 10.67829827
4300 103 -1.34871247 11.26857931
4310 103 -1.44128197 11.85608836
4190 105 0.75097438 0.37139398
4200 105 0.65703383 0.85819494
4210 105 0.56408769 1.34510151
4220 105 0.53762531 1.87828886
4230 105 0.51116293 2.41147620
4240 105 0.48381176 2.94356352
4250 105 0.53647148 3.44191275
4260 105 0.60829793 3.93023023
4270 105 0.68012439 4.41854770
4280 105 0.75776783 4.89943802
4290 105 0.84023384 5.37279556
4300 105 0.92369426 5.84625871
4310 105 1.00616027 6.31961625
4320 105 1.06797291 6.76966202
4330 105 1.12711919 7.21640772
4340 105 1.18615985 7.66414782
4350 105 1.24414432 8.12183199
4360 105 1.29760514 8.60317069
4370 105 1.35096034 9.08550379
4380 105 1.40317168 9.55967040
4190 106 -0.07101738 0.04374393
4200 106 -0.10399223 0.60037456
4210 106 -0.13785586 1.15590517
4220 106 -0.17072509 1.71154139
4230 106 -0.16039442 2.24863662
4240 106 -0.15006375 2.78573184
4250 106 -0.13962746 3.32183265
4260 106 -0.13488460 3.84526126
4270 106 -0.13181369 4.36549541
4280 106 -0.12863717 4.88473515
4290 106 -0.10162080 5.37834949
4300 106 -0.04977016 5.84644404
4310 106 0.00318051 6.31364981
4320 106 0.05450305 6.78671639
4330 106 0.10627398 7.28396560
4340 106 0.15705050 7.78110918
4350 106 0.20782702 8.27825277
4360 106 0.26380475 8.75483067
4370 106 0.32398927 9.21073726
4380 106 0.38527382 9.66575507
4250 107 -0.19535011 0.34328754
4260 107 -0.17689679 0.87018362
4270 107 -0.15854909 1.39807410
4280 107 -0.09767107 1.95159995
4290 107 0.02435798 2.54480641
4300 107 0.14738144 3.13811850
4310 107 0.27647696 3.73106989
4320 107 0.42080543 4.32262233
4330 107 0.56502829 4.91516918
4340 107 0.73880236 5.47565787
4350 107 0.95862803 5.99075657
4360 107 1.17855931 6.50486087
4370 107 1.40845260 7.00091639
4380 107 1.64490219 7.48258390
4390 107 1.87098525 7.96717285
4400 107 2.00398067 8.47606598
4410 107 2.10595619 8.96456879
4420 107 2.13505903 9.41013475
4430 107 2.15536166 9.86281101
4440 107 2.10065136 10.37791371
4290 108 0.60300107 0.37277300
4300 108 0.65671697 0.86117816
4310 108 0.71053849 1.34858891
4320 108 0.77059946 1.82459488
4330 108 0.83307172 2.29683445
4340 108 0.89454957 2.76896841
4350 108 0.97775491 3.23536510
4360 108 1.06614352 3.70030107
4370 108 1.15563216 4.16434825
4380 108 1.23246652 4.61498389
4390 108 1.29575782 5.05110797
4400 108 1.36014914 5.48634326
4410 108 1.42344044 5.92246733
4420 108 1.46239966 6.35097892
4430 108 1.49549806 6.77786239
4440 108 1.52859646 7.20474586
4450 108 1.56070045 7.63152371
4460 108 1.59034932 8.05301267
4470 108 1.61999818 8.47450163
4480 108 1.64875826 8.89489057
4310 112 0.49580044 0.26484698
4320 112 0.53847225 0.75308475
4330 112 0.58114405 1.24132252
4340 112 0.60879414 1.72897041
4350 112 0.60032873 2.21579927
4360 112 0.59186332 2.70262813
4370 112 0.58449793 3.18856820
4380 112 0.72228205 3.61450310
4390 112 0.86116620 4.03954920
4400 112 0.99895032 4.46548410
4410 112 1.13301189 4.89806299
4420 112 1.26555097 5.33550829
4430 112 1.39709563 5.77284798
4440 112 1.47855927 6.19883469
4450 112 1.51004749 6.61247401
4460 112 1.54143009 7.02710775
4470 112 1.57281269 7.44174148
4480 112 1.61259892 7.88140278
4490 112 1.65238515 8.32106407
4500 112 1.69227701 8.75973096
