3190 93 0.00000000 0.00000000
3200 93 -0.00000000 0.76905266
3210 93 0.04492020 1.52043684
3220 93 0.26457356 2.20186871
3230 93 0.48422692 2.88330059
3240 93 0.78876393 3.19056303
3250 93 1.14044596 3.41919757
3260 93 1.64242978 3.49352278
3270 93 2.24183867 3.46672748
3280 93 2.85182290 3.42929441
3290 93 3.40362907 3.32556419
3300 93 3.95543523 3.22183397
3310 93 4.46738977 3.03195361
3320 93 4.97577758 2.83147709
3330 93 5.37754460 2.68293330
3340 93 5.75191428 2.54748094
3350 93 6.17040318 2.50665148
3360 93 6.60697276 2.50663978
3370 93 7.00087296 2.66443912
3380 93 7.38428103 2.86116036
3050 90 -0.64626003 4.91574918
3060 90 -0.20788043 4.76186505
3070 90 0.23035484 4.60699139
3080 90 0.67013616 4.44886047
3090 90 1.11340099 4.27304157
3100 90 1.55779969 4.09806785
3110 90 1.94831131 3.96935625
3120 90 2.32428946 3.85185975
3130 90 2.69773202 3.73776483
3140 90 3.03761382 3.65686140
3150 90 3.37749561 3.57595797
3160 90 3.81301195 3.50636975
3170 90 4.27413252 3.43911038
3180 90 4.85259745 3.45579324
3190 90 5.44452441 3.48162893
3200 90 6.03744089 3.50732027
3210 90 6.58001362 3.48578339
3220 90 7.11776222 3.45888666
3230 90 7.65536650 3.43100040
3240 90 8.20560710 3.37196413
3050 91 -0.73249080 4.25527945
3060 91 -0.22815993 4.21405601
3070 91 0.26505857 4.14514655
3080 91 0.71467277 3.96435920
3090 91 1.16742070 3.79119940
3100 91 1.64581577 3.68301825
3110 91 2.12307697 3.57399191
3120 91 2.60147204 3.46581076
3130 91 3.06953881 3.35610436
3140 91 3.53746125 3.24540843
3150 91 4.00045685 3.14250521
3160 91 4.41298777 3.09547072
3170 91 4.82551869 3.04843623
3180 91 5.23804960 3.00140173
3190 91 5.70292284 2.95987012
3200 91 6.21914886 2.92398571
3210 91 6.73523055 2.88711177
3220 91 7.26500052 2.84015660
3230 91 7.81550898 2.77602835
3240 91 8.36601744 2.71190010
3260 95 -0.66100805 3.84466258
3270 95 -0.14867772 3.83056862
3280 95 0.36266307 3.81661899
3290 95 0.86367557 3.80114410
3300 95 1.35747270 3.78470050
3310 95 1.85240370 3.76910209
3320 95 2.36871294 3.76150183
3330 95 2.90003026 3.75979713
3340 95 3.43120325 3.75710291
3350 95 3.95732587 3.76828290
3360 95 4.47431647 3.79999594
3370 95 4.99215227 3.83057512
3380 95 5.50899854 3.86129863
3390 95 6.04608789 3.85066737
3400 95 6.58204339 3.83919091
3410 95 7.11700935 3.82785879
3420 95 7.65393357 3.80916696
3430 95 8.19025965 3.77944598
3440 95 8.72644139 3.74873547
3450 95 9.26276747 3.71901449
3260 96 -0.86440634 3.54488077
3270 96 -0.36273459 3.51314042
3280 96 0.13794764 3.48154441
3290 96 0.63961940 3.44980406
3300 96 1.14729074 3.43841082
3310 96 1.65739495 3.43676854
3320 96 2.16749916 3.43512626
3330 96 2.68908502 3.39441773
3340 96 3.21528826 3.33686641
3350 96 3.74149149 3.27931508
3360 96 4.26783906 3.22275329
3370 96 4.80400130 3.23347947
3380 96 5.34030788 3.24519518
3390 96 5.87760398 3.25676656
3400 96 6.41240611 3.28588160
3410 96 6.94683765 3.33324117
3420 96 7.48126919 3.38060073
3430 96 8.03509602 3.29072392
3440 96 8.58906719 3.20183664
3450 96 9.14190449 3.11210417
