710 27 0.00000000 0.00000000
720 27 -0.00000000 0.56753590
730 27 0.01495060 1.18717247
740 27 0.06639580 1.92602793
750 27 0.12965700 2.64204960
760 27 0.22090056 3.30729738
770 27 0.31117327 3.97230553
780 27 0.42520129 4.63287695
790 27 0.55425921 5.29097805
800 27 0.68234626 5.94883952
810 27 0.73135109 6.60160174
820 27 0.77016802 7.25390938
830 27 0.79491359 7.90480388
840 27 0.75756088 8.55273117
850 27 0.71996855 9.20162933
860 27 0.68067412 9.84907735
870 27 0.63240228 10.49533955
880 27 0.58437008 11.14063089
890 27 0.53704444 11.77888655
900 27 0.49390884 12.35843579
710 28 -0.56020597 -0.63061737
720 28 -0.57568340 0.03300937
730 28 -0.59237134 0.69736734
740 28 -0.58743596 1.37427253
750 28 -0.49986617 2.10865426
760 28 -0.41740267 2.83868561
770 28 -0.38987313 3.52837766
780 28 -0.36161237 4.21928021
790 28 -0.29573988 4.91637620
800 28 -0.19152445 5.62087612
810 28 -0.08827988 6.32513641
820 28 -0.02146120 7.01422586
830 28 -0.01194814 7.68093082
840 28 -0.00243509 8.34763578
850 28 0.00465697 9.01580320
860 28 0.00278396 9.68690788
870 28 0.00067132 10.35898342
880 28 -0.01577698 11.02237053
890 28 -0.06380918 11.66766186
900 28 -0.11184138 12.31295320
740 29 0.08909216 0.02714013
750 29 0.08136225 0.60512824
760 29 0.07339271 1.18408721
770 29 0.11346243 1.76872335
780 29 0.26417360 2.36830832
790 29 0.41585563 2.96813293
800 29 0.56171248 3.56651974
810 29 0.65586159 4.14905382
820 29 0.75001070 4.73158789
830 29 0.84415981 5.31412196
840 29 0.93518137 5.90515417
850 29 1.02741342 6.49545516
860 29 1.10460325 7.08410338
870 29 1.06072408 7.65831903
880 29 1.01587406 8.23229506
890 29 0.97126366 8.80530022
900 29 0.90507931 9.38225050
910 29 0.83404063 9.95800262
920 29 0.76252269 10.53569647
930 29 0.66137490 11.09989690
740 30 -0.92388869 -0.34648909
750 30 -1.04499997 0.27355450
760 30 -1.16635088 0.89456896
770 30 -1.26174044 1.51890127
780 30 -1.12613845 2.17552757
790 30 -0.99077609 2.83312473
800 30 -0.85444286 3.49096153
810 30 -0.64695467 4.09838037
820 30 -0.42059013 4.69191815
830 30 -0.19543609 5.28618716
840 30 -0.07778363 5.86113229
850 30 -0.00818274 6.42627715
860 30 0.06238900 6.99166165
870 30 0.09321701 7.56783665
880 30 0.03389037 8.16707980
890 30 -0.02567591 8.76729381
900 30 -0.08403169 9.36677659
910 30 -0.10199883 9.92781775
920 30 -0.10182087 10.47376735
930 30 -0.10164291 11.01971695
