5630 143 0.00000000 0.00000000
5640 143 -0.00000000 0.39815198
5650 143 0.00099208 0.79642954
5660 143 0.01663937 1.18245048
5670 143 0.04706745 1.55522270
5680 143 0.07848762 1.92812051
5690 143 0.15123622 2.28508219
5700 143 0.26729743 2.62635890
5710 143 0.38335864 2.96763562
5720 143 0.50039937 3.31710016
5730 143 0.61780429 3.67165070
5740 143 0.73520920 4.02620124
5750 143 0.91652187 4.36162592
5760 143 1.24959820 4.65275846
5770 143 1.58180803 4.94277335
5780 143 1.87758704 5.21003310
5790 143 2.02069822 5.38539327
5800 143 2.16492707 5.55988694
5810 143 1.93618276 5.65491347
5820 143 1.65002319 5.74166426
5630 144 0.65468719 -0.01994213
5640 144 0.70503228 0.30696821
5650 144 0.75636946 0.63400413
5660 144 0.78957286 0.97688827
5670 144 0.79781092 1.34181173
5680 144 0.80592340 1.70772728
5690 144 0.81416146 2.07265074
5700 144 0.86028707 2.40104293
5710 144 0.90989124 2.72584353
5720 144 0.96706790 3.04656276
5730 144 1.08432212 3.33859949
5740 144 1.20244284 3.63175388
5750 144 1.33290810 3.88312773
5760 144 1.47658439 4.09383873
5770 144 1.54379491 4.26362314
5780 144 1.53652381 4.39273213
5790 144 1.52070071 4.51773465
5800 144 1.42655324 4.60056734
5810 144 1.33253136 4.68240795
5820 144 1.18786298 4.79009296
5730 145 -0.13064107 -0.37739358
5740 145 -0.21260726 -0.07227140
5750 145 -0.29556553 0.23272520
5760 145 -0.37280990 0.53239720
5770 145 -0.43626557 0.81869491
5780 145 -0.49984682 1.10598470
5790 145 -0.55227654 1.40073396
5800 145 -0.55750068 1.72867406
5810 145 -0.56371690 2.05648857
5820 145 -0.57239449 2.37189577
5830 145 -0.58781574 2.63705833
5840 145 -0.60422907 2.90209532
5850 145 -0.61977589 3.16824997
5860 145 -0.65702298 3.43064976
5870 145 -0.70716715 3.69141702
5880 145 -0.75830340 3.95205870
5890 145 -0.80844757 4.21282596
5900 145 -0.94924807 4.46514167
5910 145 -1.09004858 4.71745738
5920 145 -1.23084908 4.96977309
