4120 104 0.00000000 0.00000000
4130 104 -0.00000000 0.60600000
4140 104 -0.00000000 1.21200000
4150 104 -0.01400000 1.78800000
4160 104 -0.02800000 2.36300000
4170 104 -0.04200000 2.93900000
4180 104 -0.04700000 3.56800000
4190 104 -0.04700000 4.23200000
4200 104 -0.04700000 4.89600000
4210 104 -0.01300000 5.54500000
4220 104 0.07100000 6.16900000
4230 104 0.15600000 6.79400000
4240 104 0.21500000 7.40700000
4250 104 0.21500000 7.99400000
4260 104 0.21500000 8.58200000
4270 104 0.21500000 9.16900000
4280 104 0.21800000 9.77200000
4290 104 0.22500000 10.39200000
4300 104 0.23200000 11.01100000
4310 104 0.23800000 11.63100000
4120 103 0.77300000 -0.03500000
4130 103 0.73600000 0.58300000
4140 103 0.69800000 1.20100000
4150 103 0.66900000 1.81600000
4160 103 0.66900000 2.41900000
4170 103 0.66900000 3.02100000
4180 103 0.67300000 3.62700000
4190 103 0.68600000 4.24000000
4200 103 0.70000000 4.85400000
4210 103 0.71400000 5.46700000
4220 103 0.76800000 6.10800000
4230 103 0.83200000 6.75500000
4240 103 0.88500000 7.39000000
4250 103 0.89200000 7.97200000
4260 103 0.89900000 8.55300000
4270 103 0.90600000 9.13500000
4280 103 0.88100000 9.72900000
4290 103 0.84900000 10.32700000
4300 103 0.81700000 10.92400000
4310 103 0.78700000 11.51800000
4190 106 0.90200000 -0.37300000
4200 106 0.92800000 0.18400000
4210 106 0.95300000 0.74000000
4220 106 0.97900000 1.29600000
4230 106 1.04600000 1.82900000
4240 106 1.11300000 2.36200000
4250 106 1.18000000 2.89400000
4260 106 1.24000000 3.41400000
4270 106 1.29800000 3.93100000
4280 106 1.35600000 4.44700000
4290 106 1.43500000 4.93500000
4300 106 1.53600000 5.39500000
4310 106 1.63800000 5.85400000
4320 106 1.73900000 6.31900000
4330 106 1.84300000 6.80800000
4340 106 1.94600000 7.29700000
4350 106 2.04900000 7.78600000
4360 106 2.15500000 8.25400000
4370 106 2.26300000 8.70100000
4380 106 2.37200000 9.14700000
