4120 103 0.00000000 0.00000000
4130 103 -0.00000000 0.61910661
4140 103 -0.00099821 1.23827299
4150 103 0.00680820 1.85390686
4160 103 0.04284561 2.45582904
4170 103 0.07882326 3.05675300
4180 103 0.11903281 3.66143076
4190 103 0.16864462 4.27255813
4200 103 0.21931441 4.88462396
4210 103 0.26992443 5.49569157
4220 103 0.36213633 6.13231859
4230 103 0.46468895 6.77433725
4240 103 0.55554406 7.40503476
4250 103 0.59731392 7.98557613
4260 103 0.63902402 8.56511928
4270 103 0.68079389 9.14566065
4280 103 0.69133812 9.74009300
4290 103 0.69513391 10.33893654
4300 103 0.69886994 10.93678188
4310 103 0.70442310 11.53151304
4120 104 -0.76952659 0.08113465
4130 104 -0.73330988 0.68605147
4140 104 -0.69709318 1.29096828
4150 104 -0.67664436 1.86677540
4160 104 -0.65625530 2.44158432
4170 104 -0.63580648 3.01739144
4180 104 -0.60320628 3.64556596
4190 104 -0.56352330 4.30837910
4200 104 -0.52384031 4.97119224
4210 104 -0.45111455 5.61700024
4220 104 -0.32997225 6.23486474
4230 104 -0.20777197 6.85366769
4240 104 -0.11224238 7.46204594
4250 104 -0.07716118 8.04799672
4260 104 -0.04202023 8.63494570
4270 104 -0.00693903 9.22089648
4280 104 0.03209302 9.82263936
4290 104 0.07613390 10.44111281
4300 104 0.12011501 11.05858804
4310 104 0.16315768 11.67712125
4190 106 0.10856935 -0.34510534
4200 106 0.16781116 0.20934520
4210 106 0.22599500 0.76285730
4220 106 0.28517705 1.31630963
4230 106 0.38391126 1.84435277
4240 106 0.48264547 2.37239591
4250 106 0.58131991 2.89944084
4260 106 0.67228970 3.41492556
4270 106 0.76108378 3.92753517
4280 106 0.84981809 4.43914656
4290 106 0.95784149 4.92155298
4300 106 1.08615218 5.37469464
4310 106 1.21540133 5.82677832
4320 106 1.34401084 6.28491105
4330 106 1.47704931 6.76682158
4340 106 1.60908958 7.24879188
4350 106 1.74112984 7.73076218
4360 106 1.87490971 8.19159072
4370 106 2.00943096 8.63133728
4380 106 2.14489067 9.07002586
4250 107 0.03532025 -0.02916299
4260 107 0.14038454 0.48748147
4270 107 0.24550860 1.00512413
4280 107 0.39680726 1.54103991
4290 107 0.61496193 2.10601207
4300 107 0.83411482 2.67092446
4310 107 1.05919721 3.23448006
4320 107 1.29907351 3.79414457
4330 107 1.53900956 4.35480729
4340 107 1.80280742 4.87897872
4350 107 2.10454382 5.35078922
4360 107 2.40622046 5.82160151
4370 107 2.71474728 6.27296965
4380 107 3.02736872 6.70906578
4390 107 3.33024709 7.14975240
4400 107 3.54531828 7.62975696
4410 107 3.72643249 8.09476411
4420 107 3.82859260 8.52943560
4430 107 3.92324511 8.97257091
4440 107 3.95420263 9.48964502
4300 110 0.17140343 -0.39995858
4310 110 0.25413070 0.09498203
4320 110 0.33685797 0.58992263
4330 110 0.42557452 1.08450465
4340 110 0.56274314 1.58520193
4350 110 0.69991176 2.08589921
4360 110 0.83414551 2.58777400
4370 110 0.96057284 3.09312153
4380 110 1.08600197 3.59852883
4390 110 1.20554357 4.08926175
4400 110 1.29836119 4.51848185
4410 110 1.39117881 4.94770194
4420 110 1.48399642 5.37692204
4430 110 1.66749632 5.76464847
4440 110 1.84993824 6.15143646
4450 110 2.03243992 6.53922266
4460 110 2.19080522 6.92544854
4470 110 2.31205735 7.31089104
4480 110 2.43430770 7.69627377
4490 110 2.56949928 8.04682083
