3490 855 0.00000000 0.00000000
3500 855 -0.00000000 0.05787055
3510 855 -0.00095040 0.11605213
3520 855 -0.00095040 0.17392267
3530 855 -0.00190079 0.23210426
3540 855 -0.00190079 0.28997480
3550 855 0.08418791 0.39227210
3560 855 0.20843073 0.51470053
3570 855 0.33141212 0.63648960
3580 855 0.42805887 0.77426262
3590 855 0.51297253 0.91797995
3600 855 0.59788619 1.06169727
3610 855 0.68279986 1.20541460
3620 855 0.70142764 1.38450398
3630 855 0.69340975 1.57862691
3640 855 0.68444145 1.77306088
3650 855 0.67516212 1.96654446
3660 855 0.66619383 2.16097843
3670 855 0.65817593 2.35510137
3680 855 0.64640829 2.54098176
3300 816 0.15757584 0.09889314
3310 816 0.06172397 0.10501024
3320 816 -0.03317750 0.11081631
3330 816 -0.11636317 0.11384030
3340 816 -0.18118025 0.11190494
3350 816 -0.24630838 0.10901919
3360 816 -0.31017506 0.10677280
3370 816 -0.37530319 0.10388705
3380 816 -0.45558582 0.09649123
3390 816 -0.54343708 0.08525926
3400 816 -0.63097729 0.07497769
3410 816 -0.71787815 0.06343469
3420 816 -0.81336714 0.06101550
3430 816 -0.93970084 0.08973477
3440 816 -1.06698494 0.11876508
3450 816 -1.19331864 0.14748435
3460 816 -1.38412382 0.22676475
3470 816 -1.60255964 0.32771421
3480 816 -1.82099546 0.42866367
3490 816 -2.02287709 0.50946470
3390 447 -1.98874919 0.57194899
3400 447 -1.68738690 0.51540900
3410 447 -1.38802909 0.47846447
3420 447 -1.08772087 0.44120891
3430 447 -0.80035534 0.45764214
3440 447 -0.51203941 0.47376433
3450 447 -0.27582253 0.53324191
3460 447 -0.07359530 0.62067845
3470 447 0.12927129 0.70685354
3480 447 0.39963335 0.94139428
3490 447 0.66968438 1.17498461
3500 447 0.92663720 1.37498273
3510 447 1.18079067 1.56642727
3520 447 1.43591182 1.75439854
3530 447 1.69454080 1.93701303
3540 447 1.95316978 2.11962752
3550 447 2.22004129 2.29849226
3560 447 2.49769549 2.47172373
3570 447 2.77503866 2.64400481
3580 447 3.05269286 2.81723629
3460 372 0.57438546 0.67481652
3470 372 0.67704563 0.69593262
3480 372 0.80374221 0.71654760
3490 372 0.93074983 0.73811297
3500 372 1.05744641 0.75872795
3510 372 1.18414298 0.77934293
3520 372 1.31146164 0.80185870
3530 372 1.43940237 0.82627526
3540 372 1.56703207 0.84974143
3550 372 1.69466176 0.87320760
3560 372 1.81154333 0.89598257
3570 372 1.88354887 0.91345260
3580 372 1.95586545 0.93187303
3590 372 2.02818203 0.95029345
3600 372 2.10049861 0.96871387
3610 372 2.17250416 0.98618390
3620 372 2.24012059 0.99667283
3630 372 2.30647559 1.00652240
3640 372 2.37378099 1.01606093
3650 372 2.44044703 1.02686090
3480 354 0.61948613 0.29178920
3490 354 0.79451472 0.32183903
3500 354 0.96923227 0.35093846
3510 354 1.14394982 0.38003789
3520 354 1.26095235 0.38067725
3530 354 1.36343972 0.37554511
3540 354 1.46656645 0.36915152
3550 354 1.56874278 0.36306898
3560 354 1.67218055 0.35762580
3570 354 1.73328244 0.34499416
3580 354 1.79343394 0.33267356
3590 354 1.85453584 0.32004191
3600 354 1.91499838 0.30867171
3610 354 1.97610027 0.29604007
3620 354 2.03749593 0.28752105
3630 354 2.10006662 0.29545255
3640 354 2.16232627 0.30243365
3650 354 2.22489696 0.31036514
3660 354 2.28651725 0.31860768
3670 354 2.34908794 0.32653917
3620 288 -0.24827829 0.29590183
3630 288 -0.06664876 0.33326107
3640 288 0.11498077 0.37062032
3650 288 0.29629926 0.40702917
3660 288 0.47666736 0.44374906
3670 288 0.63806207 0.48036527
3680 288 0.78554643 0.51627300
3690 288 0.93303078 0.55218073
3700 288 1.08051514 0.58808846
3710 288 1.22799949 0.62399620
3720 288 1.35751270 0.65000252
3730 288 1.47757378 0.66963254
3740 288 1.59668446 0.68957360
3750 288 1.71579514 0.70951466
3760 288 1.83490582 0.72945572
3770 288 1.92868409 0.75558300
3780 288 2.01105761 0.78544275
3790 288 2.09407047 0.81404106
3800 288 2.17644399 0.84390081
3810 288 2.25945685 0.87249912
3650 693 -3.52376152 -0.58183312
3660 693 -3.16580740 -0.52010915
3670 693 -2.80690288 -0.45869621
3680 693 -2.45867737 -0.41062340
3690 693 -2.12049151 -0.37715214
3700 693 -1.79536930 -0.32572702
3710 693 -1.52440244 -0.20186435
3720 693 -1.25374661 -0.07895208
3730 693 -0.99136789 -0.00383615
3740 693 -0.73018147 0.05799150
3750 693 -0.49831913 0.10416353
3760 693 -0.31122914 0.12605722
3770 693 -0.12318875 0.14763987
3780 693 0.07962600 0.18543112
3790 693 0.34533976 0.28681257
3800 693 0.61105351 0.38819403
3810 693 0.86529339 0.50595687
3820 693 1.10774833 0.63915071
3830 693 1.35303719 0.77457366
3840 693 1.62123926 0.94142884
