2110 593 0.00000000 0.00000000
2120 593 -0.00000000 0.20252901
2130 593 -0.00097270 0.40482596
2140 593 -0.04960771 0.59575169
2150 593 -0.14419169 0.77674304
2160 593 -0.23951630 0.95652963
2170 593 -0.31984060 1.15531597
2180 593 -0.34238552 1.42648700
2190 593 -0.36469837 1.69668533
2200 593 -0.37528451 1.95220428
2210 593 -0.36102482 2.17252827
2220 593 -0.34653307 2.39187956
2230 593 -0.33227339 2.61220355
2240 593 -0.28528259 2.87631880
2250 593 -0.23852385 3.14140675
2260 593 -0.18764225 3.40645026
2270 593 -0.09770946 3.67155796
2280 593 -0.00777666 3.93666566
2290 593 0.11086807 4.12020974
2300 593 0.24152589 4.27063757
1920 570 -0.12566101 -0.13689891
1930 570 -0.18078398 0.05967540
1940 570 -0.23396154 0.25671384
1950 570 -0.28538134 0.45931198
1960 570 -0.33434716 0.66455171
1970 570 -0.38308092 0.86881874
1980 570 -0.41787594 1.08360772
1990 570 -0.44336364 1.30678563
2000 570 -0.46959199 1.52875877
2010 570 -0.49484763 1.75096397
2020 570 -0.55263194 1.99316631
2030 570 -0.61041626 2.23536865
2040 570 -0.66843264 2.47854369
2050 570 -0.72551088 2.69624090
2060 570 -0.77758737 2.81540901
2070 570 -0.82966386 2.93457712
2080 570 -0.88294511 3.05448587
2090 570 -0.94299083 3.17689302
2100 570 -1.07091325 3.32525696
2110 570 -1.19980836 3.47338882
1920 573 -0.55090379 -0.36686102
1930 573 -0.59265090 -0.14447807
1940 573 -0.61707703 0.08717763
1950 573 -0.64247586 0.31860127
1960 573 -0.66787469 0.55002491
1970 573 -0.69822590 0.77204248
1980 573 -0.73528725 0.97909430
1990 573 -0.77160798 1.18735089
2000 573 -0.80866933 1.39440271
2010 573 -0.86120502 1.60598721
2020 573 -0.92995566 1.82089963
2030 573 -0.99870631 2.03581205
2040 573 -1.06671632 2.25192924
2050 573 -1.13458314 2.45882799
2060 573 -1.19891466 2.63367208
2070 573 -1.26227349 2.80874823
2080 573 -1.32660501 2.98359232
2090 573 -1.36847062 3.05996163
2100 573 -1.40778351 3.12563123
2110 573 -1.44686433 3.19032814
2040 590 0.02558152 -0.32699019
2050 590 -0.02709735 -0.10618726
2060 590 -0.07954416 0.11364298
2070 590 -0.07514479 0.31927772
2080 590 -0.04535647 0.51760486
2090 590 -0.01580021 0.71690470
2100 590 0.02038720 0.90133754
2110 590 0.08411634 1.03065729
2120 590 0.14664072 1.16071767
2130 590 0.20939716 1.28980535
2140 590 0.21891679 1.34039563
2150 590 0.21561356 1.37147760
2160 590 0.21133762 1.40232750
2170 590 0.20826646 1.43243676
2180 590 0.20399053 1.46328666
2190 590 0.20068730 1.49436863
2200 590 0.19641137 1.52521853
2210 590 0.19334020 1.55532780
2220 590 0.18906427 1.58617770
2230 590 0.18576104 1.61725967
2140 597 0.01438312 0.86186665
2150 597 -0.02154259 1.01675804
2160 597 -0.04935589 1.15919196
2170 597 -0.07716919 1.30162587
2180 597 -0.10618726 1.44480042
2190 597 -0.12038275 1.59048326
2200 597 -0.12239728 1.74112834
2210 597 -0.12417974 1.89080073
2220 597 -0.12596220 2.04047311
2230 597 -0.14739617 2.21218678
2240 597 -0.17170380 2.38732713
2250 597 -0.19577936 2.56149477
2260 597 -0.21985492 2.73566241
2270 597 -0.24254797 2.92558088
2280 597 -0.26492007 3.12277238
2290 597 -0.28803281 3.31875912
2300 597 -0.25473881 3.54979269
2310 597 -0.19875177 3.79343680
2320 597 -0.14276473 4.03708090
2330 597 -0.08912303 4.24315509
2240 591 0.18148511 1.64810957
2250 591 0.17841395 1.67821884
2260 591 0.17413802 1.70906874
2270 591 0.17115573 1.74742374
2280 591 0.17082985 1.85220873
2290 591 0.17124460 1.95819848
2300 591 0.17091872 2.06298347
2310 591 0.16377407 2.18773103
2320 591 0.12565113 2.38630505
2330 591 0.08850090 2.58511114
2340 591 0.04639829 2.77451116
2350 591 0.00207378 2.96029689
2360 591 -0.04225074 3.14608262
2370 591 -0.09000192 3.32899469
2380 591 -0.14261661 3.51074643
2390 591 -0.19425859 3.69273024
2400 591 -0.20510148 3.90192496
2410 591 -0.18954815 4.12975405
2420 591 -0.17399483 4.35758314
2430 591 -0.21952411 4.54410950
2260 366 -1.51472127 1.35034976
2270 366 -1.50953683 1.35878312
2280 366 -1.50337969 1.36744854
2290 366 -1.49819524 1.37588190
2300 366 -1.49227017 1.38552003
2310 366 -1.48708572 1.39395339
2320 366 -1.48092858 1.40261881
2330 366 -1.47574414 1.41105217
2340 366 -1.46958700 1.41971760
2350 366 -1.46342985 1.42838302
2360 366 -1.45847748 1.43778908
2370 366 -1.45232033 1.44645451
2380 366 -1.44713589 1.45488787
2390 366 -1.44097875 1.46355329
2400 366 -1.43579431 1.47198665
2410 366 -1.42963716 1.48065208
2420 366 -1.42468479 1.49005814
2430 366 -1.41852765 1.49872356
2440 366 -1.41334320 1.50715692
2450 366 -1.40718606 1.51582235
2260 377 -1.08145001 0.83996362
2270 377 -1.07556937 0.84547888
2280 377 -1.07042937 0.84978937
2290 377 -1.06552143 0.85507256
2300 377 -1.06038142 0.85938306
2310 377 -1.05426872 0.86392562
2320 377 -1.04936078 0.86920881
2330 377 -1.04422077 0.87351930
2340 377 -1.03931284 0.87880250
2350 377 -1.03320013 0.88334506
2360 377 -1.02806013 0.88765555
2370 377 -1.02315219 0.89293874
2380 377 -1.01801218 0.89724924
2390 377 -1.01189948 0.90179180
2400 377 -1.00699154 0.90707499
2410 377 -1.00185154 0.91138548
2420 377 -0.99694360 0.91666868
2430 377 -0.99083089 0.92121124
2440 377 -0.98592295 0.92649443
2450 377 -0.98078295 0.93080492
2280 568 0.87439325 0.24767810
2290 568 0.84664414 0.55358983
2300 568 0.81889503 0.85950156
2310 568 0.83168826 1.14629998
2320 568 0.90624548 1.40259906
2330 568 0.98080270 1.65889815
2340 568 1.11272454 1.88159217
2350 568 1.30275164 2.07188590
2360 568 1.49102096 2.25661993
2370 568 1.66189031 2.40224845
2380 568 1.83275966 2.54787696
2390 568 2.00362901 2.69350548
2400 568 2.09067333 2.69062688
2410 568 2.17771765 2.68774828
2420 568 2.26452990 2.68584239
2430 568 2.33114752 2.67809041
2440 568 2.35033489 2.65799452
2450 568 2.37026290 2.63910340
2460 568 2.38921821 2.61998022
2470 568 2.40914622 2.60108909
