3360 685 0.00000000 0.00000000
3370 685 -0.00000000 0.31104019
3380 685 0.00036973 0.62115124
3390 685 -0.00880915 0.88764092
3400 685 -0.02490996 1.12554586
3410 685 -0.04008164 1.36382054
3420 685 -0.00885416 1.58827063
3430 685 0.02237331 1.81272073
3440 685 0.05230192 2.03773023
3450 685 0.08233341 2.21650134
3460 685 0.11234561 2.38450214
3470 685 0.14179840 2.55120407
3480 685 0.17527960 2.68614483
3490 685 0.21058050 2.80028442
3500 685 0.24569172 2.91219601
3510 685 0.27948478 3.01389669
3520 685 0.30990207 3.09703386
3530 685 0.34124851 3.18054075
3540 685 0.36106588 3.25515490
3550 685 0.33774413 3.29753528
3440 690 0.08274172 0.05983150
3450 690 -0.05430809 0.26359938
3460 690 -0.19079849 0.46866612
3470 690 -0.35981845 0.65540726
3480 690 -0.58014046 0.81420025
3490 690 -0.79413853 0.97873847
3500 690 -0.96550867 1.20113738
3510 690 -1.13557994 1.42297688
3520 690 -1.26583963 1.68541242
3530 690 -1.36875559 1.97379637
3540 690 -1.50364170 2.24515359
3550 690 -1.68741216 2.49060097
3560 690 -1.87118263 2.73604835
3570 690 -2.12924574 2.97345819
3580 690 -2.41999916 3.20646987
3590 690 -2.70720642 3.44950278
3600 690 -2.97530682 3.78516358
3610 690 -3.24340722 4.12082438
3620 690 -3.53651725 4.48958380
3630 690 -3.83055643 4.85797349
3480 694 0.08249095 -0.08018256
3490 694 -0.07566546 0.05491573
3500 694 -0.23419160 0.19094317
3510 694 -0.39234801 0.32604147
3520 694 -0.50725921 0.55261026
3530 694 -0.60445886 0.81851480
3540 694 -0.70165852 1.08441935
3550 694 -0.81196902 1.39138611
3560 694 -0.92541739 1.70894314
3570 694 -1.09758485 1.90088940
3580 694 -1.28540624 2.06185252
3590 694 -1.47747466 2.23619333
3600 694 -1.68230350 2.43989691
3610 694 -1.88713233 2.64360049
3620 694 -2.07520771 2.87011463
3630 694 -2.25081524 3.11127639
3640 694 -2.42772164 3.35299756
3650 694 -2.60964346 3.59379924
3660 694 -2.80066701 3.83313166
3670 694 -2.99206028 4.07339321
3520 428 -1.08684026 3.23435052
3530 428 -1.00775080 3.22492408
3540 428 -1.00048807 3.23642420
3550 428 -0.99415448 3.24755460
3560 428 -0.98689176 3.25905472
3570 428 -0.98055817 3.27018511
3580 428 -0.97329544 3.28168523
3590 428 -0.96696186 3.29281563
3600 428 -0.95969913 3.30431575
3610 428 -0.95336554 3.31544615
3620 428 -0.94647254 3.32787541
3630 428 -0.94013896 3.33900580
3640 428 -0.93287623 3.35050592
3650 428 -0.92654264 3.36163632
3660 428 -0.91927992 3.37313644
3670 428 -0.91294633 3.38426683
3680 428 -0.90568360 3.39576696
3690 428 -0.89935002 3.40689735
3700 428 -0.89208729 3.41839747
3710 428 -0.88291806 3.45756283
3540 434 -1.03711356 2.59008329
3550 434 -0.96579159 2.49469369
3560 434 -0.93036209 2.47327524
3570 434 -0.91768527 2.50092118
3580 434 -0.90537818 2.52949627
3590 434 -0.89400022 2.55770162
3600 434 -0.88169313 2.58627671
3610 434 -0.86901631 2.61392265
3620 434 -0.85763836 2.64212801
3630 434 -0.84533127 2.67070310
3640 434 -0.83265445 2.69834904
3650 434 -0.82034736 2.72692413
3660 434 -0.80896941 2.75512949
3670 434 -0.79629259 2.78277543
3680 434 -0.78491464 2.81098079
3690 434 -0.77260755 2.83955588
3700 434 -0.75993073 2.86720182
3710 434 -0.74762364 2.89577691
3720 434 -0.73583738 2.94459375
3730 434 -0.71963691 3.17705567
3540 698 -0.08156824 -0.13039794
3550 698 -0.23326568 0.08583778
3560 698 -0.38682139 0.30133405
3570 698 -0.53216596 0.53947048
3580 698 -0.65080014 0.86465032
3590 698 -0.76999374 1.18853129
3600 698 -0.90625266 1.52284179
3610 698 -1.05067451 1.86143790
3620 698 -1.19453695 2.20133289
3630 698 -1.35082865 2.54812087
3640 698 -1.50878894 2.89639740
3650 698 -1.67270345 3.23799956
3660 698 -1.86267247 3.54770873
3670 698 -2.05301122 3.85834705
3680 698 -2.25208196 4.16658696
3690 698 -2.45969500 4.47465647
3700 698 -2.71943635 4.70816970
3710 698 -3.00058651 4.91163858
3720 698 -3.28919873 5.09599418
3730 698 -3.58640148 5.25325360
