3880 708 0.00000000 0.00000000
3890 708 0.00000000 0.15966527
3900 708 0.02306074 0.35712211
3910 708 0.04676659 0.55381485
3920 708 0.06314460 0.81499249
3930 708 0.07748711 1.09408261
3940 708 0.09182961 1.37317272
3950 708 0.04317783 1.61216645
3960 708 -0.02180812 1.84260479
3970 708 -0.08679408 2.07304312
3980 708 -0.12899486 2.30439587
3990 708 -0.16902235 2.53627472
4000 708 -0.20130864 2.75898438
4010 708 -0.17708296 2.89460561
4020 708 -0.15144808 3.03010783
4030 708 -0.12934560 3.15739287
4040 708 -0.12318897 3.25551063
4050 708 -0.11715133 3.35221920
4060 708 -0.11034960 3.44957287
4070 708 -0.10587149 3.56983070
3720 429 0.02767665 -0.46217313
3730 429 -0.00028810 -0.31433886
3740 429 -0.00850529 -0.15114119
3750 429 0.03182282 0.04911525
3760 429 0.07074174 0.24949069
3770 429 0.11030576 0.44910204
3780 429 0.06683357 0.69901236
3790 429 0.02388747 0.94674938
3800 429 -0.02152002 1.19895200
3810 429 -0.07784410 1.45633420
3820 429 -0.13404919 1.71512560
3830 429 -0.17257979 1.97313411
3840 429 -0.19484512 2.23047873
3850 429 -0.21646535 2.48705926
3860 429 -0.24097287 2.73465849
3870 429 -0.27020277 2.95994856
3880 429 -0.30007777 3.18600272
3890 429 -0.32930767 3.41129278
3900 429 -0.30899643 3.61820690
3910 429 -0.28804009 3.82435693
3730 468 -0.89062572 1.87339420
3740 468 -0.71406885 2.17426739
3750 468 -0.60534139 2.47022404
3760 468 -0.51376231 2.76479028
3770 468 -0.42141912 3.06000162
3780 468 -0.32682122 3.32308951
3790 468 -0.23125880 3.55558214
3800 468 -0.13505128 3.78731068
3810 468 -0.00985186 3.95059602
3820 468 0.15839387 4.01018944
3830 468 0.32663959 4.06978287
3840 468 0.53656000 4.05986211
3850 468 0.80861039 3.94534754
3860 468 1.04439741 3.85518392
3870 468 1.27220524 3.77137108
3880 468 1.36000768 3.83633824
3890 468 1.41338184 3.93898423
3900 468 1.46740110 4.04086612
3910 468 1.58931866 4.15688383
3920 468 1.71904630 4.27295165
3730 889 0.19268435 0.60110127
3740 889 0.16143147 0.64276969
3750 889 -0.05788986 0.86069435
3760 889 -0.27797528 1.07797391
3770 889 -0.46558026 1.30173577
3780 889 -0.62352318 1.53221795
3790 889 -0.78070200 1.76334522
3800 889 -0.87288235 2.04149587
3810 889 -0.96429859 2.32029162
3820 889 -1.07630792 2.61572844
3830 889 -1.20222134 2.92298373
3840 889 -1.32748965 3.22947492
3850 889 -1.46849714 3.53445670
3860 889 -1.61461533 3.83774118
3870 889 -1.75996941 4.14167076
3880 889 -1.88397884 4.47147322
3890 889 -1.99846210 4.81324446
3900 889 -2.11435455 5.15513471
3910 889 -2.13020646 5.37077959
3920 889 -2.14529427 5.58706958
3740 435 0.23980794 -0.59717431
3750 435 0.20831706 -0.39865901
3760 435 0.20286816 -0.22788925
3770 435 0.19677416 -0.05635540
3780 435 0.19132526 0.11441436
3790 435 0.18752982 0.34678173
3800 435 0.18432937 0.58619509
3810 435 0.18112893 0.82560845
3820 435 0.15503058 1.12159642
3830 435 0.11423273 1.45359722
3840 435 0.07202568 1.78571703
3850 435 0.04934072 2.08851299
3860 435 0.03767256 2.37050918
3870 435 0.02676850 2.65315048
3880 435 0.00937586 2.90937400
3890 435 -0.02170791 3.10430681
3900 435 -0.05138249 3.29912062
3910 435 -0.08182117 3.49328932
3920 435 -0.08720744 3.61438015
3930 435 -0.08556651 3.71784660
3760 687 0.77532826 1.66884753
3770 687 0.77116956 1.67842382
3780 687 0.76701086 1.68800010
3790 687 0.76285216 1.69757638
3800 687 0.75869346 1.70715267
3810 687 0.75529886 1.71737405
3820 687 0.75114016 1.72695034
3830 687 0.74698146 1.73652662
3840 687 0.74346786 1.74533880
3850 687 0.73930916 1.75491509
3860 687 0.73591456 1.76513647
3870 687 0.73175586 1.77471276
3880 687 0.72759716 1.78428904
3890 687 0.72343846 1.79386532
3900 687 0.60192800 1.99359567
3910 687 0.47977245 2.19409011
3920 687 0.34378797 2.31485525
3930 687 0.20792248 2.43702959
3940 687 0.09472316 2.55870915
3950 687 0.07061022 2.68492946
3890 711 0.43858629 0.47105421
3900 711 0.45423152 0.54708201
3910 711 0.46923165 0.62387391
3920 711 0.45437557 0.78408408
3930 711 0.42558409 0.98095218
3940 711 0.40237929 1.18515438
3950 711 0.40035005 1.42163035
3960 711 0.39767570 1.65887041
3970 711 0.39094287 1.89006658
3980 711 0.35823068 2.09932936
3990 711 0.32692769 2.30847315
4000 711 0.28760794 2.48990897
4010 711 0.23602502 2.62696444
4020 711 0.18508721 2.76325582
4030 711 0.15326438 2.87380584
4040 711 0.14120165 2.95785042
4050 711 0.13054811 3.04177599
4060 711 0.11772128 3.12517547
4070 711 0.10706774 3.20910104
4080 711 0.08563540 3.31664478
3940 482 -0.98362653 -0.13550222
3950 482 -0.89288043 0.14919963
3960 482 -0.80277944 0.43466558
3970 482 -0.71203335 0.71936744
3980 482 -0.59090494 0.91847773
3990 482 -0.46913144 1.11682393
4000 482 -0.34800303 1.31593423
4010 482 -0.22763873 1.51439942
4020 482 -0.14028097 1.70855560
4030 482 -0.05280422 1.90412098
4040 482 0.03455354 2.09827716
4050 482 0.12191129 2.29243334
4060 482 0.26779148 2.46532629
4070 482 0.42059866 2.63621505
4080 482 0.57328683 2.80569460
4090 482 0.72609401 2.97658336
4100 482 0.83125777 3.12949701
4110 482 0.93131083 3.28071336
4120 482 1.03059980 3.43128461
4130 482 1.11163808 3.59262213
3960 688 0.04714237 2.81038567
3970 688 0.02302943 2.93660597
3980 688 0.10485060 2.95595270
3990 688 0.21142355 2.94908207
4000 688 0.31799651 2.94221145
4010 688 0.42604756 2.94444112
4020 688 0.53440549 2.95870846
4030 688 0.64288243 2.97438501
4040 688 0.75135937 2.99006155
4050 688 0.83169619 3.10107505
4060 688 0.90483670 3.23611380
4070 688 0.97874131 3.37179766
4080 688 1.05074194 3.48493434
4090 688 1.12162147 3.59319834
4100 688 1.19326510 3.70210743
4110 688 1.26555383 3.81025242
4120 688 1.34135616 3.90958523
4130 688 1.43914198 3.97512860
4140 688 1.53692780 4.04067197
4150 688 1.63471362 4.10621533
3990 718 0.22622327 0.02347411
4000 718 0.13629138 0.21060309
4010 718 0.04635949 0.39773207
4020 718 0.04261415 0.62228935
4030 718 0.06019468 0.85569013
4040 718 0.07853931 1.08973601
4050 718 0.07261441 1.25486898
4060 718 0.06404022 1.41383905
4070 718 0.05534704 1.57139992
4080 718 0.06601310 1.76493605
4090 718 0.07768126 1.96193568
4100 718 0.08834733 2.15547182
4110 718 0.08765212 2.32371128
4120 718 0.08695692 2.49195074
4130 718 0.08626171 2.66019020
4140 718 0.03343244 2.89173084
4150 718 -0.01798763 3.12315249
4160 718 -0.09373986 3.33534014
4170 718 -0.18336486 3.53450680
4180 718 -0.26752216 3.73959836
