3210 284 0.00000000 0.00000000
3220 284 0.00000000 0.56280014
3230 284 0.00132907 1.12511699
3240 284 0.00175195 1.68701095
3250 284 0.02247334 2.17230222
3260 284 0.05080667 2.62472926
3270 284 0.07913999 3.07715629
3280 284 0.10868156 3.52462953
3290 284 0.14214993 3.96841762
3300 284 0.17471211 4.41178282
3310 284 0.22896227 4.84650908
3320 284 0.37038726 5.24577337
3330 284 0.51223512 5.64413148
3340 284 0.65366010 6.04339577
3350 284 0.74917181 6.44882211
3360 284 0.83441344 6.85497339
3370 284 0.91923218 7.26203086
3380 284 0.97293863 7.59387513
3390 284 0.99776805 7.85044578
3400 284 1.02259747 8.10701643
3220 286 -0.74174111 0.05002131
3230 286 -0.66278235 0.58787121
3240 286 -0.58472977 1.12529822
3250 286 -0.50746256 1.65021991
3260 286 -0.43502832 2.14529797
3270 286 -0.36259408 2.64037602
3280 286 -0.29064314 3.13412501
3290 286 -0.21857137 3.61579155
3300 286 -0.14668084 4.09075234
3310 286 -0.07388413 4.56613602
3320 286 0.01268656 5.00490989
3330 286 0.13550459 5.36128152
3340 286 0.25832261 5.71765314
3350 286 0.38023445 6.07360188
3360 286 0.48015624 6.44356625
3370 286 0.56557910 6.82331740
3380 286 0.65100197 7.20306854
3390 286 0.66435307 7.54808267
3400 286 0.60653858 7.85878266
3410 286 0.54872410 8.16948266
