2610 272 0.00000000 0.00000000
2620 272 0.00000000 0.52551403
2630 272 -0.00846029 1.05222119
2640 272 -0.09610019 1.60333301
2650 272 -0.18352317 2.15346865
2660 272 -0.28537202 2.68093506
2670 272 -0.42117048 3.15373500
2680 272 -0.55696895 3.62653493
2690 272 -0.52128389 4.08827141
2700 272 -0.46694281 4.54903170
2710 272 -0.43960957 5.02530252
2720 272 -0.45143228 5.52565262
2730 272 -0.46227881 6.02621965
2740 272 -0.59070164 6.53036604
2750 272 -0.76804229 7.03798331
2760 272 -0.94614219 7.54440746
2770 272 -1.17847471 7.96297478
2780 272 -1.43315107 8.34379620
2790 272 -1.68804436 8.72559380
2800 272 -1.86560194 9.11433319
2610 271 -0.70534938 -0.02971947
2620 271 -0.87596519 0.47529463
2630 271 -1.04755718 0.98009181
2640 271 -1.07608354 1.42653469
2650 271 -1.10341677 1.87221832
2660 271 -1.13172620 2.31768501
2670 271 -1.14409123 2.72367036
2680 271 -1.15439543 3.12499171
2690 271 -1.16448270 3.52533687
2700 271 -1.11990349 3.94704968
2710 271 -1.06187459 4.37277570
2720 271 -0.95015541 4.78277427
2730 271 -0.75828042 5.16858509
2740 271 -0.62692902 5.57782440
2750 271 -0.73843128 6.07958455
2760 271 -0.91978514 6.55455378
2770 271 -1.20754339 6.98743851
2780 271 -1.49671169 7.41283914
2790 271 -1.80204131 7.76806276
2800 271 -2.10737093 8.12328639
