2610 801 0.00000000 0.00000000
2620 801 0.00000000 0.18505405
2630 801 0.00029181 0.37106457
2640 801 -0.00066467 0.55641042
2650 801 0.03976676 0.74376650
2660 801 0.17120944 0.93472152
2670 801 0.30265212 1.12567655
2680 801 0.35013555 1.28474359
2690 801 0.34186769 1.42213589
2700 801 0.33389165 1.56048466
2710 801 0.31414606 1.70137863
2720 801 0.19192771 1.86621696
2730 801 0.07000117 2.03201177
2740 801 -0.05221718 2.19685010
2750 801 -0.12726012 2.37238801
2760 801 -0.13374471 2.56360242
2770 801 -0.13956463 2.75356854
2780 801 -0.14634103 2.94382647
2790 801 -0.17544064 3.15344091
2800 801 -0.25691954 3.40726406
2430 794 2.28351667 -0.89740270
2440 794 2.12869704 -0.78116638
2450 794 1.97483388 -0.66522188
2460 794 1.82126253 -0.54832089
2470 794 1.67355973 -0.42589180
2480 794 1.55365963 -0.27744327
2490 794 1.43500780 -0.12833008
2500 794 1.31510769 0.02011845
2510 794 1.18946872 0.17031781
2520 794 1.03999888 0.32465110
2530 794 0.89148551 0.47869259
2540 794 0.74172385 0.63206940
2550 794 0.59321048 0.78611089
2560 794 0.45716374 0.92275745
2570 794 0.32996847 1.04729404
2580 794 0.20277319 1.17183063
2590 794 0.09459399 1.30729376
2600 794 0.01313130 1.46178917
2610 794 -0.06766672 1.61503629
2620 794 -0.13486330 1.76831583
2430 797 2.54802318 -0.88714083
2440 797 2.41510526 -0.73681177
2450 797 2.28189553 -0.58743920
2460 797 2.14897760 -0.43711014
2470 797 2.01839413 -0.27912927
2480 797 1.88860502 -0.11511772
2490 797 1.75910771 0.04985030
2500 797 1.63027508 0.21357004
2510 797 1.48581458 0.33291896
2520 797 1.33851707 0.43954186
2530 797 1.19151137 0.54712124
2540 797 1.04450567 0.65470063
2550 797 0.91113382 0.74871100
2560 797 0.79942051 0.82461315
2570 797 0.68866368 0.90022349
2580 797 0.57695037 0.97612564
2590 797 0.48955428 1.09061112
2600 797 0.40852930 1.21569890
2610 797 0.32721252 1.33983020
2620 797 0.26108589 1.47605527
2460 781 -0.30861795 1.74709501
2470 781 -0.35717133 1.85182117
2480 781 -0.40447643 1.95721200
2490 781 -0.45273801 2.06289464
2500 781 -0.43313833 2.19910350
2510 781 -0.40604894 2.33930038
2520 781 -0.37895956 2.47949726
2530 781 -0.35187018 2.61969414
2540 781 -0.35470719 2.79202217
2550 781 -0.37242633 2.97725455
2560 781 -0.38889720 3.16315159
2570 781 -0.42380051 3.34003505
2580 781 -0.61822480 3.44639857
2590 781 -0.81264908 3.55276209
2600 781 -1.00736517 3.65816914
2610 781 -1.24025929 3.71040252
2620 781 -1.47740082 3.75556771
2630 781 -1.71071645 3.79956567
2640 781 -1.90082847 3.82410985
2650 781 -2.09189698 3.84894583
2480 786 -0.16143392 1.53386541
2490 786 -0.21566132 1.61313955
2500 786 -0.26922405 1.69116540
2510 786 -0.31832862 1.78037718
2520 786 -0.35018418 1.91241968
2530 786 -0.38137507 2.04321390
2540 786 -0.41323063 2.17525641
2550 786 -0.44412971 2.30700711
2560 786 -0.37915410 2.43773648
2570 786 -0.30249001 2.56908190
2580 786 -0.22582592 2.70042731
2590 786 -0.14945364 2.83081624
2600 786 -0.20158976 2.98891060
2610 786 -0.30999592 3.15789907
2620 786 -0.41840209 3.32688754
2630 786 -0.53311453 3.45807084
2640 786 -0.65518697 3.53086038
2650 786 -0.77725942 3.60364993
2660 786 -0.89933186 3.67643947
2670 786 -0.98025957 3.69903828
2490 850 -1.45110580 1.97750877
2500 850 -1.44345398 1.97517432
2510 850 -1.43580216 1.97283987
2520 850 -1.42719387 1.97021361
2530 850 -1.41954205 1.96787916
2540 850 -1.41189023 1.96554470
2550 850 -1.40328194 1.96291844
2560 850 -1.39563012 1.96058399
2570 850 -1.38702182 1.95795773
2580 850 -1.37937000 1.95562328
2590 850 -1.37171818 1.95328882
2600 850 -1.36310989 1.95066256
2610 850 -1.35545807 1.94832811
2620 850 -1.34780625 1.94599366
2630 850 -1.33919795 1.94336740
2640 850 -1.33154614 1.94103294
2650 850 -1.32389432 1.93869849
2660 850 -1.31528602 1.93607223
2670 850 -1.30763420 1.93373778
2680 850 -1.29998238 1.93140332
2630 795 -0.16978283 1.92115767
2640 795 -0.20470236 2.07399950
2650 795 -0.23933008 2.22779782
2660 795 -0.26406880 2.36603311
2670 795 -0.28556522 2.50118822
2680 795 -0.30706165 2.63634333
2690 795 -0.33209217 2.77362214
2700 795 -0.36427196 2.91830960
2710 795 -0.39674355 3.06204059
2720 795 -0.45549396 3.15733167
2730 795 -0.52603011 3.23112632
2740 795 -0.59560978 3.30462918
2750 795 -0.66585413 3.37938031
2760 795 -0.80039320 3.40788009
2770 795 -0.94367026 3.43172718
2780 795 -1.09364266 3.45761691
2790 795 -1.25575747 3.48825661
2800 795 -1.41662398 3.51956098
2810 795 -1.49823257 3.51936644
2820 795 -1.54503512 3.50646210
2630 798 0.23128919 1.63883474
2640 798 0.20244896 1.80132241
2650 798 0.17265226 1.96410188
2660 798 0.13128057 2.10950265
2670 798 0.07055236 2.23258020
2680 798 0.00953235 2.35470128
2690 798 -0.05023938 2.47748703
2700 798 -0.10694713 2.57947346
2710 798 -0.16195269 2.67675855
2720 798 -0.21791472 2.77433545
2730 798 -0.26014562 2.87922372
2740 798 -0.29709159 2.98772716
2750 798 -0.33278926 3.09689527
2760 798 -0.36973523 3.20539871
2770 798 -0.50696541 3.31417774
2780 798 -0.71191094 3.42375113
2790 798 -0.91656467 3.53428100
2800 798 -1.12055372 3.64356259
2810 798 -1.27929653 3.67840106
2820 798 -1.43309485 3.70545802
2690 851 -1.29137409 1.92877706
2700 851 -1.28372227 1.92644261
2710 851 -1.27511397 1.92381635
2720 851 -1.26746215 1.92148190
2730 851 -1.25981034 1.91914745
2740 851 -1.23602809 1.90457333
2750 851 -1.15096646 1.84412072
2760 851 -1.06561301 1.78462458
2770 851 -0.98055138 1.72417197
2780 851 -0.89548974 1.66371936
2790 851 -0.81130353 1.60039732
2800 851 -0.74065389 1.50983999
2810 851 -0.67000426 1.41928267
2820 851 -0.59935463 1.32872534
2830 851 -0.52870500 1.23816801
2840 851 -0.47502879 1.14337949
2850 851 -0.44780972 1.04411659
2860 851 -0.41992597 0.94360541
2870 851 -0.39204222 0.84309424
2880 851 -0.36386667 0.74353954
