790 733 0.00000000 0.00000000
800 733 0.00000000 0.41696523
810 733 -0.00048445 0.83260180
820 733 -0.00048445 1.24956703
830 733 0.04938541 1.56179451
840 733 0.10341390 1.86272128
850 733 0.15028112 2.19561235
860 733 0.16318867 2.65829841
870 733 0.17609622 3.12098448
880 733 0.17554941 3.53438586
890 733 0.12523346 3.75143034
900 733 0.07449542 3.96938137
910 733 0.06236491 4.19207140
920 733 0.07494630 4.41854592
930 733 0.05530437 4.75687150
940 733 0.01355509 5.16873798
950 733 -0.02728765 5.58102655
960 733 -0.09920731 6.03399958
970 733 -0.17794290 6.49924221
980 733 -0.25171883 6.90171222
790 734 0.06655231 -0.78970614
800 734 -0.05198995 -0.38822422
810 734 -0.17011011 0.01235115
820 734 -0.26340806 0.40462847
830 734 -0.25324414 0.76896580
840 734 -0.24265812 1.13239659
850 734 -0.23571750 1.54156260
860 734 -0.22877687 1.95072862
870 734 -0.19886071 2.38162306
880 734 -0.15467477 2.82688322
890 734 -0.14875101 3.24770968
900 734 -0.23198098 3.61599458
910 734 -0.31478884 3.98337294
920 734 -0.36288398 4.39228474
930 734 -0.40638401 4.80554222
940 734 -0.46331442 5.26659745
950 734 -0.52789054 5.75828834
960 734 -0.56515025 6.12260649
970 734 -0.61081832 6.47418497
980 734 -0.66528330 6.78305964
830 735 0.45241183 1.71966379
840 735 0.49583991 2.05757206
850 735 0.54059664 2.39499588
860 735 0.57846071 2.72590117
870 735 0.55222830 2.98835471
880 735 0.52508935 3.25038616
890 735 0.50878583 3.46782395
900 735 0.49277970 3.67988480
910 735 0.52637003 4.09814990
920 735 0.49859314 4.52975903
930 735 0.40993346 4.97604085
940 735 0.31763320 5.40408134
950 735 0.22211445 5.81297395
960 735 0.15633918 6.24564313
970 735 0.15736564 6.73147741
980 735 0.15106296 7.19514677
990 735 0.07540677 7.45003133
1000 735 0.02559446 7.62098084
1010 735 -0.02180997 7.78202065
1020 735 -0.16152426 8.08208883
840 736 -0.22216241 -0.16962566
850 736 -0.24241830 0.22687743
860 736 -0.26267418 0.62338052
870 736 -0.24940209 1.01894828
880 736 -0.18653354 1.41223767
890 736 -0.12457154 1.80510496
900 736 -0.06739171 2.18692098
910 736 -0.02007362 2.55201137
920 736 0.02024150 2.92266578
930 736 -0.00234552 3.34786671
940 736 -0.02402598 3.77348973
950 736 -0.07757961 4.22729256
960 736 -0.14465475 4.69355207
970 736 -0.22103042 5.16320274
980 736 -0.30404934 5.63527568
990 736 -0.38012762 6.09954941
1000 736 -0.39597547 6.49369259
1010 736 -0.41140121 6.88692922
1020 736 -0.43781109 7.22320666
1030 736 -0.46664323 7.55284086
