2210 243 0.00000000 0.00000000
2220 243 0.00000000 0.34645923
2230 243 0.00240721 0.68760760
2240 243 0.01939045 0.98828944
2250 243 0.03662769 1.28758006
2260 243 0.05361093 1.58826190
2270 243 0.11493127 1.88625656
2280 243 0.18042527 2.18501321
2290 243 0.24674187 2.48320125
2300 243 0.15988894 2.67938883
2310 243 0.07360462 2.87639903
2320 243 -0.01324831 3.07258661
2330 243 -0.02615604 3.08029315
2340 243 -0.03906376 3.08799968
2350 243 -0.05197148 3.09570621
2360 243 -0.06487921 3.10341275
2370 243 -0.07778693 3.11111928
2380 243 -0.09069465 3.11882582
2390 243 -0.10442498 3.12710096
2400 243 -0.11733271 3.13480750
2230 245 -0.38743952 0.16934171
2240 245 -0.39622266 0.50485305
2250 245 -0.37046783 0.83229417
2260 245 -0.29164182 1.14857958
2270 245 -0.21281580 1.46486499
2280 245 -0.13433038 1.72789738
2290 245 -0.05504832 1.93932196
2300 245 0.02366512 2.14992394
2310 245 0.03947073 2.33107080
2320 245 0.04743704 2.50791123
2330 245 0.03827290 2.67227977
2340 245 -0.12696443 2.72692978
2350 245 -0.29220177 2.78157979
2360 245 -0.44554737 2.83408813
2370 245 -0.48895219 2.85922818
2380 245 -0.53178840 2.88519083
2390 245 -0.57519322 2.91033087
2400 245 -0.61802942 2.93629352
2410 245 -0.66086563 2.96225617
2420 245 -0.70427045 2.98739621
2280 568 1.62362248 3.05588335
2290 568 1.41457047 2.83082945
2300 568 1.20551846 2.60577556
2310 568 0.98359624 2.42365600
2320 568 0.74309464 2.30786749
2330 568 0.50259304 2.19207898
2340 568 0.24876231 2.14142366
2350 568 -0.01978876 2.15564756
2360 568 -0.28302897 2.17227867
2370 568 -0.50554866 2.20209458
2380 568 -0.72806834 2.23191050
2390 568 -0.95058803 2.26172642
2400 568 -1.00660905 2.32840959
2410 568 -1.06263007 2.39509276
2420 568 -1.11921970 2.46095332
2430 568 -1.15796597 2.51569569
2440 568 -1.15583584 2.54339881
2450 568 -1.15509694 2.57084793
2460 568 -1.15353543 2.59772843
2470 568 -1.15279653 2.62517755
2340 248 1.20644497 1.42352679
2350 248 1.21855318 1.73122533
2360 248 1.12080142 1.95561248
2370 248 1.02304966 2.17999963
2380 248 0.90198491 2.37065987
2390 248 0.68602299 2.42754968
2400 248 0.47006108 2.48443949
2410 248 0.26687123 2.45956211
2420 248 0.06864011 2.39965029
2430 248 -0.12984500 2.34112970
2440 248 -0.33884218 2.30081616
2450 248 -0.54758535 2.25911139
2460 248 -0.75980079 2.20886594
2470 248 -0.99013958 2.12009071
2480 248 -1.21965576 2.03074686
2490 248 -1.44234863 1.95127431
2500 248 -1.60097047 1.95394129
2510 248 -1.76016091 1.95578566
2520 248 -1.91935136 1.95763003
2530 248 -2.06349242 1.96365960
