790 150 0.00000000 0.00000000
800 150 -0.00000000 0.28338843
810 150 -0.00212429 0.58266670
820 150 -0.00424859 0.88194498
830 150 -0.09825031 1.13552273
840 150 -0.21541811 1.37738159
850 150 -0.33239184 1.61825946
860 150 -0.47469829 1.84291224
870 150 -0.65490677 2.04273692
880 150 -0.83492118 2.24158061
890 150 -0.99064737 2.42586125
900 150 -1.12189127 2.59459785
910 150 -1.25313516 2.76333445
920 150 -1.38536004 2.93187697
930 150 -1.54685216 3.07831908
940 150 -1.70853837 3.22574218
950 150 -1.87003050 3.37218430
960 150 -1.93504021 3.51528824
970 150 -1.93514255 3.65492344
980 150 -1.93622586 3.79436456
600 158 0.31041846 1.30608016
610 158 0.15837273 1.37385992
620 158 -0.01814471 1.46228273
630 158 -0.21090840 1.56584024
640 158 -0.40484716 1.67018465
650 158 -0.59761086 1.77374216
660 158 -0.72621173 1.89305191
670 158 -0.85481261 2.01236165
680 158 -0.98341349 2.13167139
690 158 -1.11220844 2.25196212
700 158 -1.21532486 2.36611992
710 158 -1.26041139 2.47035142
720 158 -1.30432285 2.57379601
730 158 -1.34940938 2.67802751
740 158 -1.39332084 2.78147210
750 158 -1.43742638 2.88589768
760 158 -1.54256829 2.96907327
770 158 -1.65359611 3.05108438
780 158 -1.76560492 3.13290141
790 158 -1.87643867 3.21393154
800 142 -0.67159059 -0.89230885
810 142 -0.72709744 -0.61174693
820 142 -0.73354442 -0.31638201
830 142 -0.69191252 -0.00640817
840 142 -0.65028062 0.30356568
850 142 -0.71461634 0.58238088
860 142 -0.77816516 0.86237114
870 142 -0.85807668 1.10140701
880 142 -0.95473906 1.30145047
890 142 -1.05238243 1.50129984
900 142 -1.10184810 1.66888608
910 142 -1.10392300 1.80303412
920 142 -1.10717295 1.93796905
930 142 -1.11022883 2.07192301
940 142 -1.17889077 2.15619956
950 142 -1.25462428 2.23499953
960 142 -1.33133878 2.31360543
970 142 -1.40707228 2.39240540
980 142 -1.63797797 2.54448289
990 142 -1.86986465 2.69636629
800 154 -0.32776921 -0.31153707
810 154 -0.34989079 -0.00907941
820 154 -0.37672322 0.29142686
830 154 -0.40865466 0.59194372
840 154 -0.44039202 0.89147960
850 154 -0.49885241 1.16636027
860 154 -0.59975279 1.40328243
870 154 -0.70065317 1.64020460
880 154 -0.80057257 1.87732085
890 154 -0.84008724 2.02037186
900 154 -0.86376499 2.14005211
910 154 -0.88744274 2.25973237
920 154 -0.91112048 2.37941263
930 154 -0.96953148 2.48916305
940 154 -1.06267572 2.58898364
950 154 -1.15581996 2.68880423
960 154 -1.24896420 2.78862483
970 154 -1.36867269 2.94027534
980 154 -1.48838118 3.09192585
990 154 -1.60730276 3.24475143
840 496 2.74584961 -0.17847941
850 496 2.36882292 -0.12768694
860 496 1.99277722 -0.07670038
870 496 1.62185170 -0.01552639
880 496 1.27592367 0.08932969
890 496 0.93018972 0.19320479
900 496 0.59427621 0.30411969
910 496 0.35203978 0.47740129
920 496 0.10980336 0.65068289
930 496 -0.13243307 0.82396449
940 496 -0.32640712 1.00577502
950 496 -0.50762835 1.19010859
960 496 -0.68963649 1.37326709
970 496 -0.81517796 1.54924817
980 496 -0.91739103 1.72067013
990 496 -1.01881719 1.89326716
1000 496 -1.12103026 2.06468912
1010 496 -1.28177782 2.19191027
1020 496 -1.44861597 2.31384891
1030 496 -1.61564820 2.43676854
850 499 2.19741155 0.34197586
860 499 1.93345581 0.44470059
870 499 1.66969416 0.54644433
880 499 1.41657161 0.67169998
890 499 1.16856925 0.80714306
900 499 0.91958590 0.94239205
910 499 0.68884253 1.07819153
920 499 0.46437323 1.21319351
930 499 0.24539111 1.34622294
940 499 0.08733949 1.44951227
950 499 -0.06992523 1.55397666
960 499 -0.22797685 1.65726599
970 499 -0.39407043 1.75998366
980 499 -0.56860473 1.85899265
990 499 -0.74431410 1.95878854
1000 499 -0.91838613 2.09152861
1010 499 -1.09162891 2.24583978
1020 499 -1.26604677 2.40093786
1030 499 -1.43948363 2.55623001
1040 499 -1.59418296 2.66833763
870 502 1.87316754 0.87824335
880 502 1.61138903 0.99057327
890 502 1.34941644 1.10388418
900 502 1.10118823 1.22501121
910 502 0.86729724 1.35611043
920 502 0.63360033 1.48622866
930 502 0.40636099 1.60946940
940 502 0.20651514 1.70245132
950 502 0.00549423 1.79622015
960 502 -0.19533261 1.88900799
970 502 -0.41979131 2.02910898
980 502 -0.64855154 2.17549463
990 502 -0.86691967 2.32087813
1000 502 -0.99725668 2.45411575
1010 502 -1.12778777 2.58833436
1020 502 -1.25929984 2.72235889
1030 502 -1.39339847 2.83854218
1040 502 -1.53026715 2.94296423
1050 502 -1.66615485 3.04758036
1060 502 -1.80302353 3.15200240
880 505 2.37934206 -0.06750099
890 505 2.10112321 0.06094462
900 505 1.82172930 0.19017714
910 505 1.55173592 0.31311441
920 505 1.28370451 0.43643984
930 505 1.01488619 0.55859021
940 505 0.76374679 0.69443203
950 505 0.55483212 0.85901532
960 505 0.34474238 1.02438552
970 505 0.13465264 1.18975572
980 505 -0.06838670 1.35040448
990 505 -0.25830624 1.50141629
1000 505 -0.44705072 1.65164120
1010 505 -0.63579520 1.80186611
1020 505 -0.77882150 1.96317474
1030 505 -0.91027006 2.12779332
1040 505 -1.04073763 2.29260598
1050 505 -1.17808269 2.45096107
1060 505 -1.36222218 2.55214728
1070 505 -1.54655575 2.65431447
