2620 807 0.00000000 0.00000000
2630 807 -0.00000000 0.17867568
2640 807 -0.00125926 0.35670774
2650 807 -0.00125926 0.53538343
2660 807 -0.04029647 0.72984190
2670 807 -0.11837089 0.94008315
2680 807 -0.19549386 1.15001659
2690 807 -0.27387610 1.35930640
2700 807 -0.36829298 1.59375352
2710 807 -0.47071318 1.83919822
2720 807 -0.57218194 2.08433510
2730 807 -0.67460215 2.32977981
2740 807 -0.87345405 2.60852507
2750 807 -1.09673569 2.89622510
2760 807 -1.31906589 3.18361731
2770 807 -1.49197694 3.46132717
2780 807 -1.54578952 3.71732172
2790 807 -1.62529111 3.98162741
2800 807 -1.80248366 4.27859003
2810 807 -1.99708204 4.57697982
2620 806 0.60005367 0.16216532
2630 806 0.56389878 0.28106790
2640 806 0.52740808 0.40218119
2650 806 0.49060957 0.52234304
2660 806 0.45381105 0.64250489
2670 806 0.37629631 0.89670848
2680 806 0.29296096 1.16540760
2690 806 0.21088488 1.43475035
2700 806 0.10342762 1.74909083
2710 806 -0.00786341 2.06782474
2720 806 -0.11915443 2.38655866
2730 806 -0.29847374 2.74516929
2740 806 -0.49463921 3.11343428
2750 806 -0.69175613 3.48200710
2760 806 -0.95768488 3.80032126
2770 806 -1.22361362 4.11863542
2780 806 -1.49905681 4.44002778
2790 806 -1.79767047 4.77101854
2800 806 -2.09628413 5.10200930
2810 806 -2.40701471 5.44427747
2620 808 -0.54109209 0.10779307
2630 808 -0.53846163 0.31084252
2640 808 -0.53487972 0.51358415
2650 808 -0.53952501 0.71688546
2660 808 -0.61382163 0.92905759
2670 808 -0.68906970 1.14153754
2680 808 -0.76431777 1.35401748
2690 808 -0.84843666 1.56831637
2700 808 -1.00702007 1.79934949
2710 808 -1.16591131 2.02943116
2720 808 -1.32544617 2.26077209
2730 808 -1.53647096 2.48564880
2740 808 -1.78099220 2.70769917
2750 808 -2.02677271 2.92910590
2760 808 -2.27129395 3.15115626
2770 808 -2.54922769 3.32515867
2780 808 -2.82995979 3.49376024
2790 808 -3.11069189 3.66236180
2800 808 -3.33836696 3.80328753
2810 808 -3.56509059 3.94390543
