3370 892 0.00000000 0.00000000
3380 892 -0.00000000 0.31544889
3390 892 0.00072278 0.63158885
3400 892 0.08086255 0.89360911
3410 892 0.16100231 1.15562938
3420 892 0.17197715 1.36120309
3430 892 0.16497760 1.55374142
3440 892 0.15797805 1.74627974
3450 892 0.15097850 1.93881807
3460 892 0.12195954 2.15872691
3470 892 0.08332887 2.39158238
3480 892 0.04397543 2.62374678
3490 892 -0.11345103 2.70012682
3500 892 -0.27160026 2.77581579
3510 892 -0.40973992 2.82913029
3520 892 -0.50230008 2.83332748
3530 892 -0.59416916 2.83680190
3540 892 -0.68672932 2.84099909
3550 892 -0.74720822 2.85650081
3560 892 -0.68011652 2.91511569
3180 438 2.95855855 2.36530871
3190 438 2.71697900 2.22148827
3200 438 2.49862984 2.13585157
3210 438 2.28628482 2.06564051
3220 438 2.07390810 1.99401560
3230 438 1.86769402 1.94488561
3240 438 1.66691982 1.91755947
3250 438 1.46683669 1.88951055
3260 438 1.27379749 1.89171693
3270 438 1.09858685 1.96354473
3280 438 0.92479008 2.03534083
3290 438 0.73801497 2.09611138
3300 438 0.54108925 2.14579296
3310 438 0.35097921 2.18400517
3320 438 0.18150643 2.19629243
3330 438 0.01131087 2.20788860
3340 438 -0.04355064 2.19002200
3350 438 -0.07029348 2.16445208
3360 438 -0.09703632 2.13888217
3370 438 -0.12377917 2.11331226
3190 674 0.83139935 3.39047004
3200 674 0.77105994 3.31755807
3210 674 0.71072053 3.24464610
3220 674 0.65644232 3.15815982
3230 674 0.62502677 3.01882188
3240 674 0.59288845 2.87879285
3250 674 0.56147290 2.73945491
3260 674 0.60108629 2.70815348
3270 674 0.64208184 2.67540650
3280 674 0.68310908 2.64407337
3290 674 0.72341355 2.61204916
3300 674 0.76371802 2.58002496
3310 674 0.80402249 2.54800075
3320 674 0.89097160 2.45127510
3330 674 1.04780842 2.25396262
3340 674 1.20323138 2.05668185
3350 674 1.35654941 1.86015556
3360 674 1.50914465 1.66293819
3370 674 1.62473232 1.48706183
3380 674 1.70258962 1.33183542
3330 668 -0.46808217 3.94936249
3340 668 -0.46830408 3.93946548
3350 668 -0.46855769 3.92815462
3360 668 -0.46950237 3.91756653
3370 668 -0.46975598 3.90625567
3380 668 -0.46928680 3.89563588
3390 668 -0.47023149 3.88504779
3400 668 -0.47048510 3.87373693
3410 668 -0.47001592 3.86311714
3420 668 -0.47096061 3.85252905
3430 668 -0.47121422 3.84121819
3440 668 -0.47074504 3.83059840
3450 668 -0.47168973 3.82001031
3460 668 -0.45503410 3.67959454
3470 668 -0.43910125 3.53848768
3480 668 -0.42564741 3.41299667
3490 668 -0.42716905 3.34513148
3500 668 -0.42869069 3.27726628
3510 668 -0.43021233 3.20940109
3520 668 -0.41551581 3.17087821
3360 824 2.27577915 -0.83186853
3370 824 2.02316771 -0.67908942
3380 824 1.89706170 -0.46761300
3390 824 1.85460157 -0.21628227
3400 824 1.80360757 0.09606628
3410 824 1.74715469 0.44885243
3420 824 1.66216469 0.75913408
3430 824 1.55743774 1.04085959
3440 824 1.45412464 1.32255341
3450 824 1.29375001 1.58289353
3460 824 1.13268430 1.84395642
3470 824 0.99100683 2.11802301
3480 824 0.87591370 2.41059022
3490 824 0.76012949 2.70388021
3500 824 0.62118463 2.97364182
3510 824 0.47573476 3.23718372
3520 824 0.33028489 3.50072562
3530 824 0.19865659 3.74981194
3540 824 0.08845173 3.97649208
3550 824 -0.02244421 4.20389501
3380 439 -0.15052201 2.08774235
3390 439 -0.17726485 2.06217244
3400 439 -0.20400769 2.03660253
3410 439 -0.23075054 2.01103262
3420 439 -0.24819235 1.99020515
3430 439 -0.25140048 1.97330226
3440 439 -0.25457690 1.95781322
3450 439 -0.25775333 1.94232418
3460 439 -0.26023867 1.92611236
3470 439 -0.26413788 1.90993225
3480 439 -0.26731431 1.89444321
3490 439 -0.26979965 1.87823139
3500 439 -0.27297608 1.86274235
3510 439 -0.27687528 1.84656223
3520 439 -0.27936063 1.83035041
3530 439 -0.28253706 1.81486138
3540 439 -0.28571348 1.79937234
3550 439 -0.28892161 1.78246944
3560 439 -0.29209804 1.76698040
3570 439 -0.29527446 1.75149136
3530 669 -0.39560133 3.14426217
3540 669 -0.37499578 3.11692335
3550 669 -0.35508130 3.09030731
3560 669 -0.33516682 3.06369127
3570 669 -0.31383848 3.03704353
3580 669 -0.24642344 2.98390021
3590 669 -0.10841693 2.89310262
3600 669 0.02955788 2.80089117
3610 669 0.10119548 2.80989421
3620 669 0.15502353 2.84475881
3630 669 0.20957436 2.88031449
3640 669 0.24989151 2.91194561
3650 669 0.27173340 2.93974726
3660 669 0.29285252 2.96685783
3670 669 0.31400333 2.99538226
3680 669 0.33515414 3.02390670
3690 669 0.35627325 3.05101727
3700 669 0.37742406 3.07954170
3710 669 0.39854317 3.10665227
3720 669 0.45655574 3.17042172
