2780 411 0.00000000 0.00000000
2790 411 0.00000000 0.16658031
2800 411 0.00049226 0.33403107
2810 411 -0.06260044 0.51905894
2820 411 -0.22330370 0.73056653
2830 411 -0.38487742 0.94256638
2840 411 -0.52918619 1.17696983
2850 411 -0.67065549 1.41436283
2860 411 -0.80928532 1.65474538
2870 411 -0.91467592 1.92343260
2880 411 -1.02044473 2.19348252
2890 411 -1.13242075 2.46474507
2900 411 -1.30980065 2.74427390
2910 411 -1.48631011 3.02331048
2920 411 -1.66569505 3.30741969
2930 411 -1.84795549 3.59660152
2940 411 -2.02934547 3.88529110
2950 411 -2.14635210 4.17203567
2960 411 -2.23470588 4.45866018
2970 411 -2.32218921 4.74479244
2660 368 -1.40835372 3.12053085
2670 368 -1.40785546 3.14782099
2680 368 -1.40735720 3.17511113
2690 368 -1.40598849 3.20190902
2700 368 -1.40549023 3.22919916
2710 368 -1.40412152 3.25599704
2720 368 -1.40411552 3.28241673
2730 368 -1.40361726 3.30970687
2740 368 -1.40224855 3.33650476
2750 368 -1.39446252 3.45387757
2760 368 -1.38622025 3.58018302
2770 368 -1.37661527 3.70686665
2780 368 -1.36837300 3.83317210
2790 368 -1.35963848 3.96034799
2800 368 -1.35621670 4.02734270
2810 368 -1.35351530 4.08900065
2820 368 -1.35081390 4.15065860
2830 368 -1.34860476 4.21144609
2840 368 -1.34590336 4.27310404
2850 368 -1.34320196 4.33476199
2660 379 -0.65613397 2.85597378
2670 379 -0.65666224 2.86316550
2680 379 -0.72191605 3.03218308
2690 379 -0.78716986 3.20120065
2700 379 -0.82763683 3.34701020
2710 379 -0.80782056 3.43690078
2720 379 -0.78800429 3.52679135
2730 379 -0.76856622 3.61804463
2740 379 -0.74874995 3.70793521
2750 379 -0.72844143 3.79869623
2760 379 -0.71014995 3.84119826
2770 379 -0.69257885 3.87836351
2780 379 -0.67500774 3.91552877
2790 379 -0.65694439 3.95356448
2800 379 -0.63850283 3.99023748
2810 379 -0.62043947 4.02827319
2820 379 -0.60286837 4.06543844
2830 379 -0.59252501 4.11013760
2840 379 -0.59289120 4.16433969
2850 379 -0.59276513 4.21941222
2680 216 -1.90673194 2.45458781
2690 216 -1.91157645 2.45617863
2700 216 -1.91505826 2.45814765
2710 216 -1.91854006 2.46011667
2720 216 -1.92338457 2.46170749
2730 216 -1.92686638 2.46367652
2740 216 -1.93034818 2.46564554
2750 216 -1.93519269 2.46723636
2760 216 -1.93867449 2.46920538
2770 216 -1.94264855 2.47030395
2780 216 -1.94613036 2.47227297
2790 216 -1.95097487 2.47386379
2800 216 -1.95445667 2.47583281
2810 216 -1.95880893 2.47829409
2820 216 -1.96278299 2.47939266
2830 216 -1.96626479 2.48136168
2840 216 -1.97110930 2.48295250
2850 216 -1.97459110 2.48492152
2860 216 -1.97807291 2.48689054
2870 216 -1.98204697 2.48798911
2680 350 -1.16942992 2.50290684
2690 350 -1.16450137 2.53803104
2700 350 -1.16044327 2.57364749
2710 350 -1.15638516 2.60926395
2720 350 -1.15469829 2.70366286
2730 350 -1.15542467 2.83848672
2740 350 -1.15664330 2.97244012
2750 350 -1.15699148 3.10590127
2760 350 -1.14678019 3.23568852
2770 350 -1.12600942 3.36180186
2780 350 -1.10399002 3.48606025
2790 350 -1.08371151 3.61130314
2800 350 -1.06290473 3.72935431
2810 350 -1.04952980 3.78957151
2820 350 -1.03664712 3.84891826
2830 350 -1.02327219 3.90913546
2840 350 -1.01038952 3.96848221
2850 350 -0.99701459 4.02869941
2860 350 -0.98413191 4.08804616
2870 350 -0.97037879 4.14690065
2780 415 0.44013605 0.20947854
2790 415 0.36046877 0.41192143
2800 415 0.28117969 0.61300162
2810 415 0.18656467 0.82964187
2820 415 0.08559235 1.05332376
2830 415 -0.01500177 1.27564295
2840 415 -0.13481785 1.52491611
2850 415 -0.28308868 1.81325751
2860 415 -0.43098131 2.10023620
2870 415 -0.57974439 2.38770715
2880 415 -0.73059655 2.64304345
2890 415 -0.88118457 2.89478389
2900 415 -1.03226485 3.14565387
2910 415 -1.19238582 3.42116662
2920 415 -1.36014874 3.71363816
2930 415 -1.52753347 4.00474700
2940 415 -1.68856090 4.28881418
2950 415 -1.83997736 4.55940438
2960 415 -1.99003110 4.83037278
2970 415 -2.11892389 5.11235088
2820 420 -0.78517082 0.67149593
2830 420 -0.85245369 0.90599543
2840 420 -0.96750330 1.14338243
2850 420 -1.09409689 1.38270243
2860 420 -1.22069048 1.62202243
2870 420 -1.35446980 1.88723384
2880 420 -1.51498697 2.25143054
2890 420 -1.67588233 2.61698995
2900 420 -1.84568031 2.94852373
2910 420 -2.02438090 3.24603188
2920 420 -2.20345969 3.54490274
2930 420 -2.37780802 3.83994961
2940 420 -2.54318771 4.12647807
2950 420 -2.70807515 4.41387698
2960 420 -2.87345484 4.70040544
2970 420 -3.05621353 4.96229714
2980 420 -3.24268214 5.22169154
2990 420 -3.42828031 5.48059368
3000 420 -3.46096124 5.74377605
3010 420 -3.42865250 6.00811701
