200 90 0.00000000 0.00000000
210 90 -0.00000000 0.11595258
220 90 -0.00036222 0.25131826
230 90 -0.00050020 0.38570941
240 90 -0.00086242 0.52107510
250 90 0.02944307 0.67478449
260 90 0.06904547 0.83268525
270 90 0.11172671 0.99950345
280 90 0.17054386 1.19876595
290 90 0.23055978 1.39727814
300 90 0.26393549 1.54656331
310 90 0.26031332 1.62474182
320 90 0.25594084 1.70172157
330 90 0.25156836 1.77870131
340 90 0.29057569 1.82769548
350 90 0.34112222 1.87113565
360 90 0.39069421 1.91435160
370 90 0.44026620 1.95756754
380 90 0.53151902 2.01139989
390 90 0.64008927 2.07024291
50 118 2.60530649 3.14425096
60 118 2.36900299 3.06525315
70 118 2.13344979 2.98745410
80 118 1.93702466 2.91352732
90 118 1.75154366 2.84109254
100 118 1.56508812 2.76843352
110 118 1.42442717 2.69297164
120 118 1.28908735 2.61668183
130 118 1.18414790 2.49300196
140 118 1.10960881 2.32193202
150 118 1.03529394 2.14988754
160 118 0.93550315 1.99045167
170 118 0.82462161 1.83462073
180 118 0.71351584 1.67976431
190 118 0.52430055 1.62801902
200 118 0.30296006 1.62224080
210 118 0.08086927 1.61526381
220 118 -0.16663709 1.59833447
230 118 -0.47599632 1.55588608
240 118 -0.78438102 1.51366192
170 120 2.50768037 3.08689993
180 120 2.31126386 3.02631481
190 120 2.11484736 2.96572970
200 120 1.94106079 2.89598567
210 120 1.80046883 2.81130450
220 120 1.65987687 2.72662333
230 120 1.51169560 2.61249046
240 120 1.35787410 2.46935436
250 120 1.20405259 2.32621825
260 120 1.05023108 2.18308215
270 120 0.89747035 2.05763431
280 120 0.74628786 1.93870638
290 120 0.60784333 1.81347415
300 120 0.58748156 1.62100753
310 120 0.56809432 1.42876515
320 120 0.55095800 1.35607163
330 120 0.53436501 1.31223475
340 120 0.51874656 1.26862209
350 120 0.50215357 1.22478520
360 120 0.48556058 1.18094832
200 78 -0.81670458 -0.37056529
210 78 -0.73185092 -0.36027660
220 78 -0.64722150 -0.34901337
230 78 -0.56881013 -0.33302408
240 78 -0.51009647 -0.29386152
250 78 -0.45160704 -0.25372442
260 78 -0.39289338 -0.21456186
270 78 -0.33417972 -0.17539929
280 78 -0.27666483 -0.13548642
290 78 -0.23387147 -0.02713178
300 78 -0.21679553 0.18407525
310 78 -0.19994381 0.39625683
320 78 -0.19495901 0.57081957
330 78 -0.19327729 0.73743941
340 78 -0.19137134 0.90308472
350 78 -0.18968962 1.06970456
360 78 -0.17189786 1.22874372
370 78 -0.13604700 1.38065065
380 78 -0.10019613 1.53255758
390 78 -0.06456950 1.68543905
200 81 -0.50676752 -0.59375136
210 81 -0.44814011 -0.57205283
220 81 -0.38928846 -0.55132884
230 81 -0.33066104 -0.52963032
240 81 -0.27203363 -0.50793179
250 81 -0.20980991 -0.48848419
260 81 -0.14683589 -0.46783781
270 81 -0.08461218 -0.44839021
280 81 -0.02141393 -0.42871837
290 81 0.02300941 -0.23379386
300 81 0.06863151 -0.03961965
310 81 0.11305484 0.15530487
320 81 0.15747817 0.35022939
330 81 0.17481285 0.49787596
340 81 0.18839599 0.63952870
350 81 0.20295366 0.78140566
360 81 0.21653680 0.92305840
370 81 0.23970144 1.04536703
380 81 0.26630715 1.15717998
390 81 0.29366316 1.27019170
200 86 -0.65078330 0.86612996
210 86 -0.61576898 0.88342151
220 86 -0.58503228 0.89254593
230 86 -0.55429557 0.90167035
240 86 -0.52355887 0.91079477
250 86 -0.49304640 0.92089372
260 86 -0.46230969 0.93001814
270 86 -0.43157299 0.93914256
280 86 -0.40083628 0.94826698
290 86 -0.37009958 0.95739140
300 86 -0.33681011 0.97325996
310 86 -0.28722087 1.04315923
320 86 -0.23665710 1.11328272
330 86 -0.18706786 1.18318199
340 86 -0.11843635 1.25951492
350 86 -0.02386320 1.34797350
360 86 0.07093417 1.43545754
370 86 0.16550732 1.52391612
380 86 0.26030469 1.61140016
390 86 0.37330779 1.68665506
200 92 -0.21780456 0.13048438
210 92 -0.22518689 0.18932740
220 92 -0.23256922 0.24817042
230 92 -0.24115031 0.30776375
240 92 -0.21722674 0.44461280
250 92 -0.18542063 0.60071973
260 92 -0.15361453 0.75682665
270 92 -0.11711685 0.98173756
280 92 -0.08023970 1.21391869
290 92 -0.05162455 1.41957173
300 92 -0.05861017 1.51236829
310 92 -0.06582001 1.60613939
320 92 -0.07302986 1.69991048
330 92 -0.03040036 1.78667871
340 92 0.02601926 1.87148925
350 92 0.08146434 1.95607555
360 92 0.13788396 2.04088609
370 92 0.19347565 2.12037548
380 92 0.24951580 2.19791580
390 92 0.30533172 2.27643066
220 117 1.33878008 0.87548723
230 117 1.31895301 0.93044073
240 117 1.29837563 0.98419547
250 117 1.27877279 1.03817443
260 117 1.25894572 1.09312793
270 117 1.23934288 1.14710689
280 117 1.22175810 1.19231503
290 117 1.22555276 1.14906459
300 117 1.22934741 1.10581415
310 117 1.23314207 1.06256371
320 117 1.23671249 1.02028781
330 117 1.24148168 0.97726160
340 117 1.24527634 0.93401116
350 117 1.24907099 0.89076072
360 117 1.25264142 0.84848481
370 117 1.25643607 0.80523437
380 117 1.26120527 0.76220816
390 117 1.26499992 0.71895772
400 117 1.26879457 0.67570728
410 117 1.32301502 0.60506633
370 121 0.46896759 1.13711143
380 121 0.43871384 1.06345201
390 121 0.37341128 0.91913438
400 121 0.30908326 0.77504099
410 121 0.25218931 0.65215455
420 121 0.21226781 0.58037520
430 121 0.17257055 0.50762132
440 121 0.13362359 0.43606621
450 121 0.09392633 0.36331232
460 121 -0.00138850 0.28699664
470 121 -0.15426997 0.20667070
480 121 -0.30595267 0.12559445
490 121 -0.46654418 0.06093871
500 121 -0.66209827 0.05904138
510 121 -0.85954106 0.03413464
520 121 -1.06596165 -0.08108487
530 121 -1.26637979 -0.18671426
540 121 -1.45763902 -0.26971371
550 121 -1.64814794 -0.35151440
560 121 -1.82324538 -0.47799714
