30 125 0.00000000 0.00000000
40 125 -0.00000000 0.20415680
50 125 -0.00103842 0.40735356
60 125 -0.02237496 0.55230097
70 125 -0.06400962 0.63899904
80 125 -0.10560510 0.72669633
90 125 -0.14723977 0.81339440
100 125 -0.18783601 0.95209171
110 125 -0.22796203 1.10277981
120 125 -0.26808805 1.25346791
130 125 -0.27490634 1.43687595
140 125 -0.26718679 1.63372465
150 125 -0.25946723 1.83057334
160 125 -0.21197432 2.07189765
170 125 -0.13732582 2.34218010
180 125 -0.06363736 2.61350096
190 125 0.02166962 2.84933930
200 125 0.11510760 3.06284186
210 125 0.20750717 3.27538437
220 125 0.30609805 3.49268793
0 76 -2.24317777 0.57534208
10 76 -2.01125799 0.59426871
20 76 -1.78033744 0.61323453
30 76 -1.54841767 0.63216115
40 76 -1.40153057 0.62640088
50 76 -1.25464347 0.62064060
60 76 -1.10875561 0.61491951
70 76 -0.96709979 0.60335976
80 76 -0.87987271 0.53088606
90 76 -0.79260646 0.45941158
100 76 -0.70434097 0.38789792
110 76 -0.63905781 0.31728553
120 76 -0.60578927 0.24692785
130 76 -0.57248154 0.17756940
140 76 -0.53921299 0.10721171
150 76 -0.52101129 0.03544335
160 76 -0.52398940 -0.04049828
170 76 -0.52696750 -0.11643991
180 76 -0.52998479 -0.19338077
190 76 -0.53296289 -0.26932240
0 93 -0.68670746 0.07196429
10 93 -0.57130597 0.30962476
20 93 -0.45594366 0.54628599
30 93 -0.38010000 0.77048621
40 93 -0.39563707 0.96124154
50 93 -0.41117415 1.15199688
60 93 -0.42055909 1.34651404
70 93 -0.40529632 1.55707768
80 93 -0.38907349 1.76660290
90 93 -0.37384990 1.97616731
100 93 -0.28962052 2.21004637
110 93 -0.19827897 2.44664882
120 93 -0.10697660 2.68225204
130 93 -0.09181178 2.86479800
140 93 -0.07660778 3.04834320
150 93 -0.06244220 3.23092835
160 93 0.04555322 3.48389077
170 93 0.16381526 3.74345596
180 93 0.28211649 4.00402039
190 93 0.35837160 4.21319295
0 160 0.10558551 0.77846047
10 160 0.20352983 0.90271790
20 160 0.30243420 1.02593691
30 160 0.37953181 1.12899495
40 160 0.37228248 1.14829385
50 160 0.36403391 1.16763192
60 160 0.35678458 1.18693082
70 160 0.34853602 1.20626889
80 160 0.34128669 1.22556778
90 160 0.33303813 1.24490586
100 160 0.32478957 1.26424394
110 160 0.31754024 1.28354283
120 160 0.30929168 1.30288091
130 160 0.30104312 1.32221898
140 160 0.29526325 1.35346947
150 160 0.30055330 1.48836579
160 160 0.30584335 1.62326210
170 160 0.28858211 1.77005123
180 160 0.21734275 1.94397637
190 160 0.14706343 2.11686309
30 123 -0.59587532 -0.11273688
40 123 -0.55649383 0.17694243
50 123 -0.51807238 0.46766015
60 123 -0.50151648 0.71119844
70 123 -0.50878540 0.90863492
80 123 -0.51601514 1.10707063
90 123 -0.52148152 1.29943258
100 123 -0.52142274 1.47956863
110 123 -0.52132478 1.66070391
120 123 -0.52026677 1.84080077
130 123 -0.49189642 2.05385270
140 123 -0.45517954 2.27558423
150 123 -0.41950108 2.49635571
160 123 -0.36542500 2.70139419
170 123 -0.26979263 2.86877534
180 123 -0.17316102 3.03611730
190 123 -0.07717597 3.21249154
200 123 0.02494161 3.46868677
210 123 0.12605997 3.72492119
220 123 0.22717832 3.98115561
120 131 -0.38899512 -0.01777065
130 131 -0.30504004 0.15807458
140 131 -0.22004655 0.33487985
150 131 -0.13481794 0.51768052
160 131 -0.03528660 0.75896565
170 131 0.06328469 1.00128919
180 131 0.09230160 1.20530885
190 131 0.09067540 1.39351712
200 131 0.09004843 1.58168621
210 131 0.09586749 1.75559176
220 131 0.10260741 1.92745965
230 131 0.10934732 2.09932755
240 131 0.01775106 2.29006330
250 131 -0.13844261 2.49233919
260 131 -0.29567469 2.69365504
270 131 -0.45202510 2.94297321
280 131 -0.60859104 3.21231520
290 131 -0.67653881 3.52121502
300 131 -0.70684884 3.84565192
310 131 -0.73715888 4.17008882
140 135 -0.17686406 -0.24826016
150 135 -0.10321478 -0.08001693
160 135 -0.02956551 0.08822630
170 135 0.04408376 0.25646953
180 135 0.08399426 0.43204047
190 135 0.07033809 0.61971974
200 135 0.05664274 0.80639978
210 135 0.04398580 0.99403986
220 135 0.02429505 1.18095502
230 135 0.00356589 1.36691012
240 135 -0.01712409 1.55386446
250 135 -0.08244643 1.72555602
260 135 -0.19236195 1.88298404
270 135 -0.30227746 2.04041205
280 135 -0.40625636 2.22162570
290 135 -0.49156334 2.49617938
300 135 -0.57591027 2.76969463
310 135 -0.66121725 3.04424831
320 135 -0.71543048 3.37162412
330 135 -0.75675166 3.72151205
190 147 0.11753711 -0.19275380
200 147 0.11109108 0.02566655
210 147 0.10460587 0.24308766
220 147 0.09712143 0.46054797
230 147 0.14443800 0.67185613
240 147 0.21362012 0.87930452
250 147 0.28284142 1.08775215
260 147 0.33819103 1.29974606
270 147 0.33217605 1.52915796
280 147 0.32815953 1.75849149
290 147 0.32314378 1.98786421
300 147 0.35176883 2.23293074
310 147 0.38858367 2.48267995
320 147 0.42643693 2.73338920
330 147 0.46436856 2.98609692
340 147 0.50226100 3.23780541
350 147 0.54019263 3.49051313
360 147 0.55563174 3.73109292
370 147 0.56499709 3.96990935
380 147 0.57432326 4.20772656
200 139 -1.16567265 -0.14743569
210 139 -1.19100611 0.09974686
220 139 -1.21530117 0.34788946
230 139 -1.23963540 0.59503283
240 139 -1.25201804 0.84070674
250 139 -1.23661811 1.08028730
260 139 -1.22217823 1.32090627
270 139 -1.20677830 1.56048682
280 139 -1.18573566 1.79083918
290 139 -1.11330114 1.92810622
300 139 -1.04082743 2.06637249
310 139 -0.96739368 2.20360034
320 139 -0.89983776 2.34406101
330 139 -0.85179626 2.49729617
340 139 -0.80375475 2.65053132
350 139 -0.75475320 2.80272807
360 139 -0.65483001 2.84984871
370 139 -0.54193639 2.87044072
380 139 -0.42904277 2.89103274
390 139 -0.28145033 2.95429784
200 151 -0.19514412 -0.17849026
210 151 -0.22388674 0.03279832
220 151 -0.25259016 0.24508613
230 151 -0.28233201 0.45641389
240 151 -0.28724980 0.66276508
250 151 -0.28625056 0.86688270
260 151 -0.28525133 1.07100032
270 151 -0.26977303 1.26154013
280 151 -0.23309534 1.43123323
290 151 -0.19641765 1.60092633
300 151 -0.15919136 1.78460867
310 151 -0.11992743 2.02025108
320 151 -0.07962507 2.25685353
330 151 -0.03436574 2.49226082
340 151 0.05854324 2.71779335
350 151 0.15245145 2.94328669
360 151 0.24536043 3.16881922
370 151 0.33201931 3.36257226
380 151 0.41613113 3.54241441
390 151 0.50024294 3.72225657
