1410 756 0.00000000 0.00000000
1420 756 -0.00000000 0.19664435
1430 756 -0.00026952 0.39190040
1440 756 0.03178835 0.60897250
1450 756 0.07213530 0.83163844
1460 756 0.11248226 1.05430439
1470 756 0.03471750 1.26964747
1480 756 -0.04360664 1.48581946
1490 756 -0.12193079 1.70199145
1500 756 -0.32587766 1.81649766
1510 756 -0.52982453 1.93100388
1520 756 -0.76141522 2.02926757
1530 756 -1.01153174 2.11744198
1540 756 -1.26164826 2.20561639
1550 756 -1.59193489 2.29638941
1560 756 -1.94219667 2.38815914
1570 756 -2.29272797 2.47854059
1580 756 -2.64029962 2.53593354
1590 756 -2.98785092 2.58972100
1600 756 -3.33540223 2.64350846
1290 844 1.07417783 1.28105893
1300 844 0.94593107 1.25121317
1310 844 0.81907261 1.22109789
1320 844 0.70383919 1.19520851
1330 844 0.70296960 1.20186012
1340 844 0.70236954 1.20990001
1350 844 0.70176947 1.21793991
1360 844 0.70089988 1.22459151
1370 844 0.70029981 1.23263140
1380 844 0.69969974 1.24067130
1390 844 0.69827076 1.24815181
1400 844 0.69823008 1.25536280
1410 844 0.69763001 1.26340269
1420 844 0.69702995 1.27144259
1430 844 0.69560097 1.27892310
1440 844 0.69556029 1.28613409
1450 844 0.69496022 1.29417398
1460 844 0.69353124 1.30165449
1470 844 0.69349056 1.30886548
1480 844 0.69289049 1.31690537
1380 321 -0.92778664 1.62866109
1390 321 -0.93518579 1.61281014
1400 321 -0.94623111 1.60414983
1410 321 -0.95754595 1.59410124
1420 321 -0.96859127 1.58544093
1430 321 -0.98046550 1.57622124
1440 321 -0.99095144 1.56673203
1450 321 -1.00282566 1.55751234
1460 321 -1.01387099 1.54885203
1470 321 -1.02435692 1.53936282
1480 321 -1.03623115 1.53014313
1490 321 -1.04671709 1.52065392
1500 321 -1.05859131 1.51143423
1510 321 -1.06963664 1.50277392
1520 321 -1.08095148 1.49272533
1530 321 -1.09199680 1.48406502
1540 321 -1.10304212 1.47540472
1550 321 -1.11435697 1.46535612
1560 321 -1.12457338 1.45725520
1570 321 -1.12206631 1.45532786
1450 759 0.03932989 0.20629629
1460 759 0.04705958 0.40936340
1470 759 0.05478927 0.61243052
1480 759 0.02918467 0.87383137
1490 759 0.00358007 1.13523222
1500 759 -0.02202453 1.39663307
1510 759 -0.11934744 1.63738242
1520 759 -0.23411809 1.87359567
1530 759 -0.41874582 2.05422125
1540 759 -0.67296111 2.18064746
1550 759 -0.92773579 2.30790258
1560 759 -1.23663355 2.44206357
1570 759 -1.55746657 2.57782134
1580 759 -1.87829959 2.71357912
1590 759 -2.26811501 2.83535735
1600 759 -2.68673370 2.94976186
1610 759 -3.10535239 3.06416636
1620 759 -3.51803143 3.10898840
1630 759 -3.92951033 3.13773064
1640 759 -4.34042984 3.16564398
1470 864 -0.39794685 0.82565810
1480 864 -0.41176876 0.81753684
1490 864 -0.42615005 0.81024449
1500 864 -0.44053135 0.80295214
1510 864 -0.45574155 0.79510040
1520 864 -0.47012284 0.78780804
1530 864 -0.48533304 0.77995631
1540 864 -0.49971433 0.77266395
1550 864 -0.51409563 0.76537160
1560 864 -0.52791753 0.75725034
1570 864 -0.54312774 0.74939860
1580 864 -0.55750903 0.74210625
1590 864 -0.57189032 0.73481389
1600 864 -0.58710052 0.72696216
1610 864 -0.60092243 0.71884090
1620 864 -0.61530372 0.71154854
1630 864 -0.63051392 0.70369680
1640 864 -0.64489522 0.69640445
1650 864 -0.65927651 0.68911210
1660 864 -0.67365780 0.68181975
1490 845 0.69229043 1.32494527
1500 845 0.69086145 1.33242578
1510 845 0.69082077 1.33963677
1520 845 0.69022070 1.34767666
1530 845 0.68879172 1.35515717
1540 845 0.68819166 1.36319707
1550 845 0.68815097 1.37040806
1560 845 0.68672200 1.37788857
1570 845 0.68612193 1.38592846
1580 845 0.68608125 1.39313945
1590 845 0.68548118 1.40117934
1600 845 0.68405220 1.40865985
1610 845 0.58790400 1.39203085
1620 845 0.45076810 1.36463113
1630 845 0.31419159 1.33640250
1640 845 0.23594372 1.29324845
1650 845 0.19714780 1.23811338
1660 845 0.15752296 1.18241893
1670 845 0.11872703 1.12728386
1680 845 0.13082502 1.09684311
1580 322 -1.11982877 1.45201223
1590 322 -1.11815062 1.44952551
1600 322 -1.11564355 1.44759817
1610 322 -1.11396540 1.44511145
1620 322 -1.11145833 1.44318411
1630 322 -1.10978017 1.44069739
1640 322 -1.10671373 1.43794114
1650 322 -1.10503557 1.43545442
1660 322 -1.10335741 1.43296770
1670 322 -1.10085035 1.43104036
1680 322 -1.09917219 1.42855364
1690 322 -1.09666513 1.42662630
1700 322 -1.09498697 1.42413958
1710 322 -1.09247991 1.42221224
1720 322 -1.09024236 1.41889661
1730 322 -1.08773530 1.41696927
1740 322 -1.08605714 1.41448255
1750 322 -1.08437899 1.41199583
1760 322 -1.08187192 1.41006849
1770 322 -1.08019377 1.40758177
