2010 242 0.00000000 0.00000000
2020 242 0.00000000 0.53126641
2030 242 0.00000000 1.06253282
2040 242 0.01450120 1.54401254
2050 242 0.04898108 1.95048657
2060 242 0.08346095 2.35696060
2070 242 0.11754555 2.76251607
2080 242 0.13924840 3.14182859
2090 242 0.15620788 3.51011839
2100 242 0.17277207 3.87748963
2110 242 0.18258259 4.20639805
2120 242 0.18153604 4.47465894
2130 242 0.18088477 4.74383839
2140 242 0.10766726 5.04424511
2150 242 -0.03640735 5.37732094
2160 242 -0.18127252 5.70855965
2170 242 -0.28799863 5.99181490
2180 242 -0.37913182 6.25311883
2190 242 -0.46934644 6.51402747
2200 242 -0.54926115 6.81405020
1930 238 4.08838570 -1.31190677
1940 238 3.60677046 -0.59189513
1950 238 3.12515522 0.12811651
1960 238 2.73411601 0.83092398
1970 238 2.34439064 1.53425472
1980 238 1.96927187 2.17033484
1990 238 1.60616591 2.76096506
2000 238 1.24214139 3.35199057
2010 238 0.89032920 3.85502256
2020 238 0.54384391 4.31983643
2030 238 0.19735861 4.78465031
2040 238 -0.21897865 5.16303674
2050 238 -0.65241843 5.51938902
2060 238 -1.06655717 5.87505615
2070 238 -1.30107981 6.22310375
2080 238 -1.53520716 6.57206992
2090 238 -1.65131087 6.99544319
2100 238 -1.68145770 7.47436298
2110 238 -1.69805954 7.96704988
2120 238 -1.82526503 8.34185618
1960 240 3.05744531 -1.34727509
1970 240 2.99550652 -0.79044335
1980 240 2.90758077 -0.22569467
1990 240 2.71057979 0.36639621
2000 240 2.51397410 0.95940566
2010 240 2.30122209 1.46682716
2020 240 2.08543581 1.96466778
2030 240 1.85674452 2.43757929
2040 240 1.59434886 2.84987714
2050 240 1.33326705 3.26269827
2060 240 1.07596488 3.65647434
2070 240 0.82387290 4.02188046
2080 240 0.57086236 4.38768187
2090 240 0.32113079 4.75098358
2100 240 0.08450374 5.09667079
2110 240 -0.15304186 5.44275327
2120 240 -0.38966890 5.78844048
2130 240 -0.58222766 6.09992262
2140 240 -0.77439114 6.41232332
2150 240 -0.96694989 6.72380546
2030 244 0.40554794 -0.39333938
2040 244 0.32132654 0.01304807
2050 244 0.23618659 0.41983080
2060 244 0.15972024 0.83159031
2070 244 0.15987459 1.28985004
2080 244 0.16002894 1.74810976
2090 244 0.15835746 2.21477582
2100 244 0.15017324 2.71690430
2110 244 0.14159374 3.21811423
2120 244 0.11734226 3.68796513
2130 244 0.05556158 4.08578437
2140 244 -0.00621910 4.48360361
2150 244 -0.11282099 4.85063227
2160 244 -0.28698596 5.16944030
2170 244 -0.46075565 5.48916690
2180 244 -0.60199176 5.78836142
2190 244 -0.69442749 6.05675783
2200 244 -0.78646794 6.32607281
2210 244 -0.87890367 6.59446922
2220 244 -0.95511026 6.91575812
2090 246 0.83061528 -0.19740378
2100 246 0.95758359 0.33039168
2110 246 1.08415663 0.85726858
2120 246 1.18337238 1.35346031
2130 246 1.28008846 1.84637308
2140 246 1.36667778 2.32840242
2150 246 1.41459724 2.76610749
2160 246 1.46159814 3.20420784
2170 246 1.50951760 3.64191290
2180 246 1.34442529 3.88061047
2190 246 1.08873813 4.03527487
2200 246 0.86425189 4.06764658
2210 246 0.66131416 4.02107107
2220 246 0.54608760 3.79631378
2230 246 0.44133790 3.55289542
2240 246 0.20473344 3.38254774
2250 246 -0.11846034 3.26143713
2260 246 -0.48445750 3.23059761
2270 246 -0.91328190 3.33457181
2280 246 -1.24715583 3.36067171
2140 247 0.57121247 -0.42326034
2150 247 0.63536484 0.24696461
2160 247 0.69951721 0.91718955
2170 247 0.65899517 1.48331229
2180 247 0.57310606 2.00472678
2190 247 0.48312484 2.51157229
2200 247 0.34529192 2.89204054
2210 247 0.20745900 3.27250879
2220 247 0.10624048 3.63939816
2230 247 0.03100892 3.99837060
2240 247 -0.04461792 4.35642448
2250 247 -0.05744011 4.83006632
2260 247 -0.07026230 5.30370816
2270 247 -0.03583136 5.76572494
2280 247 0.02996990 6.21968551
2290 247 0.09616644 6.67456463
2300 247 0.16264156 7.14021048
2310 247 0.23030253 7.60861201
2320 247 0.29704494 8.07740882
2330 247 0.29521535 8.43745417
