1440 513 0.00000000 0.00000000
1450 513 -0.00000000 0.02009975
1460 513 -0.00109454 0.04109504
1470 513 -0.00109454 0.06119479
1480 513 -0.00109454 0.08129454
1490 513 -0.00119404 0.10238933
1500 513 -0.00119404 0.12248908
1510 513 0.01203995 0.21124640
1520 513 0.03771191 0.36657170
1530 513 0.06338387 0.52189701
1540 513 0.12935483 0.67622727
1550 513 0.22268932 0.82826896
1560 513 0.31592431 0.98130568
1570 513 0.44597567 1.14807391
1580 513 0.61473398 1.32976770
1590 513 0.78259675 1.51036695
1600 513 0.90399129 1.66320466
1610 513 1.01304736 1.80877860
1620 513 1.12210344 1.95435255
1630 513 1.16936771 2.03445304
1350 333 -1.41404735 -0.20069900
1360 333 -1.18926845 -0.12696675
1370 333 -0.96548459 -0.05333399
1380 333 -0.79662677 0.03691588
1390 333 -0.63493323 0.12845930
1400 333 -0.48677219 0.21462952
1410 333 -0.47075209 0.24537617
1420 333 -0.45383646 0.27721736
1430 333 -0.43682133 0.30806351
1440 333 -0.41990569 0.33990470
1450 333 -0.40398510 0.37164639
1460 333 -0.38696996 0.40249254
1470 333 -0.37005433 0.43433373
1480 333 -0.35403423 0.46508038
1490 333 -0.33711860 0.49692157
1500 333 -0.32010346 0.52776773
1510 333 -0.30318783 0.55960892
1520 333 -0.28716773 0.59035556
1530 333 -0.24846079 0.80627864
1540 333 -0.20965434 1.02120667
1480 210 0.96647962 0.52577765
1490 210 0.88259799 0.50030470
1500 210 0.79971139 0.47493125
1510 210 0.68110296 0.47513026
1520 210 0.52896177 0.49911065
1530 210 0.51503125 0.51781735
1540 210 0.51532976 0.53493199
1550 210 0.51761835 0.55224564
1560 210 0.51791686 0.56936028
1570 210 0.51911090 0.58756946
1580 210 0.52040445 0.60478360
1590 210 0.52169800 0.62199775
1600 210 0.52299155 0.63921189
1610 210 0.52418559 0.65742107
1620 210 0.52547914 0.67463521
1630 210 0.52677269 0.69184936
1640 210 0.52806624 0.70906350
1650 210 0.52926028 0.72727268
1660 210 0.53055383 0.74448683
1670 210 0.53184738 0.76170097
1510 522 -0.54229527 -0.25522704
1520 522 -0.52876276 -0.21970421
1530 522 -0.50448386 -0.15094714
1540 522 -0.45254291 -0.00706476
1550 522 -0.40159701 0.13671811
1560 522 -0.38209428 0.24318709
1570 522 -0.41134837 0.29453101
1580 522 -0.44050296 0.34487989
1590 522 -0.47065259 0.39512927
1600 522 -0.49990668 0.44647319
1610 522 -0.52916078 0.49781711
1620 522 -0.53463348 0.63294316
1630 522 -0.51453373 0.85404042
1640 522 -0.49542902 1.07503818
1650 522 -0.45343845 1.29832453
1660 522 -0.39672133 1.52509350
1670 522 -0.32895930 1.73186223
1680 522 -0.22268932 1.86509771
1690 522 -0.11532481 1.99743766
1700 522 -0.02139330 2.05306023
1550 334 -0.12557369 1.08488905
1560 334 -0.01024888 1.04717714
1570 334 0.10507593 1.00946523
1580 334 0.22040074 0.97175332
1590 334 0.30139676 0.94568335
1600 334 0.30020272 0.94757392
1610 334 0.29900868 0.94946449
1620 334 0.29880967 0.95145456
1630 334 0.29771513 0.95235009
1640 334 0.29652108 0.95424067
1650 334 0.29532704 0.95613124
1660 334 0.29512803 0.95812131
1670 334 0.29403349 0.95901684
1680 334 0.29283945 0.96090741
1690 334 0.29164540 0.96279799
1700 334 0.29144639 0.96478806
1710 334 0.29035185 0.96568359
1720 334 0.28915781 0.96757416
1730 334 0.28895880 0.96956424
1740 334 0.28786426 0.97045977
