0 113 0.00000000 0.00000000
10 113 0.00000000 0.19651209
20 113 -0.00128745 0.39243897
30 113 -0.00163858 0.58801472
40 113 0.02563201 0.71769631
50 113 0.05547750 0.84000431
60 113 0.08532300 0.96231231
70 113 0.19580984 1.07467181
80 113 0.34222831 1.18316896
90 113 0.48829567 1.29072977
100 113 0.62265890 1.33859960
110 113 0.75362795 1.37172225
120 113 0.88588444 1.40543010
130 113 1.02223738 1.44721379
140 113 1.15964369 1.49180646
150 113 1.29833745 1.53698434
160 113 1.43668008 1.58122590
170 113 1.56893658 1.62347775
180 113 1.69826705 1.66362287
190 113 1.82759751 1.70376798
0 27 0.79377306 1.02879168
10 27 0.66994353 0.91502769
20 27 0.54740145 0.80184890
30 27 0.42450824 0.68773378
40 27 0.29552890 0.58871697
50 27 0.14489694 0.54587991
60 27 -0.00667135 0.50339397
70 27 -0.15695218 0.46149324
80 27 -0.33029012 0.50620296
90 27 -0.50912899 0.57326754
100 27 -0.68796786 0.64033212
110 27 -0.84456892 0.71828152
120 27 -0.99508383 0.79822062
130 27 -1.14653508 0.87851085
140 27 -1.29798632 0.95880108
150 27 -1.46921752 1.05184879
160 27 -1.64173617 1.14431130
170 27 -1.81425482 1.23677380
180 27 -2.02574818 1.29365580
190 27 -2.24707299 1.34140859
0 33 1.14232160 1.28043015
10 33 1.04388999 1.18597794
20 33 0.94452206 1.09187686
30 33 0.84550525 0.99871211
40 33 0.73993413 0.89091721
50 33 0.62324411 0.76486390
60 33 0.50749041 0.63845946
70 33 0.39044927 0.51146981
80 33 0.26310850 0.45669456
90 33 0.12956455 0.43094550
100 33 -0.00362828 0.40613278
110 33 -0.13471436 0.42965805
120 33 -0.26369370 0.52715333
130 33 -0.39302417 0.62371227
140 33 -0.52106719 0.72085643
150 33 -0.70564108 0.79541164
160 33 -0.91432544 0.85978427
170 33 -1.12172235 0.92474210
180 33 -1.34527095 1.00643682
190 33 -1.60311259 1.12769145
0 39 0.68129652 1.34117451
10 39 0.60276191 1.22858092
20 39 0.52457842 1.11692367
30 39 0.44545861 1.00561754
40 39 0.37698954 0.90847338
50 39 0.31800080 0.82806612
60 39 0.25807573 0.74800997
70 39 0.19908699 0.66760270
80 39 0.07876869 0.67427405
90 39 -0.04283706 0.68036019
100 39 -0.16584731 0.69124502
110 39 -0.31683039 0.74145567
120 39 -0.46781347 0.79166632
130 39 -0.61844542 0.84281330
140 39 -0.79283673 0.95306606
150 39 -0.98993402 1.12523359
160 39 -1.18703131 1.29740112
170 39 -1.38412861 1.46956864
180 39 -1.61680641 1.59527084
190 39 -1.87242427 1.69112754
0 45 1.84094020 1.78206851
10 45 1.76462938 1.70388502
20 45 1.68890375 1.62441408
30 45 1.61352926 1.54587947
40 45 1.53721843 1.46769599
50 45 1.43047690 1.39665201
60 45 1.30465767 1.33169417
70 45 1.17790211 1.26708746
80 45 1.05208287 1.20212962
90 45 0.92567843 1.11282723
100 45 0.79962512 1.00737315
110 45 0.67322068 0.90098275
120 45 0.54716736 0.79552868
130 45 0.42111405 0.69007460
140 45 0.30278545 0.64793979
150 45 0.18984074 0.64864204
160 45 0.07783236 0.64899316
170 45 -0.03511234 0.64969541
180 45 -0.15180237 0.66034615
190 45 -0.27808977 0.69381992
0 52 1.60346372 1.62441408
10 52 1.48759298 1.57174557
20 52 1.37300970 1.51966226
30 52 1.25749009 1.46793007
40 52 1.14255568 1.41491043
50 52 1.03101547 1.32537395
60 52 0.91982638 1.23677380
70 52 0.80828616 1.14723732
80 52 0.68773378 1.06214841
90 52 0.55512616 0.98478421
100 52 0.42345487 0.90706889
110 52 0.29049613 0.82876836
120 52 0.16128270 0.80032736
130 52 0.03476122 0.79330490
140 52 -0.09304771 0.78569722
150 52 -0.22050552 0.77902588
160 52 -0.34866558 0.77902588
170 52 -0.47764492 0.80816912
180 52 -0.60756060 0.83766349
190 52 -0.73747627 0.86715786
0 57 -3.14068214 0.18878737
10 57 -2.89115042 0.36434909
20 57 -2.64196982 0.53897448
30 57 -2.39185288 0.71324875
40 57 -2.14278932 0.89325804
50 57 -1.89349168 1.07958754
60 57 -1.64454516 1.26498072
70 57 -1.39618384 1.45166135
80 57 -1.16502758 1.67790189
90 57 -0.94241532 1.92123043
100 57 -0.71980306 2.16455898
110 57 -0.49075353 2.31682951
120 57 -0.24976581 2.33005516
130 57 -0.00971442 2.34363193
140 57 0.23033698 2.35720870
150 57 0.42427416 2.32186228
160 57 0.57151192 2.23888010
170 57 0.71874968 2.15589793
180 57 0.86598745 2.07291576
190 57 1.03604823 2.05079498
0 58 -2.39688565 0.26977984
10 58 -2.18890353 0.48548668
20 58 -1.97998509 0.70084239
30 58 -1.77235409 0.91561289
40 58 -1.55454052 1.15753695
50 58 -1.32104343 1.43843570
60 58 -1.08848267 1.71968558
70 58 -0.85592191 2.00093545
80 58 -0.62886208 2.14220412
90 58 -0.40437716 2.24812636
100 58 -0.17860479 2.35463380
110 58 0.04178369 2.36704016
120 58 0.25807573 2.28593065
130 58 0.47436777 2.20482113
140 58 0.66350626 2.13389420
150 58 0.82549121 2.07314984
160 58 0.98747616 2.01240548
170 58 1.14946111 1.95166113
180 58 1.33485428 1.98466673
190 58 1.54424090 2.11013484
0 83 -0.62886208 1.45013981
10 83 -0.57595949 1.48583736
20 83 -0.52364209 1.52282237
30 83 -0.47038837 1.55945625
40 83 -0.41748577 1.59515380
50 83 -0.36516838 1.63213880
60 83 -0.31355323 1.60744312
70 83 -0.26404483 1.56858545
80 83 -0.21360009 1.52937667
90 83 -0.16315536 1.49016789
100 83 -0.11364695 1.45131023
110 83 -0.04845503 1.40870725
120 83 0.05067882 1.35978405
130 83 0.14981267 1.31086085
140 83 0.24929764 1.26287398
150 83 0.32116091 1.16970923
160 83 0.34948487 1.01170368
170 83 0.37780882 0.85369813
180 83 0.38775732 0.70365138
190 83 0.37933036 0.56156342
0 84 -0.54810369 1.80219958
10 84 -0.45119362 1.81285033
20 84 -0.35393243 1.82443740
30 84 -0.25702236 1.83508815
40 84 -0.20540721 1.83602448
50 84 -0.17169936 1.83192804
60 84 -0.13892784 1.82818272
70 84 -0.10557111 1.82314995
80 84 -0.07186326 1.81905351
90 84 -0.03909174 1.81530819
100 84 -0.00573502 1.81027542
110 84 0.02703651 1.80653011
120 84 0.06039323 1.80149734
130 84 0.09316475 1.79775202
140 84 0.12687260 1.79365558
150 84 0.18457389 1.74531759
160 84 0.25327704 1.67790189
170 84 0.32233132 1.61142251
180 84 0.39103447 1.54400681
190 84 0.43843614 1.36282712
0 85 -1.72027078 0.51053348
10 85 -1.56811729 0.58590798
20 85 -1.41596380 0.66128248
30 85 -1.26287398 0.73630586
40 85 -1.12125419 0.80922249
50 85 -1.07338436 0.85428333
60 85 -1.02645086 0.89969530
70 85 -0.97858103 0.94475614
80 85 -0.93071120 0.98981698
90 85 -0.88120280 1.03639936
100 85 -0.80641350 1.09058941
110 85 -0.73220942 1.14606691
120 85 -0.65835645 1.20060809
130 85 -0.58415237 1.25608559
140 85 -0.50936307 1.31027564
150 85 -0.43609531 1.34901626
160 85 -0.36317868 1.36118854
170 85 -0.28991092 1.37429715
180 85 -0.21699429 1.38646943
190 85 -0.14372653 1.39957804
0 89 -0.99590312 -0.47986870
10 89 -0.91444248 -0.43352041
20 89 -0.83391817 -0.38682099
30 89 -0.75210641 -0.33953637
40 89 -0.69791636 -0.30325361
50 89 -0.65109990 -0.26954576
60 89 -0.60393232 -0.23490158
70 89 -0.55676474 -0.20025740
80 89 -0.50994828 -0.16654955
90 89 -0.45189587 -0.11996718
100 89 -0.38787436 -0.06601121
110 89 -0.32291653 -0.01240636
120 89 -0.25889502 0.04154961
130 89 -0.19393718 0.09515445
140 89 -0.16736884 0.12897934
150 89 -0.14080050 0.16280424
160 89 -0.11329583 0.19627800
170 89 -0.08672749 0.23010290
180 89 -0.06015915 0.26392779
190 89 -0.03359081 0.29775268
0 91 -0.85545374 -0.17368906
10 91 -0.77855771 -0.12242504
20 91 -0.70166168 -0.07116102
30 91 -0.62605310 -0.02048220
40 91 -0.59304749 0.01626872
50 91 -0.56577691 0.05196627
60 91 -0.53850632 0.08766382
70 91 -0.51029940 0.12301025
80 91 -0.48302881 0.15870780
90 91 -0.45201291 0.18445685
100 91 -0.41725169 0.20025740
110 91 -0.38249047 0.21605796
120 91 -0.34772925 0.23185851
130 91 -0.31261690 0.24859540
140 91 -0.27785568 0.26439595
150 91 -0.24613753 0.29201766
160 91 -0.21980327 0.34515434
170 91 -0.19346902 0.39829102
180 91 -0.16771996 0.45271516
190 91 -0.14138571 0.50585184
0 109 0.64922724 2.00468077
10 109 0.80337043 2.03124911
20 109 0.95657730 2.05816857
30 109 1.10978416 2.08508804
40 109 1.18843581 2.08976968
50 109 1.24730751 2.09012081
60 109 1.30711553 2.09012081
70 109 1.36727468 2.09105714
80 109 1.42614638 2.09140826
90 109 1.48595440 2.09140826
100 109 1.61493375 2.13916105
110 109 1.76240559 2.19920316
120 109 1.90894111 2.25959639
130 109 2.05512550 2.31905329
140 109 2.20645971 2.42357103
150 109 2.35884728 2.54798577
160 109 2.51088373 2.67146418
170 109 2.66233498 2.79623005
180 109 2.84328059 2.93129553
190 109 3.04225054 3.07455390
0 110 0.24215813 1.25807529
10 110 0.32432102 1.33192826
20 110 0.40648390 1.40578122
30 110 0.51322543 1.48536920
40 110 0.71992010 1.58941878
50 110 0.92474210 1.69417061
60 110 1.08309878 1.75760691
70 110 1.20821576 1.79506007
80 110 1.33333275 1.83251324
90 110 1.46968569 1.86575293
100 110 1.62008356 1.89372576
110 110 1.77048143 1.92169860
120 110 1.92087931 1.94967143
130 110 2.06554217 2.01931091
140 110 2.20084173 2.15226966
150 110 2.33520497 2.28557952
160 110 2.47261128 2.41561224
170 110 2.63108499 2.50784066
180 110 2.78955870 2.60006908
190 110 2.94803242 2.69229751
0 111 0.25807573 0.82490601
10 111 0.25187255 0.94791625
20 111 0.24602049 1.07186283
30 111 0.23981731 1.19487307
40 111 0.24894652 1.31320167
50 111 0.39161968 1.38038329
60 111 0.53429284 1.44756491
70 111 0.67790232 1.51439540
80 111 0.81554271 1.57385231
90 111 0.93469060 1.59538788
100 111 1.05325328 1.61821090
110 111 1.17146484 1.64009760
120 111 1.29751816 1.67719964
130 111 1.43199844 1.72822958
140 111 1.56519126 1.77867431
150 111 1.69873521 1.83005538
160 111 1.82993834 1.87804225
170 111 1.95657686 1.92240084
180 111 2.08321538 1.96675944
190 111 2.20985390 2.01111803
50 118 3.90215185 1.51427836
60 118 3.66151525 1.57888508
70 118 3.42216610 1.64407699
80 118 3.21757818 1.69089345
90 118 3.02293875 1.73291123
100 118 2.82736299 1.77528012
110 118 2.66842111 1.79002731
120 118 2.51345864 1.80114621
130 118 2.35767687 1.75596833
140 118 2.20107581 1.65449366
150 118 2.04412364 1.55208265
160 118 1.87289244 1.47425029
170 118 1.69440469 1.40554714
180 118 1.51626806 1.33778031
190 118 1.32993856 1.39910987
200 118 1.14220456 1.51650214
210 118 0.95318310 1.63330921
220 118 0.73747627 1.75585129
230 118 0.45610935 1.89126790
240 118 0.17567876 2.02633338
170 120 3.78909010 1.52036450
180 120 3.59187577 1.57829987
190 120 3.39466143 1.63623524
200 120 3.21125796 1.67403953
210 120 3.04728331 1.68106200
220 120 2.88330866 1.68808447
230 120 2.69674507 1.67474178
240 120 2.48946520 1.64033168
250 120 2.28218533 1.60592158
260 120 2.07490546 1.57151148
270 120 1.87827633 1.55126336
280 120 1.68656293 1.53557985
290 120 1.50198904 1.50760702
300 120 1.37874471 1.35837955
310 120 1.25643672 1.20880097
320 120 1.20201258 1.15765399
330 120 1.16397421 1.13026636
340 120 1.12687217 1.10252761
350 120 1.08883379 1.07513998
360 120 1.05079542 1.04775235
