0 33 0.00000000 0.00000000
10 33 -0.00000000 0.13641847
20 33 0.00090164 0.27326944
30 33 0.00223577 0.40921877
40 33 -0.00244835 0.56002679
50 33 -0.01260826 0.73149917
60 33 -0.02366981 0.90253905
70 33 -0.03426222 1.07491307
80 33 0.01438222 1.20471953
90 33 0.08826517 1.31890495
100 33 0.16258062 1.43218872
110 33 0.27031530 1.51048457
120 33 0.42996376 1.53604563
130 33 0.58917973 1.56250832
140 33 0.74792656 1.58763688
150 33 0.92951487 1.66919475
160 33 1.12044942 1.77519945
170 33 1.31091483 1.87987003
180 33 1.52463955 1.98460657
190 33 1.79065190 2.08669685
0 27 0.05975730 0.42571947
10 27 0.06340783 0.59383453
20 27 0.06658922 0.76061546
30 27 0.06933812 0.92829803
40 27 0.08719494 1.08991837
50 27 0.16057942 1.22826473
60 27 0.23486555 1.36704359
70 27 0.30868253 1.50448832
80 27 0.46095663 1.59860314
90 27 0.63316938 1.68120925
100 27 0.80538212 1.76381536
110 27 0.97005190 1.82283963
120 27 1.13194347 1.87609488
130 27 1.29473667 1.92978262
140 27 1.45752987 1.98347036
150 27 1.64322319 2.04259725
160 27 1.82938566 2.10305827
170 27 2.01554813 2.16351929
180 27 2.20302274 2.27673710
190 27 2.39071726 2.40336951
0 39 0.36303001 0.29059114
10 39 0.33616415 0.42521367
20 39 0.30973078 0.55893456
30 39 0.28419905 0.69308795
40 39 0.26151150 0.80975103
50 39 0.24433641 0.90798553
60 39 0.22806295 1.00665252
70 39 0.21088786 1.10488701
80 39 0.29900642 1.18708262
90 39 0.38759413 1.27061237
100 39 0.48061672 1.35183304
110 39 0.62138212 1.42600921
120 39 0.76214751 1.50018538
130 39 0.90334539 1.57345991
140 39 1.10364085 1.62295468
150 39 1.36433135 1.64596476
160 39 1.62502184 1.66897484
170 39 1.88571234 1.69198492
180 39 2.13751109 1.77283907
190 39 2.38365810 1.89090959
0 45 -0.12175037 -0.85140228
10 45 -0.12532760 -0.74220886
20 45 -0.13023896 -0.63254629
30 45 -0.13471782 -0.52378536
40 45 -0.13829505 -0.41459194
50 45 -0.11565149 -0.28838470
60 45 -0.07540768 -0.15262596
70 45 -0.03426222 -0.01643472
80 45 0.00598159 0.11932401
90 45 0.02906498 0.27236047
100 45 0.04025115 0.43632654
110 45 0.05100482 0.60119423
120 45 0.06219099 0.76516030
130 45 0.07337716 0.92912636
140 45 0.12490244 1.04367829
150 45 0.20360879 1.12468638
160 45 0.28141350 1.20526198
170 45 0.36011985 1.28627007
180 45 0.44859760 1.36309251
190 45 0.56018806 1.43103785
0 52 -0.07108275 -0.57089775
10 52 -0.02885973 -0.45082604
20 52 0.01289415 -0.33208845
30 52 0.05554966 -0.21291838
40 52 0.09687104 -0.09327916
50 52 0.10949397 0.04919422
60 52 0.12254938 0.19076595
70 52 0.13517231 0.33323932
80 52 0.15724410 0.47913599
90 52 0.19323629 0.62838263
100 52 0.22832685 0.77719679
110 52 0.26388655 0.92734508
120 52 0.33282882 1.04026966
130 52 0.41536163 1.13642233
140 52 0.49836359 1.23390913
150 52 0.58179803 1.33049429
160 52 0.67053235 1.42296710
170 52 0.78086198 1.49585312
180 52 0.89209325 1.56917164
190 52 1.00332452 1.64249015
0 83 1.34876894 1.16048066
10 83 1.33789798 1.09759328
20 83 1.32836114 1.03423676
30 83 1.31792268 0.97044774
40 83 1.30705171 0.90756037
50 83 1.29751488 0.84420384
60 83 1.24395909 0.82405994
70 83 1.18164348 0.81524149
80 83 1.11842623 0.80599054
90 83 1.05520899 0.79673960
100 83 0.99289338 0.78792114
110 83 0.91701656 0.77037953
120 83 0.81307903 0.73272334
130 83 0.70914149 0.69506715
140 83 0.60563645 0.65650932
150 83 0.48865816 0.66916157
160 83 0.35503989 0.75812313
170 83 0.22142162 0.84708469
180 83 0.10626860 0.94379446
190 83 0.00958081 1.04825245
0 84 1.54687994 0.85845411
10 84 1.48746716 0.78115520
20 84 1.42848688 0.70295465
30 84 1.36907411 0.62565573
40 84 1.33401287 0.58776497
50 84 1.30771878 0.56627961
60 84 1.28232632 0.54522674
70 84 1.25559974 0.52464302
80 84 1.22930565 0.50315766
90 84 1.20391319 0.48210479
100 84 1.17718660 0.46152107
110 84 1.15179415 0.44046820
120 84 1.12506756 0.41988448
130 84 1.09967511 0.39883161
140 84 1.07338102 0.37734625
150 84 0.99855244 0.36918020
160 84 0.90234113 0.36628470
170 84 0.80656231 0.36248756
180 84 0.71035101 0.35959206
190 84 0.54680277 0.45083337
0 85 1.42646369 2.59853369
10 85 1.37550285 2.43656149
20 85 1.32454201 2.27458929
30 85 1.27267954 2.11218460
40 85 1.22723848 1.95951466
50 85 1.22660806 1.89377577
60 85 1.22687929 1.82846936
70 85 1.22624887 1.76273047
80 85 1.22561846 1.69699157
90 85 1.22495140 1.62901690
100 85 1.21226983 1.53753369
110 85 1.20092239 1.44558134
120 85 1.18914246 1.35453062
130 85 1.17779503 1.26257827
140 85 1.16511346 1.17109505
150 85 1.14233795 1.09140643
160 85 1.10063539 1.03036631
170 85 1.05936532 0.96842456
180 85 1.01766276 0.90738444
190 85 0.97639269 0.84544268
0 89 0.21031609 2.76159811
10 89 0.18735732 2.67073066
20 89 0.16530019 2.58029569
30 89 0.14277392 2.48852659
40 89 0.13143381 2.42430509
50 89 0.12334107 2.36718672
60 89 0.11568081 2.30916672
70 89 0.10802056 2.25114672
80 89 0.09992781 2.19402836
90 89 0.09334513 2.11988884
100 89 0.08794997 2.03633710
110 89 0.08165316 1.95235288
120 89 0.07625800 1.86880114
130 89 0.06996120 1.78481692
140 89 0.07597212 1.74222738
150 89 0.08198303 1.69963784
160 89 0.08709231 1.65661581
170 89 0.09310323 1.61402627
180 89 0.09911414 1.57143673
190 89 0.10512506 1.52884719
0 91 0.33399435 2.44826812
10 91 0.31774289 2.35729070
20 91 0.30149142 2.26631329
30 91 0.28570910 2.17667000
40 91 0.28937430 2.12740981
50 91 0.29625020 2.08301700
60 91 0.30312610 2.03862418
70 91 0.30910036 1.99379888
80 91 0.31597627 1.94940606
90 91 0.31308076 1.90919890
100 91 0.30041386 1.87317738
110 91 0.28774695 1.83715587
120 91 0.27508005 1.80113436
130 91 0.26284563 1.76421120
140 91 0.25017873 1.72818969
150 91 0.24814821 1.68617925
160 91 0.26825546 1.63038769
170 91 0.28836270 1.57459612
180 91 0.30980408 1.51833541
190 91 0.32991133 1.46254385
0 111 0.28354664 0.95341193
10 111 0.37659855 0.87271904
20 111 0.47008296 0.79112452
30 111 0.56313487 0.71043164
40 111 0.64219308 0.62191723
50 111 0.59188465 0.47245801
60 111 0.54157621 0.32299878
70 111 0.49036614 0.17310705
80 111 0.43796854 0.03262755
90 111 0.37101280 -0.06825322
100 111 0.30539119 -0.16960313
110 111 0.23933709 -0.27005140
120 111 0.17883208 -0.38669249
130 111 0.12254205 -0.51905727
140 111 0.06672117 -0.65008791
150 111 0.01133278 -0.78202018
160 111 -0.04488395 -0.90991342
170 111 -0.10055823 -1.03200099
180 111 -0.15623251 -1.15408856
190 111 -0.21190678 -1.27617613
0 113 -0.13297319 1.71076536
10 113 0.00881845 1.57470608
20 113 0.15107924 1.43998092
30 113 0.29243840 1.30482328
40 113 0.36712770 1.19535863
50 113 0.43471385 1.08914134
60 113 0.50230000 0.98292406
70 113 0.50687416 0.82540874
80 113 0.48378345 0.64464143
90 113 0.46026024 0.46477576
100 113 0.40177110 0.33468341
110 113 0.33499129 0.21725063
120 113 0.26774233 0.09848373
130 113 0.20348417 -0.02883041
140 113 0.14052349 -0.15884945
150 113 0.07709366 -0.29020263
160 113 0.01323135 -0.42065417
170 113 -0.04785276 -0.54533670
180 113 -0.10843106 -0.66644933
190 113 -0.16900937 -0.78756196
