2620 419 0.00000000 0.00000000
2630 419 0.00000000 0.34646933
2640 419 0.04062697 0.68913747
2650 419 0.24640565 1.01960250
2660 419 0.45218432 1.35006753
2670 419 0.64669793 1.60117201
2680 419 0.83892562 1.84362925
2690 419 0.95806459 2.08782979
2700 419 0.78004306 2.33657331
2710 419 0.60268249 2.58606725
2720 419 0.49215322 2.87664131
2730 419 0.40009601 3.17759723
2740 419 0.30728838 3.47921411
2750 419 0.26957941 3.77227901
2760 419 0.23751597 4.06570180
2770 419 0.20620295 4.35846364
2780 419 0.28501801 4.61286134
2790 419 0.37539253 4.86374068
2800 419 0.43339478 5.11115075
2810 419 0.41584344 5.35447964
2580 410 0.79883260 -0.73157124
2590 410 0.75344908 -0.33979919
2600 410 0.70806555 0.05197285
2610 410 0.68290315 0.47124228
2620 410 0.66615419 0.90309002
2630 410 0.65015566 1.33427681
2640 410 0.71237473 1.74987492
2650 410 0.79462155 2.16249152
2660 410 0.84933346 2.43945110
2670 410 0.89134873 2.65963220
2680 410 0.93023817 2.87323841
2690 410 0.93499184 3.03295817
2700 410 0.93908455 3.19192751
2710 410 0.94308779 3.35230822
2720 410 0.96666564 3.57273754
2730 410 1.00317392 3.83508111
2740 410 1.03977167 4.09601329
2750 410 1.02387128 4.26859422
2760 410 1.00722045 4.44183610
2770 410 0.99198101 4.61516746
2580 414 1.44720744 -1.01213864
2590 414 1.43526411 -0.57786066
2600 414 1.42332077 -0.14358269
2610 414 1.39501235 0.29178340
2620 414 1.36180883 0.72613064
2630 414 1.32860532 1.16047788
2640 414 1.36324907 1.48576208
2650 414 1.40500457 1.79945218
2660 414 1.44684955 2.11173090
2670 414 1.39382032 2.32234405
2680 414 1.33087680 2.52170080
2690 414 1.39124001 2.74304507
2700 414 1.46553807 2.96810683
2710 414 1.53917518 3.19241817
2720 414 1.57697073 3.44563250
2730 414 1.57685239 3.72690992
2740 414 1.57598363 4.00884829
2750 414 1.56506203 4.23700989
2760 414 1.55383737 4.45877555
2770 414 1.53696719 4.68018331
2710 422 0.39736850 -0.69112899
2720 422 0.53277731 -0.39063197
2730 422 0.66743569 -0.08947401
2740 422 0.80448967 0.19624825
2750 422 0.95283180 0.33743823
2760 422 1.10183489 0.47937864
2770 422 1.25017702 0.62056863
2780 422 1.35463648 0.80573942
2790 422 1.42757800 1.01867024
2800 422 1.50193090 1.23169053
2810 422 1.57737769 1.40510271
2820 422 1.65384911 1.51764658
2830 422 1.73098147 1.63094087
2840 422 1.80745289 1.74348475
2850 422 1.77856144 1.94216611
2860 422 1.70491279 2.17627052
2870 422 1.63051371 2.41103589
2880 422 1.59894670 2.74133352
2890 422 1.58454427 3.11381381
2900 422 1.63458911 3.43086351
2720 777 0.34985203 1.84663384
2730 777 0.34072857 1.78937337
2740 777 0.36768911 1.77762052
2750 777 0.39398869 1.76511725
2760 777 0.42094923 1.75336441
2770 777 0.44724882 1.74086114
2780 777 0.47420936 1.72910829
2790 777 0.50050894 1.71660502
2800 777 0.52746948 1.70485218
2810 777 0.55376907 1.69234891
2820 777 0.58072961 1.68059606
2830 777 0.60702919 1.66809279
2840 777 0.64951491 1.65732416
2850 777 0.84112494 1.65246659
2860 777 1.03273498 1.64760902
2870 777 1.22359458 1.64341240
2880 777 1.46162142 1.62165867
2890 777 1.71195815 1.59572564
2900 777 1.96229487 1.56979261
2910 777 2.22611909 1.55463398
