1250 199 0.00000000 0.00000000
1260 199 0.00000000 0.18876705
1270 199 0.00000000 0.37753410
1280 199 0.03277055 0.57337866
1290 199 0.07794263 0.77312221
1300 199 0.12429076 0.97476757
1310 199 0.18121807 1.20457462
1320 199 0.23714944 1.43447173
1330 199 0.28168051 1.64933444
1340 199 0.30729939 1.84381753
1350 199 0.33291827 2.03830062
1360 199 0.34522974 2.22997072
1370 199 0.34513968 2.41774184
1380 199 0.34405369 2.60560301
1390 199 0.35950659 2.66545456
1400 199 0.37805326 2.69289579
1410 199 0.39759587 2.72024696
1420 199 0.41623260 2.74868413
1430 199 0.43577520 2.77603530
1440 199 0.45531781 2.80338647
1060 188 0.78767983 -0.22786286
1070 188 0.85180649 -0.09610258
1080 188 0.91602320 0.03665364
1090 188 0.95173918 0.13182385
1100 188 0.94538214 0.17256189
1110 188 0.93902510 0.21329994
1120 188 0.93257800 0.25304204
1130 188 0.92622096 0.29378008
1140 188 0.91986392 0.33451812
1150 188 0.91350688 0.37525616
1160 188 0.90615390 0.41608426
1170 188 0.89979686 0.45682231
1180 188 0.89343981 0.49756035
1190 188 0.96055428 0.62905045
1200 188 1.03563094 0.77086546
1210 188 1.08996775 0.92760891
1220 188 1.06306687 1.14089825
1230 188 1.03625605 1.35518353
1240 188 1.00970481 1.59454733
1250 188 0.98377867 1.85192806
1220 194 0.87442166 -0.24574733
1230 194 0.88095882 -0.09572645
1240 194 0.88858197 0.05520031
1250 194 0.89511913 0.20522119
1260 194 0.89712690 0.36067205
1270 194 0.88998582 0.52598692
1280 194 0.88293480 0.69229772
1290 194 0.87497791 0.85969452
1300 194 0.86963799 1.04492811
1310 194 0.86330214 1.23025177
1320 194 0.85796222 1.41548537
1330 194 0.88918589 1.62753508
1340 194 0.92366755 1.84230244
1350 194 0.95923519 2.05797567
1360 194 1.03746389 2.23464845
1370 194 1.12683330 2.40127710
1380 194 1.21620271 2.56790576
1390 194 1.32742445 2.66528504
1400 194 1.44091353 2.75442665
1410 194 1.55539855 2.84347821
1260 189 0.95785254 2.10930878
1270 189 0.95666589 2.31826473
1280 189 0.96771125 2.50703708
1290 189 0.97866655 2.69481350
1300 189 0.98962185 2.88258991
1310 189 0.92726457 3.02578757
1320 189 0.85730533 3.16264408
1330 189 0.78644021 3.30058658
1340 189 0.80870575 3.31363441
1350 189 0.83097129 3.32668224
1360 189 0.85224089 3.33982013
1370 189 0.87441637 3.35187202
1380 189 0.89668191 3.36491984
1390 189 0.91795151 3.37805773
1400 189 0.94021704 3.39110556
1410 189 0.96248258 3.40415339
1420 189 0.98375218 3.41729127
1430 189 1.00601772 3.43033910
1440 189 1.02828326 3.44338693
1450 189 1.04955286 3.45652481
