3940 436 0.00000000 0.00000000
3950 436 -0.00000000 0.10272780
3960 436 0.02704234 0.19598396
3970 436 0.17270886 0.24857927
3980 436 0.31696387 0.30126218
3990 436 0.45111452 0.36236541
4000 436 0.54502289 0.45997288
4010 436 0.63818171 0.55691840
4020 436 0.73209008 0.65452587
4030 436 0.83160550 0.73974137
4040 436 0.94290936 0.79801187
4050 436 1.05346366 0.85562042
4060 436 1.16476752 0.91389092
4070 436 1.27607138 0.97216142
4080 436 1.38897169 1.01049574
4090 436 1.50351713 1.01826384
4100 436 1.61881211 1.02669389
4110 436 1.73410710 1.03512393
4120 436 1.86328344 1.07315648
4130 436 2.00567917 1.14154109
3780 441 0.72529542 1.99465976
3790 441 0.68974516 2.09534332
3800 441 0.65936390 2.17657742
3810 441 0.64992147 2.18424817
3820 441 0.64122859 2.19258087
3830 441 0.63112422 2.20100119
3840 441 0.62168179 2.20867194
3850 441 0.61157742 2.21709225
3860 441 0.60288454 2.22542495
3870 441 0.59278017 2.23384527
3880 441 0.58333774 2.24151602
3890 441 0.57323337 2.24993633
3900 441 0.56379094 2.25760709
3910 441 0.55443612 2.26668935
3920 441 0.54499369 2.27436010
3930 441 0.53488931 2.28278042
3940 441 0.49994259 2.31328822
3950 441 0.45347999 2.35230395
3960 441 0.40776695 2.39198163
3970 441 0.36130436 2.43099736
3910 644 0.23813419 2.17013320
3920 644 0.13843381 2.20749407
3930 644 0.03948298 2.24551689
3940 644 0.01566275 2.24982926
3950 644 0.01248932 2.24435849
3960 644 0.00799199 2.24038683
3970 644 0.00340706 2.23500367
3980 644 -0.00042832 2.23028245
3990 644 -0.00426370 2.22556124
4000 644 -0.00809907 2.22084002
4010 644 -0.01268401 2.21545686
4020 644 -0.01651938 2.21073565
4030 644 -0.02035476 2.20601443
4040 644 -0.02419014 2.20129322
4050 644 -0.02802552 2.19657200
4060 644 -0.03261045 2.19118885
4070 644 -0.03710778 2.18721718
4080 644 -0.04094315 2.18249597
4090 644 -0.04477853 2.17777475
4100 644 -0.04861391 2.17305354
3920 430 -0.18768046 0.20647771
3930 430 -0.19202203 0.35339997
3940 430 -0.20297330 0.48514620
3950 430 -0.21251308 0.61680482
3960 430 -0.22205285 0.74846345
3970 430 -0.23234218 0.87946012
3980 430 -0.13240818 1.01707624
3990 430 -0.03181223 1.15394280
4000 430 0.15202312 1.17087103
4010 430 0.37156448 1.13528183
4020 430 0.56789888 1.11388548
4030 430 0.73961482 1.10676959
4040 430 0.89782906 1.11041028
4050 430 1.00393471 1.15341714
4060 430 1.10862887 1.19651161
4070 430 1.21407258 1.24026802
4080 430 1.31951629 1.28402444
4090 430 1.42487239 1.32636935
4100 430 1.52754178 1.35967095
4110 430 1.63087311 1.39222300
3960 688 0.15428152 -1.00709841
3970 688 0.12736572 -0.88144596
3980 688 0.20873611 -0.86028323
3990 688 0.31543556 -0.86478055
4000 688 0.42213502 -0.86927788
4010 688 0.53010969 -0.86464427
4020 688 0.63812330 -0.84796913
4030 688 0.74622452 -0.82988250
4040 688 0.85432574 -0.81179587
4050 688 0.93217225 -0.69902211
4060 688 1.00228959 -0.56238917
4070 688 1.07315648 -0.42509430
4080 688 1.14262162 -0.31038338
4090 688 1.21107437 -0.20056889
4100 688 1.28027667 -0.09009246
4110 688 1.35014091 0.01963441
4120 688 1.42371399 0.12062947
4130 688 1.52001704 0.18833267
4140 688 1.61632009 0.25603586
4150 688 1.71262314 0.32373906
4080 709 -0.01734681 -0.07402086
4090 709 -0.01909902 0.10320478
4100 709 -0.02160077 0.27976849
4110 709 -0.06820939 0.45340212
4120 709 -0.11547994 0.62778530
4130 709 -0.16283811 0.80075699
4140 709 -0.30305332 1.09851476
4150 709 -0.44260660 1.39552298
4160 709 -0.56273961 1.66298711
4170 709 -0.65312411 1.88467979
4180 709 -0.74275905 2.10703441
4190 709 -0.75274661 2.25430711
4200 709 -0.72712550 2.37032245
4210 709 -0.70291589 2.48642540
4220 709 -0.68516023 2.53279065
4230 709 -0.67206738 2.54968968
4240 709 -0.65822497 2.56725065
4250 709 -0.64513211 2.58414968
4260 709 -0.63128971 2.60171065
4270 709 -0.61678536 2.61852207
4090 712 0.12120381 -0.29586929
4100 712 0.06015899 -0.09229245
4110 712 -0.06525011 0.13582497
4120 712 -0.20808390 0.36856627
4130 712 -0.34496993 0.61723314
4140 712 -0.46828611 0.90189806
4150 712 -0.59168991 1.18515149
4160 712 -0.69861326 1.40291144
4170 712 -0.80310299 1.60280866
4180 712 -0.87988844 1.79248468
4190 712 -0.85084080 1.94087685
4200 712 -0.82254272 2.08860707
4210 712 -0.79424463 2.23633729
4220 712 -0.81353834 2.38206221
4230 712 -0.83283204 2.52778713
4240 712 -0.85287530 2.67285011
4250 712 -0.85971863 2.79088048
4260 712 -0.81958344 2.79830788
4270 712 -0.77944824 2.80573528
4280 712 -0.73931305 2.81316267
4110 645 -0.05319884 2.16767038
4120 645 -0.05703422 2.16294917
4130 645 -0.06086960 2.15822795
4140 645 -0.06470498 2.15350674
4150 645 -0.06854036 2.14878552
4160 645 -0.07312529 2.14340236
4170 645 -0.07696067 2.13868115
4180 645 -0.08079605 2.13395993
4190 645 -0.08529337 2.12998827
4200 645 -0.08987830 2.12460511
4210 645 -0.09371368 2.11988390
4220 645 -0.09754906 2.11516268
4230 645 -0.10138444 2.11044147
4240 645 -0.10521982 2.10572025
4250 645 -0.10980475 2.10033710
4260 645 -0.11364013 2.09561588
4270 645 -0.11747551 2.09089467
4280 645 -0.12131089 2.08617345
4290 645 -0.12580821 2.08220179
4300 645 -0.12973120 2.07606908
