2970 275 0.00000000 0.00000000
2980 275 -0.00000000 0.44509100
2990 275 -0.00000000 0.89018200
3000 275 -0.06395546 1.28296910
3010 275 -0.15544012 1.65219471
3020 275 -0.24794480 2.02239990
3030 275 -0.36872684 2.40603606
3040 275 -0.56120209 2.82322939
3050 275 -0.75167774 3.24046317
3060 275 -0.92489401 3.64504336
3070 275 -1.05553246 4.02147874
3080 275 -1.18617091 4.39791412
3090 275 -1.31578935 4.77336992
3100 275 -1.47752257 5.15417744
3110 275 -1.64625435 5.53484341
3120 275 -1.81498614 5.91550939
3130 275 -1.98371793 6.29617536
3140 275 -2.14810678 6.65992569
3150 275 -2.31041516 7.01971729
3160 275 -2.47272354 7.37950888
2970 277 -0.79872655 0.02785498
2980 277 -0.83248594 0.41125073
2990 277 -0.86522531 0.79366691
3000 277 -0.91428494 1.19175629
3010 277 -0.97864481 1.60453929
3020 277 -1.04200489 2.01734251
3030 277 -1.14874935 2.39926216
3040 277 -1.29789863 2.75131826
3050 277 -1.44604811 3.10339457
3060 277 -1.59140040 3.46552951
3070 277 -1.72915875 3.84782211
3080 277 -1.86593752 4.23113474
3090 277 -2.01043157 4.60028846
3100 277 -2.15488517 4.96744259
3110 277 -2.30033857 5.33457650
3120 277 -2.45166942 5.69559032
3130 277 -2.60993818 6.05346320
3140 277 -2.76620735 6.41137652
3150 277 -2.92241585 6.76629046
3160 277 -3.06810067 7.09541192
