2980 437 0.00000000 0.00000000
2990 437 -0.00000000 0.49777505
3000 437 -0.00057857 0.99636573
3010 437 -0.10918185 1.45020527
3020 437 -0.24548840 1.89297555
3030 437 -0.38261058 2.33516726
3040 437 -0.53473552 2.73974359
3050 437 -0.69612569 3.11935683
3060 437 -0.85891006 3.49920712
3070 437 -1.06118617 3.85349567
3080 437 -1.28093202 4.19784399
3090 437 -1.49986224 4.54277088
3100 437 -1.70740980 4.84918238
3110 437 -1.90643947 5.12975892
3120 437 -2.10546913 5.41033546
3130 437 -2.29708179 5.68391285
3140 437 -2.45913089 5.93309770
3150 437 -2.62199562 6.18170397
3160 437 -2.78428178 6.42949461
3170 437 -2.91957582 6.68417190
2850 263 -1.34462746 1.42715871
2860 263 -1.28424275 1.72746304
2870 263 -1.10668062 2.06307247
2880 263 -0.92935554 2.39728769
2890 263 -0.75600414 2.72500601
2900 263 -0.59025859 3.03752067
2910 263 -0.42451304 3.35003532
2920 263 -0.17097683 3.56298694
2930 263 0.09310631 3.76625546
2940 263 0.26282555 4.08526703
2950 263 0.43254478 4.40427860
2960 263 0.56006825 4.72400937
2970 263 0.51823007 5.04743257
2980 263 0.47557627 5.37027720
2990 263 0.39547985 5.65430108
3000 263 0.22789411 5.84561240
3010 263 0.06112400 6.03750229
3020 263 -0.10564611 6.22939218
3030 263 -0.45338552 6.39467165
3040 263 -0.80030930 6.56052971
2850 268 -0.15673747 0.98490272
2860 268 -0.27217917 1.19603825
2870 268 -0.31353118 1.45482583
2880 268 -0.24432723 1.78590711
2890 268 -0.17512328 2.11698839
2900 268 0.00011652 2.41784718
2910 268 0.24561697 2.69743532
2920 268 0.49227457 2.97539220
2930 268 0.75610861 3.24469055
2940 268 1.01970559 3.51259470
2950 268 1.11180743 3.77164344
2960 268 1.09007874 4.02350821
2970 268 1.08777248 4.31367141
2980 268 1.12726020 4.69355787
2990 268 1.16814212 5.07320727
3000 268 1.05018120 5.43826373
3010 268 0.89349597 5.79914562
3020 268 0.70926014 6.12454562
3030 268 0.41703175 6.30835957
3040 268 0.12456631 6.49077932
