2780 649 0.00000000 0.00000000
2790 649 0.00000000 0.43195023
2800 649 0.00099549 0.86399538
2810 649 -0.07243427 1.29698045
2820 649 -0.21929378 1.73100036
2830 649 -0.36615330 2.16502027
2840 649 -0.65313543 2.55152545
2850 649 -0.94101814 2.93694022
2860 649 -1.29990902 3.28745746
2870 649 -1.67595929 3.62830228
2880 649 -2.02361046 3.93468712
2890 649 -2.34096647 4.20779729
2900 649 -2.64026252 4.49167027
2910 649 -2.86343175 4.81996967
2920 649 -3.05417595 5.14533354
2930 649 -3.11669010 5.46383783
2940 649 -3.35654180 5.75639237
2950 649 -3.67366167 6.03756134
2960 649 -4.06792238 6.44296916
2970 649 -4.48114822 6.87871380
2660 629 0.69265156 0.21571930
2670 629 0.51431851 0.62162486
2680 629 0.33598547 1.02753042
2690 629 0.17206381 1.42978741
2700 629 0.01321449 1.83152351
2710 629 -0.14463935 2.23335453
2720 629 -0.31168869 2.62627248
2730 629 -0.49684428 2.99837786
2740 629 -0.68199987 3.37048323
2750 629 -0.86345828 3.74595473
2760 629 -1.01391774 4.15451800
2770 629 -1.16537269 4.56298636
2780 629 -1.32009885 4.97415641
2790 629 -1.51090324 5.41604066
2800 629 -1.70161271 5.85692942
2810 629 -1.89090072 6.30398092
2820 629 -2.07421814 6.77269696
2830 629 -2.25663499 7.24250340
2840 629 -2.43905184 7.71230984
2850 629 -2.63194443 8.17609476
2660 630 0.41308000 0.02934134
2670 630 0.25902290 0.39135296
2680 630 0.10387539 0.75426514
2690 630 -0.05027663 1.11727224
2700 630 -0.23239946 1.49971214
2710 630 -0.41461721 1.88314752
2720 630 -0.59640899 2.27265072
2730 630 -0.78104832 2.69201848
2740 630 -0.96478708 3.11247665
2750 630 -1.14217326 3.52952238
2760 630 -1.29263272 3.93808566
2770 630 -1.44299727 4.34565345
2780 630 -1.60388618 4.75824496
2790 630 -1.80113575 5.18344210
2800 630 -1.99848025 5.60963472
2810 630 -2.18231624 6.05218339
2820 630 -2.33273635 6.53408151
2830 630 -2.48325138 7.01697510
2840 630 -2.66755965 7.44340618
2850 630 -2.85186792 7.86983725
2710 634 -0.26567876 0.21575634
2720 634 -0.28098608 0.60807469
2730 634 -0.29932615 0.99005851
2740 634 -0.32444247 1.34829191
2750 634 -0.34946387 1.70552983
2760 634 -0.38093278 2.06717566
2770 634 -0.41548305 2.42953222
2780 634 -0.45012825 2.79288427
2790 634 -0.46666025 3.11376383
2800 634 -0.47148025 3.40662859
2810 634 -0.47630025 3.69949335
2820 634 -0.51448983 3.96305844
2830 634 -0.58595408 4.19632837
2840 634 -0.65850874 4.43049887
2850 634 -0.82212713 4.66100922
2860 634 -1.04893566 4.89051715
2870 634 -1.27465380 5.11912450
2880 634 -1.51109771 5.46022167
2890 634 -1.74967612 5.81316974
2900 634 -1.99394269 6.16256185
2710 635 -0.74122660 0.08301882
2720 635 -0.77483927 0.54089565
2730 635 -0.80745645 0.99886740
2740 635 -0.85130178 1.39549643
2750 635 -0.89746914 1.78487230
2760 635 -0.94264101 2.17434310
2770 635 -0.94399765 2.44142017
2780 635 -0.94544920 2.70949272
2790 635 -0.94680584 2.97656979
2800 635 -1.02941027 3.21078659
2810 635 -1.11092429 3.44410282
2820 635 -1.20850729 3.66684607
2830 635 -1.36519895 3.84578104
2840 635 -1.52189062 4.02471601
2850 635 -1.70205026 4.22853579
2860 635 -1.88884725 4.43875445
2870 635 -2.07844085 4.64669739
2880 635 -2.28130681 4.84634308
2890 635 -2.48526318 5.04688933
2900 635 -2.64911771 5.26934089
2710 637 -0.57633260 -0.10819302
2720 637 -0.56651666 0.29455708
2730 637 -0.55670071 0.69730719
2740 637 -0.55356378 1.05421637
2750 637 -0.55364712 1.38168696
2760 637 -0.55373046 1.70915756
2770 637 -0.57600155 2.05862144
2780 637 -0.62046037 2.43007858
2790 637 -0.66491920 2.80153573
2800 637 -0.72160629 3.15374529
2810 637 -0.78071032 3.49969719
2820 637 -0.85100082 3.83654618
2830 637 -1.00969040 4.07857638
2840 637 -1.16738450 4.32070150
2850 637 -1.38433079 4.53105907
2860 637 -1.61331782 4.74127310
2870 637 -1.82908805 5.03411471
2880 637 -2.04376787 5.32605575
2890 637 -2.26603191 5.61325551
2900 637 -2.48919651 5.89936486
2750 647 0.06546819 -0.02288921
2760 647 -0.06112741 0.20914215
2770 647 -0.18772302 0.44117351
2780 647 -0.31540902 0.67410544
2790 647 -0.43209608 0.89703622
2800 647 -0.53987007 1.11077149
2810 647 -0.64773898 1.32550225
2820 647 -0.74262028 1.55151672
2830 647 -0.78522010 1.82972932
2840 647 -0.82772499 2.10694645
2850 647 -0.87648756 2.38658052
2860 647 -0.95279264 2.67062019
2870 647 -1.03009322 2.95456494
2880 647 -1.12024018 3.23628026
2890 647 -1.23996693 3.51216159
2900 647 -1.36068917 3.78794799
2910 647 -1.50653468 4.05330264
2920 647 -1.67769329 4.31021649
2930 647 -1.84975246 4.56603995
2940 647 -2.03128958 4.79484177
2780 648 -0.60788254 0.12787816
2790 648 -0.69248256 0.40409517
2800 648 -0.77608710 0.68040709
2810 648 -0.88074268 0.98786150
2820 648 -0.99753622 1.31726287
2830 648 -1.11423485 1.64566877
2840 648 -1.16854204 1.90970613
2850 648 -1.20710898 2.15615814
2860 648 -1.24577084 2.40360563
2870 648 -1.35567702 2.60809678
2880 648 -1.51288958 2.78195940
2890 648 -1.67019706 2.95681751
2900 648 -1.84528204 3.13902137
2910 648 -2.02980099 3.32534840
2920 648 -2.21460237 3.49356685
2930 648 -2.41066894 3.50601273
2940 648 -2.60773100 3.51836369
2950 648 -2.81877383 3.49824100
2960 648 -3.05223360 3.42876772
2970 648 -3.28479280 3.36038484
