2280 785 0.00000000 0.00000000
2290 785 0.00000000 0.18690372
2300 785 -0.00000000 0.37380744
2310 785 -0.00000000 0.56071116
2320 785 0.02937341 0.75371427
2330 785 0.07225110 0.95054289
2340 785 0.11492548 1.14835061
2350 785 0.17406288 1.32097960
2360 785 0.24827756 1.47018477
2370 785 0.32249225 1.61938993
2380 785 0.39768604 1.76879841
2390 785 0.45597274 1.95044274
2400 785 0.51124719 2.14167489
2410 785 0.56672495 2.33192792
2420 785 0.62117009 2.50256123
2430 785 0.67148477 2.59471563
2440 785 0.72159613 2.68784914
2450 785 0.77191081 2.78000354
2460 785 0.82320460 2.87236126
2470 785 0.86572381 2.95779027
2260 780 -0.19612237 0.18703213
2270 780 -0.18736920 0.41047872
2280 780 -0.17861603 0.63392532
2290 780 -0.16986286 0.85737192
2300 780 -0.13995441 1.05763546
2310 780 -0.09345453 1.24193891
2320 780 -0.04793377 1.42603904
2330 780 -0.00706781 1.60304462
2340 780 0.02897749 1.76883586
2350 780 0.06600190 1.93483042
2360 780 0.10204719 2.10062166
2370 780 0.16488168 2.25052772
2380 780 0.24504595 2.39075500
2390 780 0.32618934 2.53118560
2400 780 0.40635361 2.67141287
2410 780 0.50787647 2.78747798
2420 780 0.62325673 2.88599395
2430 780 0.73843368 2.98548902
2440 780 0.85381394 3.08400499
2450 780 0.95626241 3.18085699
2430 794 -0.04920715 -0.26963615
2440 794 -0.02158866 -0.07801878
2450 794 0.00623316 0.11261948
2460 794 0.03503408 0.30346106
2470 794 0.07150206 0.49180937
2480 794 0.14414373 0.66826386
2490 794 0.21796784 0.84394255
2500 794 0.29060952 1.02039703
2510 794 0.36203132 1.20272620
2520 794 0.42563626 1.40794417
2530 794 0.48944452 1.61218301
2540 794 0.55207034 1.81719766
2550 794 0.61587860 2.02143651
2560 794 0.67041470 2.20638735
2570 794 0.71857853 2.37775901
2580 794 0.76674237 2.54913066
2590 794 0.83362172 2.70906863
2600 794 0.93002430 2.85471046
2610 794 1.02565108 2.99916986
2620 794 1.12783738 3.13171404
2430 797 0.08680405 -0.49672634
2440 797 0.15484443 -0.30795000
2450 797 0.22190570 -0.11937697
2460 797 0.28994608 0.06939937
2470 797 0.36581937 0.25980221
2480 797 0.44736403 0.45240405
2490 797 0.52988780 0.64520921
2500 797 0.61163577 0.83683193
2510 797 0.64695877 1.02085716
2520 797 0.66975661 1.20126021
2530 797 0.69353355 1.38186657
2540 797 0.71731050 1.56247293
2550 797 0.73573175 1.72460453
2560 797 0.74866889 1.85904273
2570 797 0.76180935 1.99250182
2580 797 0.77474649 2.12694003
2590 797 0.83320440 2.25857465
2600 797 0.90402161 2.38971168
2610 797 0.97385970 2.52064541
2620 797 1.06160007 2.64406189
