3790 474 0.00000000 0.00000000
3800 474 -0.00000000 0.41508674
3810 474 -0.02129675 0.82045503
3820 474 -0.13063294 1.18414528
3830 474 -0.23926806 1.54712242
3840 474 -0.34401966 1.78490405
3850 474 -0.44557675 1.89961742
3860 474 -0.54643278 2.01361769
3870 474 -0.55819659 2.12685909
3880 474 -0.51057762 2.23818040
3890 474 -0.46295866 2.34950171
3900 474 -0.44693791 2.56999056
3910 474 -0.47687623 2.95704702
3920 474 -0.49488452 3.33339486
3930 474 -0.46444751 3.66902351
3940 474 -0.43471155 4.00536526
3950 474 -0.40134744 4.26954860
3960 474 -0.36556456 4.48562633
3970 474 -0.32978168 4.70170406
3980 474 -0.29923143 4.88459113
3620 654 0.25150165 2.13056915
3630 654 0.24132546 2.09812774
3640 654 0.23186238 2.06638739
3650 654 0.22098514 2.03465908
3660 654 0.21080895 2.00221767
3670 654 0.20063277 1.96977625
3680 654 0.19045658 1.93733484
3690 654 0.17957933 1.90560653
3700 654 0.17660646 1.88866068
3710 654 0.17582108 1.87947465
3720 654 0.17503571 1.87028861
3730 654 0.17496343 1.86180364
3740 654 0.17346495 1.85191655
3750 654 0.17267957 1.84273052
3760 654 0.17260730 1.83424555
3770 654 0.17180987 1.82364535
3780 654 0.17102450 1.81445932
3790 654 0.17095222 1.80597435
3800 654 0.16945374 1.79608726
3810 654 0.16866836 1.78690122
3650 662 0.59473353 1.66447380
3660 662 0.59683670 1.66233449
3670 662 0.59822677 1.65949412
3680 662 0.60032995 1.65735481
3690 662 0.60313418 1.65450239
3700 662 0.60523736 1.65236308
3710 662 0.60662743 1.64952271
3720 662 0.60873060 1.64738340
3730 662 0.61083378 1.64524408
3740 662 0.61292491 1.64169061
3750 662 0.61502808 1.63955130
3760 662 0.61713126 1.63741199
3770 662 0.61923443 1.63527267
3780 662 0.62062450 1.63243230
3790 662 0.62272768 1.63029299
3800 662 0.62553191 1.62744058
3810 662 0.62692198 1.62460021
3820 662 0.62902516 1.62246089
3830 662 0.63112833 1.62032158
3840 662 0.63251840 1.61748121
3680 812 -0.54205056 4.68654096
3690 812 -0.52669955 4.66236770
3700 812 -0.50092904 4.61618458
3710 812 -0.37223304 4.36688488
3720 812 -0.24352501 4.11899934
3730 812 -0.13998279 3.90527052
3740 812 -0.06089330 3.72639947
3750 812 0.01748309 3.54682736
3760 812 0.05041115 3.42774864
3770 812 0.01481618 3.39976653
3780 812 -0.02220500 3.37038231
3790 812 -0.05850103 3.34311331
3800 812 -0.09480910 3.31443015
3810 812 -0.13111717 3.28574699
3820 812 -0.16812631 3.25777693
3830 812 -0.20443438 3.22909377
3840 812 -0.19169247 3.14766501
3850 812 -0.14603695 3.02847787
3860 812 -0.10036938 2.91070490
3870 812 -0.05470182 2.79293192
3730 889 2.84820230 0.56619491
3740 889 2.81388658 0.60537950
3750 889 2.57870682 0.80608694
3760 889 2.34281395 1.00609333
3770 889 2.13881803 1.21502075
3780 889 1.96389074 1.43289329
3790 889 1.78967655 1.65146688
3800 889 1.67671702 1.92184651
3810 889 1.56447060 2.19292720
3820 889 1.43043115 2.47904331
3830 889 1.28163333 2.77589211
3840 889 1.13353658 3.07202780
3850 889 0.96985994 3.36546768
3860 889 0.80121567 3.65682847
3870 889 0.63328451 3.94889032
3880 889 0.48467942 4.26836571
3890 889 0.34466772 4.60049630
3900 889 0.20324186 4.93263892
3910 889 0.17112086 5.14646652
3920 889 0.13971297 5.36099518
3820 655 0.16859609 1.77841625
3830 655 0.16851177 1.76851711
3840 655 0.16701329 1.75863002
3850 655 0.16694101 1.75014505
3860 655 0.16615563 1.74095902
3870 655 0.16465715 1.73107193
3880 655 0.16458488 1.72258696
3890 655 0.16450056 1.71268782
3900 655 0.16300208 1.70280073
3910 655 0.16292980 1.69431576
3920 655 0.16214442 1.68512972
3930 655 0.16064594 1.67524263
3940 655 0.16127473 1.66604456
3950 655 0.16048935 1.65685852
3960 655 0.15970397 1.64767249
3970 655 0.15966783 1.64343001
3980 655 0.16180715 1.64553318
3990 655 0.16395850 1.64905052
4000 655 0.16681092 1.65185475
4010 655 0.16824917 1.65467103
3850 663 0.63462158 1.61534190
3860 663 0.63742581 1.61248948
3870 663 0.63881588 1.60964911
3880 663 0.64091906 1.60750980
3890 663 0.64302223 1.60537049
3900 663 0.64441230 1.60253012
3910 663 0.64721653 1.59967770
3920 663 0.64931971 1.59753839
3930 663 0.65142288 1.59539908
3940 663 0.65281296 1.59255871
3950 663 0.65491613 1.59041940
3960 663 0.65772036 1.58756698
3970 663 0.65911043 1.58472661
3980 663 0.66121361 1.58258730
3990 663 0.66331678 1.58044799
4000 663 0.66541996 1.57830868
4010 663 0.66751109 1.57475520
4020 663 0.66961426 1.57261589
4030 663 0.67171744 1.57047658
4040 663 0.67310751 1.56763621
3880 813 -0.03630085 2.62872046
3890 813 -0.02576811 2.45396903
3900 813 -0.02439731 2.28283131
3910 813 -0.10831230 2.14424100
3920 813 -0.19221525 2.00706485
3930 813 -0.27613024 1.86847454
3940 813 -0.25563573 1.61797508
3950 813 -0.22393633 1.35465181
3960 813 -0.19153587 1.09061543
3970 813 -0.16738429 1.02040360
3980 813 -0.14635254 0.99901048
3990 813 -0.12461974 0.97690425
4000 813 -0.10288693 0.95479803
4010 813 -0.08185518 0.93340491
4020 813 -0.06012237 0.91129869
4030 813 -0.03838957 0.88919247
4040 813 -0.01665676 0.86708624
4050 813 0.00437499 0.84569312
4060 813 0.01067247 0.83786103
4070 813 0.01415367 0.83146718
3900 819 -1.39010223 3.50083216
3910 819 -1.36575310 3.28777789
3920 819 -1.34141602 3.07330946
3930 819 -1.31636583 2.85954209
3940 819 -1.20888227 2.61042308
3950 819 -1.06475095 2.34684925
3960 819 -0.91991857 2.08256232
3970 819 -0.78230396 1.88410019
3980 819 -0.65190712 1.75146285
3990 819 -0.52151028 1.61882551
4000 819 -0.46688796 1.55613259
4010 819 -0.41997728 1.50128381
4020 819 -0.37377971 1.44573398
4030 819 -0.32757009 1.39159830
4040 819 -0.29198476 1.33543173
4050 819 -0.26772477 1.27794736
4060 819 -0.24416584 1.22117609
4070 819 -0.22061895 1.16299066
4080 819 -0.19564586 1.10620735
4090 819 -0.17209897 1.04802192
