2930 885 0.00000000 0.00000000
2940 885 -0.00000000 0.05462600
2950 885 0.00000000 0.10925200
2960 885 -0.00040274 0.16296269
2970 885 0.00051258 0.21718595
2980 885 0.00051258 0.27181195
2990 885 -0.03888258 0.38091750
3000 885 -0.08655219 0.50349649
3010 885 -0.13513711 0.62647822
3020 885 -0.18093948 0.76571594
3030 885 -0.22040786 0.97645808
3040 885 -0.25855819 1.18771279
3050 885 -0.29711126 1.39805218
3060 885 -0.31296452 1.59294106
3070 885 -0.31995752 1.78065386
3080 885 -0.32563248 1.96887925
3090 885 -0.37491304 2.14242298
3100 885 -0.45146999 2.30611792
3110 885 -0.52762420 2.47072817
3120 885 -0.57924797 2.61908243
2740 250 0.54073151 -1.18950680
2750 250 0.52846629 -1.19503531
2760 250 0.51400431 -1.18320944
2770 250 0.49741880 -1.14641377
2780 250 0.47991798 -1.10921537
2790 250 0.46201442 -1.07293228
2800 250 0.44451359 -1.03573388
2810 250 0.42792808 -0.99893821
2820 250 0.41042726 -0.96173981
2830 250 0.39252370 -0.92545672
2840 250 0.37502288 -0.88825832
2850 250 0.34565957 -0.74642110
2860 250 0.30362830 -0.50177570
2870 250 0.25702046 -0.25511661
2880 250 0.19302163 -0.00080548
2890 250 0.12810749 0.25390839
2900 250 0.03247538 0.52323069
2910 250 -0.18877457 0.85219491
2920 250 -0.41002452 1.18115913
2930 250 -0.66298098 1.54483210
2860 380 0.71072382 2.19133741
2870 380 0.71610587 2.13652835
2880 380 0.72189066 2.08263460
2890 380 0.72727271 2.02782554
2900 380 0.74795883 1.92585944
2910 380 0.79134476 1.75381683
2920 380 0.83381538 1.58217695
2930 380 0.86127483 1.43352979
2940 380 0.87017170 1.30725293
2950 380 0.87906856 1.18097607
2960 380 0.89060153 1.08303736
2970 380 0.91092152 1.05224616
2980 380 0.92992346 1.02094239
2990 380 0.94984072 0.98923587
3000 380 0.96924539 0.95884742
3010 380 0.98824733 0.92754364
3020 380 1.00816459 0.89583713
3030 380 1.02756927 0.86544867
3040 380 1.04657121 0.83414490
3050 380 1.06648846 0.80243838
2860 783 0.55523010 -0.22791344
2870 783 0.52033829 -0.26500201
2880 783 0.48504374 -0.30300589
2890 783 0.44974919 -0.34100977
2900 783 0.41353933 -0.37861091
2910 783 0.37176435 -0.42141104
2920 783 0.30062607 -0.48625196
2930 783 0.22948778 -0.55109287
2940 783 0.15926482 -0.61633653
2950 783 0.12195657 -0.65891699
2960 783 0.13499066 -0.66902206
2970 783 0.14802475 -0.67912714
2980 783 0.16105883 -0.68923222
2990 783 0.17500823 -0.69974004
3000 783 0.18804232 -0.70984511
3010 783 0.20107641 -0.71995019
3020 783 0.21502581 -0.73045801
3030 783 0.22805989 -0.74056309
3040 783 0.24109398 -0.75066816
3050 783 0.25412807 -0.76077324
2860 874 -0.61567750 2.39475703
2870 874 -0.62819901 2.45817005
2880 874 -0.59246511 2.43261446
2890 874 -0.55541316 2.40757144
2900 874 -0.51927652 2.38293116
2910 874 -0.48222457 2.35788814
2920 874 -0.44517262 2.33284512
2930 874 -0.40943872 2.30728952
2940 874 -0.37238677 2.28224650
2950 874 -0.33625013 2.25760622
2960 874 -0.23908029 2.12089477
2970 874 -0.12759492 1.95712660
2980 874 -0.02687365 1.79372456
2990 874 0.04693735 1.63123784
3000 874 0.12034562 1.46783580
3010 874 0.19210632 1.28330829
3020 874 0.25643466 1.04961005
3030 874 0.32076300 0.81591182
3040 874 0.38509134 0.58221359
3050 874 0.36835938 0.49452641
2880 351 1.06652508 2.29480462
2890 351 1.05964191 2.23446706
2900 351 1.05934901 2.12206637
2910 351 1.06147254 1.98784457
2920 351 1.06268075 1.85402552
2930 351 1.06520702 1.72071904
2940 351 1.06733055 1.58649724
2950 351 1.10936182 1.47841684
2960 351 1.16091236 1.37707316
2970 351 1.21246290 1.27572948
2980 351 1.26361071 1.17347048
2990 351 1.29249805 1.10504153
3000 351 1.29883203 1.06729394
3010 351 1.30465343 1.03086440
3020 351 1.31047484 0.99443486
3030 351 1.31629624 0.95800533
3040 351 1.32263022 0.92025773
3050 351 1.32845163 0.88382820
3060 351 1.33518834 0.84699592
3070 351 1.34100975 0.81056638
2930 403 0.77388055 1.07102843
2940 403 0.76245742 1.00285576
2950 403 0.76827883 0.96642622
2960 403 0.77461281 0.92867863
2970 403 0.78043421 0.89224909
2980 403 0.78625561 0.85581956
2990 403 0.79207702 0.81939002
3000 403 0.79789842 0.78296048
3010 403 0.80371982 0.74653094
3020 403 0.80954123 0.71010140
3030 403 0.81536263 0.67367186
3040 403 0.82169661 0.63592427
3050 403 0.82751801 0.59949473
3060 403 0.81521618 0.46725002
3070 403 0.79991211 0.32321604
3080 403 0.78592610 0.17969465
3090 403 0.77355104 0.03983451
3100 403 0.76106614 -0.09779226
3110 403 0.74989930 -0.23490645
3120 403 0.73869584 -0.38948485
3060 875 0.35254274 0.40643649
3070 875 0.33540804 0.31783399
3080 875 0.31959140 0.22974407
3090 875 0.33372386 0.25193131
3100 875 0.35177387 0.28550506
3110 875 0.36982389 0.31907882
3120 875 0.38736132 0.35397063
3130 875 0.40541133 0.38754438
3140 875 0.42254603 0.42152088
3150 875 0.44059604 0.45509463
3160 875 0.45904880 0.48958370
3170 875 0.39721011 0.62713725
3180 875 0.31486837 0.79009994
3190 875 0.23344195 0.95265989
3200 875 0.15201552 1.11521984
3210 875 0.10753121 1.33690914
3220 875 0.06678138 1.56460290
3230 875 0.02734961 1.79280925
3240 875 -0.03595357 1.99655837
3250 875 -0.15033134 2.14630391
3110 640 -0.34716069 0.90440448
3120 640 -0.26470911 0.79383442
3130 640 -0.18134221 0.68286163
3140 640 -0.09889064 0.57229157
3150 640 -0.04836525 0.50089700
3160 640 -0.03027862 0.46999596
3170 640 -0.01219200 0.43909493
3180 640 0.00589463 0.40819389
3190 640 0.02449383 0.37597480
3200 640 0.04258046 0.34507377
3210 640 0.06066708 0.31417273
3220 640 0.07966902 0.28286896
3230 640 0.10756782 0.23454032
3240 640 0.14180060 0.17577710
3250 640 0.17654596 0.11569582
3260 640 0.21169406 0.05652986
3270 640 0.24552410 -0.00314868
3280 640 0.29268113 -0.06978362
3290 640 0.36802987 -0.15428550
3300 640 0.44286603 -0.23746933
3120 880 -0.10053820 -0.73254493
3130 880 -0.03987112 -0.63687620
3140 880 0.01321715 -0.46904404
3150 880 0.06451140 -0.28294218
3160 880 0.11580566 -0.09684033
3170 880 0.16365833 0.08640574
3180 880 0.21162084 0.26741844
3190 880 0.25998608 0.44934646
3200 880 0.28689634 0.63962214
3210 880 0.23062278 0.86431368
3220 880 0.17303115 1.08849264
3230 880 0.11635485 1.31226886
3240 880 0.04946362 1.49793136
3250 880 -0.02002709 1.67271992
3260 880 -0.09043313 1.84791121
3270 880 -0.15992384 2.02269977
3280 880 -0.22652216 2.18419796
3290 880 -0.26800424 2.22648551
3300 880 -0.30857100 2.26837033
3310 880 -0.35005308 2.31065788
