2610 271 0.00000000 0.00000000
2620 271 0.00000000 0.53305628
2630 271 -0.00099427 1.06621949
2640 271 0.11487342 1.49830708
2650 271 0.23162845 1.92929346
2660 271 0.34738921 2.36038678
2670 271 0.46561875 2.74897239
2680 271 0.58430791 3.13247973
2690 271 0.70289013 3.51499281
2700 271 0.88010219 3.90025232
2710 271 1.07134091 4.28500906
2720 271 1.30841156 4.63768102
2730 271 1.61367951 4.94178211
2740 271 1.86910657 5.28745105
2750 271 1.92406887 5.79850403
2760 271 1.90427922 6.30653294
2770 271 1.77021270 6.80874820
2780 271 1.63241487 7.30432438
2790 271 1.45684429 7.73858810
2800 271 1.28127371 8.17285181
2450 261 0.45439855 -0.17961893
2460 261 0.52501773 0.05618168
2470 261 0.59453572 0.29109497
2480 261 0.60048443 0.51474114
2490 261 0.56339079 0.73094721
2500 261 0.52619022 0.94615900
2510 261 0.52566119 1.22179594
2520 261 0.53469026 1.51149143
2530 261 0.54382625 1.80218118
2540 261 0.55974202 2.17461465
2550 261 0.58065163 2.60283397
2560 261 0.60266244 3.03194063
2570 261 0.67921908 3.46322717
2580 261 0.78006585 3.89592444
2590 261 0.88101954 4.32961598
2600 261 0.98211018 4.66171037
2610 261 1.08299634 4.92644039
2620 261 1.18388249 5.19117041
2630 261 1.22732443 5.39871510
2640 261 1.13541481 5.46995148
2450 266 1.21703847 -0.52313800
2460 266 1.26981338 -0.33168355
2470 266 1.32258830 -0.14022909
2480 266 1.37547014 0.05221963
2490 266 1.29805055 0.30494716
2500 266 1.20525735 0.56435692
2510 266 1.12610623 0.83839177
2520 266 1.16032588 1.25009314
2530 266 1.19543287 1.66069331
2540 266 1.23251713 2.04291936
2550 266 1.27165371 2.40682090
2560 266 1.31068336 2.76972817
2570 266 1.35511207 3.13607785
2580 266 1.42411979 3.51587640
2590 266 1.49213324 3.89578187
2600 266 1.56003977 4.27469308
2610 266 1.69193203 4.64068820
2620 266 1.85024177 4.99981914
2630 266 2.00954578 5.35884314
2640 266 2.16505468 5.72933872
2610 272 0.67775582 -0.19760578
2620 272 0.84595758 0.30026285
2630 272 1.00652599 0.80196972
2640 272 1.09989136 1.35214052
2650 272 1.19314981 1.90131705
2660 272 1.26548551 2.43363420
2670 272 1.28816041 2.92502697
2680 272 1.31083532 3.41641973
2690 272 1.49243152 3.84244416
2700 272 1.69138988 4.26157251
2710 272 1.86972564 4.70403986
2720 272 2.01867239 5.18185245
2730 272 2.16861341 5.65955810
2740 272 2.20830903 6.17828757
2750 272 2.20277115 6.71596250
2760 272 2.19613208 7.25275009
2770 272 2.10999295 7.72366097
2780 272 1.99060406 8.16596323
2790 272 1.87132210 8.60925976
2800 272 1.82752935 9.03437997
