2620 808 0.00000000 0.00000000
2630 808 -0.00000000 0.20306649
2640 808 0.00095535 0.40583751
2650 808 -0.00632305 0.60906159
2660 808 -0.08336186 0.82025350
2670 808 -0.16135602 1.03174088
2680 808 -0.23935017 1.24322826
2690 808 -0.32623797 1.45641951
2700 808 -0.48780081 1.68537900
2710 808 -0.64965913 1.91338313
2720 808 -0.81217733 2.14263809
2730 808 -1.02609740 2.36476238
2740 808 -1.27347451 2.58362665
2750 808 -1.52210243 2.80183104
2760 808 -1.76947953 3.02069532
2770 808 -2.04964392 3.19108286
2780 808 -2.33253648 3.35603375
2790 808 -2.61542904 3.52098465
2800 808 -2.84491053 3.65894931
2810 808 -3.07343666 3.79661851
2620 806 1.14034570 0.06914976
2630 806 1.10265361 0.18757403
2640 806 1.06459711 0.30820447
2650 806 1.02624514 0.42787955
2660 806 0.98789317 0.54755464
2670 806 0.90709205 0.80073280
2680 806 0.82028304 1.06832988
2690 806 0.73472486 1.33658684
2700 806 0.62320474 1.64950897
2710 806 0.50779427 1.96677451
2720 806 0.39238379 2.28404005
2730 806 0.20843419 2.64029775
2740 806 0.00751478 3.00599077
2750 806 -0.19435998 3.37197927
2760 806 -0.46438976 3.68682196
2770 806 -0.73441954 4.00166465
2780 806 -1.01400284 4.31946203
2790 806 -1.31687901 4.64655686
2800 806 -1.61975517 4.97365169
2810 806 -1.93489333 5.31186604
2620 807 0.54244302 -0.10077487
2630 807 0.54012850 0.07788582
2640 807 0.53656317 0.25588663
2650 807 0.53424866 0.43454732
2660 807 0.49269576 0.62848380
2670 807 0.41190449 0.83769606
2680 807 0.33206857 1.04661285
2690 807 0.25098183 1.25486976
2700 807 0.15353592 1.48807417
2710 807 0.04794489 1.73217155
2720 807 -0.05669079 1.97597347
2730 807 -0.16228182 2.22007086
2740 807 -0.36472783 2.49621686
2750 807 -0.59171752 2.78100043
2760 807 -0.81775185 3.06548853
2770 807 -0.99424577 3.34093525
2780 807 -1.05136992 3.59621124
2790 807 -1.13428857 3.85946492
2800 807 -1.31531302 4.15410732
2810 807 -1.51376033 4.44995131
