680 309 0.00000000 0.00000000
690 309 -0.00000000 0.43267771
700 309 -0.00095452 0.86565356
710 309 0.05029147 1.28127701
720 309 0.17986829 1.66929099
730 309 0.30944511 2.05730497
740 309 0.48227352 2.43285702
750 309 0.68469208 2.79916662
760 309 0.88472549 3.15784005
770 309 1.05541836 3.44605689
780 309 1.22640938 3.73522824
790 309 1.38630437 4.02577014
800 309 1.44764564 4.34290457
810 309 1.50868877 4.65908448
820 309 1.57003004 4.97621891
830 309 1.68566114 5.26591953
840 309 1.83929512 5.53641648
850 309 1.99227273 5.80816609
860 309 2.12033340 5.94312336
870 309 2.23748527 6.01967687
650 308 0.45588667 -0.02296397
660 308 0.36843359 0.40140963
670 308 0.29422362 0.82793264
680 308 0.33854760 1.25828992
690 308 0.38287158 1.68864720
700 308 0.47653483 2.08578344
710 308 0.64137346 2.43240171
720 308 0.80716661 2.77872184
730 308 1.00082577 3.07338458
740 308 1.20725424 3.34520122
750 308 1.41463724 3.61671971
760 308 1.57399835 3.88542780
770 308 1.72166715 4.15359738
780 308 1.86963410 4.42272148
790 308 1.95543469 4.73431137
800 308 2.01522284 5.06659796
810 308 2.08450073 5.36553872
820 308 2.19388469 5.53461606
830 308 2.30452131 5.70434979
840 308 2.44010028 5.82648227
