3740 481 0.00000000 0.00000000
3750 481 0.00000000 0.43247428
3760 481 -0.00000000 0.86494855
3770 481 -0.00000000 1.29742283
3780 481 0.05386910 1.70345623
3790 481 0.11396978 2.10630100
3800 481 0.17407047 2.50914577
3810 481 0.28307117 2.88022911
3820 481 0.44097189 3.21955102
3830 481 0.59887261 3.55887294
3840 481 0.71099720 3.88117881
3850 481 0.77869140 4.18690335
3860 481 0.84595089 4.49397364
3870 481 0.91364509 4.79969818
3880 481 0.87649837 5.13323247
3890 481 0.81481840 5.47370359
3900 481 0.75224821 5.81463022
3910 481 0.65214283 6.15903683
3920 481 0.51226631 6.50694423
3930 481 0.37238978 6.85485163
3580 471 1.98649271 0.37194582
3590 471 1.86513983 0.59579729
3600 471 1.74244121 0.81921404
3610 471 1.62063280 1.04217528
3620 471 1.49793418 1.26559204
3630 471 1.40121629 1.44538539
3640 471 1.31066755 1.61528220
3650 471 1.21966329 1.78428878
3660 471 1.12911455 1.95418559
3670 471 1.03900052 2.12273666
3680 471 0.94426888 2.27567754
3690 471 0.84953723 2.42861843
3700 471 0.75480559 2.58155932
3710 471 0.66007394 2.73450021
3720 471 0.57054029 2.91735733
3730 471 0.48282872 3.10377535
3740 471 0.39466162 3.28930315
3750 471 0.30649453 3.47483095
3760 471 0.23507525 3.63381612
3770 471 0.16541562 3.78965429
3590 472 2.26193800 0.94318211
3600 472 2.09667499 1.20635152
3610 472 1.93230221 1.46906541
3620 472 1.76703920 1.73223482
3630 472 1.69971959 1.89923203
3640 472 1.64347578 2.05494534
3650 472 1.58768749 2.21154887
3660 472 1.53144369 2.36726218
3670 472 1.42588596 2.55831863
3680 472 1.31498688 2.75210819
3690 472 1.20365309 2.94724350
3700 472 1.09434717 3.11999828
3710 472 0.99586501 3.20633636
3720 472 0.89603711 3.29223974
3730 472 0.79709943 3.37768760
3740 472 0.72097930 3.51211871
3750 472 0.67906467 3.71778875
3760 472 0.63625981 3.92391430
3770 472 0.59074265 4.12693447
3780 472 0.53172642 4.32113562
3590 473 0.18547924 -0.06120826
3600 473 0.15426120 0.42880238
3610 473 0.12304316 0.91881303
3620 473 0.09068285 1.33414640
3630 473 0.05355232 1.57331438
3640 473 0.01598708 1.81382811
3650 473 -0.02114345 2.05299609
3660 473 -0.02113420 2.24620065
3670 473 -0.01580441 2.43443612
3680 473 -0.01182036 2.62223688
3690 473 -0.08470330 2.91227494
3700 473 -0.17702556 3.22798621
3710 473 -0.27328099 3.55357320
3720 473 -0.40172563 3.97650934
3730 473 -0.52971474 4.40033570
3740 473 -0.69290133 4.79049995
3750 473 -0.86962860 5.16737323
3760 473 -1.04770162 5.54381180
3770 473 -1.19419819 5.99732779
3780 473 -1.32698759 6.48202252
