480 503 0.00000000 0.00000000
490 503 -0.00000000 0.21874186
500 503 0.00107890 0.43839803
510 503 0.00956378 0.52900712
520 503 0.01948415 0.58839219
530 503 0.03048342 0.64869158
540 503 0.04140040 0.70799436
550 503 0.04895268 0.82376552
560 503 0.05564550 0.97773697
570 503 0.06125942 1.13079409
580 503 0.06795224 1.28476554
590 503 0.07979268 1.44031876
600 503 0.09262973 1.59578969
610 503 0.10546678 1.75126062
620 503 0.14259731 1.84853510
630 503 0.18663095 1.93219535
640 503 0.22975027 2.01693451
650 503 0.27270501 2.09968045
660 503 0.31008240 2.19994475
670 503 0.32366005 2.36438516
310 168 0.79627193 -0.26040741
320 168 0.62593416 -0.02659756
330 168 0.45659300 0.20713000
340 168 0.31731467 0.44038211
350 168 0.21009239 0.67299420
360 168 0.10187351 0.90568857
370 168 -0.01157529 1.13580457
380 168 -0.18164790 1.34852106
390 168 -0.35080620 1.56015865
400 168 -0.52096111 1.77187853
410 168 -0.65284259 1.99749607
420 168 -0.78156967 2.22485996
430 168 -0.91029674 2.45222386
440 168 -1.03902382 2.67958775
450 168 -1.09787858 2.86606326
460 168 -1.15665106 3.05353538
470 168 -1.21368632 3.24989469
480 168 -1.24662012 3.53156003
490 168 -1.27947163 3.81422199
500 168 -1.31240543 4.09588733
320 170 0.25419918 -0.21464570
330 170 0.11066012 -0.05730042
340 170 -0.03287894 0.10004487
350 170 -0.18347654 0.25696957
360 170 -0.38439831 0.41202905
370 170 -0.58631668 0.56717083
380 170 -0.77255447 0.74208934
390 170 -0.89831001 0.99328955
400 170 -1.02199004 1.24532179
410 170 -1.15297549 1.49394361
420 170 -1.29242754 1.73724410
430 170 -1.43179730 1.98154119
440 170 -1.55198463 2.22726462
450 170 -1.64476980 2.47674591
460 170 -1.73647607 2.72714152
470 170 -1.82826463 2.97654052
480 170 -1.88713768 3.18709921
490 170 -1.94501412 3.39757562
500 170 -2.00289056 3.60805202
510 170 -2.06078528 3.84261161
400 20 1.10969159 2.13793559
410 20 1.17627236 1.83844101
420 20 1.26924953 1.55482816
430 20 1.36322332 1.27113303
440 20 1.45620049 0.98752019
450 20 1.51662789 0.80793865
460 20 1.56823209 0.65517410
470 20 1.62083291 0.50232727
480 20 1.66760951 0.36400898
490 20 1.67027932 0.34773409
500 20 1.67303142 0.33245580
510 20 1.67478692 0.31725981
520 20 1.67753902 0.30198153
530 20 1.68020883 0.28570664
540 20 1.68196433 0.27051064
550 20 1.68471643 0.25523236
560 20 1.68738624 0.23895747
570 20 1.68914174 0.22376147
580 20 1.69189384 0.20848319
590 20 1.69464594 0.19320491
440 494 0.70194156 -0.27268672
450 494 0.72719507 -0.06405724
460 494 0.75253087 0.14556885
470 494 0.77778438 0.35419833
480 494 0.80225158 0.50469536
490 494 0.82741366 0.61499889
500 494 0.85257574 0.72530243
510 494 0.81272054 0.82592332
520 494 0.73018490 0.92003425
530 494 0.64665264 1.01422747
540 494 0.63027718 1.14401516
550 494 0.64220905 1.28852339
560 494 0.65405863 1.43203502
570 494 0.67038838 1.58119715
580 494 0.69103372 1.73401655
590 494 0.71167906 1.88683595
600 494 0.72885913 2.00983939
610 494 0.74348825 2.10194796
620 494 0.75811736 2.19405653
630 494 0.77091784 2.28832290
450 497 0.72712192 -0.29583730
460 497 0.80220586 -0.09132226
470 497 0.87728980 0.11319279
480 497 0.95145942 0.31878672
490 497 0.97634720 0.46222521
500 497 0.97908102 0.58040103
510 497 0.98181483 0.69857686
520 497 0.97325680 0.81367143
530 497 0.93928982 0.92484357
540 497 0.90532284 1.03601571
550 497 0.87235247 1.14710556
560 497 0.86801860 1.27690239
570 497 0.91000416 1.43297677
580 497 0.95207201 1.59004776
590 497 0.99348155 1.73914588
600 497 1.02380954 1.82694801
610 497 1.05505185 1.91367124
620 497 1.08629415 2.00039447
630 497 1.11661299 2.10023818
640 497 1.14086990 2.30894995
470 500 0.38072274 -0.16488842
480 500 0.41330910 0.01102670
490 500 0.44589546 0.18694182
500 500 0.47096610 0.30829033
510 500 0.48852104 0.37507225
520 500 0.50615827 0.44285077
530 500 0.52371321 0.50963269
540 500 0.54820784 0.62400494
550 500 0.57964215 0.78596754
560 500 0.61007985 0.94801243
570 500 0.63123721 1.08272830
580 500 0.64891101 1.21171139
590 500 0.66658481 1.34069448
600 500 0.68061048 1.46195156
610 500 0.68949767 1.56958529
620 500 0.69838485 1.67721901
630 500 0.70727204 1.78485273
640 500 0.76818402 1.95140521
650 500 0.83465507 2.12452251
660 500 0.90104383 2.29664321
