200 81 0.00000000 0.00000000
210 81 -0.00000000 0.06251400
220 81 0.00099178 0.12490003
230 81 0.00099178 0.18741402
240 81 0.00099178 0.24992802
250 81 0.00435103 0.31503344
260 81 0.00684647 0.38125861
270 81 0.01020571 0.44636403
280 81 0.01369293 0.51246122
290 81 -0.15369358 0.62178074
300 81 -0.31996034 0.73196406
310 81 -0.48734685 0.84128357
320 81 -0.65473336 0.95060309
330 81 -0.78718369 1.01810797
340 81 -0.91531499 1.08001410
350 81 -1.04331832 1.14291202
360 81 -1.17144962 1.20481815
370 81 -1.27811373 1.26899578
380 81 -1.37374032 1.33275750
390 81 -1.47023071 1.39763896
200 5 2.05422790 -1.88840904
210 5 1.75669454 -1.66247565
220 5 1.46386413 -1.43916566
230 5 1.17202550 -1.21598365
240 5 0.91691463 -0.98947438
250 5 0.71875102 -0.75922195
260 5 0.52058740 -0.52896952
270 5 0.37815530 -0.35128132
280 5 0.25882203 -0.19774771
290 5 0.15634898 -0.04638961
300 5 0.20248265 0.07671882
310 5 0.24960809 0.19969927
320 5 0.29119878 0.33448508
330 5 0.32434336 0.49758455
340 5 0.35636818 0.65982022
350 5 0.38951276 0.82291969
360 5 0.38487380 0.93543849
370 5 0.36414244 1.02482646
380 5 0.34453083 1.11507825
390 5 0.31820073 1.16889020
200 78 -0.31688902 -0.21320025
210 78 -0.29708546 -0.13005087
220 78 -0.27827367 -0.04677352
230 78 -0.26605241 0.03231276
240 78 -0.28240075 0.10096939
250 78 -0.29974087 0.16975398
260 78 -0.31608920 0.23841060
270 78 -0.33243754 0.30706722
280 78 -0.34990563 0.37486004
290 78 -0.43667020 0.45260263
300 78 -0.62881916 0.54192662
310 78 -0.82195990 0.63137859
320 78 -0.98393962 0.69664397
330 78 -1.13961675 0.75605466
340 78 -1.29430211 0.81533738
350 78 -1.44997924 0.87474808
360 78 -1.59295522 0.94663598
370 78 -1.72297410 1.03298464
380 78 -1.85299298 1.11933330
390 78 -1.98400363 1.20580993
200 86 -1.41910616 0.37166076
210 86 -1.42316925 0.41050006
220 86 -1.42105772 0.44249289
230 86 -1.41894619 0.47448573
240 86 -1.41683466 0.50647856
250 86 -1.41571492 0.53859937
260 86 -1.41360339 0.57059220
270 86 -1.41149186 0.60258504
280 86 -1.40938033 0.63457787
290 86 -1.40726881 0.66657070
300 86 -1.41059606 0.70329848
310 86 -1.45893723 0.77406663
320 86 -1.50715044 0.84582656
330 86 -1.55549161 0.91659471
340 86 -1.60325691 1.00745436
350 86 -1.65338968 1.12685161
360 86 -1.70253068 1.24612090
370 86 -1.75266345 1.36551816
380 86 -1.80180444 1.48478744
390 86 -1.83315742 1.61688586
200 90 -0.38093868 0.68135139
210 90 -0.48968232 0.72159838
220 90 -0.61675786 0.76824393
230 90 -0.74284162 0.81476151
240 90 -0.86991716 0.86140707
250 90 -1.00355123 0.94318075
260 90 -1.13788914 1.03512816
270 90 -1.27952142 1.13305822
280 90 -1.44598014 1.25738238
290 90 -1.61131910 1.38257034
300 90 -1.73973834 1.46568772
310 90 -1.81431364 1.48942641
320 90 -1.88802513 1.51204534
330 90 -1.96173662 1.53466427
340 90 -1.99414536 1.58825227
350 90 -2.01734017 1.65073428
360 90 -2.04066294 1.71222450
370 90 -2.06398572 1.77371473
380 90 -2.08279751 1.87797938
390 90 -2.10029759 2.00022400
200 92 -0.57891034 0.52237900
210 92 -0.63665740 0.53587998
220 92 -0.69440447 0.54938095
230 92 -0.75327129 0.56201812
240 92 -0.87330840 0.63195446
250 92 -1.00867008 0.71596764
260 92 -1.14403177 0.79998082
270 92 -1.34229136 0.91227567
280 92 -1.54723746 1.02744988
290 92 -1.73017248 1.12566788
300 92 -1.81962445 1.15132613
310 92 -1.91006819 1.17711236
320 92 -2.00051194 1.20289858
330 92 -2.06708902 1.27299488
340 92 -2.12704360 1.35534444
350 92 -2.18712614 1.43670221
360 92 -2.24708071 1.51905177
370 92 -2.30233234 1.59877791
380 92 -2.35560040 1.67824811
390 92 -2.40986025 1.75784629
200 106 1.00998179 -0.04159068
210 106 0.95981703 -0.21156861
220 106 0.92523277 -0.29986884
230 106 0.88952877 -0.38903287
240 106 0.85481654 -0.47832487
250 106 0.85635220 -0.52893753
260 106 0.91355539 -0.52321081
270 106 0.96989477 -0.51636435
280 106 1.02709796 -0.51063763
290 106 1.08442912 -0.50391913
300 106 1.13926483 -0.50091181
310 106 1.17736830 -0.52599419
320 106 1.21547176 -0.55107657
330 106 1.25357523 -0.57615895
340 106 1.27347477 -0.59385099
350 106 1.27616217 -0.60428066
360 106 1.27872160 -0.61570210
370 106 1.28128103 -0.62712354
380 106 1.28396842 -0.63755320
390 106 1.28652785 -0.64897465
220 117 -0.73730686 2.24077812
230 117 -0.79572578 2.24125801
240 117 -0.85328089 2.24061816
250 117 -0.91070802 2.24097008
260 117 -0.96912694 2.24144997
270 117 -1.02655408 2.24180189
280 117 -1.07505521 2.24100207
290 117 -1.03317659 2.22954864
300 117 -0.99129797 2.21809520
310 117 -0.94941935 2.20664177
320 117 -0.90853251 2.19531630
330 117 -0.86652592 2.18485465
340 117 -0.82464730 2.17340121
350 117 -0.78276868 2.16194778
360 117 -0.74188184 2.15062231
370 117 -0.70000322 2.13916888
380 117 -0.65799663 2.12870722
390 117 -0.61611801 2.11725379
400 117 -0.57423938 2.10580035
410 117 -0.48917044 2.13213046
370 121 -1.28457629 1.51585249
380 121 -1.22599741 1.46191257
390 121 -1.11331864 1.35057750
400 121 -1.00051191 1.24023422
410 121 -0.90501330 1.14422372
420 121 -0.85155327 1.08186969
430 121 -0.79710147 1.01938768
440 121 -0.74351347 0.95802543
450 121 -0.68906167 0.89554342
460 121 -0.65057429 0.77966537
470 121 -0.62830727 0.60840773
480 121 -0.60492051 0.43801390
490 121 -0.60002561 0.26496465
500 121 -0.66612281 0.08090988
510 121 -0.71129669 -0.11290271
520 121 -0.67488884 -0.34648240
530 121 -0.64539145 -0.57110409
540 121 -0.63393801 -0.77928146
550 121 -0.62334839 -0.98633908
560 121 -0.56550534 -1.19445247
