3690 303 0.00000000 0.00000000
3700 303 0.00000000 0.17649079
3710 303 -0.02700991 0.29976068
3720 303 -0.08135269 0.36843282
3730 303 -0.13601843 0.43572811
3740 303 -0.19036120 0.50440025
3750 303 -0.24555389 0.57254545
3760 303 -0.40927914 0.61458163
3770 303 -0.58478405 0.65284425
3780 303 -0.76028895 0.69110687
3790 303 -0.96249780 0.76105386
3800 303 -1.27204936 0.95858825
3810 303 -1.56577573 1.16475764
3820 303 -1.71950613 1.45066491
3830 303 -1.87376347 1.73742208
3840 303 -2.01132872 2.06747329
3850 303 -2.14352258 2.41732723
3860 303 -2.29823887 2.72380214
3870 303 -2.48837910 2.96595642
3880 303 -2.67904627 3.20896060
3640 294 -1.55411506 1.34141842
3650 294 -1.50364784 1.31505443
3660 294 -1.45370756 1.28954036
3670 294 -1.40324034 1.26317637
3680 294 -1.35330006 1.23766230
3690 294 -1.30283283 1.21129831
3700 294 -1.25289255 1.18578424
3710 294 -1.20327523 1.15889331
3720 294 -1.12338438 1.09076511
3730 294 -1.04085883 1.01838740
3740 294 -0.95833328 0.94600969
3750 294 -0.97956385 1.02579855
3760 294 -1.01218311 1.12205853
3770 294 -1.04480238 1.21831851
3780 294 -1.07657174 1.31510543
3790 294 -1.10919100 1.41136541
3800 294 -1.22613762 1.60947773
3810 294 -1.36472275 1.83300213
3820 294 -1.50330788 2.05652654
3830 294 -1.64660147 2.29713399
3650 297 -1.46922678 0.60101719
3660 297 -1.55975842 0.71667195
3670 297 -1.65081699 0.83317661
3680 297 -1.74240251 0.95053117
3690 297 -1.74559814 1.00502693
3700 297 -1.73927486 1.05365836
3710 297 -1.73380149 1.10176286
3720 297 -1.72747822 1.15039429
3730 297 -1.72147790 1.19764888
3740 297 -1.71515463 1.24628031
3750 297 -1.70883135 1.29491174
3760 297 -1.72066200 1.36523269
3770 297 -1.88664799 1.63295204
3780 297 -2.05316093 1.90152129
3790 297 -2.22727199 2.15008383
3800 297 -2.40502064 2.38933144
3810 297 -2.58244633 2.62995589
3820 297 -2.76444449 2.74890827
3830 297 -2.94824445 2.83850501
3840 297 -3.13066756 2.92777879
