2690 260 0.00000000 0.00000000
2700 260 0.00000000 0.33452055
2710 260 0.01467174 0.67216199
2720 260 0.02238427 1.00791416
2730 260 -0.04091826 1.33530809
2740 260 -0.10487846 1.66194871
2750 260 -0.17437494 1.97616558
2760 260 -0.25738329 2.25969972
2770 260 -0.34039164 2.54323387
2780 260 -0.42264668 2.82611036
2790 260 -0.60185241 3.07548219
2800 260 -0.78171580 3.32410069
2810 260 -0.96157918 3.57271920
2820 260 -1.18456100 3.85101600
2830 260 -1.41206272 4.13325875
2840 260 -1.62024126 4.38137504
2850 260 -1.81503945 4.60984531
2860 260 -1.99553658 4.83645022
2870 260 -2.15477344 5.06307905
2880 260 -2.31325697 5.28905022
2540 408 -0.02289844 1.28904486
2550 408 0.02740639 1.56106402
2560 408 0.10762866 1.83085911
2570 408 0.18850860 2.10140751
2580 408 0.24472039 2.22357638
2590 408 0.29850483 2.32927990
2600 408 0.35228927 2.43498342
2610 408 0.26376855 2.60120340
2620 408 0.17449451 2.76808104
2630 408 0.15683341 2.99722093
2640 408 0.21219623 3.28871871
2650 408 0.26755905 3.58021650
2660 408 0.25778984 3.81839618
2670 408 0.21982506 4.03340240
2680 408 0.19316003 4.23854376
2690 408 0.26942440 4.34718880
2700 408 0.34493546 4.45649150
2710 408 0.39899492 4.56859224
2720 408 0.36423472 4.69451574
2730 408 0.33022784 4.81978159
2660 368 -1.68158278 1.29282341
2670 368 -1.67559212 1.31945256
2680 368 -1.66960145 1.34608172
2690 368 -1.66285747 1.37205322
2700 368 -1.65686681 1.39868237
2710 368 -1.65012283 1.42465387
2720 368 -1.64478982 1.45052971
2730 368 -1.63879916 1.47715887
2740 368 -1.63205518 1.50313036
2750 368 -1.60076263 1.61652250
2760 368 -1.56722209 1.73857180
2770 368 -1.53227058 1.86071676
2780 368 -1.49873004 1.98276607
2790 368 -1.46453184 2.10556869
2800 368 -1.44767189 2.17049743
2810 368 -1.43259359 2.23034428
2820 368 -1.41751530 2.29019112
2830 368 -1.40309466 2.34928465
2840 368 -1.38801636 2.40913150
2850 368 -1.37293807 2.46897835
2660 379 -0.99815691 0.88202652
2670 379 -0.99722423 0.88917706
2680 379 -1.02705797 1.06788058
2690 379 -1.05689171 1.24658409
2700 379 -1.06712726 1.39755838
2710 379 -1.02959294 1.48160702
2720 379 -0.99205863 1.56565567
2730 379 -0.95461997 1.65111529
2740 379 -0.91708566 1.73516394
2750 379 -0.87889368 1.81996591
2760 379 -0.85240801 1.85790677
2770 379 -0.82770400 1.89076574
2780 379 -0.80299999 1.92362471
2790 379 -0.77763832 1.95723699
2800 379 -0.75218099 1.98943830
2810 379 -0.72681932 2.02305059
2820 379 -0.70211531 2.05590955
2830 379 -0.68297149 2.09760505
2840 379 -0.67240114 2.15076770
2850 379 -0.66117313 2.20468367
2670 254 -0.56399524 0.27998280
2680 254 -0.58086715 0.56020474
2690 254 -0.59773906 0.84042669
2700 254 -0.64054659 1.17913233
2710 254 -0.69504848 1.54397688
2720 254 -0.74955036 1.90882143
2730 254 -0.86828746 2.17575869
2740 254 -0.98636690 2.44344927
2750 254 -1.15007582 2.71513362
2760 254 -1.42019376 2.99873952
2770 254 -1.69096935 3.28159209
2780 254 -1.98668810 3.57692821
2790 254 -2.29859718 3.88108889
2800 254 -2.60975295 4.18459192
2810 254 -2.85021651 4.53257652
2820 254 -3.04216884 4.90723810
2830 254 -3.23487449 5.28255734
2840 254 -3.41710544 5.62882007
2850 254 -3.59631117 5.96182203
2860 254 -3.78813197 6.30318223
2680 257 -0.05825651 0.52476297
2690 257 -0.05401163 0.84894037
2700 257 -0.04344128 1.15299343
2710 257 -0.00813104 1.37438491
2720 257 0.02708354 1.59718737
2730 257 0.06390041 1.81726353
2740 257 0.10260655 2.03038048
2750 257 0.14131269 2.24349743
2760 257 0.17860786 2.45651872
2770 257 0.09536036 2.70176524
2780 257 -0.07003456 2.96695672
2790 257 -0.23552514 3.23355917
2800 257 -0.43114840 3.52646793
2810 257 -0.62677165 3.81937669
2820 257 -0.83443602 4.11217783
2830 257 -1.05922341 4.40665301
2840 257 -1.28335314 4.70188151
2850 257 -1.49617115 4.97661500
2860 257 -1.69570448 5.23311344
2870 257 -1.89589547 5.48885857
2680 350 -1.57210072 0.63970957
2690 350 -1.56019113 0.67311858
2700 350 -1.54903487 0.70718525
2710 350 -1.53787860 0.74125191
2720 350 -1.51719228 0.83337182
2730 350 -1.49071857 0.96557296
2740 350 -1.46490252 1.09702079
2750 350 -1.43833315 1.22781096
2760 350 -1.40216198 1.35287353
2770 350 -1.35638901 1.47220850
2780 350 -1.30976706 1.58947484
2790 350 -1.26465174 1.70805649
2800 350 -1.22046911 1.81948761
2810 350 -1.19522701 1.87577115
2820 350 -1.17064257 1.93130137
2830 350 -1.14540048 1.98758490
2840 350 -1.12081604 2.04311512
2850 350 -1.09557394 2.09939866
2860 350 -1.07098950 2.15492888
2870 350 -1.04565175 2.20980144
2730 402 -1.26459196 1.57127565
2740 402 -1.24974085 1.66583487
2750 402 -1.23564306 1.76105174
2760 402 -1.21994298 1.85354232
2770 402 -1.19067124 1.92356492
2780 402 -1.16064618 1.99292987
2790 402 -1.13137443 2.06295247
2800 402 -1.10210269 2.13297507
2810 402 -1.07283094 2.20299768
2820 402 -1.03133872 2.28093609
2830 402 -0.98853119 2.36038113
2840 402 -0.94431268 2.43992183
2850 402 -0.90084749 2.52012020
2860 402 -0.83709057 2.62508236
2870 402 -0.75228861 2.75415066
2880 402 -0.66823996 2.88387662
2890 402 -0.58343799 3.01294492
2900 402 -0.52070941 3.11216753
2910 402 -0.47216232 3.19058423
2920 402 -0.42427289 3.26824762
2820 420 -1.56500997 -1.23156559
2830 420 -1.58362766 -0.98831596
2840 420 -1.64844879 -0.73260671
2850 420 -1.72418704 -0.47267649
2860 420 -1.79992528 -0.21274627
2870 420 -1.87748106 0.07399246
2880 420 -1.96126664 0.46307469
2890 420 -2.04514788 0.85356788
2900 420 -2.14460964 1.21252939
2910 420 -2.25965189 1.53995919
2920 420 -2.37478981 1.86879997
2930 420 -2.48606549 2.19294149
2940 420 -2.59027433 2.50693117
2950 420 -2.69382552 2.82167416
2960 420 -2.79803436 3.13566384
2970 420 -2.92423288 3.42902698
2980 420 -3.05456867 3.72069217
2990 420 -3.18415114 4.01169970
3000 420 -3.16309414 4.27606612
3010 420 -3.07814869 4.52846317
2860 369 -1.35851743 2.52807187
2870 369 -1.34343913 2.58791872
2880 369 -1.32086354 2.67307941
2890 369 -1.29444961 2.77480111
2900 369 -1.26737803 2.87727613
2910 369 -1.24105977 2.98040881
2920 369 -1.21464585 3.08213051
2930 369 -1.18757427 3.18460553
2940 369 -1.19719998 3.29522354
2950 369 -1.21633184 3.41015819
2960 369 -1.23536804 3.52368185
2970 369 -1.25374658 3.63795884
2980 369 -1.27278278 3.75148250
2990 369 -1.28414233 3.81449807
3000 369 -1.29028843 3.84243058
3010 369 -1.29653020 3.87177407
3020 369 -1.30342963 3.90036424
3030 369 -1.30957574 3.92829675
3040 369 -1.31581751 3.95764024
3050 369 -1.32271694 3.98623041
2860 380 -0.64994512 2.25859964
2870 380 -0.63871711 2.31251561
2880 380 -0.62814676 2.36567826
2890 380 -0.61691875 2.41959423
2900 380 -0.60621686 2.52308563
2910 380 -0.59625634 2.70023469
2920 380 -0.58554250 2.87672609
2930 380 -0.56736723 3.02679161
2940 380 -0.53815528 3.14996490
2950 380 -0.50894332 3.27313820
2960 380 -0.49070827 3.37005303
2970 380 -0.50090794 3.40550675
2980 380 -0.50969664 3.44105614
2990 380 -0.51923865 3.47726318
3000 380 -0.52868501 3.51205925
3010 380 -0.53747370 3.54760863
3020 380 -0.54701572 3.58381568
3030 380 -0.55646207 3.61861175
3040 380 -0.56525077 3.65416113
3050 380 -0.57479279 3.69036817
2860 874 0.55521850 1.66842963
2870 874 0.54823537 1.60417049
2880 874 0.52176166 1.63922963
2890 874 0.49387698 1.67419310
2900 874 0.46674561 1.70849891
2910 874 0.43886093 1.74346238
2920 874 0.41097624 1.77842586
2930 874 0.38450253 1.81348499
2940 874 0.35661785 1.84844846
2950 874 0.32948648 1.88275427
2960 874 0.27756740 2.04224223
2970 874 0.22006421 2.23182700
2980 874 0.17272481 2.41784845
2990 874 0.15079492 2.59496164
3000 874 0.12952268 2.77282814
3010 874 0.11613038 2.97036458
3020 874 0.12451253 3.21260978
3030 874 0.13289467 3.45485499
3040 874 0.14127682 3.69710020
3050 874 0.18342670 3.77579192
2880 351 -1.02040965 2.26608498
2890 351 -0.99582521 2.32161520
2900 351 -0.96198574 2.42880144
2910 351 -0.92393725 2.55753494
2920 351 -0.88513545 2.68561077
2930 351 -0.84774462 2.81359095
2940 351 -0.80969614 2.94232445
2950 351 -0.81754020 3.05802437
2960 351 -0.83648074 3.17013706
2970 351 -0.85542128 3.28224975
2980 351 -0.87370417 3.39511576
2990 351 -0.88084274 3.46904844
3000 351 -0.87561735 3.50696539
3010 351 -0.87029630 3.54347137
3020 351 -0.86497525 3.57997735
3030 351 -0.85965421 3.61648333
3040 351 -0.85442882 3.65440028
3050 351 -0.84910777 3.69090626
3060 351 -0.84454004 3.72806989
3070 351 -0.83921899 3.76457587
