3940 482 0.00000000 0.00000000
3950 482 0.00000000 0.29881432
3960 482 -0.00084668 0.59816075
3970 482 -0.00084668 0.89697507
3980 482 0.05409379 1.12346689
3990 482 0.10988094 1.34942661
4000 482 0.16482142 1.57591843
4010 482 0.21922979 1.80156357
4020 482 0.24349904 2.01307954
4030 482 0.26745371 2.22597428
4040 482 0.29172296 2.43749025
4050 482 0.31599222 2.64900621
4060 482 0.40247736 2.85803568
4070 482 0.49617099 3.06725926
4080 482 0.59017921 3.27510405
4090 482 0.68387284 3.48432762
4100 482 0.73763198 3.66195632
4110 482 0.78703724 3.83641583
4120 482 0.83591040 4.01002865
4130 482 0.86412524 4.18835679
3760 687 1.12792451 2.25330564
3770 687 1.12105402 2.26116671
3780 687 1.11418354 2.26902778
3790 687 1.10731305 2.27688884
3800 687 1.10044256 2.28474991
3810 687 1.09410418 2.29345766
3820 687 1.08723369 2.30131873
3830 687 1.08036320 2.30917980
3840 687 1.07433940 2.31650877
3850 687 1.06746891 2.32436983
3860 687 1.06113052 2.33307758
3870 687 1.05426004 2.34093865
3880 687 1.04738955 2.34879972
3890 687 1.04051906 2.35666079
3900 687 0.86409178 2.51005705
3910 687 0.68681781 2.66398542
3920 687 0.52058080 2.73775029
3930 687 0.35402921 2.81289394
3940 687 0.20922357 2.89444960
3950 687 0.14791794 3.00738595
3880 708 0.89602130 0.42781751
3890 708 0.84753300 0.57994208
3900 708 0.80953951 0.77507663
3910 708 0.77239269 0.96967909
3920 708 0.70868089 1.22349557
3930 708 0.63758992 1.49376039
3940 708 0.56649895 1.76402521
3950 708 0.44756556 1.97695677
3960 708 0.31566760 2.17677651
3970 708 0.18376964 2.37659625
3980 708 0.07330305 2.58420678
3990 708 -0.03525266 2.79297856
4000 708 -0.13364821 2.99536511
4010 708 -0.15175310 3.13193822
4020 708 -0.16847921 3.26882590
4030 708 -0.18607542 3.39681173
4040 708 -0.21000667 3.49216526
4050 708 -0.23362334 3.58614001
4060 708 -0.25670791 3.68096143
4070 708 -0.28896205 3.79689965
3890 711 1.17084079 1.00981772
3900 711 1.16265846 1.08700612
3910 711 1.15362944 1.16472663
3920 711 1.09082120 1.31285875
3930 711 1.00360316 1.49168552
3940 711 0.91948069 1.67919661
3950 711 0.84573255 1.90388798
3960 711 0.77113773 2.12911146
3970 711 0.69451155 2.34734397
3980 711 0.59979387 2.53678937
3990 711 0.50645497 2.72654935
4000 711 0.41389248 2.88747537
4010 711 0.32312373 3.00239289
4020 711 0.23320167 3.11677830
4030 711 0.16930915 3.21244306
4040 711 0.13229286 3.28885506
4050 711 0.09665534 3.36558164
4060 711 0.05910694 3.44114696
4070 711 0.02346942 3.51787353
4080 711 -0.02961036 3.61382944
3960 688 0.08745899 3.11979021
3970 688 0.02615336 3.23272656
3980 688 0.09823492 3.27600762
3990 688 0.20186114 3.30182632
4000 688 0.30548736 3.32764503
4010 688 0.40775823 3.36258312
4020 688 0.50666581 3.40908357
4030 688 0.60525880 3.45696280
4040 688 0.70385180 3.50484203
4050 688 0.74668107 3.63500982
4060 688 0.77535774 3.78588277
4070 688 0.80456652 3.93760241
4080 688 0.83880852 4.06726152
4090 688 0.87346214 4.19193760
4100 688 0.90864787 4.31746037
4110 688 0.94468028 4.44245103
4120 688 0.98673650 4.56011273
4130 688 1.05999939 4.65225690
4140 688 1.13326227 4.74440108
4150 688 1.20652516 4.83654526
3990 718 1.10443166 0.51888410
4000 718 0.96191841 0.66986414
4010 718 0.81940516 0.82084419
4020 718 0.74764154 1.03365862
4030 718 0.69351093 1.26137528
4040 718 0.63991243 1.48993862
4050 718 0.58411859 1.64547333
4060 718 0.52767216 1.79433166
4070 718 0.47154031 1.94181120
4080 718 0.42292819 2.12944611
4090 718 0.37421901 2.32068527
4100 718 0.32560688 2.50832019
4110 718 0.27385233 2.66840287
4120 718 0.22209779 2.82848556
4130 718 0.17034324 2.98856825
4140 718 0.04969307 3.19313006
4150 718 -0.06957832 3.39800645
4160 718 -0.20619159 3.57716788
4170 718 -0.35206813 3.73971029
4180 718 -0.49453453 3.90955824
