540 137 0.00000000 0.00000000
550 137 0.00000000 0.18642425
560 137 0.07913134 0.37711833
570 137 0.27869765 0.57198568
580 137 0.47579111 0.75506809
590 137 0.65967814 0.84003021
600 137 0.84244943 0.92412335
610 137 0.96729370 1.01239513
620 137 1.00419341 1.10656206
630 137 1.04109311 1.20072900
640 137 1.07799282 1.29489593
650 137 1.13487920 1.36340097
660 137 1.19188895 1.43289837
670 137 1.24877532 1.50140341
680 137 1.30593527 1.53158188
690 137 1.36349216 1.52442616
700 137 1.42104905 1.51727044
710 137 1.47959830 1.50999135
720 137 1.53715519 1.50283562
730 137 1.65023061 1.56939349
370 121 -0.13764840 1.63245396
380 121 -0.07882022 1.57878604
390 121 0.03437321 1.46797428
400 121 0.14769002 1.35815487
410 121 0.24363247 1.26258791
420 121 0.29738084 1.20048225
430 121 0.35212158 1.13825322
440 121 0.40599332 1.07713993
450 121 0.46073406 1.01491090
460 121 0.49975795 0.89921243
470 121 0.52281826 0.72805980
480 121 0.54699430 0.55777616
490 121 0.55269098 0.38475145
500 121 0.48744732 0.20039239
510 121 0.44317196 0.00637256
520 121 0.48066172 -0.22703592
530 121 0.51119960 -0.45151852
540 121 0.52361751 -0.65964059
550 121 0.53516644 -0.86664692
560 121 0.59397316 -1.07449006
400 6 1.43447005 1.29290049
410 6 1.40209765 1.29188667
420 6 1.36885627 1.29198859
430 6 1.33648387 1.29097477
440 6 1.25548046 1.30406856
450 6 0.98057523 1.37049232
460 6 0.70653899 1.43580035
470 6 0.42219830 1.51548956
480 6 0.10197708 1.64700142
490 6 -0.21812077 1.77950564
500 6 -0.53834199 1.91101750
510 6 -0.71558288 2.09025385
520 6 -0.85587043 2.28303456
530 6 -0.99628135 2.47482292
540 6 -1.13669227 2.66661128
550 6 -1.19935042 2.88400252
560 6 -1.24204337 3.10798090
570 6 -1.28473631 3.33195927
580 6 -1.35272103 3.53892806
590 6 -1.44500516 3.72876388
400 95 2.43604041 -1.11506418
410 95 2.15178554 -0.97794682
420 95 1.91291640 -0.82430264
430 95 1.78168347 -0.63163994
440 95 1.65032717 -0.43996959
450 95 1.62676264 -0.25666189
460 95 1.64909342 -0.07704470
470 95 1.67142421 0.10257249
480 95 1.74474622 0.26275016
490 95 1.82948305 0.41747788
500 95 1.91521224 0.57208223
510 95 1.97849800 0.71637677
520 95 2.02578798 0.85359068
530 95 2.07307797 0.99080459
540 95 2.12036795 1.12801850
550 95 2.13034520 1.23258644
560 95 2.08391883 1.28874330
570 95 2.03848483 1.34477679
580 95 1.99193509 1.39994128
590 95 1.94550873 1.45609814
400 162 3.44193960 -0.89448128
410 162 3.23383363 -0.93108596
420 162 3.02597976 -0.97376818
430 162 2.81614654 -1.02426590
440 162 2.60618995 -1.07575599
450 162 2.30739835 -0.90156191
460 162 1.99854367 -0.70293968
470 162 1.86705327 -0.49613718
480 162 1.77909797 -0.28769326
490 162 1.69114267 -0.07924935
500 162 1.72737187 0.09057835
510 162 1.76248532 0.25953705
520 162 1.80057586 0.42812564
530 162 1.85095558 0.58208630
540 162 1.90232765 0.73592358
550 162 1.95369972 0.88976087
560 162 1.93988178 0.96504077
570 162 1.91057228 1.02108499
580 162 1.88027043 1.07725257
590 162 1.84996858 1.13342016
450 837 2.87293100 2.18020996
460 837 2.80510721 2.14531106
470 837 2.73629105 2.11053554
480 837 2.64280000 2.06371223
490 837 2.44800237 1.97204497
500 837 2.25419711 1.88025434
510 837 2.05790827 1.79280327
520 837 1.85702238 1.71700841
530 837 1.65613650 1.64121355
540 837 1.44520364 1.56566007
550 837 1.20053053 1.49430133
560 837 0.95486506 1.42306596
570 837 0.68956695 1.40465633
580 837 0.41233907 1.41997623
590 837 0.13733729 1.44509635
600 837 -0.09890344 1.56314430
610 837 -0.33502080 1.68218461
620 837 -0.55167180 1.81190486
630 837 -0.73881484 1.96012592
640 837 -0.92608125 2.10735463
520 133 0.88134994 0.06173553
530 133 0.89541464 0.17486459
540 133 0.90947933 0.28799365
550 133 0.92354403 0.40112271
560 133 1.07420039 0.47006224
570 133 1.22398778 0.54011751
580 133 1.37365178 0.60918041
590 133 1.42432116 0.70062774
600 133 1.47511391 0.79306744
610 133 1.52578328 0.88451477
620 133 1.57645266 0.97596210
630 133 1.62712203 1.06740943
640 133 1.66887089 1.14384262
650 133 1.70541657 1.21084571
660 133 1.74183887 1.27685644
670 133 1.77826117 1.34286716
680 133 1.81468347 1.40887789
690 133 1.85110577 1.47488862
700 133 1.88752807 1.54089934
710 133 1.95607066 1.61400142
600 158 0.40117635 0.11437890
610 158 0.27805932 0.22642441
620 158 0.13817945 0.36574641
630 158 -0.01238036 0.52453477
640 158 -0.16380916 0.68443886
650 158 -0.31436898 0.84322722
660 158 -0.39906290 0.99684994
670 158 -0.48375681 1.15047266
680 158 -0.56845073 1.30409538
690 158 -0.65302128 1.45871046
700 158 -0.71513230 1.59944859
710 158 -0.72525437 1.71256156
720 158 -0.73450746 1.82455879
730 158 -0.74462953 1.93767176
740 158 -0.75388262 2.04966900
750 158 -0.76301233 2.16265859
760 158 -0.83676347 2.27461291
770 158 -0.91646877 2.38730748
780 158 -0.99716642 2.50012542
790 158 -1.07699510 2.61182763
