1570 227 0.00000000 0.00000000
1580 227 0.00000000 0.50012998
1590 227 -0.00054786 0.99833647
1600 227 -0.00438886 1.49228206
1610 227 -0.00850379 1.98526590
1620 227 -0.01615580 2.43662656
1630 227 -0.02585928 2.87713404
1640 227 -0.03829604 3.30074392
1650 227 -0.05661928 3.70003612
1660 227 -0.07590427 4.09960224
1670 227 -0.06455922 4.50084193
1680 227 -0.00885170 4.90816204
1690 227 0.04754364 5.31424648
1700 227 0.06963790 5.67291323
1710 227 0.05880671 5.98169096
1720 227 0.04728771 6.29170437
1730 227 -0.07718393 6.48624180
1740 227 -0.20261733 6.68105315
1750 227 -0.38028314 6.91881534
1760 227 -0.57114552 7.16865439
1450 200 0.26320757 2.80415901
1460 200 0.28777519 2.82835472
1470 200 0.31110712 2.85186261
1480 200 0.33540081 2.87509657
1490 200 0.35996842 2.89929228
1500 200 0.40579251 2.96526313
1510 200 0.50194551 3.13127397
1520 200 0.59933419 3.29797264
1530 200 0.69644895 3.46370955
1540 200 0.88014519 3.57567245
1550 200 1.08473201 3.67336705
1560 200 1.29028057 3.77078772
1570 200 1.29271594 3.81584401
1580 200 1.29583913 3.85966462
1590 200 1.29923624 3.90444698
1600 200 1.30139768 3.94854151
1610 200 1.30452087 3.99236212
1620 200 1.30764406 4.03618273
1630 200 1.31007942 4.08123902
1640 200 1.31320261 4.12505962
1540 217 -1.38569177 -0.00251535
1550 217 -1.33664852 0.49092438
1560 217 -1.28787919 0.98340235
1570 217 -1.27591231 1.46348754
1580 217 -1.28042313 1.93682849
1590 217 -1.27408078 2.40811797
1600 217 -1.22775882 2.87009987
1610 217 -1.18212469 3.33331745
1620 217 -1.15035695 3.78800725
1630 217 -1.15428992 4.22687116
1640 217 -1.15726115 4.66546114
1650 217 -1.15142467 5.08386637
1660 217 -1.13031616 5.47192748
1670 217 -1.10824589 5.85971467
1680 217 -1.07341695 6.26674286
1690 217 -1.03584272 6.67610844
1700 217 -0.99895031 7.07942959
1710 217 -0.96040233 7.47396102
1720 217 -0.93241560 7.84966535
1730 217 -0.91883113 8.20035818
1560 223 -0.76330957 -0.00406294
1570 223 -0.76604885 0.48644954
1580 223 -0.76782639 0.97668809
1590 223 -0.74225504 1.44977911
1600 223 -0.70953754 1.91875519
1610 223 -0.67269912 2.38759731
1620 223 -0.59547320 2.85221452
1630 223 -0.51852120 3.31586999
1640 223 -0.46588089 3.77813181
1650 223 -0.44977507 4.23624272
1660 223 -0.43339533 4.69531538
1670 223 -0.39968610 5.12761699
1680 223 -0.36130207 5.55442804
1690 223 -0.33486095 5.97216344
1700 223 -0.42936438 6.30477297
1710 223 -0.52263213 6.63807033
1720 223 -0.61903507 6.94210729
1730 223 -0.71775741 7.22704921
1740 223 -0.81675367 7.51102939
1750 223 -0.80598847 7.78246282
