1760 224 0.00000000 0.00000000
1770 224 0.00000000 0.27153269
1780 224 -0.04877866 0.54812922
1790 224 -0.10348294 0.82609944
1800 224 -0.15725179 1.10300901
1810 224 -0.20653499 1.35559002
1820 224 -0.25407254 1.60405366
1830 224 -0.30254553 1.85357795
1840 224 -0.33722644 2.13129405
1850 224 -0.37072148 2.41194166
1860 224 -0.39966459 2.68528997
1870 224 -0.37647401 2.89524996
1880 224 -0.35334604 3.10421191
1890 224 -0.33616947 3.20232901
1900 224 -0.32262782 3.22652867
1910 224 -0.30902357 3.25172638
1920 224 -0.29448388 3.27586343
1930 224 -0.28094224 3.30006310
1940 224 -0.26740059 3.32426276
1950 224 -0.25379633 3.34946047
1740 218 -0.26088572 0.45723040
1750 218 -0.30483991 0.82670710
1760 218 -0.34542434 1.20198420
1770 218 -0.38501074 1.57719870
1780 218 -0.43191117 1.88373638
1790 218 -0.47981332 2.17430545
1800 218 -0.52877612 2.46393909
1810 218 -0.57244305 2.72618744
1820 218 -0.60303605 2.87739944
1830 218 -0.63362906 3.02861143
1840 218 -0.63165876 3.18780037
1850 218 -0.62157894 3.34848453
1860 218 -0.61149912 3.50916868
1870 218 -0.59499651 3.66043224
1880 218 -0.56820415 3.80002869
1890 218 -0.54247244 3.93868971
1900 218 -0.45319406 4.00422878
1910 218 -0.33884687 4.03813630
1920 218 -0.22356424 4.07098318
1930 218 -0.12038330 4.10258527
1770 228 0.14073444 -0.50379938
1780 228 -0.02142652 -0.13392126
1790 228 -0.09935820 0.31684215
1800 228 -0.06701587 0.72060938
1810 228 0.04054760 1.09360683
1820 228 0.14348180 1.40878067
1830 228 0.24303888 1.68609167
1840 228 0.34365660 1.96433809
1850 228 0.36369102 2.28371032
1860 228 0.38372544 2.60308255
1870 228 0.37703011 2.78385637
1880 228 0.35965467 2.90618418
1890 228 0.34121859 3.02757657
1900 228 0.33998117 3.07174068
1910 228 0.33924093 3.10785788
1920 228 0.33949872 3.14391247
1930 228 0.33981912 3.18096510
1940 228 0.34007692 3.21701969
1950 228 0.34033472 3.25307428
1960 228 0.34059251 3.28912887
1860 375 1.26100104 1.19038707
1870 375 1.23292339 1.15808157
1880 375 1.20484574 1.12577607
1890 375 1.17670548 1.09247253
1900 375 1.04933223 1.10647452
1910 375 0.91116839 1.12415932
1920 375 0.77406519 1.14277954
1930 375 0.63596395 1.16146238
1940 375 0.42618442 1.15558463
1950 375 0.16837015 1.13468475
1960 375 -0.08850868 1.11272423
1970 375 -0.27147008 1.08712879
1980 375 -0.43447071 1.06028119
1990 375 -0.59846938 1.03349620
2000 375 -0.71237464 1.02260617
2010 375 -0.75453899 1.03727475
2020 375 -0.79576791 1.05088269
2030 375 -0.83793227 1.06555127
2040 375 -0.88015923 1.07922182
2050 375 -0.92132554 1.09382779
1930 398 0.90605666 0.59544212
1940 398 0.79882464 0.57912365
1950 398 0.69153000 0.56180713
1960 398 0.60207853 0.55739882
1970 398 0.53140564 0.56483807
1980 398 0.45973471 0.57233993
1990 398 0.38806378 0.57984179
2000 398 0.31739089 0.58728104
2010 398 0.24571996 0.59478290
2020 398 0.17504707 0.60222216
2030 398 0.08242838 0.65913243
2040 398 -0.03014002 0.76538852
2050 398 -0.14370646 0.87170721
2060 398 -0.25091270 0.96760726
2070 398 -0.30680284 0.97111329
2080 398 -0.36369102 0.97468192
2090 398 -0.42057920 0.97825055
2100 398 -0.47646934 0.98175657
2110 398 -0.53335752 0.98532520
2120 398 -0.59024570 0.98889384
