2740 409 0.00000000 0.00000000
2750 409 0.00000000 0.09904544
2760 409 0.00148417 0.19424417
2770 409 0.00215053 0.28886740
2780 409 0.11412943 0.22704729
2790 409 0.24576597 0.13381736
2800 409 0.40941812 -0.01880955
2810 409 0.57307028 -0.17143646
2820 409 0.78878944 -0.24340342
2830 409 1.03870502 -0.26318222
2840 409 1.26126952 -0.25451953
2850 409 1.45475646 -0.21496193
2860 409 1.64881890 -0.17622214
2870 409 1.80919982 -0.13306013
2880 409 1.94507685 -0.08635430
2890 409 2.08234717 -0.03989078
2900 409 2.22331276 -0.02995595
2910 409 2.36960924 -0.05539881
2920 409 2.51508792 -0.08141717
2930 409 2.67801313 -0.10616339
2660 782 -0.54596151 0.37270770
2670 782 -0.53436077 0.35274717
2680 782 -0.52194223 0.33336213
2690 782 -0.51034149 0.31340159
2700 782 -0.49874076 0.29344106
2710 782 -0.48656453 0.27266272
2720 782 -0.47496379 0.25270218
2730 782 -0.46254525 0.23331714
2740 782 -0.45094452 0.21335661
2750 782 -0.43876829 0.19257827
2760 782 -0.42634975 0.17319323
2770 782 -0.41474901 0.15323269
2780 782 -0.40314828 0.13327216
2790 782 -0.39154754 0.11331162
2800 782 -0.38609550 0.06212300
2810 782 -0.38654983 -0.01890042
2820 782 -0.38782198 -0.10049932
2830 782 -0.38909412 -0.18209823
2840 782 -0.31649108 -0.25573110
2850 782 -0.24470585 -0.32993946
2660 873 0.32890963 0.17031576
2670 873 0.21338690 0.14160167
2680 873 0.09868197 0.11346307
2690 873 -0.01417531 0.06706013
2700 873 -0.12700231 0.00845067
2710 873 -0.23901150 -0.04958330
2720 873 -0.35126300 -0.10901057
2730 873 -0.43473983 -0.27535845
2740 873 -0.51003860 -0.46896655
2750 873 -0.58615518 -0.66315014
2760 873 -0.60305651 -0.88413961
2770 873 -0.56180272 -1.13390374
2780 873 -0.52160905 -1.38563668
2790 873 -0.50292066 -1.65372574
2800 873 -0.48283897 -1.92205711
2810 873 -0.46357508 -2.19096398
2820 873 -0.46772469 -2.43354959
2830 873 -0.47129881 -2.67695301
2840 873 -0.47626623 -2.92011412
2850 873 -0.50158794 -3.08222153
2720 878 1.81198642 1.25309146
2730 878 1.80087031 1.24282344
2740 878 1.78951189 1.23116213
2750 878 1.77839578 1.22089412
2760 878 1.76727967 1.21062610
2770 878 1.75616356 1.20035809
2780 878 1.74480514 1.18869678
2790 878 1.73368903 1.17842876
2800 878 1.72314841 1.16734294
2810 878 1.71203231 1.15707493
2820 878 1.70009839 1.14623142
2830 878 1.68955777 1.13514560
2840 878 1.67844166 1.12487759
2850 878 1.66732555 1.11460957
2860 878 1.65596713 1.10294826
2870 878 1.64485102 1.09268024
2880 878 1.63373491 1.08241223
2890 878 1.62319430 1.07132641
2900 878 1.61126038 1.06048290
2910 878 1.60014427 1.05021489
2720 883 0.89452878 -0.36586236
2730 883 0.86642047 -0.23034881
2740 883 0.83855447 -0.09344196
2750 883 0.81044616 0.04207160
2760 883 0.78315566 0.17816064
2770 883 0.74271967 0.29643968
2780 883 0.69028920 0.39527310
2790 883 0.63810103 0.49549982
2800 883 0.58591287 0.59572654
2810 883 0.53348239 0.69455996
2820 883 0.52173021 0.80856824
2830 883 0.53666275 0.93157238
2840 883 0.55217078 1.05375872
2850 883 0.56767881 1.17594505
2860 883 0.58261135 1.29894920
2870 883 0.51427908 1.50031131
2880 883 0.44512901 1.70109793
2890 883 0.37679674 1.90246004
2900 883 0.30955487 2.02755414
2910 883 0.24137405 2.13486851
2720 884 0.79614969 -0.60139061
2730 884 0.80460036 -0.50740345
2740 884 0.81362652 -0.41423410
2750 884 0.82207719 -0.32024694
2760 884 0.83052785 -0.22625978
2770 884 0.83676741 -0.13260580
2780 884 0.82783212 -0.03128867
2790 884 0.81750353 0.07027077
2800 884 0.80717494 0.17183022
2810 884 0.78061137 0.27908401
2820 884 0.71346038 0.40057370
2830 884 0.64630938 0.52206339
2840 884 0.58415610 0.64340163
2850 884 0.57297941 0.75659209
2860 884 0.56180272 0.86978256
2870 884 0.55062603 0.98297303
2880 884 0.51827725 1.17664170
2890 884 0.47756866 1.40477940
2900 884 0.37016342 1.60432417
2910 884 0.19745482 1.77503369
2740 250 0.33451311 0.42126117
2750 250 0.34787062 0.41965585
2760 250 0.35414047 0.40205787
2770 250 0.34932450 0.36198535
2780 250 0.34508402 0.32109503
2790 250 0.34166135 0.28078020
2800 250 0.33742087 0.23988988
2810 250 0.33260490 0.19981737
2820 250 0.32836442 0.15892705
2830 250 0.32494175 0.11861222
2840 250 0.32070127 0.07772190
2850 250 0.27254156 -0.05888206
2860 250 0.18209823 -0.29004868
2870 250 0.09453236 -0.52530432
2880 250 0.01790087 -0.77609829
2890 250 -0.05815512 -1.02771007
2900 250 -0.11546215 -1.30770275
2910 250 -0.09604682 -1.70367251
2920 250 -0.07663149 -2.09964226
2930 250 -0.04800827 -2.54171206
2830 796 -0.84470316 1.08568346
2840 796 -0.79926947 1.06629841
2850 796 -0.76071142 1.04452053
2860 796 -0.77352372 0.99148427
2870 796 -0.78633602 0.93844801
2880 796 -0.79833051 0.88598724
2890 796 -0.81114281 0.83295098
2900 796 -0.70322265 0.75604689
2910 796 -0.59530249 0.67914280
2920 796 -0.47884080 0.62659116
2930 796 -0.34178251 0.62643972
2940 796 -0.20472421 0.62628827
2950 796 -0.07478385 0.62235069
2960 796 -0.00572464 0.59024421
2970 796 0.06309225 0.55674444
2980 796 0.13215146 0.52463796
2990 796 0.20178616 0.49171368
3000 796 0.27002756 0.45903171
3010 796 0.30976690 0.45642685
3020 796 0.30449659 0.50040666
2860 783 -0.17482884 -0.39448559
2870 783 -0.12579074 -0.38076461
2880 783 -0.07593484 -0.36646814
2890 783 -0.02607894 -0.35217168
2900 783 0.02435246 -0.33869301
2910 783 0.08223498 -0.32363932
2920 783 0.17664619 -0.30489035
2930 783 0.27105739 -0.28614138
2940 783 0.36489311 -0.26657460
2950 783 0.41883804 -0.24940067
2960 783 0.41290137 -0.23401379
2970 783 0.40696471 -0.21862692
2980 783 0.40102804 -0.20324004
2990 783 0.39451587 -0.18703536
3000 783 0.38857921 -0.17164848
3010 783 0.38264254 -0.15626160
3020 783 0.37613037 -0.14005692
3030 783 0.37019371 -0.12467005
3040 783 0.36425704 -0.10928317
3050 783 0.35832037 -0.09389629
2920 879 1.58960366 1.03912907
2930 879 1.57848755 1.02886105
2940 879 1.56655363 1.01801755
2950 879 1.55601301 1.00693173
2960 879 1.53650682 0.94429381
2970 879 1.50836822 0.82789270
2980 879 1.48104743 0.71206708
2990 879 1.45290883 0.59566596
3000 879 1.43104008 0.49468202
3010 879 1.41462337 0.40853974
3020 879 1.39820666 0.32239746
3030 879 1.38260776 0.23683068
3040 879 1.32863254 0.16583297
3050 879 1.25842234 0.10052961
3060 879 1.18960545 0.03498394
3070 879 1.11939525 -0.03031942
3080 879 1.05000286 -0.09504728
3090 879 0.95116944 -0.14747776
3100 879 0.85036723 -0.19884812
3110 879 0.74898952 -0.24940067
