4170 716 0.00000000 0.00000000
4180 716 0.00000000 0.17556765
4190 716 -0.01689377 0.33850199
4200 716 -0.03445965 0.50217679
4210 716 -0.08444608 0.66883620
4220 716 -0.14781766 0.83685120
4230 716 -0.21051714 1.00412576
4240 716 -0.26728159 1.19164322
4250 716 -0.32236007 1.38474257
4260 716 -0.37676645 1.57710147
4270 716 -0.42221901 1.77893820
4280 716 -0.46760323 1.98218748
4290 716 -0.52060844 2.15961197
4300 716 -0.58919738 2.27832404
4310 716 -0.65919889 2.39710447
4320 716 -0.77128104 2.46553393
4330 716 -0.89601928 2.52112504
4340 716 -1.04912266 2.60499014
4350 716 -1.22326635 2.70757168
4360 716 -1.40291220 2.82811781
3990 718 -1.63998321 -0.44734893
4000 718 -1.73657276 -0.26356792
4010 718 -1.83316231 -0.07978691
4020 718 -1.84496403 0.14449131
4030 718 -1.83577099 0.37837267
4040 718 -1.82583750 0.61292613
4050 718 -1.83768478 0.77774009
4060 718 -1.85195848 0.93630005
4070 718 -1.86630053 1.09344745
4080 718 -1.86258686 1.28724169
4090 718 -1.85799604 1.48453316
4100 718 -1.85428237 1.67832741
4110 718 -1.86101482 1.84643355
4120 718 -1.86774727 2.01453969
4130 718 -1.87447972 2.18264583
4140 718 -1.93558437 2.41214141
4150 718 -1.99527646 2.64156864
4160 718 -2.07859477 2.85090105
4170 718 -2.17530962 3.04672300
4180 718 -2.26677294 3.24866225
