0 109 0.00000000 0.00000000
10 109 0.00000000 0.15641611
20 109 -0.00050506 0.31196914
30 109 -0.00101013 0.46752217
40 109 0.00773578 0.54582612
50 109 0.01738951 0.60390198
60 109 0.02754831 0.66284092
70 109 0.03684403 0.72228493
80 109 0.04649777 0.78036079
90 109 0.05665657 0.83929973
100 109 0.03150571 0.97451598
110 109 -0.00261482 1.13004343
120 109 -0.03724041 1.28470781
130 109 -0.07100292 1.43886712
140 109 -0.14829674 1.60575530
150 109 -0.24501952 1.77706118
160 109 -0.34087921 1.94786200
170 109 -0.43810704 2.11830480
180 109 -0.54047501 2.31956284
190 109 -0.64785526 2.53997491
0 45 0.42179798 1.13658368
10 45 0.48588345 1.04810175
20 45 0.55133707 0.95997783
30 45 0.61592760 0.87235898
40 45 0.68001307 0.78387705
50 45 0.73189391 0.66661931
60 45 0.77453658 0.53159485
70 45 0.81667418 0.39570732
80 45 0.85931685 0.26068286
90 45 0.92585091 0.12094662
100 45 1.00836160 -0.02118708
110 45 1.09173536 -0.16382583
120 45 1.17424604 -0.30595953
130 45 1.25675672 -0.44809323
140 45 1.27818035 -0.57185925
150 45 1.25830388 -0.68304345
160 45 1.23893247 -0.79336456
170 45 1.21905600 -0.90454876
180 45 1.18873943 -1.01773403
190 45 1.13430131 -1.13650057
0 52 0.53682449 0.87577935
10 52 0.56904624 0.75264625
20 52 0.60090996 0.63088130
30 52 0.63226863 0.50825327
40 52 0.66499543 0.38598326
50 52 0.73428497 0.26085548
60 52 0.80271143 0.13623277
70 52 0.87200096 0.01110499
80 52 0.93537679 -0.12214854
90 52 0.98909248 -0.26597004
100 52 1.04331324 -0.40892846
110 52 1.09789201 -0.55325503
120 52 1.10397195 -0.68542172
130 52 1.08940184 -0.81129750
140 52 1.07518975 -0.93854142
150 52 1.06011458 -1.06528028
160 52 1.03834572 -1.19157802
170 52 0.98771794 -1.31373295
180 52 0.93658510 -1.43675097
190 52 0.88545226 -1.55976899
0 84 -0.00383592 -1.21432503
10 84 0.00212894 -1.11701409
20 84 0.00723071 -1.01919808
30 84 0.01319557 -0.92188713
40 84 0.02104003 -0.87086297
50 84 0.03080245 -0.83834075
60 84 0.04005981 -0.80668160
70 84 0.05068532 -0.77466444
80 84 0.06044774 -0.74214222
90 84 0.06970510 -0.71048307
100 84 0.08033060 -0.67846591
110 84 0.08958796 -0.64680677
120 84 0.10021346 -0.61478961
130 84 0.10947082 -0.58313047
140 84 0.11923324 -0.55060824
150 84 0.17666978 -0.50195596
160 84 0.25477554 -0.44570217
170 84 0.33201823 -0.38894331
180 84 0.41012399 -0.33268951
190 84 0.59672242 -0.31675126
0 108 0.04036029 1.02726630
10 108 0.02391697 1.21300164
20 108 0.00661057 1.39924204
30 108 -0.00983275 1.58497739
40 108 -0.07477491 1.78287260
50 108 -0.15864095 1.98604860
60 108 -0.24301205 2.18836152
70 108 -0.32515193 2.39052739
80 108 -0.39104028 2.58086584
90 108 -0.45692863 2.77120429
100 108 -0.52144884 2.96190076
110 108 -0.59474692 3.15541663
120 108 -0.72940696 3.37673015
130 108 -0.86406700 3.59804367
140 108 -1.00009518 3.81899917
150 108 -1.17760887 4.02252040
160 108 -1.38328461 4.21355571
170 108 -1.58896035 4.40459101
180 108 -1.79463610 4.59562632
190 108 -2.00031184 4.78666163
0 110 0.66661291 -0.52796991
10 110 0.60778905 -0.43445652
20 110 0.54896519 -0.34094314
30 110 0.48866449 -0.22223414
40 110 0.42123538 -0.00086948
50 110 0.35279614 0.21876902
60 110 0.31717960 0.38559966
70 110 0.30152265 0.51526022
80 110 0.28586569 0.64492078
90 110 0.27626949 0.78493832
100 110 0.27424924 0.93790210
110 110 0.27222899 1.09086588
120 110 0.27020874 1.24382967
130 110 0.22615317 1.39821913
140 110 0.11810804 1.55413657
150 110 0.00955784 1.70919093
160 110 -0.09524594 1.86668750
170 110 -0.15921633 2.03852401
180 110 -0.22318673 2.21036053
190 110 -0.28715712 2.38219705
0 111 1.09619142 -0.58586036
10 111 0.97391502 -0.57107928
20 111 0.85077553 -0.55579313
30 111 0.72849912 -0.54101204
40 111 0.61344064 -0.51191657
50 111 0.57146926 -0.35990538
60 111 0.52949788 -0.20789418
70 111 0.48803157 -0.05501991
80 111 0.45281780 0.09071955
90 111 0.45183325 0.21179404
100 111 0.44948055 0.33251050
110 111 0.44799093 0.45272190
120 111 0.43283904 0.58324554
130 111 0.40539302 0.72443944
140 111 0.37830502 0.86426519
150 111 0.35035393 1.00459600
160 111 0.32535012 1.14204348
170 111 0.30314652 1.27437639
180 111 0.28094293 1.40670931
190 111 0.25873933 1.53904222
0 113 1.86527460 -0.98030183
10 113 1.67161808 -0.94692291
20 113 1.47831958 -0.91491214
30 113 1.28552614 -0.88203829
40 113 1.16236108 -0.83313668
50 113 1.04689983 -0.78295003
60 113 0.93143857 -0.73276339
70 113 0.83947874 -0.60479703
80 113 0.75742837 -0.44207722
90 113 0.67624108 -0.27986247
100 113 0.65188937 -0.13932069
110 113 0.64149402 -0.00462868
120 113 0.63074065 0.13143147
130 113 0.61272460 0.27290028
140 113 0.59211931 0.41588427
150 113 0.57115600 0.56023640
160 113 0.55105576 0.70408348
170 113 0.53188255 0.84159489
180 113 0.51428845 0.97586494
190 113 0.49669436 1.11013500
50 118 1.03580762 3.12235738
60 118 0.93126596 2.89619142
70 118 0.82636628 2.67139360
80 118 0.74547947 2.47773069
90 118 0.67101144 2.29305662
100 118 0.59603834 2.10751946
110 118 0.55450809 1.95339212
120 118 0.51722933 1.80257006
130 118 0.53529013 1.64137823
140 118 0.60869049 1.46981662
150 118 0.68295394 1.29774994
160 118 0.73057052 1.11578659
170 118 0.76795797 0.92822279
180 118 0.80448234 0.74116406
190 118 0.71239464 0.56795939
200 118 0.56482033 0.40289328
210 118 0.41760404 0.23645902
220 118 0.26020337 0.04470128
230 118 0.07896245 -0.20957560
240 118 -0.10177340 -0.46298939
170 120 1.01060561 3.01197233
180 120 0.92001392 2.82746448
190 120 0.82942223 2.64295663
200 120 0.76101495 2.46863955
210 120 0.72624232 2.30824048
220 120 0.69146969 2.14784140
230 120 0.67292940 1.96172246
240 120 0.67163158 1.75160984
250 120 0.67033376 1.54149721
260 120 0.66903594 1.33138459
270 120 0.65559103 1.13417344
280 120 0.63848282 0.94258193
290 120 0.63469804 0.75593875
300 120 0.76082316 0.60913802
310 120 0.88745334 0.46320036
320 120 0.92861278 0.40087942
330 120 0.94914135 0.35874182
340 120 0.97017499 0.31746730
350 120 0.99070357 0.27532969
360 120 1.01123214 0.23319209
