400 41 0.00000000 0.00000000
410 41 -0.00000000 0.09360556
420 41 -0.05976141 -0.00256395
430 41 -0.12028132 -0.09938513
440 41 -0.18004273 -0.19555463
450 41 -0.32266247 -0.29962965
460 41 -0.52178527 -0.41006113
470 41 -0.72080124 -0.51908244
480 41 -0.91916553 -0.62886225
490 41 -1.17573150 -0.77678082
500 41 -1.43305597 -0.92535106
510 41 -1.62632441 -1.03338952
520 41 -1.72225889 -1.08285240
530 41 -1.81884504 -1.13155677
540 41 -1.85029616 -1.13484717
550 41 -1.83752983 -1.10673987
560 41 -1.82476349 -1.07863256
570 41 -1.81264883 -1.04976675
580 41 -1.80064099 -1.02231112
590 41 -1.78787465 -0.99420381
400 29 -1.50238946 -1.93415871
410 29 -1.52776189 -1.94145528
420 29 -1.55378598 -1.94799336
430 29 -1.57915841 -1.95528993
440 29 -1.60453084 -1.96258651
450 29 -1.63055493 -1.96912458
460 29 -1.65592736 -1.97642116
470 29 -1.68129978 -1.98371773
480 29 -1.68965399 -1.98166657
490 29 -1.67968663 -1.97178468
500 29 -1.67037094 -1.96114429
510 29 -1.66105526 -1.95050389
520 29 -1.65108790 -1.94062200
530 29 -1.64177221 -1.92998160
540 29 -1.63180486 -1.92009971
550 29 -1.62248917 -1.90945932
560 29 -1.61317348 -1.89881892
570 29 -1.60320613 -1.88893703
580 29 -1.59389044 -1.87829664
590 29 -1.58392308 -1.86841475
400 35 -2.04999585 -1.40266248
410 35 -2.06580688 -1.42415693
420 35 -2.08161790 -1.44565138
430 35 -2.09742893 -1.46714583
440 35 -2.11323996 -1.48864028
450 35 -2.12905099 -1.51013473
460 35 -2.11516292 -1.51402339
470 35 -2.09975785 -1.51660870
480 35 -2.08359428 -1.51854235
490 35 -2.06677904 -1.52123450
500 35 -2.05061547 -1.52316814
510 35 -2.03380023 -1.52586029
520 35 -2.01763666 -1.52779394
530 35 -2.00147309 -1.52972758
540 35 -1.98465785 -1.53241973
550 35 -1.96849428 -1.53435338
560 35 -1.95233071 -1.53628702
570 35 -1.93551546 -1.53897917
580 35 -1.92011040 -1.54156449
590 35 -1.90394683 -1.54349813
440 176 -0.37894118 2.21496469
450 176 -0.41794528 1.89668230
460 176 -0.45629770 1.57764141
470 176 -0.49530180 1.25935901
480 176 -0.52779987 0.94271114
490 176 -0.55031990 0.62672562
500 176 -0.57283993 0.31074010
510 176 -0.59601163 -0.00448691
520 176 -0.61664075 -0.26743071
530 176 -0.63726987 -0.53037450
540 176 -0.65855066 -0.79255980
550 176 -0.69137991 -1.01061309
560 176 -0.74261618 -1.16274082
570 176 -0.79395929 -1.31627871
580 176 -0.83294202 -1.46578907
590 176 -0.82594457 -1.60743665
600 176 -0.81894712 -1.74908422
610 176 -0.81053950 -1.89083863
620 176 -0.71585495 -2.07316755
630 176 -0.59849012 -2.26501514
