1770 228 0.00000000 0.00000000
1780 228 -0.00000000 0.40386384
1790 228 0.10961863 0.84798629
1800 228 0.30136147 1.20478972
1810 228 0.54964069 1.50320960
1820 228 0.77046264 1.75053058
1830 228 0.97298882 1.96453092
1840 228 1.17686199 2.17896211
1850 228 1.32344605 2.46341441
1860 228 1.47003010 2.74786672
1870 228 1.53648319 2.91611649
1880 228 1.56968745 3.03512690
1890 228 1.60154472 3.15370647
1900 228 1.61814438 3.19465096
1910 228 1.63196834 3.22802607
1920 228 1.64668122 3.26094311
1930 228 1.66185218 3.29474905
1940 228 1.67656506 3.32766609
1950 228 1.69127794 3.36058312
1960 228 1.70599082 3.39350016
1740 218 0.01805311 1.04141782
1750 218 0.12615143 1.39745119
1760 218 0.23966493 1.75744380
1770 218 0.35406735 2.11697834
1780 218 0.43419584 2.41655208
1790 218 0.50699513 2.70190321
1800 218 0.57844743 2.98682349
1810 218 0.64375410 3.24453659
1820 218 0.67645076 3.39530770
1830 218 0.70914742 3.54607881
1840 218 0.77487007 3.69108065
1850 218 0.84862017 3.83419572
1860 218 0.92237028 3.97731078
1870 218 0.99822010 4.10921910
1880 218 1.07880914 4.22631055
1890 218 1.15805119 4.34297115
1900 218 1.26613217 4.36714762
1910 218 1.38447156 4.35228865
1920 218 1.50324179 4.33608269
1930 218 1.61042891 4.32359581
1760 224 0.07339602 0.51791218
1770 224 0.18242287 0.76659500
1780 224 0.24880910 1.03950134
1790 224 0.31031993 1.31604504
1800 224 0.37226160 1.59124175
1810 224 0.42854295 1.84235608
1820 224 0.48476982 2.08899862
1830 224 0.54056585 2.33698814
1840 224 0.62031303 2.60525925
1850 224 0.70232334 2.87573902
1860 224 0.78557169 3.13770603
1870 224 0.89111469 3.32068601
1880 224 0.99619961 3.50277709
1890 224 1.05132710 3.58574069
1900 224 1.07344595 3.60246663
1910 224 1.09602286 3.62008148
1920 224 1.11903062 3.63634933
1930 224 1.14114946 3.65307527
1940 224 1.16326830 3.66980120
1950 224 1.18584521 3.68741605
1850 202 1.81862531 -0.61430853
1860 202 2.00767170 -0.47885941
1870 202 2.19876333 -0.35908885
1880 202 2.38850798 -0.23974912
1890 202 2.51760347 0.00421677
1900 202 2.61917483 0.30174031
1910 202 2.68826495 0.64975117
1920 202 2.73497376 1.03291991
1930 202 2.78205893 1.41026986
1940 202 2.82903021 1.74155478
1950 202 2.87600149 2.07283971
1960 202 2.89104369 2.35308020
1970 202 2.87550379 2.58270709
1980 202 2.85953307 2.81368098
1990 202 2.83682739 3.04250067
2000 202 2.79798509 3.26838621
2010 202 2.75825388 3.49472982
2020 202 2.72084028 3.72775390
2030 202 2.69178098 3.98572203
2040 202 2.66183277 4.24414824
1850 395 2.49200573 -0.44495442
1860 395 2.63835456 -0.10638239
1870 395 2.72487382 0.24052166
1880 395 2.81050416 0.58788378
1890 395 2.83331631 0.95524274
1900 395 2.81467141 1.33384064
1910 395 2.79691543 1.71198046
1920 395 2.80052060 2.08136238
1930 395 2.80366770 2.44985539
1940 395 2.80112229 2.75490869
1950 395 2.79660839 3.04522684
1960 395 2.79298341 3.33508691
1970 395 2.75855844 3.55644617
1980 395 2.72502238 3.77734735
1990 395 2.68351334 4.00460711
2000 395 2.57681897 4.27783286
2010 395 2.47058267 4.55194753
2020 395 2.34591441 4.78156204
2030 395 2.20550818 4.96753809
2040 395 2.06510195 5.15351413
1860 375 1.70625081 1.10180451
1870 375 1.66756450 1.08349141
1880 375 1.62887819 1.06517831
1890 375 1.58973381 1.04597629
1900 375 1.47870134 1.10994340
1910 375 1.35926505 1.18161607
1920 375 1.24117574 1.25371958
1930 375 1.12219753 1.32628116
1940 375 0.92771118 1.40512952
1950 375 0.68320056 1.48950696
1960 375 0.43912077 1.57253742
1970 375 0.26127865 1.62255923
1980 375 0.10121481 1.66341954
1990 375 -0.05973796 1.70473792
2000 375 -0.16843053 1.74049997
2010 375 -0.20115691 1.77086417
2020 375 -0.23345244 1.79988137
2030 375 -0.26617882 1.83024557
2040 375 -0.29936327 1.85972085
2050 375 -0.33120073 1.88962697
1930 398 1.14229093 0.69944366
1940 398 1.03753038 0.72755462
1950 398 0.93231175 0.75477666
1960 398 0.84861770 0.78665622
1970 398 0.78687907 0.82184630
1980 398 0.72425152 0.85749445
1990 398 0.66162398 0.89314260
2000 398 0.59988535 0.92833268
2010 398 0.53725781 0.96398083
2020 398 0.47551918 0.99917091
2030 398 0.41354532 1.08848072
2040 398 0.35311406 1.23099409
2050 398 0.29179389 1.37396555
2060 398 0.23211536 1.50484134
2070 398 0.18233621 1.53049355
2080 398 0.13166814 1.55660384
2090 398 0.08100007 1.58271412
2100 398 0.03122092 1.60836633
2110 398 -0.01944715 1.63447662
2120 398 -0.07011522 1.66058690
1960 225 1.20796406 3.70414198
1970 225 1.23097181 3.72040984
1980 225 1.25309065 3.73713578
1990 225 1.27520949 3.75386171
2000 225 1.29732833 3.77058765
2010 225 1.29345079 3.78271054
2020 225 1.28687927 3.79397177
2030 225 1.27896076 3.80480215
2040 225 1.27238923 3.81606337
2050 225 1.26581771 3.82732459
2060 225 1.25789920 3.83815497
2070 225 1.25132768 3.84941619
2080 225 1.24386724 3.86113549
2090 225 1.23729572 3.87239671
2100 225 1.23026613 3.88276902
2110 225 1.22280569 3.89448832
2120 225 1.21623417 3.90574954
2130 225 1.20831566 3.91657992
2140 225 1.20174414 3.92784114
2150 225 1.19517262 3.93910236
