3350 452 0.00000000 0.00000000
3360 452 0.00000000 0.50660043
3370 452 0.00094749 1.01352065
3380 452 0.01048163 1.50750759
3390 452 0.11024073 1.89051950
3400 452 0.20968004 2.27447890
3410 452 0.30911936 2.65843831
3420 452 0.37736249 2.92843807
3430 452 0.43590567 3.17088950
3440 452 0.51476071 3.39381075
3450 452 0.63583838 3.57293417
3460 452 0.75786354 3.75237736
3470 452 0.90325623 4.02519592
3480 452 1.08416804 4.43981854
3490 452 1.24804867 4.84236063
3500 452 1.34379277 5.19974288
3510 452 1.43858937 5.55680534
3520 452 1.50801687 5.93274659
3530 452 1.53560074 6.33572690
3540 452 1.56445188 6.73807950
3170 444 -0.50754793 0.75958087
3180 444 -0.30093539 1.06678156
3190 444 -0.09305559 1.37335453
3200 444 0.11355695 1.68055521
3210 444 0.23866146 1.96657944
3220 444 0.32932463 2.24520139
3230 444 0.41712163 2.52918851
3240 444 0.49145240 2.86245708
3250 444 0.56451590 3.19635336
3260 444 0.52981400 3.59625432
3270 444 0.46785984 4.01123225
3280 444 0.40558591 4.42715767
3290 444 0.32776127 4.85788766
3300 444 0.24929706 5.29051264
3310 444 0.17083286 5.72313761
3320 444 0.14674287 6.16039346
3330 444 0.12865761 6.59862048
3340 444 0.11057235 7.03684750
3350 444 0.05745356 7.45691820
3360 444 -0.00482037 7.87284363
3300 448 -0.02898142 0.39233287
3310 448 0.19866544 0.82483940
3320 448 0.42536481 1.25702616
3330 448 0.59684907 1.65580198
3340 448 0.76833333 2.05457779
3350 448 0.92491828 2.46310093
3360 448 1.02601570 2.91094500
3370 448 1.12616564 3.35846929
3380 448 1.20070959 3.80368407
3390 448 1.21360733 4.24392451
3400 448 1.22682485 4.68321746
3410 448 1.18810794 5.14192216
3420 448 1.13609062 5.60563673
3430 448 1.04584198 6.06066989
3440 448 0.89682513 6.50220130
3450 448 0.74780828 6.94373270
3460 448 0.56688463 7.37660639
3470 448 0.36447659 7.80433993
3480 448 0.16206855 8.23207348
3490 448 -0.05471768 8.69928192
3310 450 0.83439723 0.62673061
3320 450 0.99740143 1.00997939
3330 450 1.16008586 1.39417567
3340 450 1.29913035 1.84216186
3350 450 1.43912234 2.29046784
3360 450 1.55659953 2.75544967
3370 450 1.64330692 3.24593089
3380 450 1.72938659 3.73514484
3390 450 1.78502808 4.24574843
3400 450 1.82703752 4.76547164
3410 450 1.78973001 5.27003496
3420 450 1.67310555 5.75943841
3430 450 1.55616132 6.24978935
3440 450 1.40239517 6.69288412
3450 450 1.24422317 7.13027024
3460 450 1.05629992 7.57450199
3470 450 0.83798586 8.02747437
3480 450 0.61967179 8.48044674
3490 450 0.41748879 8.93253083
3500 450 0.21784032 9.38335950
3370 456 1.15912652 0.38381728
3380 456 1.18581027 0.94269560
3390 456 1.21312174 1.50284119
3400 456 1.24409289 2.01461730
3410 456 1.27834474 2.49478270
3420 456 1.31164909 2.97462832
3430 456 1.28462188 3.26735606
3440 456 1.25008578 3.53855204
3450 456 1.28336645 3.77142195
3460 456 1.34579435 3.98985446
3470 456 1.41202406 4.20640382
3480 456 1.51179499 4.41738666
3490 456 1.61124615 4.62931699
3500 456 1.68858521 4.91927332
3510 456 1.75055120 5.26103378
3520 456 1.81251720 5.60279425
3530 456 1.87553728 6.00084760
3540 456 1.93885345 6.40427797
3550 456 2.00184984 6.80865583
3560 456 1.98910607 7.25607353
3380 460 -0.61411712 1.60383202
3390 460 -0.45794671 2.03860070
3400 460 -0.30272378 2.47304960
3410 460 -0.11701530 2.87345983
3420 460 0.08108165 3.25905366
3430 460 0.24876410 3.57527921
3440 460 0.36909562 3.78475791
3450 460 0.48974692 3.99328912
3460 460 0.54522259 4.21043066
3470 460 0.59247877 4.42690896
3480 460 0.64068244 4.64370703
3490 460 0.68888611 4.86050511
3500 460 0.73677000 5.07825068
3510 460 0.86105730 5.49803713
3520 460 1.01822258 6.00490997
3530 460 1.11671440 6.47298300
3540 460 1.12498127 6.88316425
3550 460 1.13324814 7.29334550
3560 460 1.13311786 7.75029734
3570 460 1.13180321 8.18574111
3410 465 0.00347019 0.42439364
3420 465 0.45901263 0.88526572
3430 465 0.91328781 1.34676553
3440 465 1.22687222 1.79983265
3450 465 1.52591263 2.25221283
3460 465 1.79466881 2.68487334
3470 465 2.03282100 3.09876165
3480 465 2.26376040 3.49649523
3490 465 2.42913333 3.75389335
3500 465 2.59355877 4.01097169
3510 465 2.75925148 4.26742232
3520 465 2.94089760 4.57041851
3530 465 3.12505457 4.87848378
3540 465 3.31330944 5.19004293
3550 465 3.54036412 5.52736202
3560 465 3.76709902 5.86562861
3570 465 3.99415370 6.20294770
3580 465 4.16749741 6.52741643
3590 465 4.31935674 6.84674502
3600 465 4.47121606 7.16607360
