3980 442 0.00000000 0.00000000
3990 442 -0.00000000 0.06549046
4000 442 0.01380354 0.17764420
4010 442 0.02748492 0.28880543
4020 442 0.04116630 0.39996667
4030 442 0.05484769 0.51112790
4040 442 0.08274488 0.64774322
4050 442 0.11978844 0.80136866
4060 442 0.15770236 0.95387943
4070 442 0.19474593 1.10750486
4080 442 0.23707271 1.22219333
4090 442 0.28141505 1.32051300
4100 442 0.32464272 1.41796231
4110 442 0.36898506 1.51628198
4120 442 0.40799837 1.61223489
4130 442 0.42719201 1.69450641
4140 442 0.44638564 1.77677794
4150 442 0.46458677 1.85917163
4160 442 0.48378041 1.94144315
4170 442 0.50297404 2.02371468
3790 677 -1.21414635 1.68594028
3800 677 -1.13870025 1.86506561
3810 677 -1.06325414 2.04419095
3820 677 -0.98596044 2.23014170
3830 677 -0.90669698 2.42391039
3840 677 -0.82743353 2.61767908
3850 677 -0.77959449 2.76896830
3860 677 -0.73905424 2.91007282
3870 677 -0.69950649 3.05129950
3880 677 -0.67666347 3.10591815
3890 677 -0.66586800 3.10358193
3900 677 -0.65408003 3.10112356
3910 677 -0.64229205 3.09866518
3920 677 -0.63149658 3.09632897
3930 677 -0.61970861 3.09387059
3940 677 -0.60792063 3.09141222
3950 677 -0.59712516 3.08907600
3960 677 -0.58533719 3.08661763
3970 677 -0.57354921 3.08415925
3980 677 -0.56275374 3.08182304
3910 644 -0.27633033 -0.14130303
3920 644 -0.31447330 -0.04189923
3930 644 -0.35162375 0.05738241
3940 644 -0.36419046 0.07807244
3950 644 -0.37038984 0.07682035
3960 644 -0.37634491 0.07755328
3970 644 -0.38341464 0.07741586
3980 644 -0.38949186 0.07715628
3990 644 -0.39556908 0.07689670
4000 644 -0.40164630 0.07663712
4010 644 -0.40871603 0.07649969
4020 644 -0.41479326 0.07624012
4030 644 -0.42087048 0.07598054
4040 644 -0.42694770 0.07572096
4050 644 -0.43302492 0.07546138
4060 644 -0.44009465 0.07532395
4070 644 -0.44604972 0.07605688
4080 644 -0.45212694 0.07579730
4090 644 -0.45820416 0.07553772
4100 644 -0.46428138 0.07527814
3950 455 -1.05529878 1.70769918
3960 455 -1.03717401 1.63393270
3970 455 -1.01917138 1.55917372
3980 455 -1.00539838 1.49098058
3990 455 -1.03437971 1.46835133
4000 455 -1.06236852 1.44559992
4010 455 -1.09134984 1.42297067
4020 455 -1.12033116 1.40034142
4030 455 -1.14931248 1.37771217
4040 455 -1.17730129 1.35496076
4050 455 -1.19475422 1.33595036
4060 455 -1.20377843 1.31993276
4070 455 -1.21379516 1.30403731
4080 455 -1.22294153 1.28702720
4090 455 -1.23196574 1.27100960
4100 455 -1.24210463 1.25412164
4110 455 -1.25112884 1.23810404
4120 455 -1.26114557 1.22220860
4130 455 -1.27029194 1.20519849
4140 455 -1.27931615 1.18918089
3970 459 -1.42352037 1.81850921
3980 459 -1.34720391 1.80004851
3990 459 -1.27088745 1.78158780
4000 459 -1.25209081 1.81151583
4010 459 -1.24696030 1.85320129
4020 459 -1.24182978 1.89488675
4030 459 -1.23657710 1.93756473
4040 459 -1.23144658 1.97925019
4050 459 -1.22631607 2.02093565
4060 459 -1.19257069 1.95129192
4070 459 -1.15319091 1.85375099
4080 459 -1.11269646 1.75708042
4090 459 -1.07232417 1.65941733
4100 459 -1.03920484 1.59287329
4110 459 -1.03819706 1.65017935
4120 459 -1.03631892 1.70637074
4130 459 -1.03444078 1.76256213
4140 459 -1.03256265 1.81875352
4150 459 -1.04691588 1.80036917
4160 459 -1.06629275 1.74935410
3980 463 -0.90675806 2.19419753
3990 463 -0.88477012 2.17637814
4000 463 -0.86278219 2.15855875
4010 463 -0.84079425 2.14073936
4020 463 -0.81868416 2.12391249
4030 463 -0.79768873 2.10621525
4040 463 -0.77570080 2.08839586
4050 463 -0.75977481 2.06225465
4060 463 -0.75548411 2.02343983
4070 463 -0.75020090 1.98450286
4080 463 -0.74491769 1.94556589
4090 463 -0.73963447 1.90662892
4100 463 -0.73435126 1.86769195
4110 463 -0.72906805 1.82875498
4120 463 -0.73010637 1.78757341
4130 463 -0.75766764 1.73555056
4140 463 -0.78411424 1.68439807
4150 463 -0.81167550 1.63237522
4160 463 -0.83812211 1.58122273
4170 463 -0.86568337 1.52919989
4080 709 -2.12559212 -1.43811792
4090 709 -1.99409205 -1.31929144
4100 709 -1.86358448 -1.20034282
4110 709 -1.76451661 -1.05032096
4120 709 -1.66532659 -0.89930659
4130 709 -1.56725123 -0.74916258
4140 709 -1.43733918 -0.44676738
4150 709 -1.30754928 -0.14536469
4160 709 -1.18699736 0.12191089
4170 709 -1.08098192 0.33656812
4180 709 -0.97397396 0.55110319
4190 709 -0.87035581 0.65623301
4200 709 -0.76652389 0.71398188
4210 709 -0.66356232 0.77284542
4220 709 -0.61708227 0.79029834
4230 709 -0.59575092 0.79170313
4240 709 -0.57342705 0.79298576
4250 709 -0.55209570 0.79439054
4260 709 -0.52977184 0.79567317
4270 709 -0.50757013 0.79596329
4090 712 -2.19978614 -1.68893308
4100 712 -2.08787670 -1.50825027
4110 712 -2.00027615 -1.26311532
4120 712 -1.92076839 -1.00187115
4130 712 -1.82539571 -0.73451923
4140 712 -1.69407887 -0.45345538
4150 712 -1.56387670 -0.17326188
4160 712 -1.47177167 0.05116776
4170 712 -1.39142409 0.26193129
4180 712 -1.30035739 0.44517936
4190 712 -1.17001779 0.52183175
4200 712 -1.04067070 0.59860629
4210 712 -0.91132361 0.67538084
4220 712 -0.81503477 0.78645046
4230 712 -0.71874594 0.89752007
4240 712 -0.62344961 1.00871184
4250 712 -0.53963587 1.09209804
4260 712 -0.50746325 1.06697988
4270 712 -0.47529062 1.04186171
4280 712 -0.44311799 1.01674355
4110 645 -0.47135111 0.07514072
4120 645 -0.47742834 0.07488114
4130 645 -0.48350556 0.07462156
4140 645 -0.48958278 0.07436198
4150 645 -0.49566000 0.07410240
4160 645 -0.50272973 0.07396497
4170 645 -0.50880695 0.07370539
4180 645 -0.51488417 0.07344581
4190 645 -0.52083924 0.07417875
4200 645 -0.52790897 0.07404132
4210 645 -0.53398619 0.07378174
4220 645 -0.54006341 0.07352216
4230 645 -0.54614064 0.07326258
4240 645 -0.55221786 0.07300300
4250 645 -0.55928759 0.07286558
4260 645 -0.56536481 0.07260600
4270 645 -0.57144203 0.07234642
4280 645 -0.57751925 0.07208684
4290 645 -0.58347432 0.07281977
4300 645 -0.59066621 0.07168983
4130 891 -1.21797897 2.39975420
4140 891 -1.19727367 2.40425867
4150 891 -1.17768303 2.40789279
4160 891 -1.15709988 2.41140475
4170 891 -1.13639457 2.41590923
4180 891 -1.11668177 2.42053585
4190 891 -1.09609862 2.42404782
4200 891 -1.07539332 2.42855229
4210 891 -1.05580267 2.43218641
4220 891 -1.00080230 2.46974913
4230 891 -0.94691658 2.50644150
4240 891 -0.89191620 2.54400422
4250 891 -0.83691582 2.58156695
4260 891 -0.78290795 2.61925183
4270 891 -0.73638209 2.67800848
4280 891 -0.69371939 2.74630851
4290 891 -0.65105668 2.81460853
4300 891 -0.60839398 2.88290856
4310 891 -0.56573128 2.95120859
4320 891 -0.53989545 2.93190807
