980 319 0.00000000 0.00000000
990 319 0.00000000 0.59850647
1000 319 -0.00093065 1.19737886
1010 319 0.17389620 1.71855117
1020 319 0.34872304 2.23972347
1030 319 0.52354989 2.76089578
1040 319 0.69025486 3.24228071
1050 319 0.85695982 3.72366565
1060 319 1.02366478 4.20505058
1070 319 1.22944033 4.61090083
1080 319 1.43578062 5.01545452
1090 319 1.64195383 5.41685034
1100 319 1.84555731 5.78164840
1110 319 2.04879488 6.14551581
1120 319 2.24780860 6.50137328
1130 319 2.40810762 6.77789493
1140 319 2.56747598 7.05478250
1150 319 2.72740909 7.33037350
1160 319 2.90470542 7.52714497
1170 319 3.08256649 7.72261988
1000 326 -0.55408256 -0.07011787
1010 326 -0.15818375 0.27817243
1020 326 0.23678441 0.62682864
1030 326 0.63268321 0.97511894
1040 326 0.86995049 1.42553679
1050 326 1.09099906 1.88662955
1060 326 1.31111698 2.34808822
1070 326 1.50325024 2.70557641
1080 326 1.69501759 3.06213396
1090 326 1.88678494 3.41869150
1100 326 2.05511895 3.78123896
1110 326 2.19965373 4.14884568
1120 326 2.34455442 4.51738304
1130 326 2.47213032 4.86372015
1140 326 2.55933739 5.15930927
1150 326 2.64727629 5.45675968
1160 326 2.73564459 5.74437061
1170 326 2.82719414 5.99634616
1180 326 2.92004026 6.24888645
1190 326 3.01158981 6.50086201
