880 310 0.00000000 0.00000000
890 310 -0.00000000 0.44954755
900 310 -0.00067179 0.89835436
910 310 0.01593380 1.35579206
920 310 0.03253938 1.81322977
930 310 0.04988571 2.26999569
940 310 0.03980891 2.70843206
950 310 0.02973212 3.14686844
960 310 0.02039606 3.58463304
970 310 0.01428547 3.91282301
980 310 0.00891563 4.24034120
990 310 0.00213326 4.56779043
1000 310 0.03797374 4.74723530
1010 310 0.07240168 4.92661121
1020 310 0.10805309 5.09542761
1030 310 0.13890188 5.17410004
1040 310 0.17042246 5.25351322
1050 310 0.20053051 5.33285744
1060 310 0.23205109 5.41227062
1070 310 0.18138237 5.59457169
840 510 3.19939014 3.57841567
850 510 2.96032088 3.74797949
860 510 2.72125162 3.91754331
870 510 2.47982221 4.09194756
880 510 2.22488589 4.31100114
890 510 1.96853703 4.52998576
900 510 1.73339617 4.67708699
910 510 1.51331266 4.77678279
920 510 1.29255737 4.87573784
930 510 1.08327362 5.00073907
940 510 0.89049089 5.16477511
950 510 0.69770817 5.32881115
960 510 0.51825886 5.48075504
970 510 0.35658742 5.61657604
980 510 0.19565672 5.75172526
990 510 0.08409789 5.83264884
1000 510 0.02339241 5.85800323
1010 510 -0.03731307 5.88335761
1020 510 -0.09943108 5.90864303
1030 510 -0.16013656 5.93399741
880 313 -1.08871909 -0.45172530
890 313 -1.12553388 0.07035963
900 313 -1.16160793 0.59177277
910 313 -1.19842272 1.11385770
920 313 -1.20298954 1.61344667
930 313 -1.20836606 2.11511997
940 313 -1.18512936 2.59624371
950 313 -1.12022188 3.05037587
960 313 -1.05390186 3.50457699
970 313 -0.99562549 3.93502311
980 313 -0.96878295 4.26977747
990 313 -0.94052787 4.60460078
1000 313 -0.91227279 4.93942409
1010 313 -0.94146437 5.21834675
1020 313 -0.98490137 5.48453884
1030 313 -1.02935496 5.75705284
1040 313 -1.09238055 6.09095967
1050 313 -1.15533718 6.42345398
1060 313 -1.16573653 6.73798355
1070 313 -1.05284747 7.00685166
880 316 -0.56778421 -0.52186693
890 316 -0.61138583 -0.00577692
900 316 -0.65424670 0.50964130
910 316 -0.65886467 0.99577675
920 316 -0.64725522 1.46854543
930 316 -0.63490503 1.94064232
940 316 -0.60362246 2.38746935
950 316 -0.56264126 2.82415064
960 316 -0.52166006 3.26083192
970 316 -0.50642919 3.63041685
980 316 -0.51627687 3.93364617
990 316 -0.52538380 4.23620371
1000 316 -0.53455969 4.54017378
1010 316 -0.50374649 4.64857833
1020 316 -0.47441478 4.75832645
1030 316 -0.44434232 4.86740279
1040 316 -0.41759542 5.00109499
1050 316 -0.39341556 5.14386520
1060 316 -0.36856390 5.28737616
1070 316 -0.35248107 5.45098955
