3500 449 0.00000000 0.00000000
3510 449 0.00000000 0.51494563
3520 449 0.01986229 0.94327434
3530 449 0.04082567 1.37249053
3540 449 0.06728672 1.77798383
3550 449 0.12280520 2.08883218
3560 449 0.17843049 2.40067481
3570 449 0.07402723 2.65528228
3580 449 -0.03137030 2.90999655
3590 449 -0.19844425 3.05869186
3600 449 -0.36441711 3.20827464
3610 449 -0.37991584 3.27933651
3620 449 -0.37737771 3.34041480
3630 449 -0.37572705 3.40259418
3640 449 -0.37407639 3.46477357
3650 449 -0.37242573 3.52695295
3660 449 -0.47773782 3.57648439
3670 449 -0.61153058 3.62304076
3680 449 -0.74432907 3.66949032
3690 449 -0.86864899 3.81359292
3370 445 -0.18241538 -0.88357095
3380 445 -0.11721043 -0.47318782
3390 445 -0.05907226 -0.06305132
3400 445 0.00016701 0.34797266
3410 445 0.07066377 0.76080459
3420 445 0.14943519 1.17576491
3430 445 0.22820662 1.59072522
3440 445 0.33707831 1.95819897
3450 445 0.45262254 2.31288690
3460 445 0.56816678 2.66757484
3470 445 0.67706371 2.99783301
3480 445 0.77693057 3.29084258
3490 445 0.87590995 3.58495324
3500 445 0.97478253 3.87806963
3510 445 1.08340953 4.13091380
3520 445 1.20200457 4.34547431
3530 445 1.31949853 4.55914736
3540 445 1.43699249 4.77282040
3550 445 1.54053352 4.99704407
3560 445 1.58297101 5.26102146
3490 302 -0.63289789 6.36400198
3500 302 -0.63911990 5.95030006
3510 302 -0.64445445 5.53549704
3520 302 -0.69616670 5.11964148
3530 302 -0.75902965 4.70297225
3540 302 -0.82117796 4.30231830
3550 302 -0.87934332 4.05109372
3560 302 -0.93750869 3.79986914
3570 302 -0.96659525 3.66017672
3580 302 -0.98761301 3.54878438
3590 302 -0.96455426 3.46383560
3600 302 -0.76277373 3.48842461
3610 302 -0.56198749 3.51312042
3620 302 -0.67307494 3.48080050
3630 302 -0.81903599 3.44216924
3640 302 -0.96499703 3.40353797
3650 302 -1.10996379 3.36479990
3660 302 -1.18103149 3.19944458
3670 302 -1.25199237 3.03508354
3680 302 -1.33523806 2.87807667
3510 451 0.54487306 0.48457543
3520 451 0.55502170 0.97228129
3530 451 0.56616463 1.45988034
3540 451 0.58511420 1.92652573
3550 451 0.63440290 2.31045752
3560 451 0.68269732 2.69449613
3570 451 0.71976725 3.06767145
3580 451 0.64487973 3.34425210
3590 451 0.57087969 3.61973167
3600 451 0.50102960 3.87766764
3610 451 0.47108469 3.97341367
3620 451 0.44103297 4.06816542
3630 451 0.41211535 4.15474932
3640 451 0.38502317 4.16469989
3650 451 0.35793099 4.17465045
3660 451 0.33193990 4.18548849
3670 451 0.30484772 4.19543906
3680 451 0.27775554 4.20538962
3690 451 0.25077016 4.21633447
3700 451 0.22367798 4.22628503
