2510 789 0.00000000 0.00000000
2520 789 0.00000000 0.35284132
2530 789 0.00000000 0.70568265
2540 789 -0.01244752 0.86625058
2550 789 -0.02673156 1.00551998
2560 789 -0.04111763 1.14578416
2570 789 -0.05540167 1.28505356
2580 789 -0.11455291 1.65595399
2590 789 -0.17370414 2.02685443
2600 789 -0.23920668 2.43027656
2610 789 -0.30792312 2.84543202
2620 789 -0.37574680 3.26168428
2630 789 -0.40956937 3.65026121
2640 789 -0.43900470 4.03526714
2650 789 -0.48912638 4.33773171
2660 789 -0.56003644 4.55864971
2670 789 -0.63005375 4.78066452
2680 789 -0.70083628 4.91212871
2690 789 -0.77072605 5.04468972
2700 789 -0.84150858 5.17615391
2470 791 -0.22698872 0.94879193
2480 791 -0.21058758 1.19072787
2490 791 -0.19117659 1.42292007
2500 791 -0.16656212 1.64358299
2510 791 -0.14294244 1.86414389
2520 791 -0.12024102 2.09365783
2530 791 -0.09866191 2.33411436
2540 791 -0.07619006 2.57566770
2550 791 -0.04861675 2.80668655
2560 791 -0.00576463 3.01615181
2570 791 0.03619474 3.22452027
2580 791 0.06045210 3.42906263
2590 791 0.04035242 3.62503458
2600 791 0.02035476 3.82001174
2610 791 0.01158028 3.98397213
2620 791 0.03065967 4.07238014
2630 791 0.04963704 4.16178293
2640 791 0.06861441 4.25118572
2650 791 0.00403014 4.29281350
2660 791 -0.06909905 4.32954389
2660 873 -2.11477780 0.98738435
2670 873 -1.99996982 0.95593395
2680 873 -1.88615662 0.92438152
2690 873 -1.76502285 0.90966386
2700 873 -1.63794590 0.90560821
2710 873 -1.51186373 0.90145053
2720 873 -1.38488881 0.89838967
2730 873 -1.23072319 1.00266317
2740 873 -1.07035932 1.13471403
2750 873 -0.90900067 1.26686692
2760 873 -0.78618342 1.45136061
2770 873 -0.70002005 1.68939395
2780 873 -0.61196914 1.92862614
2790 873 -0.49716115 2.17160788
2800 873 -0.38344998 2.41548238
2810 873 -0.26874403 2.65945890
2820 873 -0.14648794 2.86902619
2830 873 -0.02433388 3.07958826
2840 873 0.09891699 3.28925758
2850 873 0.20028266 3.41827308
