1090 187 0.00000000 0.00000000
1100 187 0.00000000 0.63341061
1110 187 0.08671942 1.28287558
1120 187 0.30320458 1.95705595
1130 187 0.50256815 2.62119386
1140 187 0.63280437 3.24326743
1150 187 0.76304058 3.86534100
1160 187 0.89415301 4.47128286
1170 187 1.02431818 5.07754520
1180 187 1.15228256 5.68666351
1190 187 1.27300362 6.30245522
1200 187 1.39372468 6.91824692
1210 187 1.41971414 7.49430295
1220 187 1.44791860 8.07066526
1230 187 1.47390806 8.64672129
1240 187 1.43521436 9.18448778
1250 187 1.39589389 9.72352201
1260 187 1.35625294 10.26160899
1270 187 1.25813965 10.73608004
1280 187 1.13586825 11.18283132
1040 186 0.76489878 -0.50687657
1050 186 0.87386127 0.09600250
1060 186 0.99990273 0.69943729
1070 186 1.19554202 1.30888398
1080 186 1.39150180 1.91927793
1090 186 1.55701371 2.58008940
1100 186 1.71939179 3.24723958
1110 186 1.81938696 3.89537997
1120 186 1.91209617 4.54070702
1130 186 1.95460098 5.20301989
1140 186 1.97721349 5.87206300
1150 186 1.97021960 6.49728303
1160 186 1.94253614 7.09255408
1170 186 1.93028658 7.67415785
1180 186 1.94166151 8.23510046
1190 186 1.95303644 8.79604307
1200 186 1.96985965 9.37308898
1210 186 1.98668286 9.95013488
1220 186 2.00700301 10.53127608
1230 186 2.02953816 11.11272356
1180 206 -0.34238770 -0.33176899
1190 206 -0.24467067 0.23163174
1200 206 -0.14695365 0.79503247
1210 206 -0.02294878 1.36748578
1220 206 0.11182478 1.94368547
1230 206 0.25576458 2.51889529
1240 206 0.43794341 3.08855736
1250 206 0.62106948 3.65789895
1260 206 0.74596477 4.21738279
1270 206 0.84744239 4.77317708
1280 206 0.94479630 5.32614382
1290 206 1.01073457 5.85490193
1300 206 1.07762009 6.38333956
1310 206 1.11130914 6.91350750
1320 206 1.09599048 7.44547681
1330 206 1.07972457 7.97776660
1340 206 1.12469540 8.48511522
1350 206 1.19586882 8.98254294
1360 206 1.26641548 9.48123841
1370 206 1.32786693 9.99673499
