3370 445 0.00000000 0.00000000
3380 445 -0.00000000 0.41553099
3390 445 -0.00694052 0.82970948
3400 445 -0.01293285 1.24493724
3410 445 -0.00809085 1.66371708
3420 445 0.00458931 2.08589739
3430 445 0.01726947 2.50807770
3440 445 0.06712857 2.88808306
3450 445 0.12558390 3.25650805
3460 445 0.18403922 3.62493304
3470 445 0.23976311 3.96818783
3480 445 0.29241381 4.27323849
3490 445 0.34401526 4.57923733
3500 445 0.39566724 4.88423745
3510 445 0.46327231 5.15099493
3520 445 0.54672938 5.38150722
3530 445 0.62923827 5.61097025
3540 445 0.71174716 5.84043329
3550 445 0.77882038 6.07812675
3560 445 0.77930891 6.34549310
3320 681 1.11161867 -1.09221698
3330 681 1.14086077 -0.64116278
3340 681 1.17230247 -0.19400238
3350 681 1.22093663 0.22999729
3360 681 1.27056951 0.65404749
3370 681 1.30586651 1.08438123
3380 681 1.32073424 1.52269270
3390 681 1.33460324 1.96095364
3400 681 1.34570470 2.43411932
3410 681 1.35535260 2.91622296
3420 681 1.36500049 3.39832660
3430 681 1.35195453 3.83422429
3440 681 1.33790985 4.27007145
3450 681 1.31652035 4.71255591
3460 681 1.26480339 5.18054026
3470 681 1.21303589 5.64952334
3480 681 1.16131893 6.11750769
3490 681 1.05425592 6.61072723
3500 681 0.93380521 7.11127955
3510 681 0.81240632 7.61078261
3500 449 0.04150593 0.90124928
3510 449 -0.03929912 1.40981544
3520 449 -0.08689605 1.83595454
3530 449 -0.13354479 2.26314290
3540 449 -0.17104140 2.66776495
3550 449 -0.16498890 2.98347426
3560 449 -0.15898694 3.30018229
3570 449 -0.30204968 3.53525261
3580 449 -0.44611114 3.77027238
3590 449 -0.63444847 3.89090839
3600 449 -0.82183763 4.01259366
3610 449 -0.84829534 4.08034312
3620 449 -0.85537303 4.14106302
3630 449 -0.86349999 4.20273111
3640 449 -0.87162694 4.26439919
3650 449 -0.87975389 4.32606728
3660 449 -0.99153376 4.35845957
3670 449 -1.13097462 4.38344447
3680 449 -1.26941677 4.40847991
3690 449 -1.41480905 4.53128904
3510 451 0.50358940 1.46532273
3520 451 0.43708173 1.94857911
3530 451 0.37157277 2.43188603
3540 451 0.31706179 2.89572389
3550 451 0.30549346 3.28263366
3560 451 0.29292641 3.66949290
3570 451 0.27097859 4.04386209
3580 451 0.15361791 4.30526498
3590 451 0.03730648 4.56571968
3600 451 -0.07215346 4.80949934
3610 451 -0.11675182 4.89936027
3620 451 -0.16129964 4.98822247
3630 451 -0.20344572 5.06919598
3640 451 -0.23176370 5.07477197
3650 451 -0.26008169 5.08034797
3660 451 -0.28745149 5.08697323
3670 451 -0.31576947 5.09254923
3680 451 -0.34408746 5.09812523
3690 451 -0.37245598 5.10469995
3700 451 -0.40077396 5.11027594
