2480 803 0.00000000 0.00000000
2490 803 -0.00000000 0.08414868
2500 803 -0.00093881 0.16723970
2510 803 -0.00093881 0.25138838
2520 803 -0.00187763 0.33447941
2530 803 -0.00181821 0.41762985
2540 803 0.04197333 0.60756748
2550 803 0.09203947 0.80989983
2560 803 0.14116680 1.01117453
2570 803 0.19381172 1.22067277
2580 803 0.25091303 1.43945220
2590 803 0.30795493 1.65922987
2600 803 0.36405801 1.87794988
2610 803 0.43048805 2.10830407
2620 803 0.51939022 2.36504013
2630 803 0.60735357 2.62071854
2640 803 0.69531693 2.87639694
2650 803 0.80916304 3.06749917
2660 803 0.93953942 3.21650924
2670 803 1.06997522 3.36452107
2290 849 0.70999333 1.87249525
2300 849 0.70266107 1.86103934
2310 849 0.69438999 1.84852577
2320 849 0.68605950 1.83701044
2330 849 0.67872724 1.82555453
2340 849 0.67045617 1.81304096
2350 849 0.66212567 1.80152563
2360 849 0.65385460 1.78901206
2370 849 0.64652234 1.77755615
2380 849 0.63825126 1.76504258
2390 849 0.62992077 1.75352725
2400 849 0.62264793 1.74107311
2410 849 0.61431744 1.72955777
2420 849 0.61296269 1.73548775
2430 849 0.61242792 1.74447185
2440 849 0.61195257 1.75245772
2450 849 0.61147722 1.76044358
2460 849 0.61094246 1.76942768
2470 849 0.61046711 1.77741355
2480 849 0.60999176 1.78539941
2310 594 -2.60881104 0.96268892
2320 594 -2.45105455 1.08928628
2330 594 -2.28936455 1.21711954
2340 594 -2.12861336 1.34389515
2350 594 -1.96568745 1.46779490
2360 594 -1.79588086 1.57707766
2370 594 -1.62707250 1.68630100
2380 594 -1.45726591 1.79558377
2390 594 -1.32824428 1.86637513
2400 594 -1.20867021 1.92758822
2410 594 -1.09015379 1.98974011
2420 594 -0.99571380 2.05246243
2430 594 -0.95970611 2.12072256
2440 594 -0.92369841 2.18898270
2450 594 -0.88763130 2.25624460
2460 594 -0.85262183 2.32444531
2470 594 -0.78064209 2.42790505
2480 594 -0.67374796 2.56750320
2490 594 -0.56679441 2.70610312
2500 594 -0.45153413 2.80612846
2430 237 0.69316597 0.15245635
2440 237 0.68036720 0.40113524
2450 237 0.78281681 0.59857150
2460 237 0.88432762 0.79495010
2470 237 0.87722115 0.79653064
2480 237 0.87111291 0.79817059
2490 237 0.86400644 0.79975113
2500 237 0.85789821 0.80139108
2510 237 0.85079174 0.80297162
2520 237 0.84368527 0.80455215
2530 237 0.83757703 0.80619211
2540 237 0.83047056 0.80777264
2550 237 0.82336409 0.80935318
2560 237 0.81725586 0.81099313
2570 237 0.80663181 0.80435013
2580 237 0.78293565 0.76487239
2590 237 0.75929892 0.72439641
2600 237 0.73560276 0.68491866
2610 237 0.71190661 0.64544092
2620 237 0.68821046 0.60596317
2490 804 0.09789815 -0.18050194
2500 804 0.13123201 -0.06732132
2510 804 0.16356763 0.04579989
2520 804 0.19690149 0.15898051
2530 804 0.22600474 0.27591640
2540 804 0.24030086 0.40599568
2550 804 0.25459699 0.53607497
2560 804 0.26783546 0.66709307
2570 804 0.28213159 0.79717236
2580 804 0.38041002 0.99736564
2590 804 0.50069711 1.21489728
2600 804 0.62092479 1.43342715
2610 804 0.72600071 1.65406045
2620 804 0.77434372 1.88534156
2630 804 0.82162907 2.11756149
2640 804 0.86897384 2.34878319
2650 804 0.94516042 2.56669511
2660 804 1.03286234 2.77627653
2670 804 1.12150306 2.98691561
2680 804 1.20914556 3.19749527
2490 850 0.60945699 1.79438351
2500 850 0.60898164 1.80236937
2510 850 0.60850629 1.81035524
2520 850 0.60797152 1.81933934
2530 850 0.60749618 1.82732520
2540 850 0.60702083 1.83531107
2550 850 0.60648606 1.84429517
2560 850 0.60601071 1.85228103
2570 850 0.60547594 1.86126513
2580 850 0.60500059 1.86925100
2590 850 0.60452524 1.87723686
2600 850 0.60399048 1.88622096
2610 850 0.60351513 1.89420682
2620 850 0.60303978 1.90219269
2630 850 0.60250501 1.91117679
2640 850 0.60202966 1.91916265
2650 850 0.60155431 1.92714852
2660 850 0.60101954 1.93613262
2670 850 0.60054419 1.94411848
2680 850 0.60006885 1.95210435
2510 805 0.26373558 -1.11529976
2520 805 0.22008664 -0.92054922
2530 805 0.17649713 -0.72679692
2540 805 0.13290761 -0.53304462
2550 805 0.05699436 -0.30114555
2560 805 -0.02650071 -0.05968008
2570 805 -0.13694808 0.18018108
2580 805 -0.28638596 0.41872316
2590 805 -0.43388679 0.65838230
2600 805 -0.56906420 0.90979445
2610 805 -0.70324337 1.16126602
2620 805 -0.79903810 1.44106839
2630 805 -0.85550958 1.75025923
2640 805 -0.91192164 2.05845183
2650 805 -1.06346293 2.36599083
2660 805 -1.21047653 2.66478340
2670 805 -1.34149463 2.93046791
2680 805 -1.47251274 3.19615241
2690 805 -1.62740525 3.42535387
2700 805 -1.80711098 3.61701464
2540 249 -0.51443470 -0.04164058
2550 249 -0.41776057 0.01720764
2560 249 -0.32202526 0.07499821
2570 249 -0.28568482 0.08717903
2580 249 -0.27516772 0.07878912
2590 249 -0.26465062 0.07039920
2600 249 -0.25519118 0.06294811
2610 249 -0.24467408 0.05455820
2620 249 -0.23415698 0.04616828
2630 249 -0.22369930 0.03877660
2640 249 -0.21318220 0.03038669
2650 249 -0.20266510 0.02199678
2660 249 -0.19214800 0.01360687
2670 249 -0.18169032 0.00621519
2680 249 -0.17117322 -0.00217472
2690 249 -0.16165435 -0.01062405
2700 249 -0.15013902 -0.01895455
2710 249 -0.14067957 -0.02640564
2720 249 -0.13016247 -0.03479556
2730 249 -0.11964537 -0.04318547
