400 157 0.00000000 0.00000000
410 157 -0.00000000 0.15465122
420 157 0.00032977 0.31024650
430 157 0.00160361 0.46551201
440 157 0.03508540 0.66143028
450 157 0.08431877 0.87514990
460 157 0.13260807 1.08919929
470 157 0.22789991 1.22857097
480 157 0.33622754 1.35067799
490 157 0.44328134 1.47217073
500 157 0.55817212 1.58880738
510 157 0.69312741 1.69313892
520 157 0.82680886 1.79685617
530 157 0.96147964 1.90340561
540 157 1.09439809 2.02010045
550 157 1.22731653 2.13679529
560 157 1.36117904 2.25316036
570 157 1.49438200 2.36763731
580 157 1.62891699 2.46470088
590 157 1.76406626 2.56049062
230 124 -1.07388742 -1.60356316
240 124 -0.96049678 -1.34869935
250 124 -0.84677638 -1.09289147
260 124 -0.74644092 -0.86630419
270 124 -0.65491885 -0.65888261
280 124 -0.56339678 -0.45146103
290 124 -0.47154494 -0.24309540
300 124 -0.35779866 -0.02966676
310 124 -0.22753781 0.18858564
320 124 -0.09822102 0.40716782
330 124 0.05002224 0.62231646
340 124 0.24244232 0.83050751
350 124 0.43391833 1.03902833
360 124 0.62539435 1.24754916
370 124 0.86722885 1.37280520
380 124 1.11525146 1.48848486
390 124 1.36265979 1.60543835
400 124 1.58762407 1.61265459
410 124 1.79734113 1.54893055
420 124 2.00215685 1.47420757
230 126 -1.08936095 -2.15426687
240 126 -0.90645906 -1.97029160
250 126 -0.72261311 -1.78664610
260 126 -0.61638699 -1.54622769
270 126 -0.56148280 -1.26775592
280 126 -0.50596432 -0.99055798
290 126 -0.45028419 -0.74625341
300 126 -0.39397685 -0.52441229
310 126 -0.33766950 -0.30257117
320 126 -0.28136215 -0.08073005
330 126 -0.05145773 0.18321873
340 126 0.17750264 0.44749728
350 126 0.40740707 0.71144605
360 126 0.65323765 0.93911318
370 126 0.91532417 1.13144274
380 126 1.14714905 1.26443231
390 126 1.30741936 1.25929171
400 126 1.46801945 1.25509517
410 126 1.62861954 1.25089863
420 126 1.77920355 1.18770482
320 132 -1.85508397 -1.11988770
330 132 -1.62305218 -0.86197833
340 132 -1.38719241 -0.69014651
350 132 -1.15087356 -0.57461558
360 132 -0.91361064 -0.45941442
370 132 -0.78159099 -0.18457662
380 132 -0.66133329 0.10814011
390 132 -0.54168987 0.40213068
400 132 -0.42535713 0.70787026
410 132 -0.30869462 1.01455391
420 132 -0.16506174 1.28321651
430 132 0.01985112 1.49720771
440 132 0.20570804 1.71086914
450 132 0.40205308 1.90603733
460 132 0.64247796 2.02119323
470 132 0.88417666 2.13696341
480 132 1.10866891 2.22167015
490 132 1.29573501 2.23259150
500 132 1.48313088 2.24445691
510 132 1.63830585 2.23685917
340 136 -2.14090777 -1.46810998
350 136 -1.88524215 -1.19409339
360 136 -1.63052059 -0.91974703
370 136 -1.40538173 -0.65731133
380 136 -1.22605563 -0.41382797
390 136 -1.04545570 -0.16973031
400 136 -0.87462614 0.07672102
410 136 -0.73773747 0.33820619
420 136 -0.60117857 0.59874730
430 136 -0.46523396 0.86056224
440 136 -0.32118078 1.13649281
450 136 -0.16077468 1.45014051
460 136 -0.00131263 1.76411799
470 136 0.15909347 2.07776569
480 136 0.40276436 2.28712065
490 136 0.66726276 2.47119291
500 136 0.93303499 2.65587946
510 136 1.18740091 2.81700978
520 136 1.44172157 2.97497814
530 136 1.68817290 3.11345102
390 148 -0.72873010 -1.50698455
400 148 -0.77276467 -1.26915908
410 148 -0.81552541 -1.03071931
420 148 -0.76243175 -0.87872569
430 148 -0.70900831 -0.72578800
440 148 -0.65591464 -0.57379437
450 148 -0.60869225 -0.39009068
460 148 -0.56274370 -0.20700128
470 148 -0.51330342 -0.02301307
480 148 -0.44139968 0.16160235
490 148 -0.36949595 0.34621777
500 148 -0.29759222 0.53083319
510 148 -0.24910246 0.80307158
520 148 -0.21082924 1.11277492
530 148 -0.17255603 1.42247827
540 148 -0.09918447 1.75381739
550 148 -0.01718060 2.09167441
560 148 0.06482328 2.42953142
570 148 0.08444809 2.67371960
580 148 0.10534673 2.91852207
400 95 0.26786727 0.92755168
410 95 0.46181983 1.17651836
420 95 0.66236141 1.37763543
430 95 0.87835712 1.46531013
440 95 1.09340876 1.55331461
450 95 1.27756509 1.53771176
460 95 1.44843991 1.47802261
470 95 1.61931473 1.41833346
480 95 1.76043874 1.31289620
490 95 1.89382922 1.19744933
500 95 2.02688992 1.08105839
510 95 2.15460311 0.98877978
520 95 2.27876637 0.91363004
530 95 2.40292963 0.83848029
540 95 2.52709289 0.76333054
550 95 2.62720849 0.73153642
560 95 2.69188952 0.76508287
570 95 2.75624078 0.79768527
580 95 2.81997774 0.83156149
590 95 2.88465877 0.86510795
400 104 0.50027410 0.57096219
410 104 0.49140252 0.56982415
420 104 0.48191666 0.56995994
430 104 0.47304509 0.56882189
440 104 0.46417351 0.56768385
450 104 0.45435788 0.56687558
460 104 0.44581607 0.56668159
470 104 0.43600044 0.56587332
480 104 0.42712886 0.56473528
490 104 0.29820651 0.55045152
500 104 0.11638447 0.53028356
510 104 -0.06354945 0.50945605
520 104 -0.30699402 0.47056208
530 104 -0.61366473 0.41138376
540 104 -0.91906161 0.35281972
550 104 -1.24191713 0.28976170
560 104 -1.58954452 0.21946804
570 104 -1.93717191 0.14917438
580 104 -2.28512907 0.07793666
590 104 -2.65353871 0.03608766
400 107 0.83681202 0.79448452
410 107 0.82510826 0.79433579
420 107 0.81340451 0.79418707
430 107 0.80264481 0.79370858
440 107 0.79094106 0.79355985
450 107 0.78018136 0.79308136
460 107 0.76847761 0.79293264
470 107 0.75771791 0.79245414
480 107 0.74601416 0.79230542
490 107 0.73431040 0.79215670
500 107 0.61336082 0.78250272
510 107 0.44588074 0.77003595
520 107 0.27901493 0.75629536
530 107 0.03715457 0.67341855
540 107 -0.25215449 0.54567950
550 107 -0.54273739 0.41732616
560 107 -0.85762660 0.29216711
570 107 -1.22868089 0.17603482
580 107 -1.60067925 0.06023231
590 107 -1.97358287 0.03584194
400 152 -0.92523680 -1.97856182
410 152 -0.85685066 -1.75246596
420 152 -0.82423533 -1.52870439
430 152 -0.93380446 -1.31777169
440 152 -1.04431766 -1.10650921
450 152 -1.10798350 -0.87030028
460 152 -1.17070528 -0.63442112
470 152 -1.17552257 -0.39652451
480 152 -1.09175989 -0.15673332
490 152 -1.00766744 0.08400192
500 152 -0.89309350 0.33315612
510 152 -0.74832258 0.59294715
520 152 -0.60355165 0.85273818
530 152 -0.54260807 1.13333732
540 152 -0.51729951 1.42108804
550 152 -0.49260523 1.71011260
560 152 -0.46133487 1.97247716
570 152 -0.42736811 2.22436654
580 152 -0.39245730 2.47592614
590 152 -0.36189174 2.73324063
400 162 0.27146892 -0.10224297
410 162 0.27955163 0.10890312
420 162 0.28164020 0.32108379
430 162 0.27650606 0.53684672
440 162 0.27042787 0.75293942
450 162 0.50368823 1.00830113
460 162 0.76294904 1.26835080
470 162 0.99282113 1.35329679
480 162 1.21512135 1.39533978
490 162 1.43742157 1.43738277
500 162 1.59579730 1.36617092
510 162 1.75355874 1.29623290
520 162 1.91033087 1.22346270
530 162 2.05021337 1.14176273
540 162 2.18976610 1.05911870
550 162 2.32931883 0.97647467
560 162 2.40582000 0.97411452
570 162 2.46678299 0.99095241
580 162 2.52807575 1.00873436
590 162 2.58936851 1.02651631
