400 107 0.00000000 0.00000000
410 107 -0.00000000 0.01170470
420 107 0.00000000 0.02340940
430 107 -0.00034174 0.03417431
440 107 -0.00034174 0.04587901
450 107 -0.00068349 0.05664391
460 107 -0.00068349 0.06834861
470 107 -0.00102523 0.07911352
480 107 -0.00102523 0.09081822
490 107 -0.00102523 0.10252292
500 107 -0.00914163 0.22358540
510 107 -0.01947935 0.39121037
520 107 -0.03109862 0.55823729
530 107 -0.11089562 0.80113118
540 107 -0.23494836 1.09203996
550 107 -0.35959914 1.38423028
560 107 -0.48074705 1.70068435
570 107 -0.59215529 2.07318429
580 107 -0.70322179 2.44662402
590 107 -0.72287201 2.81980745
230 124 -2.37357644 1.94101516
240 124 -2.12017396 1.82439534
250 124 -1.86583169 1.70743378
260 124 -1.64053757 1.60422737
270 124 -1.43429564 1.51007716
280 124 -1.22805370 1.41592695
290 124 -1.02087197 1.32143499
300 124 -0.80890583 1.20498604
310 124 -0.59232616 1.07196255
320 124 -0.37540475 0.93987886
330 124 -0.16215708 0.78891386
340 124 0.04357224 0.59386401
350 124 0.24964331 0.39975395
360 124 0.45571437 0.20564389
370 124 0.57788752 -0.03776261
380 124 0.69040642 -0.28723504
390 124 0.80420686 -0.53610943
400 124 0.80856409 -0.76114724
410 124 0.74218050 -0.97003768
420 124 0.66486113 -1.17388742
390 148 -2.28139125 1.59465857
400 148 -2.04302547 1.63566774
410 148 -1.80406163 1.67539537
420 148 -1.65275489 1.62037473
430 148 -1.50050835 1.56501236
440 148 -1.34920161 1.50999172
450 148 -1.16611277 1.46043898
460 148 -0.98362197 1.41216777
470 148 -0.80027682 1.36039370
480 148 -0.61658992 1.28615002
490 148 -0.43290303 1.21190634
500 148 -0.24921613 1.13766266
510 148 0.02238417 1.08571771
520 148 0.33157621 1.04351244
530 148 0.64076824 1.00130717
540 148 0.97114835 0.92373150
550 148 1.30793614 0.83744138
560 148 1.64472393 0.75115125
570 148 1.88864304 0.72842534
580 148 2.13316020 0.70441789
400 61 -0.45468915 -0.05066341
410 61 -0.45007561 -0.04382855
420 61 -0.44512034 -0.03605389
430 61 -0.44050681 -0.02921903
440 61 -0.43589328 -0.02238417
450 61 -0.43093800 -0.01460952
460 61 -0.42632447 -0.00777465
470 61 -0.42136920 0.00000000
480 61 -0.44264270 0.10243748
490 61 -0.49040130 0.30175912
500 61 -0.53850163 0.50014097
510 61 -0.62231412 0.74662316
520 61 -0.72141961 1.01249926
530 61 -0.82052509 1.27837536
540 61 -0.90835306 1.58696935
550 61 -0.98396371 1.93793947
560 61 -1.05957437 2.28890960
570 61 -1.13544133 2.64210106
580 61 -1.21139372 3.00383609
590 61 -1.28700438 3.36651091
400 64 -0.77849070 0.20009056
410 64 -0.78113921 0.20743804
420 64 -0.78250618 0.21538357
430 64 -0.78421489 0.22238930
440 64 -0.78558187 0.23033482
450 64 -0.78694884 0.23828035
460 64 -0.78865755 0.24528608
470 64 -0.79096432 0.25357335
480 64 -0.79267303 0.26057909
490 64 -0.80232728 0.30133195
500 64 -0.84376362 0.47707332
510 64 -0.88613976 0.65315643
520 64 -0.92851590 0.82923954
530 64 -1.00797116 1.07307322
540 64 -1.14321598 1.41806284
550 64 -1.27940059 1.76339421
560 64 -1.41524346 2.10966536
570 64 -1.52767693 2.50275532
580 64 -1.63532599 2.90900239
590 64 -1.74297506 3.31524946
400 95 0.14028553 0.56720805
410 95 0.38676771 0.37010774
420 95 0.58532043 0.16702692
430 95 0.67024358 -0.05006536
440 95 0.75550848 -0.26621785
450 95 0.73756697 -0.45016105
460 95 0.67571147 -0.62026366
470 95 0.61385598 -0.79036627
480 95 0.50663409 -0.93013918
490 95 0.38950166 -1.06205200
500 95 0.27142943 -1.19362308
510 95 0.17753552 -1.32015345
520 95 0.10081420 -1.44335183
530 95 0.02409289 -1.56655020
540 95 -0.05262843 -1.68974858
550 95 -0.08569207 -1.78945211
560 95 -0.05297017 -1.85455417
570 95 -0.02118807 -1.91931448
580 95 0.01187557 -1.98347674
590 95 0.04459747 -2.04857879
400 104 -0.21922817 0.33935086
410 104 -0.22025340 0.34823618
420 104 -0.21999710 0.35771955
430 104 -0.22102233 0.36660487
440 104 -0.22204756 0.37549019
450 104 -0.22273104 0.38531530
460 104 -0.22281648 0.39385888
470 104 -0.22349996 0.40368399
480 104 -0.22452519 0.41256931
490 104 -0.23716969 0.54166275
500 104 -0.25502576 0.72372637
510 104 -0.27356532 0.90391040
520 104 -0.30936291 1.14782951
530 104 -0.36463985 1.45522740
540 104 -0.41931874 1.76134375
550 104 -0.47826942 2.08497443
560 104 -0.54414039 2.43346692
570 104 -0.61001137 2.78195941
580 104 -0.67682214 3.13079364
590 104 -0.71398669 3.49970527
400 157 -0.78378772 0.84683931
410 157 -0.62914898 0.84487429
420 157 -0.47357045 0.84256752
430 157 -0.31833366 0.83932096
440 157 -0.12285663 0.80335251
450 157 0.09022017 0.75140756
460 157 0.30363871 0.70040241
470 157 0.44178834 0.60334738
480 157 0.56250908 0.49347698
490 157 0.68263177 0.38488812
500 157 0.79779918 0.26852461
510 157 0.90040754 0.13225457
520 157 1.00241784 -0.00273394
530 157 1.10724752 -0.13874768
540 157 1.22224407 -0.27313814
550 157 1.33724061 -0.40752860
560 157 1.45189540 -0.54285886
570 157 1.56467061 -0.67750562
580 157 1.66001693 -0.81326305
590 157 1.75408171 -0.94961854
400 162 -0.88947176 0.57669142
410 162 -0.67844542 0.56592651
420 162 -0.46630841 0.56114211
430 162 -0.25049767 0.56353431
440 162 -0.03434518 0.56686631
450 162 0.21803207 0.33038011
460 162 0.47476655 0.06783600
470 162 0.55678489 -0.16309688
480 162 0.59599990 -0.38591335
490 162 0.63521492 -0.60872983
500 162 0.56199647 -0.76618795
510 162 0.49005955 -0.92304801
520 162 0.41530326 -1.07888285
530 162 0.33183251 -1.21771597
540 162 0.24742198 -1.35620735
550 162 0.16301144 -1.49469872
560 162 0.15967945 -1.57116373
570 162 0.17574137 -1.63233574
580 162 0.19274309 -1.69384949
590 162 0.20974480 -1.75536324
430 832 -0.93364205 -1.06931404
440 832 -0.93432553 -0.89562313
450 832 -0.93560707 -0.72065068
460 832 -0.93594881 -0.54601998
470 832 -1.02010304 -0.38241049
480 832 -1.14167814 -0.22221843
490 832 -1.26231344 -0.06236811
500 832 -1.37748085 0.11251890
510 832 -1.46923886 0.34592942
520 832 -1.56099688 0.57933993
530 832 -1.65181510 0.81240870
540 832 -1.74297506 1.05624237
550 832 -1.83285348 1.30067410
560 832 -1.92273191 1.54510582
570 832 -2.00269979 1.73485866
580 832 -2.07933567 1.91914361
590 832 -2.15725309 2.10283050
600 832 -2.17305870 2.27882818
610 832 -2.17246065 2.45311714
620 832 -2.17152086 2.62834590
480 730 -1.46804276 -0.55789555
490 730 -1.40456399 -0.46818800
500 730 -1.33980368 -0.37788239
510 730 -1.27632490 -0.28817484
520 730 -1.27042984 -0.14028553
530 730 -1.30272456 0.04596444
540 730 -1.33561733 0.23349595
550 730 -1.38534094 0.46545405
560 730 -1.44369357 0.71757500
570 730 -1.50110640 0.96935420
580 730 -1.60431281 1.21224808
590 730 -1.77561152 1.44053245
600 730 -1.94785002 1.66915856
610 730 -2.10590619 1.87241024
620 730 -2.25174504 2.04780987
630 730 -2.39724215 2.22414929
640 730 -2.48267792 2.34034193
650 730 -2.47755177 2.36614353
660 730 -2.47302368 2.39322667
670 730 -2.46849558 2.42030981
