1520 860 0.00000000 0.00000000
1530 860 0.00000000 0.33136083
1540 860 -0.05160538 0.68915810
1550 860 -0.10230539 1.04804180
1560 860 -0.15391077 1.40583906
1570 860 -0.21846276 1.74036865
1580 860 -0.30573921 2.03768804
1590 860 -0.39301567 2.33500743
1600 860 -0.47929624 2.63241735
1610 860 -0.56557681 2.88564583
1620 860 -0.64995612 3.12900592
1630 860 -0.73524079 3.37127958
1640 860 -0.82052547 3.61355323
1650 860 -0.87946424 3.83111063
1660 860 -0.93740711 4.04875856
1670 860 -0.99625535 4.26532007
1680 860 -1.03382768 4.45770853
1690 860 -1.01979464 4.59052447
1700 860 -1.00576160 4.72334041
1710 860 -0.99163803 4.85516045
1450 208 1.60212056 0.82242672
1460 208 1.41960050 1.18438863
1470 208 1.23861954 1.57360180
1480 208 1.05908716 1.96897140
1490 208 0.94084747 2.28657080
1500 208 0.83745565 2.58443341
1510 208 0.68716631 2.90112745
1520 208 0.50573268 3.22904792
1530 208 0.30610136 3.50309962
1540 208 0.09759753 3.75324989
1550 208 -0.11280754 4.01326855
1560 208 -0.32728672 4.28496632
1570 208 -0.53144483 4.55358588
1580 208 -0.64072147 4.80572794
1590 208 -0.74999812 5.05786999
1600 208 -0.82568600 5.34921402
1610 208 -0.87964531 5.66663234
1620 208 -0.99480678 5.92828065
1630 208 -1.13685736 6.16539377
1640 208 -1.28370634 6.41110778
1680 565 -0.57245752 4.39723065
1690 565 -0.58938771 4.40673690
1700 565 -0.60640843 4.41723905
1710 565 -0.62342915 4.42774120
1720 565 -0.64135522 4.43715691
1730 565 -0.65837595 4.44765906
1740 565 -0.67539667 4.45816121
1750 565 -0.69232685 4.46766746
1760 565 -0.70934757 4.47816961
1770 565 -0.72736418 4.48858122
1780 565 -0.74438490 4.49908336
1790 565 -0.75561134 4.51212051
1800 565 -0.74710098 4.54000552
1810 565 -0.73759472 4.56798107
1820 565 -0.72908436 4.59586608
1830 565 -0.72057400 4.62375109
1840 565 -0.71106775 4.65172663
1850 565 -0.70255739 4.67961164
1860 565 -0.69305114 4.70758719
1870 565 -0.68454078 4.73547220
