3550 453 0.00000000 0.00000000
3560 453 -0.00000000 0.37944828
3570 453 0.00093557 0.75924971
3580 453 -0.02161032 1.17294245
3590 453 -0.05895138 1.60884112
3600 453 -0.09535687 2.04509292
3610 453 -0.02608788 2.43358592
3620 453 0.04153926 2.82359691
3630 453 0.11684860 3.17909726
3640 453 0.19975318 3.48615887
3650 453 0.28207533 3.79193176
3660 453 0.39891339 4.04873883
3670 453 0.53019346 4.28427554
3680 453 0.66053797 4.51945910
3690 453 0.85445109 4.74764040
3700 453 1.06299861 4.97386358
3710 453 1.26056704 5.18952934
3720 453 1.41187093 5.36635449
3730 453 1.56259239 5.54189093
3740 453 1.71424942 5.71778051
3570 457 0.37418538 0.59444201
3580 457 0.34595228 1.04019182
3590 457 0.30388331 1.44330868
3600 457 0.26077335 1.84068826
3610 457 0.21801653 2.23713227
3620 457 0.26021464 2.53310409
3630 457 0.32271591 2.80360472
3640 457 0.38428162 3.07375221
3650 457 0.48371546 3.31436998
3660 457 0.59850844 3.54261452
3670 457 0.71236585 3.77050592
3680 457 0.80901670 3.94487224
3690 457 0.90275543 4.11279499
3700 457 0.99649416 4.28071774
3710 457 1.09512157 4.46117448
3720 457 1.19828451 4.65510078
3730 457 1.30051188 4.84867393
3740 457 1.41018690 5.06216020
3750 457 1.52475060 5.28818046
3760 457 1.63837874 5.51384758
3580 461 -0.50606106 1.39731822
3590 461 -0.52519410 1.74816708
3600 461 -0.51744337 2.11557684
3610 461 -0.48409759 2.50012990
3620 461 -0.46095610 2.89472649
3630 461 -0.44743647 3.30065533
3640 461 -0.41373754 3.68427282
3650 461 -0.29545528 3.97689768
3660 461 -0.17717302 4.26952254
3670 461 -0.02044020 4.53390639
3680 461 0.22842902 4.73259487
3690 461 0.49154261 4.94734877
3700 461 0.75733904 5.16632196
3710 461 0.93210067 5.37444782
3720 461 1.09773589 5.58126652
3730 461 1.26208240 5.78866764
3740 461 1.42678205 5.99513319
3750 461 1.52738601 6.18168035
3760 461 1.59956976 6.35856875
3770 461 1.67175351 6.53545715
