0 1 0.00000000 0.00000000
10 1 0.00000000 0.45754235
20 1 -0.00000000 0.91508470
30 1 0.00478426 1.37086327
40 1 0.01913703 1.82311431
50 1 0.03250191 2.27552052
60 1 0.04571162 2.72693884
70 1 0.05056800 3.15739954
80 1 0.04592799 3.56606991
90 1 0.04128798 3.97474028
100 1 0.03664797 4.38341065
110 1 0.03677692 4.80955263
120 1 0.03690587 5.23569460
130 1 0.03802271 5.66168140
140 1 0.03799648 6.08683549
150 1 0.06022612 6.50545685
160 1 0.08131269 6.92324550
170 1 0.10338715 7.34087897
180 1 0.12546161 7.75851245
190 1 0.11579912 8.14165294
0 2 -0.54796895 -0.10524272
10 2 -0.54137940 0.36847300
20 2 -0.53562255 0.84333177
30 2 -0.52903300 1.31704749
40 2 -0.52374168 1.78894261
50 2 -0.52529345 2.23660609
60 2 -0.52783311 2.68442474
70 2 -0.53037276 3.13224340
80 2 -0.53192453 3.57990688
90 2 -0.53727267 4.02917896
100 2 -0.56857469 4.49366274
110 2 -0.59987671 4.95814652
120 2 -0.63117873 5.42263030
130 2 -0.66248076 5.88711408
140 2 -0.69378278 6.35159787
150 2 -0.74583042 6.81934036
160 2 -0.79772288 7.28807075
170 2 -0.84961535 7.75680113
180 2 -0.90166299 8.22454363
190 2 -0.95355545 8.69327401
0 3 -1.04941762 -0.06899034
10 3 -1.04943292 0.40778739
20 3 -1.04944821 0.88456512
30 3 -1.04946351 1.36134284
40 3 -1.04947881 1.83812057
50 3 -1.06561065 2.31540535
60 3 -1.08668193 2.79346602
70 3 -1.10692049 3.27038362
80 3 -1.12799176 3.74844429
90 3 -1.14823033 4.22536189
100 3 -1.19419547 4.69316121
110 3 -1.26619755 5.14986648
120 3 -1.33721174 5.60641657
130 3 -1.40905864 6.06410972
140 3 -1.48007284 6.52065981
150 3 -1.55046632 6.98116145
160 3 -1.60549292 7.46860486
170 3 -1.66166258 7.95521555
180 3 -1.71668918 8.44265896
190 3 -1.77285885 8.92926965
