1250 758 0.00000000 0.00000000
1260 758 -0.00000000 0.27639465
1270 758 -0.00000000 0.55278929
1280 758 -0.01994250 0.79674481
1290 758 -0.08631499 0.96532623
1300 758 -0.15237994 1.13485918
1310 758 -0.28431810 1.21113055
1320 758 -0.46062036 1.22817502
1330 758 -0.63627861 1.24396042
1340 758 -0.81224439 1.25879428
1350 758 -0.98854665 1.27583875
1360 758 -1.13960963 1.29943907
1370 758 -1.19167649 1.35620211
1380 758 -1.24469488 1.41327268
1390 758 -1.29706927 1.46908418
1400 758 -1.35686420 1.54095605
1410 758 -1.43469132 1.64808186
1420 758 -1.51282598 1.75425613
1430 758 -1.58970156 1.86107440
1440 758 -1.68866513 1.99710092
1120 858 -1.18136514 1.12797048
1130 858 -1.23487559 1.23879752
1140 858 -1.28743449 1.34931702
1150 858 -1.34094494 1.46014406
1160 858 -1.39476291 1.57001956
1170 858 -1.46825565 1.68730476
1180 858 -1.56173069 1.81104811
1190 858 -1.65615727 1.93509899
1200 858 -1.74963230 2.05884235
1210 858 -1.84310734 2.18258570
1220 858 -1.93467207 2.37402211
1230 858 -2.02528526 2.56515100
1240 858 -2.11684998 2.75658741
1250 858 -2.20746317 2.94771629
1260 858 -2.29810530 3.14200732
1270 858 -2.38843990 3.33724989
1280 858 -2.47877450 3.53249246
1290 858 -2.56348671 3.73537627
1300 858 -2.63793461 3.95701226
1310 858 -2.71112343 4.17929225
1210 755 -0.08571078 -0.10261414
1220 755 -0.16893960 0.00730839
1230 755 -0.25311995 0.11753846
1240 755 -0.33634877 0.22746099
1250 755 -0.42771813 0.32845426
1260 755 -0.58378844 0.34631641
1270 755 -0.73985876 0.36417855
1280 755 -0.89688062 0.38234822
1290 755 -1.01022218 0.49990115
1300 755 -1.10561114 0.65999470
1310 755 -1.20069258 0.82103978
1320 755 -1.25867489 1.00582629
1330 755 -1.30722865 1.19702391
1340 755 -1.35673395 1.38852907
1350 755 -1.40420955 1.53103545
1360 755 -1.45197097 1.60112002
1370 755 -1.49973238 1.67120459
1380 755 -1.54654226 1.74098163
1390 755 -1.59365967 1.80980713
1400 755 -1.64142109 1.87989170
1290 867 -0.18561141 3.76346654
1300 867 -0.25754840 3.64168777
1310 867 -0.32948540 3.51990900
1320 867 -0.40237393 3.39843776
1330 867 -0.47431093 3.27665899
1340 867 -0.54624792 3.15488022
1350 867 -0.61256252 3.04074270
1360 867 -0.62287386 2.99257968
1370 867 -0.63223367 2.94410913
1380 867 -0.64223748 2.89689765
1390 867 -0.65254882 2.84873464
1400 867 -0.66255263 2.80152316
1410 867 -0.67191244 2.75305261
1420 867 -0.68191625 2.70584113
1430 867 -0.69222759 2.65767811
1440 867 -0.70253894 2.60951510
1450 867 -0.84007054 2.67498308
1460 867 -0.97886122 2.73980706
1470 867 -1.11765190 2.80463103
1480 867 -1.27053836 2.75105185
