430 832 0.00000000 0.00000000
440 832 -0.00000000 0.17369226
450 832 -0.00059300 0.34866839
460 832 -0.00024756 0.52329909
470 832 -0.08375733 0.68723847
480 832 -0.20470112 0.84790769
490 832 -0.32470647 1.00823147
500 832 -0.43918481 1.18357032
510 832 -0.53002363 1.41734010
520 832 -0.62086245 1.65110987
530 832 -0.71076283 1.88453421
540 832 -0.80096259 2.12872472
550 832 -0.88987847 2.37350823
560 832 -0.97879435 2.61829174
570 832 -1.05801493 2.80835778
580 832 -1.13392505 2.99294286
590 832 -1.21111905 3.17693495
600 832 -1.22623198 3.35299346
610 832 -1.22494810 3.52727872
620 832 -1.22331878 3.70250242
400 61 0.48295763 1.01675805
410 61 0.48759802 1.02357470
420 61 0.49258385 1.03132980
430 61 0.49722424 1.03814645
440 61 0.50186463 1.04496311
450 61 0.50685046 1.05271820
460 61 0.51149085 1.05953486
470 61 0.51647668 1.06728995
480 61 0.49560643 1.16981035
490 61 0.44863255 1.36931838
500 61 0.40131323 1.56788797
510 61 0.31847131 1.81469805
520 61 0.22041282 2.08096208
530 61 0.12235433 2.34722611
540 61 0.03574137 2.65616331
550 61 -0.03848761 3.00742825
560 61 -0.11271660 3.35869319
570 61 -0.18719315 3.71218045
580 61 -0.26172151 4.07421156
590 61 -0.33590444 4.43718111
400 64 0.16014531 1.26878425
410 64 0.15752573 1.27614209
420 64 0.15619004 1.28409294
430 64 0.15450890 1.29110534
440 64 0.15317321 1.29905618
450 64 0.15183751 1.30700703
460 64 0.15015638 1.31401943
470 64 0.14788224 1.32231571
480 64 0.14620111 1.32932811
490 64 0.13670730 1.37011865
500 64 0.09596283 1.54602171
510 64 0.05427991 1.72227021
520 64 0.01259699 1.89851872
530 64 -0.06589816 2.14266316
540 64 -0.19978438 2.48818231
550 64 -0.33460904 2.83404689
560 64 -0.46908827 3.18084992
570 64 -0.57997404 3.57437926
580 64 -0.68602367 3.98104679
590 64 -0.79207331 4.38771431
400 104 0.71995150 1.40584275
410 104 0.71896124 1.41473204
420 104 0.71925486 1.42421433
430 104 0.71826460 1.43310361
440 104 0.71727435 1.44199290
450 104 0.71662953 1.45182062
460 104 0.71657771 1.46036447
470 104 0.71593289 1.47019220
480 104 0.71494264 1.47908148
490 104 0.70280623 1.60822368
500 104 0.68566672 1.79035615
510 104 0.66783633 1.97061174
520 104 0.63299886 2.21466983
530 104 0.57893197 2.52228285
540 104 0.52545808 2.82861199
550 104 0.46778136 3.15247214
560 104 0.40328223 3.50122114
570 104 0.33878309 3.84997013
580 104 0.27334552 4.19906457
590 104 0.23763293 4.56811959
400 107 0.93784261 1.06563185
410 107 0.93788867 1.07733646
420 107 0.93793473 1.08904106
430 107 0.93763535 1.09980723
440 107 0.93768141 1.11151184
450 107 0.93738203 1.12227801
460 107 0.93742809 1.13398262
470 107 0.93712871 1.14474879
480 107 0.93717477 1.15645340
490 107 0.93722082 1.16815801
500 107 0.92958088 1.28925149
510 107 0.91990284 1.45691584
520 107 0.90894092 1.62398719
530 107 0.83010033 1.86719320
540 107 0.70719330 2.15858788
550 107 0.58369326 2.45126644
560 107 0.46379154 2.76819479
570 107 0.35384997 3.14113024
580 107 0.24425384 3.51500413
590 107 0.22607225 3.88826199
480 730 -0.53238412 0.51351742
490 730 -0.46855284 0.60297449
500 730 -0.40343767 0.69302456
510 730 -0.33960639 0.78248163
520 730 -0.33312942 0.93034660
530 730 -0.36469098 1.11672221
540 730 -0.39684556 1.30438169
550 730 -0.44565602 1.53653367
560 730 -0.50301609 1.78888228
570 730 -0.55943772 2.04088545
580 730 -0.66168753 2.28418358
590 730 -0.83208660 2.51314024
600 730 -1.00342412 2.74244235
610 730 -1.16067926 2.94631442
620 730 -1.30582678 3.12228657
630 730 -1.45062886 3.29919716
640 730 -1.53560674 3.41572510
650 730 -1.53037910 3.44150633
660 730 -1.52574447 3.46857144
670 730 -1.52110984 3.49563655
