2140 597 0.00000000 0.00000000
2150 597 -0.00000000 0.15900314
2160 597 0.00508795 0.30403801
2170 597 0.01017590 0.44907288
2180 597 0.01425758 0.59510144
2190 597 0.03334525 0.74022435
2200 597 0.06542009 0.88742899
2210 597 0.09750122 1.03363365
2220 597 0.12958234 1.17983830
2230 597 0.14750023 1.35195439
2240 597 0.16339299 1.52805783
2250 597 0.17929205 1.70316128
2260 597 0.19519111 1.87826474
2270 597 0.21599573 2.06839934
2280 597 0.23875628 2.26554639
2290 597 0.26052315 2.46168716
2300 597 0.34515670 2.67922374
2310 597 0.45474572 2.90391741
2320 597 0.56433475 3.12861108
2330 597 0.66315041 3.31723628
2040 590 -0.25770560 -1.16064371
2050 590 -0.25913324 -0.93364820
2060 590 -0.26055460 -0.70765267
2070 590 -0.20980717 -0.50832957
2080 590 -0.13597844 -0.32186156
2090 590 -0.06215600 -0.13439357
2100 590 0.01476700 0.03709361
2110 590 0.10606708 0.14867002
2120 590 0.19636090 0.26124012
2130 590 0.28666100 0.37281024
2140 590 0.30736499 0.41994138
2150 590 0.31116995 0.45096592
2160 590 0.31397492 0.48198418
2170 590 0.31778617 0.51200874
2180 590 0.32059114 0.54302700
2190 590 0.32439610 0.57405154
2200 590 0.32720108 0.60506979
2210 590 0.33101232 0.63509436
2220 590 0.33381730 0.66611261
2230 590 0.33762225 0.69713716
2110 593 -0.20874430 -0.83632937
2120 593 -0.16298420 -0.63903768
2130 593 -0.11822408 -0.44175227
2140 593 -0.12246299 -0.24477503
2150 593 -0.17370726 -0.04709341
2160 593 -0.22594522 0.14958195
2170 593 -0.25927789 0.36137650
2180 593 -0.21997049 0.63062904
2190 593 -0.18065680 0.89888159
2200 593 -0.13323636 1.15018480
2210 593 -0.06956466 1.36158942
2220 593 -0.00588668 1.57199407
2230 593 0.05778502 1.78339869
2240 593 0.16323577 2.03006677
2250 593 0.26868022 2.27773483
2260 593 0.37813089 2.52442806
2270 593 0.52563740 2.76236046
2280 593 0.67314392 3.00029286
2290 593 0.83019113 3.15228357
2300 593 0.99145838 3.26930012
2240 591 0.34042723 0.72815541
2250 591 0.34423847 0.75817997
2260 591 0.34704345 0.78919823
2270 591 0.35280434 0.82723521
2280 591 0.37616237 0.92938413
2290 591 0.40051409 1.03253933
2300 591 0.42387212 1.13468825
2310 591 0.44509812 1.25782418
2320 591 0.45282752 1.45987679
2330 591 0.46155691 1.66193568
2340 591 0.46333675 1.85595072
2350 591 0.46213551 2.04694694
2360 591 0.46093428 2.23794316
2370 591 0.45574570 2.42691427
2380 591 0.44555723 2.61585393
2390 591 0.43636873 2.80479987
2400 591 0.47307240 3.01103479
2410 591 0.53970002 3.22945814
2420 591 0.60632763 3.44788150
2430 591 0.60412013 3.63987141
2260 366 -1.37919285 0.82134225
2270 366 -1.37223701 0.82838613
2280 366 -1.36428119 0.83543631
2290 366 -1.35732536 0.84248019
2300 366 -1.34937583 0.85053035
2310 366 -1.34241999 0.85757423
2320 366 -1.33446417 0.86462441
2330 366 -1.32750834 0.87166830
2340 366 -1.31955252 0.87871847
2350 366 -1.31159670 0.88576865
2360 366 -1.30464715 0.89381251
2370 366 -1.29669134 0.90086269
2380 366 -1.28973550 0.90790657
2390 366 -1.28177968 0.91495675
2400 366 -1.27482384 0.92200063
2410 366 -1.26686803 0.92905081
2420 366 -1.25991848 0.93709467
2430 366 -1.25196266 0.94414485
2440 366 -1.24500682 0.95118874
2450 366 -1.23705101 0.95823891
2260 377 -1.07244420 0.22625968
2270 377 -1.06546949 0.23030362
2280 377 -1.05948848 0.23334130
2290 377 -1.05351376 0.23737895
2300 377 -1.04753274 0.24041663
2310 377 -1.04055175 0.24346059
2320 377 -1.03457702 0.24749825
2330 377 -1.02859601 0.25053593
2340 377 -1.02262128 0.25457358
2350 377 -1.01564029 0.25761755
2360 377 -1.00965928 0.26065522
2370 377 -1.00368455 0.26469288
2380 377 -0.99770354 0.26773055
2390 377 -0.99072254 0.27077452
2400 377 -0.98474782 0.27481217
2410 377 -0.97876681 0.27784985
2420 377 -0.97279208 0.28188751
2430 377 -0.96581109 0.28493147
2440 377 -0.95983636 0.28896913
2450 377 -0.95385535 0.29200680
2280 568 0.69899875 -0.79261954
2290 568 0.74108597 -0.48834883
2300 568 0.78317319 -0.18407812
2310 568 0.86043581 0.09241327
2320 568 0.99097411 0.32523885
2330 568 1.12151241 0.55806443
2340 568 1.30033906 0.74519281
2350 568 1.52844776 0.88763024
2360 568 1.75358796 1.02504891
2370 568 1.95294251 1.12830473
2380 568 2.15229706 1.23156055
2390 568 2.35165160 1.33481637
2400 568 2.43579459 1.31234511
2410 568 2.51993758 1.28987386
2420 568 2.60407428 1.26840259
2430 568 2.66721769 1.24579926
2440 568 2.68136835 1.22188778
2450 568 2.69651271 1.19898258
2460 568 2.71065708 1.17607108
2470 568 2.72580144 1.15316587
