600 141 0.00000000 0.00000000
610 141 -0.00000000 0.31776249
620 141 -0.00316903 0.60428467
630 141 -0.01454860 0.81744072
640 141 -0.02496204 1.03033873
650 141 0.01027182 1.18550179
660 141 0.11445970 1.25393340
670 141 0.21864758 1.32236502
680 141 0.32283546 1.39079663
690 141 0.42966368 1.45748795
700 141 0.55549036 1.51392948
710 141 0.68157510 1.57133713
720 141 0.79850835 1.61773342
730 141 0.88250819 1.62220846
740 141 0.96554191 1.62694156
750 141 1.04954175 1.63141660
760 141 1.13379965 1.63685777
770 141 1.21683337 1.64159086
780 141 1.30083321 1.64606590
790 141 1.38412498 1.65176513
470 146 -1.50142957 -1.34303769
480 146 -1.38144688 -0.92483540
490 146 -1.25465407 -0.55088944
500 146 -1.12645139 -0.19491602
510 146 -0.99702454 0.16176547
520 146 -0.87122303 0.47387280
530 146 -0.74632786 0.77483658
540 146 -0.62239882 1.07605841
550 146 -0.50508164 1.43390430
560 146 -0.38802251 1.79078405
570 146 -0.32010386 2.16906974
580 146 -0.27240786 2.55689713
590 146 -0.22471186 2.94472453
600 146 -0.21200111 3.31394999
610 146 -0.22351600 3.66998005
620 146 -0.23503089 4.02601012
630 146 -0.24725385 4.38326437
640 146 -0.24436805 4.66920435
650 146 -0.24109831 4.94883144
660 146 -0.23712050 5.22723434
570 122 1.77829989 -0.37562017
580 122 1.55925578 -0.45167068
590 122 1.30919480 -0.45008774
600 122 1.05707568 -0.44070966
610 122 0.80399043 -0.43107354
620 122 0.57603401 -0.24597932
630 122 0.35156447 -0.04008025
640 122 0.12587074 0.16511074
650 122 -0.08793990 0.44579208
660 122 -0.30039417 0.73542664
670 122 -0.51188232 1.02480315
680 122 -0.67874594 1.43474770
690 122 -0.84560956 1.84469224
700 122 -1.01247318 2.25463679
710 122 -1.04946622 2.68578585
720 122 -1.00084500 3.13132932
730 122 -0.95293186 3.57809696
740 122 -0.88382993 4.01506484
750 122 -0.81015541 4.44977631
760 122 -0.73648089 4.88448778
590 149 1.39586331 0.09914953
600 149 1.41666501 0.24678180
610 149 1.43875068 0.38372056
620 149 1.46109442 0.52162544
630 149 1.48027541 0.64381419
640 149 1.49332918 0.74693838
650 149 1.50612491 0.84909644
660 149 1.51988676 0.95099645
670 149 1.54094966 0.94847570
680 149 1.56207235 0.93455335
690 149 1.58441923 0.92133908
700 149 1.60554193 0.90741673
710 149 1.62763075 0.89323633
720 149 1.64875345 0.87931398
730 149 1.67084227 0.86513358
740 149 1.69196496 0.85121123
750 149 1.71405379 0.83703083
760 149 1.73517648 0.82310848
770 149 1.79094770 0.79165102
780 149 1.97919207 0.68651275
600 99 -0.69677828 1.44473943
610 99 -0.62427759 1.68517373
620 99 -0.55177689 1.92560802
630 99 -0.47998428 2.16726650
640 99 -0.44864956 2.39696007
650 99 -0.42169546 2.62575359
660 99 -0.39474137 2.85454712
670 99 -0.36689982 3.04791167
680 99 -0.33773967 3.15708440
690 99 -0.30857953 3.26625714
700 99 -0.30192991 3.30277812
710 99 -0.30476221 3.30767486
720 99 -0.30881870 3.31186353
730 99 -0.31165101 3.31676026
740 99 -0.31448331 3.32165700
750 99 -0.31757367 3.32558761
760 99 -0.32040597 3.33048435
770 99 -0.32420441 3.33563914
780 99 -0.32729477 3.33956975
790 99 -0.33012707 3.34446649
600 153 0.94732075 -0.09984187
610 153 0.95354867 0.16760946
620 153 0.97593017 0.39865939
630 153 1.02289606 0.57449512
640 153 1.06986196 0.75033085
650 153 1.11494909 0.89975692
660 153 1.15911730 1.00699110
670 153 1.20206133 1.11351721
680 153 1.24364899 1.21109008
690 153 1.26677633 1.21629837
700 153 1.28893753 1.22176472
710 153 1.31109874 1.22723107
720 153 1.33325995 1.23269742
730 153 1.35542115 1.23816376
740 153 1.37758236 1.24363011
750 153 1.39974356 1.24909646
760 153 1.42190477 1.25456280
770 153 1.44406598 1.26002915
780 153 1.57036471 1.20973372
790 153 1.76711858 1.12095358
