2390 552 0.00000000 0.00000000
2400 552 -0.00000000 0.13520355
2410 552 0.01933381 0.24157650
2420 552 0.06789763 0.30265477
2430 552 0.11632831 0.36274195
2440 552 0.16390102 0.42395336
2450 552 0.21246484 0.48503164
2460 552 0.26089552 0.54511882
2470 552 0.37175059 0.64928768
2480 552 0.57782506 0.81633951
2490 552 0.78304157 0.98451557
2500 552 0.91754987 1.21970170
2510 552 1.04393708 1.46203261
2520 552 1.16933320 1.70449666
2530 552 1.31401875 1.94033366
2540 552 1.49873283 2.15868592
2550 552 1.68358005 2.37802927
2560 552 1.86928523 2.59624839
2570 552 1.99237372 2.84406733
2580 552 2.10892391 3.09579149
2260 366 0.09874001 2.10963395
2270 366 0.10660963 2.11563971
2280 366 0.11547034 2.12151234
2290 366 0.12333996 2.12751810
2300 366 0.13233380 2.13438182
2310 366 0.14020342 2.14038758
2320 366 0.14906413 2.14626021
2330 366 0.15693375 2.15226597
2340 366 0.16579446 2.15813860
2350 366 0.17465518 2.16401122
2360 366 0.18265793 2.17100808
2370 366 0.19151864 2.17688071
2380 366 0.19938826 2.18288647
2390 366 0.20824897 2.18875909
2400 366 0.21611859 2.19476485
2410 366 0.22497930 2.20063748
2420 366 0.23298205 2.20763434
2430 366 0.24184276 2.21350696
2440 366 0.24971238 2.21951272
2450 366 0.25857309 2.22538535
2260 377 0.31956261 1.47760913
2270 377 0.32703283 1.48064159
2280 377 0.33337882 1.48281609
2290 377 0.33985794 1.48598169
2300 377 0.34620393 1.48815619
2310 377 0.35354101 1.49019755
2320 377 0.36002013 1.49336315
2330 377 0.36636612 1.49553765
2340 377 0.37284524 1.49870325
2350 377 0.38018232 1.50074462
2360 377 0.38652831 1.50291911
2370 377 0.39300743 1.50608471
2380 377 0.39935342 1.50825921
2390 377 0.40669050 1.51030058
2400 377 0.41316962 1.51346617
2410 377 0.41951561 1.51564067
2420 377 0.42599473 1.51880627
2430 377 0.43333182 1.52084764
2440 377 0.43981094 1.52401324
2450 377 0.44615692 1.52618773
2280 214 -0.25330696 2.41825011
2290 214 -0.25786305 2.42188907
2300 214 -0.25832162 2.42598659
2310 214 -0.25778909 2.42995098
2320 214 -0.25811452 2.43503961
2330 214 -0.25758199 2.43900400
2340 214 -0.25704946 2.44296839
2350 214 -0.25737490 2.44805702
2360 214 -0.25684237 2.45202141
2370 214 -0.25630984 2.45598580
2380 214 -0.25676841 2.46008333
2390 214 -0.25610274 2.46503882
2400 214 -0.25656131 2.46913635
2410 214 -0.25589565 2.47409184
2420 214 -0.25635422 2.47818936
2430 214 -0.25582168 2.48215376
2440 214 -0.25515602 2.48710925
2450 214 -0.25561459 2.49120677
2460 214 -0.25508206 2.49517117
2470 214 -0.25454953 2.49913556
2330 400 -0.13693427 1.74476188
2340 400 -0.12774812 1.74554588
2350 400 -0.11856198 1.74632988
2360 400 -0.10950896 1.74612279
2370 400 -0.09933171 1.74677366
2380 400 -0.09027869 1.74656656
2390 400 -0.08109255 1.74735057
2400 400 -0.07203953 1.74714347
2410 400 -0.06285338 1.74792747
2420 400 -0.05280926 1.74758725
2430 400 -0.04362311 1.74837125
2440 400 -0.03457010 1.74816415
2450 400 -0.02538395 1.74894816
2460 400 -0.01533983 1.74860793
2470 400 -0.00615368 1.74939193
2480 400 0.00289933 1.74918484
2490 400 0.01208548 1.74996884
2500 400 0.02113850 1.74976174
2510 400 0.03032465 1.75054575
2520 400 0.04036876 1.75020552
2460 367 0.26743381 2.23125798
2470 367 0.27530342 2.23726374
2480 367 0.28429727 2.24412746
2490 367 0.29216688 2.25013322
2500 367 0.30102760 2.25600585
2510 367 0.30889721 2.26201161
2520 367 0.31775793 2.26788423
2530 367 0.32562754 2.27388999
2540 367 0.33462139 2.28075372
2550 367 0.34348210 2.28662635
2560 367 0.35135172 2.29263210
2570 367 0.36021243 2.29850473
2580 367 0.36808205 2.30451049
2590 367 0.37707590 2.31137422
2600 367 0.40047765 2.32033848
2610 367 0.42586160 2.32903647
2620 367 0.45137868 2.33872557
2630 367 0.47676263 2.34742357
2640 367 0.50128861 2.35724579
2650 367 0.52680569 2.36693489
2460 378 0.45349401 1.52822910
2470 378 0.45997313 1.53139470
2480 378 0.46631912 1.53356920
2490 378 0.47279824 1.53673479
2500 378 0.47914422 1.53890929
2510 378 0.48648131 1.54095066
2520 378 0.49296043 1.54411626
2530 378 0.49930642 1.54629076
2540 378 0.50565240 1.54846526
2550 378 0.51312262 1.55149772
2560 378 0.51946861 1.55367222
2570 378 0.52594773 1.55683782
2580 378 0.53229371 1.55901232
2590 378 0.53963080 1.56105368
2600 378 0.54610992 1.56421928
2610 378 0.55245591 1.56639378
2620 378 0.55992613 1.56942624
2630 378 0.56627211 1.57160074
2640 378 0.57275123 1.57476634
2650 378 0.57909722 1.57694084
2480 349 -0.53897993 2.01166315
2490 349 -0.53238247 2.00068711
2500 349 -0.52677611 1.98984420
2510 349 -0.52031178 1.97787706
2520 349 -0.51371432 1.96690101
2530 349 -0.48504643 1.95497825
2540 349 -0.44547647 1.94159103
2550 349 -0.40689760 1.92833694
2560 349 -0.36818560 1.91607395
2570 349 -0.32960673 1.90281986
2580 349 -0.28990363 1.89042373
2590 349 -0.25132476 1.87716964
2600 349 -0.21261276 1.86490665
2610 349 -0.17495103 1.85984761
2620 349 -0.14038093 1.86932961
2630 349 -0.10581083 1.87881161
2640 349 -0.07137387 1.88730251
2650 349 -0.03680377 1.89678451
2660 349 -0.00223367 1.90626651
2670 349 0.03319439 1.91462428
2530 401 0.04955491 1.75098952
2540 401 0.05860793 1.75078243
2550 401 0.06779408 1.75156643
2560 401 0.07698023 1.75235043
2570 401 0.08702434 1.75201021
2580 401 0.09621049 1.75279421
2590 401 0.10526351 1.75258711
2600 401 0.14162350 1.76788257
2610 401 0.20416624 1.79782261
2620 401 0.26670897 1.82776266
2630 401 0.32925171 1.85770270
2640 401 0.39179445 1.88764274
2650 401 0.45420405 1.91659168
2660 401 0.51674679 1.94653173
2670 401 0.57928952 1.97647177
2680 401 0.64183226 2.00641181
2690 401 0.70437499 2.03635185
2700 401 0.76691773 2.06629189
2710 401 0.83904601 2.09998923
2720 401 0.92624787 2.14074260
