4210 483 0.00000000 0.00000000
4220 483 -0.00000000 0.28101601
4230 483 0.00058360 0.56074384
4240 483 0.05019643 0.83163232
4250 483 0.14813391 1.09180967
4260 483 0.25659748 1.34588771
4270 483 0.45100988 1.53876284
4280 483 0.64671048 1.73222157
4290 483 0.76926221 1.83354320
4300 483 0.88325927 1.92633150
4310 483 0.99690404 2.01818392
4320 483 1.05280833 2.17237442
4330 483 1.05155573 2.38761482
4340 483 1.19859362 2.50856878
4350 483 1.44573967 2.56619539
4360 483 1.63411328 2.60961641
4370 483 1.73432821 2.63172903
4380 483 1.83547903 2.65348935
4390 483 1.93662985 2.67524968
4400 483 2.01773199 2.66929628
4200 725 2.39836510 3.05599310
4210 725 2.20898799 3.05248441
4220 725 2.02054677 3.04862342
4230 725 1.84759933 2.98657357
4240 725 1.68187568 2.89829746
4250 725 1.58643272 2.76112734
4260 725 1.56197504 2.57693499
4270 725 1.53751736 2.39274264
4280 725 1.49659443 2.33228346
4290 725 1.45567149 2.27182427
4300 725 1.41474856 2.21136508
4310 725 1.35192651 2.14098475
4320 725 1.24050582 2.04936364
4330 725 1.12873283 1.95680663
4340 725 1.01731213 1.86518552
4350 725 0.90346097 1.70182117
4360 725 0.78601215 1.46928993
4370 725 0.69294272 1.17095106
4380 725 0.69540877 0.61547026
4390 725 0.70052947 0.03014063
4240 485 0.74432769 -0.51204911
4250 485 0.72480567 -0.21193098
4260 485 0.70434776 0.08853944
4270 485 0.68388985 0.38900986
4280 485 0.82321643 0.61437424
4290 485 0.97997262 0.83210916
4300 485 1.14114493 1.02467470
4310 485 1.30614976 1.19335904
4320 485 1.47080230 1.36110749
4330 485 1.64320529 1.54944551
4340 485 1.82840114 1.76609152
4350 485 2.01301340 1.98402572
4360 485 2.09231137 2.22023290
4370 485 2.17219294 2.45515190
4380 485 2.23763049 2.65169942
4390 485 2.29320383 2.82204202
4400 485 2.34971307 2.99203234
4410 485 2.42718552 3.17229608
4420 485 2.51074660 3.35454193
4430 485 2.59337178 3.53714006
