400 23 0.00000000 0.00000000
410 23 0.00000000 0.22737194
420 23 -0.00356684 0.46455600
430 23 -0.01911845 0.73611105
440 23 -0.03467006 1.00766611
450 23 -0.05022168 1.27922116
460 23 -0.07247596 1.54538417
470 23 -0.16326993 1.76655482
480 23 -0.25412106 1.98872383
490 23 -0.34391666 2.20995166
500 23 -0.43319769 2.42219420
510 23 -0.51396843 2.55579468
520 23 -0.59468199 2.68839679
530 23 -0.67439720 2.82105608
540 23 -0.75511076 2.95365820
550 23 -0.81597579 3.12445763
560 23 -0.85699228 3.33345440
570 23 -0.89795160 3.54145280
580 23 -0.93252051 3.74280570
590 23 -0.94218309 3.91152924
400 20 -0.46958301 2.09557959
410 20 -0.57718643 2.38289736
420 20 -0.70871981 2.65081520
430 20 -0.84125156 2.91867587
440 20 -0.97278494 3.18659371
450 20 -1.05761071 3.35602095
460 20 -1.12996792 3.50011964
470 20 -1.20332350 3.64416116
480 20 -1.26889007 3.77462581
490 20 -1.27379833 3.79037093
500 20 -1.27864941 3.80511770
510 20 -1.28250213 3.81992163
520 20 -1.28735321 3.83466840
530 20 -1.29226147 3.85041352
540 20 -1.29611419 3.86521746
550 20 -1.30096527 3.87996422
560 20 -1.30587353 3.89570935
570 20 -1.30972625 3.91051329
580 20 -1.31457733 3.92526005
590 20 -1.31942841 3.94000681
400 47 -0.84635773 -0.71756435
410 47 -0.85899781 -0.46186877
420 47 -0.87363462 -0.20628755
430 47 -0.88832860 0.05029205
440 47 -0.92883932 0.32041772
450 47 -0.98073227 0.59690303
460 47 -1.03162685 0.87344550
470 47 -1.08351980 1.14993080
480 47 -1.13686411 1.39928875
490 47 -1.18952232 1.63666632
500 47 -1.24323607 1.87498509
510 47 -1.29689265 2.11230548
520 47 -1.32846646 2.31382991
530 47 -1.33790035 2.47856000
540 47 -1.34733423 2.64329009
550 47 -1.35676811 2.80802017
560 47 -1.36231409 2.90486150
570 47 -1.36694527 2.98572900
580 47 -1.37151927 3.06559813
590 47 -1.37936984 3.11523046
400 54 -0.39413394 -0.63857923
410 54 -0.41020013 -0.35803890
420 54 -0.42620914 -0.07849693
430 54 -0.44227533 0.20204340
440 54 -0.47745557 0.50152186
450 54 -0.51591678 0.80582062
460 54 -0.55537635 1.11006221
470 54 -0.59483593 1.41430379
480 54 -0.65206375 1.69649340
490 54 -0.73747006 1.94601848
500 54 -0.82182084 2.19460236
510 54 -0.90722715 2.44412743
520 54 -0.99157793 2.69271131
530 54 -1.06008243 2.82200607
540 54 -1.12952811 2.95024529
550 54 -1.19797543 3.07854168
560 54 -1.27853946 3.15606224
570 54 -1.36916630 3.18192295
580 54 -1.46073432 3.20672812
590 54 -1.55136116 3.23258883
440 494 -0.40120166 4.53948711
450 494 -0.39718181 4.32937323
460 494 -0.39310479 4.11826099
470 494 -0.38908495 3.90814712
480 494 -0.39237471 3.75570966
490 494 -0.40194493 3.64297808
500 494 -0.41151516 3.53024649
510 494 -0.35804770 3.43614957
520 494 -0.26322069 3.35443764
530 494 -0.16739532 3.27278288
540 494 -0.13312109 3.14653600
550 494 -0.12483071 3.00177319
560 494 -0.11659750 2.85800875
570 494 -0.11201470 2.70802543
580 494 -0.11119666 2.55381994
590 494 -0.11037861 2.39961446
600 494 -0.11027746 2.27541708
610 494 -0.11194873 2.18216899
620 494 -0.11362000 2.08892089
630 494 -0.11318019 1.99379042
450 497 -0.42935817 4.55890903
460 497 -0.47525653 4.34593640
470 497 -0.52115489 4.13296378
480 497 -0.56599772 3.91904996
490 497 -0.57068607 3.77354388
500 497 -0.55695087 3.65613713
510 497 -0.54321566 3.53873039
520 497 -0.51872715 3.42594602
530 497 -0.46962259 3.32058122
540 497 -0.42051803 3.21521641
550 497 -0.37241183 3.10979444
560 497 -0.35006078 2.98186308
570 497 -0.36992251 2.82146510
580 497 -0.38972707 2.66006876
590 497 -0.40998902 2.50665933
600 497 -0.42780564 2.41549153
610 497 -0.44667781 2.32526492
620 497 -0.46554997 2.23503831
630 497 -0.48168212 2.13194731
640 497 -0.47666391 1.92189061
470 500 -0.06810867 4.47743020
480 500 -0.07590207 4.29869223
490 500 -0.08369546 4.11995426
500 500 -0.09163840 3.99629784
510 500 -0.09973086 3.92772297
520 500 -0.10776616 3.85814975
530 500 -0.11585862 3.78957488
540 500 -0.12420178 3.67290701
550 500 -0.13279563 3.50814614
560 500 -0.14039111 3.34344244
570 500 -0.14259895 3.20709316
580 500 -0.14215474 3.07690559
590 500 -0.14171054 2.94671803
600 500 -0.13872864 2.82468890
610 500 -0.13255373 2.71686557
620 500 -0.12637883 2.60904224
630 500 -0.12020393 2.50121891
640 500 -0.15735011 2.32781141
650 500 -0.19908789 2.14712948
660 500 -0.24088284 1.96744592
