3990 718 0.00000000 0.00000000
4000 718 0.00000000 0.20761744
4010 718 -0.00000000 0.41523487
4020 718 0.09389385 0.61925435
4030 718 0.21083971 0.82200707
4040 718 0.32875370 1.02501025
4050 718 0.39494274 1.17641372
4060 718 0.45607441 1.32341004
4070 718 0.51648841 1.46918778
4080 718 0.60993432 1.63900492
4090 718 0.70578369 1.81150970
4100 718 0.79922960 1.98132684
4110 718 0.87147786 2.13326495
4120 718 0.94372613 2.28520305
4130 718 1.01597440 2.43714116
4140 718 1.06865302 2.66871612
4150 718 1.12255022 2.89957342
4160 718 1.14618504 3.12363456
4170 718 1.15167591 3.34196882
4180 718 1.16466133 3.56327490
3880 708 -0.21406680 0.07683362
3890 708 -0.14490594 0.22074254
3900 708 -0.03859021 0.38872458
3910 708 0.06797599 0.55573849
3920 708 0.19586987 0.78404783
3930 708 0.32968811 1.02938368
3940 708 0.46350635 1.27471952
3950 708 0.52317860 1.51120255
3960 708 0.56442273 1.74704979
3970 708 0.60566686 1.98289704
3980 708 0.66784371 2.20969880
3990 708 0.73220729 2.43603335
4000 708 0.79957639 2.65075038
4010 708 0.88015729 2.76249437
4020 708 0.96195678 2.87352069
4030 708 1.03701309 2.97867082
4040 708 1.08506301 3.06443914
4050 708 1.13239525 3.14898888
4060 708 1.18069563 3.23378908
4070 708 1.23682290 3.34023968
3890 711 0.38528074 0.31142375
3900 711 0.43231436 0.37317193
3910 711 0.47909752 0.43588824
3920 711 0.53510438 0.58672336
3930 711 0.59442984 0.77663515
3940 711 0.66196752 0.97073735
3950 711 0.76257083 1.18475598
3960 711 0.86292367 1.39974274
3970 711 0.95700054 1.61104002
3980 711 1.01816111 1.81382164
3990 711 1.08054026 2.01588560
4000 711 1.12369175 2.19644846
4010 711 1.13656639 2.34232253
4020 711 1.14969149 2.48722847
4030 711 1.16889508 2.60065344
4040 711 1.19442762 2.68162929
4050 711 1.22117874 2.76188749
4060 711 1.24574315 2.84261288
4070 711 1.27249428 2.92287107
4080 711 1.29976077 3.02908566
3940 482 -1.15931978 0.38077245
3950 482 -0.95420695 0.59807115
3960 482 -0.74934458 0.81633799
3970 482 -0.54423175 1.03363669
3980 482 -0.34880982 1.16062988
3990 482 -0.15313743 1.28665494
4000 482 0.04228450 1.41364812
4010 482 0.23673830 1.54039085
4020 482 0.39957627 1.67754696
4030 482 0.56313189 1.81592166
4040 482 0.72596985 1.95307777
4050 482 0.88880781 2.09023388
4060 482 1.09518258 2.18287542
4070 482 1.30693262 2.27071005
4080 482 1.51796499 2.35732609
4090 482 1.72971503 2.44516072
4100 482 1.89073715 2.53743139
4110 482 2.04641771 2.63038601
4120 482 2.20113015 2.72309017
4130 482 2.34405649 2.83340364
3960 688 1.04577440 2.58945977
3970 688 1.07871479 2.71366899
3980 688 1.16084181 2.69566472
3990 688 1.25392166 2.64330881
4000 688 1.34700151 2.59095290
4010 688 1.44535548 2.54615898
4020 688 1.54920032 2.51208188
4030 688 1.65376283 2.47922337
4040 688 1.75832534 2.44636485
4050 688 1.87882100 2.51162430
4060 688 2.00323733 2.60165528
4070 688 2.12862179 2.69193671
4080 688 2.24252359 2.76272075
4090 688 2.35330427 2.82959856
4100 688 2.46505307 2.89672683
4110 688 2.57705234 2.96288698
4120 688 2.68840136 3.01958260
4130 688 2.80492819 3.03630085
4140 688 2.92145501 3.05301910
4150 688 3.03798183 3.06973735
4170 716 1.65981724 -0.36697785
4180 716 1.74149631 -0.21156701
4190 716 1.80234380 -0.05947959
4200 716 1.86294083 0.09357596
4210 716 1.89622802 0.26435641
4220 716 1.91829745 0.44256398
4230 716 1.94061735 0.61980343
4240 716 1.97760846 0.81220057
4250 716 2.01868883 1.00875439
4260 716 2.06001965 1.20434008
4270 716 2.11368567 1.40414989
4280 716 2.16806935 1.60517828
4290 716 2.20369256 1.78689231
4300 716 2.19820651 1.92388465
4310 716 2.19150187 2.06159467
4320 716 2.12412313 2.17431160
4330 716 2.03956858 2.28155211
4340 716 1.94305934 2.42701677
4350 716 1.83663283 2.59883760
4360 716 1.73369350 2.78912027
