3020 421 0.00000000 0.00000000
3030 421 0.00000000 0.19669774
3040 421 -0.00210984 0.34756373
3050 421 -0.00421967 0.49842973
3060 421 -0.00593804 0.65021592
3070 421 -0.01204386 0.82234296
3080 421 -0.01934440 0.99932517
3090 421 -0.02717367 1.17761903
3100 421 -0.03447421 1.35460124
3110 421 -0.04138329 1.53250365
3120 421 -0.04868383 1.70948585
3130 421 0.00163703 1.84565417
3140 421 0.05156643 1.98090230
3150 421 0.10188729 2.11707061
3160 421 0.15220816 2.25323893
3170 421 0.20252902 2.38940725
3180 421 0.25245842 2.52465537
3190 421 0.24322090 2.68942087
3200 421 0.22715055 2.85600641
3210 421 0.21016002 3.02298342
2980 412 1.09717073 -1.11987562
2990 412 0.95001601 -0.83992832
3000 412 0.80378149 -0.56037248
3010 412 0.70553430 -0.30340461
3020 412 0.62898029 -0.05675205
3030 412 0.55203482 0.18898031
3040 412 0.48153070 0.43197243
3050 412 0.42641568 0.66515762
3060 412 0.37169212 0.89926301
3070 412 0.31657710 1.13244821
3080 412 0.28145214 1.35386916
3090 412 0.26079609 1.56587464
3100 412 0.24014003 1.77788013
3110 412 0.21856377 1.99027709
3120 412 0.19824326 2.17497163
3130 412 0.17766854 2.35651414
3140 412 0.15709383 2.53805664
3150 412 0.13559892 2.71999061
3160 412 0.10282782 2.89585435
3170 412 0.06533883 3.06829152
2980 416 1.28989282 -0.71283484
2990 416 1.18063890 -0.41532252
3000 416 1.07929559 -0.12986931
3010 416 1.01104366 0.10564433
3020 416 0.94240026 0.34023777
3030 416 0.87506853 0.57535995
3040 416 0.81850458 0.81024826
3050 416 0.76601288 1.04449092
3060 416 0.71352117 1.27873357
3070 416 0.66516271 1.48948332
3080 416 0.62107476 1.67450833
3090 416 0.57606662 1.85992480
3100 416 0.53197867 2.04494980
3110 416 0.52506959 2.22285221
3120 416 0.54390559 2.39740937
3130 416 0.56274160 2.57196654
3140 416 0.58026595 2.74599498
3150 416 0.53621867 2.91578849
3160 416 0.48416419 3.08464148
3170 416 0.43250116 3.25441465
2990 555 -0.31818363 1.04277763
3000 555 -0.32591631 1.03737340
3010 555 -0.33364898 1.03196916
3020 555 -0.34796028 1.03153703
3030 555 -0.37305971 1.03895450
3040 555 -0.39855059 1.04545178
3050 555 -0.42365002 1.05286925
3060 555 -0.44874944 1.06028672
3070 555 -0.47292867 1.06731273
3080 555 -0.49841956 1.07381001
3090 555 -0.52351899 1.08122748
3100 555 -0.54861841 1.08864496
3110 555 -0.57279764 1.09567096
3120 555 -0.59828853 1.10216824
3130 555 -0.62338795 1.10958572
3140 555 -0.64848738 1.11700319
3150 555 -0.67358680 1.12442066
3160 555 -0.69815750 1.13052648
3170 555 -0.70998275 1.13338365
3180 555 -0.71628684 1.13389204
3060 370 1.82008702 -0.21245288
3070 370 1.80465726 -0.18741446
3080 370 1.78922749 -0.16237604
3090 370 1.77510938 -0.13680889
3100 370 1.75967962 -0.11177048
3110 370 1.74464132 -0.08581187
3120 370 1.72921155 -0.06077345
3130 370 1.71470198 -0.03612650
3140 370 1.65523510 0.05654869
3150 370 1.55133965 0.21594046
3160 370 1.44744420 0.37533223
3170 370 1.34354875 0.53472399
3180 370 1.25657266 0.65214273
3190 370 1.17079130 0.76470630
3200 370 1.08408974 0.87766134
3210 370 0.99791692 0.98930472
3220 370 0.91883619 1.05120172
3230 370 0.84189072 1.10023635
3240 370 0.76455379 1.14835078
3250 370 0.68760832 1.19738540
3060 381 2.61723905 -0.25706956
3070 381 2.52425374 -0.15122187
3080 381 2.42310362 -0.03646712
3090 381 2.32195350 0.07828763
3100 381 2.18996418 0.23550347
3110 381 2.05666321 0.39219058
3120 381 1.92428243 0.54848623
3130 381 1.77747342 0.69896584
3140 381 1.63027294 0.84852527
3150 381 1.50110522 0.98171948
3160 381 1.45377879 1.05184230
3170 381 1.40553218 1.12235658
3180 381 1.35728557 1.19287086
3190 381 1.30956768 1.26207349
3200 381 1.26664395 1.35531808
3210 381 1.22826019 1.46945259
3220 381 1.19026788 1.58450729
3230 381 1.15135539 1.69995346
3240 381 1.08476082 1.80652815
3250 381 0.94954829 1.89230443
3130 821 -2.41042427 1.87742373
3140 821 -2.17824569 1.81777383
3150 821 -1.94698731 1.75851540
3160 821 -1.71480874 1.69886550
3170 821 -1.42581711 1.65525544
3180 821 -1.07922949 1.62952561
3190 821 -0.73264188 1.60379577
3200 821 -0.39562733 1.57344463
3210 821 -0.07801310 1.53069885
3220 821 0.23907240 1.48926471
3230 821 0.49380334 1.44175527
3240 821 0.68696265 1.39001090
3250 821 0.88012197 1.33826654
3260 821 1.06617393 1.29280592
3270 821 1.17854940 1.30150963
3280 821 1.29184506 1.30982188
3290 821 1.43104340 1.30494129
3300 821 1.57721184 1.29600881
3310 821 1.72338027 1.28707632
3320 821 1.89037253 1.34752948
3160 823 -1.89632583 2.01299214
3170 823 -1.55519836 1.96676385
3180 823 -1.21367944 1.92145575
3190 823 -0.87570402 1.87548166
3200 823 -0.53904026 1.82897884
3210 823 -0.20368816 1.78194729
3220 823 0.09503414 1.73311093
3230 823 0.38522050 1.68464571
3240 823 0.67409520 1.63565176
3250 823 0.78359823 1.58906759
3260 823 0.89218108 1.54287489
3270 823 1.00076393 1.49668219
3280 823 1.14299739 1.48616351
3290 823 1.29400065 1.48604149
3300 823 1.44369225 1.48539075
3310 823 1.59430405 1.48434854
3320 823 1.78374700 1.39832315
3330 823 1.99114644 1.27531716
3340 823 2.19801715 1.15362283
3350 823 2.46553420 1.08763325
3190 556 -0.72259092 1.13440044
3200 556 -0.73020667 1.13438010
3210 556 -0.73651076 1.13488850
3220 556 -0.74281485 1.13539689
3230 556 -0.74911894 1.13590529
3240 556 -0.75542303 1.13641368
3250 556 -0.76172711 1.13692207
3260 556 -0.76842267 1.13651028
3270 556 -0.77472675 1.13701867
3280 556 -0.78103084 1.13752706
3290 556 -0.78733493 1.13803546
3300 556 -0.79455921 1.13893532
3310 556 -0.80086330 1.13944371
3320 556 -0.80716739 1.13995210
3330 556 -0.81386294 1.13954031
3340 556 -0.82016703 1.14004870
3350 556 -0.82647112 1.14055709
3360 556 -0.83277521 1.14106549
3370 556 -0.83907930 1.14157388
3380 556 -0.84577485 1.14116208
