570 122 0.00000000 0.00000000
580 122 0.00000000 0.23187065
590 122 0.08351208 0.46757965
600 122 0.17506312 0.70267624
610 122 0.26717482 0.93860088
620 122 0.51679675 1.09323882
630 122 0.78492900 1.23775905
640 122 1.05279386 1.38366798
650 122 1.38807561 1.49359134
660 122 1.73137046 1.59929682
670 122 2.07410465 1.70417426
680 122 2.51610107 1.72735098
690 122 2.95809750 1.75052769
700 122 3.40009392 1.77370441
710 122 3.81952604 1.66723988
720 122 4.22447595 1.47517590
730 122 4.63081457 1.28337931
740 122 5.02094587 1.07478025
750 122 5.40744583 0.86260161
760 122 5.79394580 0.65042297
400 98 2.10067981 2.50859689
410 98 2.14106439 2.49332976
420 98 2.18088832 2.47723457
430 98 2.22127290 2.46196744
440 98 2.27360380 2.41083549
450 98 2.35420909 2.28017643
460 98 2.43425372 2.14868933
470 98 2.49150978 2.04953923
480 98 2.49466671 2.02566385
490 98 2.49782364 2.00178847
500 98 2.50098057 1.97791309
510 98 2.50413751 1.95403771
520 98 2.50646639 1.93072298
530 98 2.50962332 1.90684760
540 98 2.51278025 1.88297222
550 98 2.51649784 1.85992489
560 98 2.51965478 1.83604951
570 98 2.52281171 1.81217413
580 98 2.52596864 1.78829875
590 98 2.52829753 1.76498403
440 144 -0.29452628 2.90216114
450 144 0.07222130 2.64297353
460 144 0.45540908 2.43303752
470 144 0.83942490 2.22254085
480 144 1.20215299 2.02162711
490 144 1.53419156 1.83424678
500 144 1.86623013 1.64686645
510 144 2.21343233 1.48544887
520 144 2.59493813 1.38896404
530 144 2.97727198 1.29191856
540 144 3.40421691 1.15017574
550 144 3.84272863 0.99697826
560 144 4.28124036 0.84378078
570 144 4.71016053 0.70673885
580 144 5.13659655 0.57137890
590 144 5.56276519 0.43740766
600 144 6.08428871 0.37292343
610 144 6.60581223 0.30843920
620 144 7.12594705 0.24368759
630 144 7.64747057 0.17920336
470 146 0.16180573 3.41560257
480 146 0.51752129 3.16509221
490 146 0.82919506 2.92266395
500 146 1.12342807 2.68479857
510 146 1.41792847 2.44554449
520 146 1.67150950 2.22433496
530 146 1.91486069 2.00763655
540 146 2.15877254 1.79176620
550 146 2.45834473 1.56357001
560 146 2.75708888 1.33593448
570 146 3.09217225 1.14770022
580 146 3.44290227 0.97544039
590 146 3.79363230 0.80318055
600 146 4.13826409 0.67007186
610 146 4.47837613 0.56417661
620 146 4.81848816 0.45828137
630 146 5.15998891 0.35265351
640 146 5.42916484 0.25614281
650 146 5.69225117 0.16133995
660 146 5.95394880 0.06626971
600 141 0.93810060 1.55672999
610 141 1.23828521 1.45250809
620 141 1.50999704 1.36152633
630 141 1.71509414 1.30236403
640 141 1.91963059 1.24237369
650 141 2.05465415 1.15819745
660 141 2.08512803 1.03732834
670 141 2.11560192 0.91645923
680 141 2.14607581 0.79559012
690 141 2.17403967 0.67279752
700 141 2.18608949 0.53541920
710 141 2.19896736 0.39748023
720 141 2.20444456 0.27179809
730 141 2.18112121 0.19097716
740 141 2.15835852 0.11098429
750 141 2.13503517 0.03016337
760 141 2.11253987 -0.05121821
770 141 2.08977718 -0.13121108
780 141 2.06645383 -0.21203201
790 141 2.04451919 -0.29258554
