3130 404 0.00000000 0.00000000
3140 404 0.00000000 0.19675874
3150 404 0.01565877 0.37508373
3160 404 0.09959405 0.47763064
3170 404 0.18481009 0.58077726
3180 404 0.26908589 0.68426441
3190 404 0.37271535 0.75308982
3200 404 0.50571579 0.77086285
3210 404 0.63494004 0.80170265
3220 404 0.72795751 0.94988413
3230 404 0.82157470 1.09678485
3240 404 0.89196040 1.23827285
3250 404 0.91007903 1.36465606
3260 404 0.92853819 1.49197950
3270 404 0.94571659 1.61870323
3280 404 0.95537308 1.74815110
3290 404 0.94280439 1.88671166
3300 404 0.93117594 2.02493170
3310 404 0.91860725 2.16349225
3320 404 0.90594199 2.31059627
3060 784 0.44492561 0.21536528
3070 784 0.43124388 0.22457453
3080 784 0.41756215 0.23378378
3090 784 0.40422093 0.24393326
3100 784 0.38925845 0.25254279
3110 784 0.37557672 0.26175204
3120 784 0.36189499 0.27096129
3130 784 0.34821326 0.28017053
3140 784 0.33487204 0.29032002
3150 784 0.31990956 0.29892955
3160 784 0.30622783 0.30813880
3170 784 0.29254610 0.31734804
3180 784 0.27920488 0.32749753
3190 784 0.26424240 0.33610706
3200 784 0.25056067 0.34531631
3210 784 0.23687894 0.35452556
3220 784 0.22353772 0.36467504
3230 784 0.20891576 0.37422481
3240 784 0.19489351 0.38249382
3250 784 0.18854055 0.40606583
3250 265 0.51256174 0.04090797
3260 265 0.62720468 0.18125752
3270 265 0.74150710 0.32066683
3280 265 0.78726873 0.47639054
3290 265 0.82644869 0.63449788
3300 265 0.86528814 0.79166498
3310 265 0.89156397 0.95231858
3320 265 0.86698565 1.12819896
3330 265 0.84240732 1.30407933
3340 265 0.81782900 1.47995970
3350 265 0.80563640 1.65773580
3360 265 0.81437299 1.83750419
3370 265 0.82216934 2.01761309
3380 265 0.83030621 2.19866223
3390 265 0.83708100 2.37595042
3400 265 0.82833933 2.52801482
3410 265 0.82053790 2.67973871
3420 265 0.81179623 2.83180311
3430 265 0.80399480 2.98352700
3440 265 0.79525313 3.13559141
3250 270 0.14871004 -0.56436630
3260 270 0.17151970 -0.36629632
3270 270 0.19526960 -0.16856685
3280 270 0.34990568 -0.03525638
3290 270 0.52018529 0.09132504
3300 270 0.68054412 0.22575364
3310 270 0.80378134 0.39277036
3320 270 0.92607832 0.56012761
3330 270 1.04931555 0.72714434
3340 270 1.11117811 0.91851576
3350 270 1.13457224 1.12700968
3360 270 1.15702614 1.33584412
3370 270 1.17137366 1.53697877
3380 270 1.15243676 1.71081604
3390 270 1.13349986 1.88465330
3400 270 1.11456297 2.05849056
3410 270 1.09358296 2.22668640
3420 270 1.04831432 2.34837350
3430 270 1.00398592 2.46972008
3440 270 0.95837676 2.59046694
3310 641 0.22544869 -0.24969158
3320 641 0.15213048 -0.17315114
3330 641 0.10607915 -0.10648574
3340 641 0.06036835 -0.03888010
3350 641 0.01371731 0.02906605
3360 641 0.04541603 0.09309879
3370 641 0.10906758 0.15725858
3380 641 0.17365938 0.22107786
3390 641 0.23791066 0.28395690
3400 641 0.15350271 0.34749664
3410 641 0.05294809 0.41050274
3420 641 -0.04794705 0.47256860
3430 641 -0.06809863 0.46391333
3440 641 -0.08919045 0.45559858
3450 641 -0.10934203 0.44694331
3460 641 -0.12983413 0.43734780
3470 641 -0.14998572 0.42869253
3480 641 -0.17107754 0.42037778
3490 641 -0.19122912 0.41172251
3500 641 -0.21138070 0.40306724
