1000 32 0.00000000 0.00000000
1010 32 -0.00000000 0.46537942
1020 32 -0.00099489 0.93085982
1030 32 0.04985609 1.33277919
1040 32 0.10607044 1.72812328
1050 32 0.16338067 2.12436126
1060 32 0.23960020 2.39002191
1070 32 0.31581973 2.65568257
1080 32 0.39214025 2.92233811
1090 32 0.40689810 3.27565412
1100 32 0.38144575 3.68833460
1110 32 0.35599340 4.10101508
1120 32 0.30092650 4.53881485
1130 32 0.20163977 5.01628333
1140 32 0.10125716 5.49285791
1150 32 0.00186944 5.96933150
1160 32 -0.03803133 6.36840157
1170 32 -0.07693722 6.76737066
1180 32 -0.11683800 7.16644074
1190 32 -0.15574389 7.56540983
1000 38 0.97998103 -0.28744073
1010 38 1.03029697 0.08940447
1020 38 1.05427095 0.48400078
1030 38 1.05309987 0.89823698
1040 38 1.05083290 1.31157928
1050 38 1.04966181 1.72581548
1060 38 1.05715677 2.14620795
1070 38 1.14495395 2.63483936
1080 38 1.23374602 3.12336978
1090 38 1.32253808 3.61190019
1100 38 1.35173791 4.10748507
1110 38 1.29239279 4.61205831
1120 38 1.23314866 5.11762644
1130 38 1.17380353 5.62219968
1140 38 1.10574723 6.09046706
1150 38 1.02887877 6.52143370
1160 38 0.95290420 6.95130445
1170 38 0.87703063 7.38217009
1180 38 0.80016216 7.81313673
1190 38 0.72428859 8.24400237
1000 44 0.42502525 -0.63517206
1010 44 0.37972457 -0.12096796
1020 44 0.37910787 0.39774643
1030 44 0.37749628 0.91656181
1040 44 0.38930815 1.42898886
1050 44 0.52611266 1.88550669
1060 44 0.66192227 2.34212551
1070 44 0.79882777 2.79963823
1080 44 0.91512857 3.25220659
1090 44 0.86102648 3.66980564
1100 44 0.80582851 4.08651079
1110 44 0.75073153 4.50421083
1120 44 0.67168635 4.94343954
1130 44 0.55676936 5.41545870
1140 44 0.44195337 5.88847274
1150 44 0.35027763 6.33199902
1160 44 0.27369711 6.75590045
1170 44 0.19612170 7.17990287
1180 44 0.16870965 7.61288507
1190 44 0.17325004 8.05368024
