0 7 0.00000000 0.00000000
10 7 -0.00000000 0.37157099
20 7 0.00097155 0.74337881
30 7 0.00097155 1.11494980
40 7 -0.03843680 1.46662150
50 7 -0.11919660 1.79792023
60 7 -0.19995641 2.12921897
70 7 -0.28095304 2.46148926
80 7 -0.41047876 2.79016401
90 7 -0.55213675 3.11793987
100 7 -0.69306003 3.44692411
110 7 -0.83471802 3.77469997
120 7 -0.93025023 4.02726005
130 7 -1.01595122 4.26060173
140 7 -1.10044382 4.49320870
150 7 -1.18692259 4.75929782
160 7 -1.27609263 5.10398566
170 7 -1.36502584 5.44770194
180 7 -1.45516743 5.79215295
190 7 -1.54410063 6.13586923
0 2 1.78979796 0.71831765
10 2 1.61362974 1.15810710
20 2 1.43625314 1.59863126
30 2 1.26008492 2.03842071
40 2 1.08341881 2.47603023
50 2 0.90975886 2.88864048
60 2 0.73512736 3.30101390
70 2 0.56049586 3.71338732
80 2 0.38683591 4.12599757
90 2 0.20905292 4.53863205
100 2 0.00146136 4.95532228
110 2 -0.20613019 5.37201250
120 2 -0.41372175 5.78870273
130 2 -0.62131331 6.20539296
140 2 -0.82890486 6.62208319
150 2 -1.05689898 7.03379994
160 2 -1.28512993 7.44648824
170 2 -1.51336088 7.85917654
180 2 -1.74135500 8.27089329
190 2 -1.96958595 8.68358159
0 3 1.31299809 0.55885956
10 3 1.12955535 0.99893428
20 3 0.94611261 1.43900901
30 3 0.76266988 1.87908373
40 3 0.57922714 2.31915845
50 3 0.38071325 2.75350076
60 3 0.17734162 3.18665890
70 3 -0.02482164 3.61908233
80 3 -0.22819327 4.05224047
90 3 -0.43035653 4.48466390
100 3 -0.65275817 4.89877319
110 3 -0.89492455 5.29262525
120 3 -1.13611938 5.68671414
130 3 -1.37852258 6.08153776
140 3 -1.61971741 6.47562665
150 3 -1.86185956 6.87360175
160 3 -2.10018280 7.30235696
170 3 -2.33924075 7.72990380
180 3 -2.57756399 8.15865901
190 3 -2.81662194 8.58620585
0 8 -0.89790379 -0.04493085
10 8 -0.88170231 0.27706684
20 8 -0.86476611 0.60027291
30 8 -0.84782991 0.92347899
40 8 -0.87259773 1.24887037
50 8 -0.95750478 1.57607030
60 8 -1.04362023 1.90400494
70 8 -1.12973567 2.23193959
80 8 -1.22367196 2.54973350
90 8 -1.33787086 2.84509025
100 8 -1.45086139 3.13971229
110 8 -1.56482346 3.43409749
120 8 -1.67902236 3.72945424
130 8 -1.80267572 4.02559415
140 8 -1.93481198 4.32275405
150 8 -2.06597668 4.62015079
160 8 -2.19714139 4.91754753
170 8 -2.32927765 5.21470744
180 8 -2.43797559 5.53816649
190 8 -2.53152971 5.87972706
