3680 695 0.00000000 0.00000000
3690 695 -0.00000000 0.31964042
3700 695 0.03040604 0.75853047
3710 695 0.05985163 1.19769895
3720 695 0.08146341 1.70681479
3730 695 0.10176748 2.23296851
3740 695 0.12111109 2.75940068
3750 695 0.16087452 3.27366605
3760 695 0.20091639 3.78889187
3770 695 0.24314509 4.33680129
3780 695 0.28687861 4.91863321
3790 695 0.33157258 5.50018669
3800 695 0.35750172 6.06010961
3810 695 0.37460531 6.61113817
3820 695 0.39239092 7.16092783
3830 695 0.34816623 7.76617668
3840 695 0.29641120 8.37777330
3850 695 0.29397408 8.99069014
3860 695 0.36476926 9.60840613
3870 695 0.43556443 10.22612212
3780 700 -0.44479668 -0.07616371
3790 700 -0.53058371 0.26001718
3800 700 -0.55780805 0.64377339
3810 700 -0.54452437 1.05951555
3820 700 -0.52132956 1.48071385
3830 700 -0.47199287 1.91307468
3840 700 -0.42361663 2.34571395
3850 700 -0.43023657 2.80054379
3860 700 -0.46071457 3.26645482
3870 700 -0.48623700 3.73509392
3880 700 -0.49689272 4.21191721
3890 700 -0.50782688 4.68778006
3900 700 -0.50463267 5.15850588
3910 700 -0.49691462 5.62687905
3920 700 -0.48891814 6.09621268
3930 700 -0.46691842 6.56356909
3940 700 -0.44532227 7.03312484
3950 700 -0.42902897 7.51671199
3960 700 -0.41558886 8.00841451
3970 700 -0.40146674 8.49887813
3840 702 0.31158762 -0.48389374
3850 702 0.22162716 -0.09027957
3860 702 0.12749013 0.28892779
3870 702 0.03221120 0.65701327
3880 702 -0.06374976 1.02633765
3890 702 -0.12993350 1.45887055
3900 702 -0.19388974 1.89908709
3910 702 -0.27301929 2.32287892
3920 702 -0.39061080 2.71096813
3930 702 -0.50724185 3.09877891
3940 702 -0.59274731 3.50776034
3950 702 -0.66406807 3.92616487
3960 702 -0.73634929 4.34484784
3970 702 -0.82584986 4.75082277
3980 702 -0.91535043 5.15679771
3990 702 -1.00485100 5.56277264
4000 702 -1.17919378 5.94544952
4010 702 -1.35325813 6.32908686
4020 702 -1.51695144 6.73054109
4030 702 -1.65699318 7.17407385
3860 704 0.55124129 0.07341687
3870 704 0.43628086 0.46699037
3880 704 0.32720830 0.85573344
3890 704 0.23211082 1.23521924
3900 704 0.13729177 1.61566549
3910 704 0.14172175 2.01523322
3920 704 0.14587329 2.41384050
3930 704 0.14454054 2.81507887
3940 704 0.09298574 3.22983555
3950 704 0.04266982 3.64527424
3960 704 -0.00076961 4.06288412
3970 704 -0.01558939 4.49302058
3980 704 -0.02944872 4.92287861
3990 704 -0.04358648 5.35177617
4000 704 -0.12107355 5.77405067
4010 704 -0.21395604 6.19350013
4020 704 -0.30559965 6.61363159
4030 704 -0.48290513 7.04714372
4040 704 -0.67009359 7.48247977
4050 704 -0.87333134 7.92350973
