400 152 0.00000000 0.00000000
410 152 -0.00000000 0.23621177
420 152 -0.03356310 0.45983314
430 152 -0.19950742 0.63001094
440 152 -0.36645083 0.80023108
450 152 -0.49577547 1.00789220
460 152 -0.62410099 1.21551098
470 152 -0.69758590 1.44182485
480 152 -0.68683284 1.69559714
490 152 -0.67603744 1.95036852
500 152 -0.63850332 2.22202307
510 152 -0.57514492 2.51260130
520 152 -0.51178652 2.80317954
530 152 -0.53468970 3.08940576
540 152 -0.59377228 3.37216051
550 152 -0.65381162 3.65595670
560 152 -0.69983812 3.91613848
570 152 -0.74025101 4.16707433
580 152 -0.77966479 4.41796784
590 152 -0.82490386 4.67311177
230 124 -0.25085118 0.31590297
240 124 -0.21610270 0.59268004
250 124 -0.18131188 0.87045620
260 124 -0.15087309 1.11638806
270 124 -0.12332154 1.34142342
280 124 -0.09577000 1.56645878
290 124 -0.06817611 1.79249324
300 124 -0.02109124 2.02971258
310 124 0.04040442 2.27633027
320 124 0.10090098 2.52299029
330 124 0.18050752 2.77184326
340 124 0.30441328 3.02682632
350 124 0.42731994 3.28185171
360 124 0.55022661 3.53687711
370 124 0.74544126 3.72678297
380 124 0.94935151 3.90931410
390 124 1.15230499 4.09288666
400 124 1.36554584 4.16492371
410 124 1.58473052 4.16464430
420 124 1.80240807 4.15241799
230 126 -0.10622671 -0.21569628
240 126 0.01557924 0.01335243
250 126 0.13838430 0.24235880
260 126 0.17045721 0.50323487
270 126 0.14238918 0.78567635
280 126 0.11527791 1.06707638
290 126 0.09784440 1.31703852
300 126 0.08751469 1.54568081
310 126 0.07718498 1.77432310
320 126 0.06685526 2.00296540
330 126 0.21049756 2.32217049
340 126 0.35314074 2.64141792
350 126 0.49678304 2.96062301
360 126 0.66617341 3.24971106
370 126 0.86135420 3.50968117
380 126 1.04474896 3.70409147
390 126 1.19964387 3.74557120
400 126 1.35458111 3.78805003
410 126 1.50951835 3.83052886
420 126 1.67194887 3.81363724
300 166 -0.82090744 -4.06689304
310 166 -0.94642194 -3.65120672
320 166 -1.07189409 -3.23452130
330 166 -1.15454027 -2.77561106
340 166 -1.23197926 -2.31191698
350 166 -1.30812280 -1.84127150
360 166 -1.37300525 -1.34107628
370 166 -1.43884448 -0.83983961
380 166 -1.27306104 -0.35242105
390 166 -1.10727760 0.13499751
400 166 -0.94311135 0.63149267
410 166 -0.78077397 1.13206891
420 166 -0.69679847 1.67299877
430 166 -0.69118487 2.25428225
440 166 -0.68657036 2.83560807
450 166 -0.60330609 3.43061653
460 166 -0.52104093 4.02566732
470 166 -0.34883105 4.59388625
480 166 -0.08667646 5.13527333
490 166 0.17702759 5.45339465
320 132 -1.13862235 0.55269896
330 132 -0.99119532 0.86673920
340 132 -0.81518377 1.09949644
350 132 -0.62243300 1.27849684
360 132 -0.42868313 1.45745490
370 132 -0.38188614 1.75874386
380 132 -0.35152355 2.07374087
390 132 -0.32211773 2.38977931
400 132 -0.29928229 2.71610514
410 132 -0.27640452 3.04343006
420 132 -0.21670385 3.34217047
430 132 -0.10166301 3.60053185
440 132 0.01437693 3.85885090
450 132 0.14580984 4.10250515
460 132 0.34259936 4.28233531
470 132 0.54043031 4.46312223
480 132 0.73078492 4.60919455
490 132 0.90667794 4.67380606
500 132 1.08261329 4.73941668
510 132 1.23334244 4.77706933
340 136 -1.31139105 0.13664010
350 136 -1.14600556 0.47294002
360 136 -0.98161917 0.80928228
370 136 -0.84210029 1.12565941
380 136 -0.74094530 1.41063251
390 136 -0.63874887 1.69656237
400 136 -0.54658580 1.98191649
410 136 -0.49126257 2.27183430
420 136 -0.43598166 2.56075301
430 136 -0.38165753 2.85071316
440 136 -0.32365872 3.15653196
450 136 -0.26092688 3.50318700
460 136 -0.19919414 3.84988437
470 136 -0.13646229 4.19653941
480 136 0.03616247 4.46747426
490 136 0.23604243 4.72023897
500 136 0.43696383 4.97396046
510 136 0.63378722 5.20183225
520 136 0.83148270 5.42666440
530 136 1.02729005 5.63055771
390 148 0.05156390 0.50827273
400 148 -0.05943819 0.72316464
410 148 -0.16939884 0.93901333
420 148 -0.16258292 1.09986899
430 148 -0.15572467 1.26172375
440 148 -0.14890875 1.42257941
450 148 -0.15689311 1.61208733
460 148 -0.16591891 1.80063847
470 148 -0.17186273 1.99106082
480 148 -0.15648670 2.18858697
490 148 -0.14111067 2.38611311
500 148 -0.12573463 2.58363926
510 148 -0.15813776 2.85825724
520 148 -0.21116645 3.16577790
530 148 -0.26419513 3.47329857
540 148 -0.28989241 3.81168983
550 148 -0.30921406 4.15881902
560 148 -0.32853570 4.50594821
570 148 -0.38044675 4.74536050
580 148 -0.43131636 4.98572956
400 104 0.62634474 2.85304158
410 104 0.61818258 2.84938385
420 104 0.60906364 2.84676755
430 104 0.60090147 2.84310982
440 104 0.59273930 2.83945208
450 104 0.58357803 2.83583668
460 104 0.57545820 2.83317805
470 104 0.56629693 2.82956265
480 104 0.55813476 2.82590491
490 104 0.43886890 2.77490830
500 104 0.27067237 2.70296439
510 104 0.10447405 2.63093580
520 104 -0.11728459 2.52322736
530 104 -0.39368910 2.37779854
540 104 -0.66905218 2.23332648
550 104 -0.95982516 2.07949841
560 104 -1.27221434 1.91157283
570 104 -1.58460351 1.74364724
580 104 -1.89703503 1.57472255
590 104 -2.23755150 1.42800675
400 140 -0.62064647 -0.85248927
410 140 -0.42210428 -0.72578094
420 140 -0.26117242 -0.56545023
430 140 -0.18507122 -0.32845950
440 140 -0.10901235 -0.09246787
450 140 -0.11175565 0.14986552
460 140 -0.23022562 0.40110618
470 140 -0.34873792 0.65134773
480 140 -0.52791612 0.88714462
490 140 -0.70709432 1.12294151
500 140 -0.85932213 1.38061707
510 140 -0.99297338 1.65151805
520 140 -1.11028337 1.95375532
530 140 -1.19044873 2.32948596
540 140 -1.26961498 2.70517427
550 140 -1.35785783 3.07924538
560 140 -1.46521065 3.45112355
570 140 -1.57156437 3.82295938
580 140 -1.67891719 4.19483755
590 140 -1.75533167 4.51736170
400 157 0.31279559 2.16169584
410 157 0.26802221 2.30972403
420 157 0.22329116 2.45875132
430 157 0.17955922 2.60773628
440 157 0.15488644 2.80495761
450 157 0.14013696 3.02377820
460 157 0.12438838 3.24264113
470 157 0.17524952 3.40363227
480 157 0.24358651 3.55187213
490 157 0.31088205 3.69915522
500 157 0.38708486 3.84405909
510 157 0.48605537 3.98299375
520 157 0.58398445 4.12097163
530 157 0.68204053 4.26194682
540 157 0.77548210 4.41212562
550 157 0.86892368 4.56230442
560 157 0.96336436 4.71244089
570 157 1.05772037 4.86057914
580 157 1.15839275 4.99243540
590 157 1.26002189 5.12325022
