460 164 0.00000000 0.00000000
470 164 -0.00000000 0.28970502
480 164 0.00098376 0.57923055
490 164 0.00214701 0.86973984
500 164 0.01965447 1.12168922
510 164 0.03716194 1.37363860
520 164 0.05466940 1.62558797
530 164 0.05804525 1.87808273
540 164 0.00355189 2.13097100
550 164 -0.05112096 2.38287550
560 164 -0.10561432 2.63576376
570 164 -0.20217116 2.84753434
580 164 -0.30973574 3.04911524
590 164 -0.41730033 3.25069615
600 164 -0.52486491 3.45227705
610 164 -0.65373392 3.62623330
620 164 -0.78779442 3.79402121
630 164 -0.92185492 3.96180912
640 164 -1.05609491 4.12861327
650 164 -1.09302213 4.29392625
400 6 2.78661721 1.49510352
410 6 2.75423944 1.49592850
420 6 2.72105742 1.49791673
430 6 2.68867966 1.49874171
440 6 2.60854988 1.51641140
450 6 2.33785729 1.59832921
460 6 2.06796898 1.67908377
470 6 1.78860896 1.77478111
480 6 1.47636723 1.92425383
490 6 1.16430498 2.07471032
500 6 0.85206324 2.22418305
510 6 0.68527980 2.41318909
520 6 0.55615881 2.61362055
530 6 0.42685832 2.81306825
540 6 0.29755784 3.01251595
550 6 0.24733779 3.23311274
560 6 0.21742460 3.45915301
570 6 0.18751142 3.68519327
580 6 0.13138191 3.89568669
590 6 0.05001984 4.09045377
400 79 0.39632382 1.74317309
410 79 0.34541686 1.86529386
420 79 0.29450991 1.98741463
430 79 0.24440722 2.10837215
440 79 0.19350027 2.23049292
450 79 0.11073332 2.32284893
460 79 0.02447662 2.41279214
470 79 -0.06195957 2.50175159
480 79 -0.14723252 2.59151531
490 79 -0.26336098 2.68487579
500 79 -0.45023382 2.78606147
510 79 -0.63612290 2.88706766
520 79 -0.82299574 2.98825334
530 79 -1.00888482 3.08925953
540 79 -1.20627871 3.24420679
550 79 -1.41232622 3.43529426
560 79 -1.61721049 3.62718600
570 79 -1.82227424 3.81809397
580 79 -2.07957044 4.01243303
590 79 -2.38811531 4.21002366
400 82 0.95256547 1.88361249
410 82 0.85958814 1.95343524
420 82 0.76643131 2.02227423
430 82 0.66666777 2.11061581
440 82 0.53618332 2.27571823
450 82 0.40569887 2.44082065
460 82 0.27539391 2.60690682
470 82 0.14589322 2.77182975
480 82 -0.01734178 2.91342895
490 82 -0.22800433 3.01793870
500 82 -0.43848739 3.12343222
510 82 -0.64897045 3.22892573
520 82 -0.87420300 3.34829197
530 82 -1.11865165 3.49047798
540 82 -1.36426354 3.63185971
550 82 -1.60987544 3.77324145
560 82 -1.85432408 3.91542746
570 82 -2.08525208 4.08157577
580 82 -2.31367408 4.25031637
590 82 -2.54307983 4.41923647
400 87 0.68792042 2.19924044
410 87 0.68327086 2.34646605
420 87 0.67745805 2.49288740
430 87 0.62789384 2.61679619
440 87 0.53556200 2.71801294
450 87 0.44224639 2.81940918
460 87 0.34893078 2.92080542
470 87 0.25561518 3.02220166
480 87 0.07634662 3.12606593
490 87 -0.11213475 3.22957811
500 87 -0.30159988 3.33326979
510 87 -0.49678117 3.45020253
520 87 -0.70366747 3.58655156
530 87 -0.91073326 3.72191683
540 87 -1.11663580 3.85808638
550 87 -1.34042550 3.99650303
560 87 -1.57226477 4.13537187
570 87 -1.80294078 4.27504497
580 87 -2.03236725 4.41042406
590 87 -2.25348527 4.53005609
500 167 1.08412342 -0.45396521
510 167 0.92356010 -0.04144561
520 167 0.78481208 0.35692857
530 167 0.74039103 0.69844837
540 167 0.69596998 1.03996816
550 167 0.60234027 1.35692159
560 167 0.49627376 1.66699561
570 167 0.35872005 1.97163306
580 167 0.14844064 2.26209402
590 167 -0.06201826 2.55157123
600 167 -0.31874145 2.80476325
610 167 -0.59658268 3.04249472
620 167 -0.87522818 3.28138944
630 167 -1.16567189 3.53361841
640 167 -1.45611559 3.78584738
650 167 -1.74217898 4.03422761
660 167 -2.01948173 4.27491035
670 167 -2.29598022 4.51442985
680 167 -2.57167444 4.75278609
690 167 -2.83261917 4.97726960
600 158 1.68810674 0.37712153
610 158 1.57154680 0.49597345
620 158 1.43979899 0.64300922
630 158 1.29849319 0.81008606
640 158 1.15638313 0.97832615
650 158 1.01507733 1.14540299
660 158 0.93923812 1.30358458
670 158 0.86339891 1.46176617
680 158 0.78755970 1.61994775
690 158 0.71189998 1.77911310
700 158 0.65787606 1.92314926
710 158 0.65418956 2.03665437
720 158 0.65130731 2.14899623
730 158 0.64762081 2.26250134
740 158 0.64473856 2.37484319
750 158 0.64203581 2.48816881
760 158 0.57475704 2.60412814
770 158 0.50157570 2.72116442
780 158 0.42741061 2.83838020
790 158 0.35404978 2.95443273
650 838 0.33718435 2.58343467
660 838 0.29207985 2.68721610
670 838 0.24599159 2.79117702
680 838 0.19990333 2.89513793
690 838 0.17997272 3.06446534
700 838 0.16022159 3.23477651
710 838 0.14029097 3.40410391
720 838 0.09343297 3.56512977
730 838 -0.06757563 3.69107512
740 838 -0.22742098 3.81782473
750 838 -0.38842958 3.94377008
760 838 -0.52983548 4.09358454
770 838 -0.66434816 4.25332288
780 838 -0.79868136 4.41404498
790 838 -0.93624542 4.55705942
800 838 -1.07866269 4.66233201
810 838 -1.22125946 4.76662085
820 838 -1.36367674 4.87189345
830 838 -1.53874447 4.97092521
840 838 -1.73554810 5.06782377
