1140 524 0.00000000 0.00000000
1150 524 0.00000000 0.28249071
1160 524 -0.00032213 0.56360438
1170 524 0.02889299 0.79714126
1180 524 0.07815124 0.99839390
1190 524 0.12740950 1.19964654
1200 524 0.16428151 1.33553419
1210 524 0.19714277 1.44185982
1220 524 0.22862699 1.54850757
1230 524 0.26096080 1.65568278
1240 524 0.29728057 1.74885398
1250 524 0.33623761 1.83777726
1260 524 0.37519464 1.92670054
1270 524 0.41277464 2.01594596
1280 524 0.42529894 2.16261273
1290 524 0.40948604 2.36819471
1300 524 0.39505016 2.57345456
1310 524 0.33110116 2.77504703
1320 524 0.21986564 2.97317744
1330 524 0.10725309 3.17162999
970 178 -1.63122534 2.01699378
980 178 -1.38344728 1.96483985
990 178 -1.13566921 1.91268592
1000 178 -0.89943843 1.89809075
1010 178 -0.67267345 1.90822206
1020 178 -0.44420930 1.91940827
1030 178 -0.21744432 1.92953957
1040 178 -0.15689720 2.04246010
1050 178 -0.09772711 2.15570277
1060 178 -0.05903203 2.22798479
1070 178 -0.05200171 2.23941171
1080 178 -0.04359435 2.25051650
1090 178 -0.03656403 2.26194343
1100 178 -0.02815668 2.27304822
1110 178 -0.02027677 2.28500259
1120 178 -0.01271900 2.29557993
1130 178 -0.00483910 2.30753431
1140 178 0.00219122 2.31896123
1150 178 0.01059858 2.33006602
1160 178 0.01762890 2.34149295
1120 858 2.58410978 2.80135586
1130 858 2.46495188 2.83213563
1140 858 2.34664356 2.86344286
1150 858 2.22748566 2.89422263
1160 858 2.10885521 2.92415282
1170 858 1.97185601 2.94385612
1180 858 1.81701552 2.95248296
1190 858 1.66132544 2.96058234
1200 858 1.50648495 2.96920917
1210 858 1.35164446 2.97783600
1220 858 1.14637753 3.03166432
1230 858 0.94196019 3.08602009
1240 858 0.73669326 3.13984841
1250 858 0.53227592 3.19420418
1260 858 0.32542663 3.25058126
1270 858 0.11804990 3.30780792
1280 858 -0.08932683 3.36503458
1290 858 -0.29890187 3.43148986
1300 858 -0.51615503 3.51789624
1310 858 -0.73308606 3.60567966
1170 179 0.02603625 2.35259774
1180 179 0.03391616 2.36455211
1190 179 0.04147393 2.37512945
1200 179 0.04935384 2.38708383
1210 179 0.06124803 2.39446814
1220 179 0.08741172 2.38834759
1230 179 0.11442500 2.38275448
1240 179 0.14196573 2.37631179
1250 179 0.16812942 2.37019124
1260 179 0.19514270 2.36459813
1270 179 0.22268343 2.35815544
1280 179 0.24884712 2.35203489
1290 179 0.27586040 2.34644178
1300 179 0.30287368 2.34084868
1310 179 0.33041441 2.33440599
1320 179 0.40037777 2.33546797
1330 179 0.56992317 2.35244906
1340 179 0.73946857 2.36943015
1350 179 0.91012551 2.40357995
1360 179 1.07966737 2.45469313
1180 182 -0.36158711 2.46506161
1190 182 -0.35350189 2.47478937
1200 182 -0.34541667 2.48451712
1210 182 -0.33765358 2.49286784
1220 182 -0.32956836 2.50259559
1230 182 -0.32148314 2.51232335
1240 182 -0.31339792 2.52205110
1250 182 -0.30616228 2.53125140
1260 182 -0.29754961 2.54012957
1270 182 -0.28946439 2.54985732
1280 182 -0.28137917 2.55958508
1290 182 -0.27329395 2.56931283
1300 182 -0.26553086 2.57766355
1310 182 -0.25744564 2.58739130
1320 182 -0.24936041 2.59711905
1330 182 -0.24127519 2.60684681
1340 182 -0.23351211 2.61519753
1350 182 -0.22542688 2.62492528
1360 182 -0.21734166 2.63465303
1370 182 -0.20925644 2.64438079
1180 320 -1.10600806 2.36543002
1190 320 -0.92978280 2.38302706
1200 320 -0.75355753 2.40062410
1210 320 -0.62850917 2.35466860
1220 320 -0.53867259 2.26684270
1230 320 -0.46035143 2.19187741
1240 320 -0.43008494 2.17535651
1250 320 -0.39844142 2.15851348
1260 320 -0.36817494 2.14199258
1270 320 -0.33653142 2.12514955
1280 320 -0.30573749 2.10777907
1290 320 -0.28042338 2.10113106
1300 320 -0.25636949 2.09840885
1310 320 -0.23284306 2.09653622
1320 320 -0.20878917 2.09381400
1330 320 -0.18473528 2.09109179
1340 320 -0.16120884 2.08921916
1350 320 -0.13715495 2.08649695
1360 320 -0.11362852 2.08462432
1370 320 -0.08957463 2.08190211
1280 312 0.08641346 -0.98097386
1290 312 0.15068106 -0.86456649
1300 312 0.21494866 -0.74815912
1310 312 0.27974371 -0.63260134
1320 312 0.34427681 -0.53368481
1330 312 0.40734791 -0.46274796
1340 312 0.47041901 -0.39181112
1350 312 0.53433970 -0.32034682
1360 312 0.59741080 -0.24940997
1370 312 0.69393433 -0.12239341
1380 312 0.80314146 0.02779914
1390 312 0.91234859 0.17799170
1400 312 1.01382096 0.32926747
1410 312 1.04172630 0.47959808
1420 312 1.06910419 0.63077827
1430 312 1.09648208 0.78195846
1440 312 1.12629191 0.93111735
1450 312 1.15853368 1.07825494
1460 312 1.19077545 1.22539252
1470 312 1.22216763 1.37200265
1280 315 0.08101151 -0.30870396
1290 315 0.17044808 -0.21198219
1300 315 0.26571847 -0.14930403
1310 315 0.36087205 -0.09022952
1320 315 0.45687520 -0.03062756
1330 315 0.56295303 0.06583225
1340 315 0.68112683 0.20158185
1350 315 0.79845104 0.33680400
1360 315 0.91011843 0.49440918
1370 315 1.00604725 0.70580375
1380 315 1.10112648 0.91667086
1390 315 1.19538799 1.10231236
1400 315 1.28330239 1.18631867
1410 315 1.37206637 1.27085242
1420 315 1.45998077 1.35485872
1430 315 1.59909331 1.29762498
1440 315 1.74954781 1.20505911
1450 315 1.88874885 1.14199509
1460 315 2.01238832 1.12105988
1470 315 2.13602778 1.10012468
1280 318 -0.22726765 -0.81318781
1290 318 -0.14733228 -0.63290931
1300 318 -0.10550790 -0.50689455
1310 318 -0.06453310 -0.38140724
1320 318 -0.02270871 -0.25539247
1330 318 0.01826609 -0.12990516
1340 318 0.09838554 -0.02955141
1350 318 0.21817709 0.04481917
1360 318 0.33711905 0.11866231
1370 318 0.45310163 0.19537634
1380 318 0.53685306 0.30504720
1390 318 0.61975490 0.41419061
1400 318 0.70403378 0.52301189
1410 318 0.77372102 0.64396100
1420 318 0.78885073 0.81107801
1430 318 0.80398043 0.97819501
1440 318 0.81995971 1.14583946
1450 318 0.87836517 1.28685649
1460 318 0.94195665 1.42520794
1470 318 1.00639770 1.56408685
