2910 636 0.00000000 0.00000000
2920 636 0.00000000 0.27518176
2930 636 0.03057979 0.55941208
2940 636 0.06430295 0.84329718
2950 636 0.08481667 1.13435935
2960 636 0.05445492 1.44882423
2970 636 0.02409317 1.76328912
2980 636 -0.01724315 2.08500376
2990 636 -0.06871822 2.41578513
3000 636 -0.11970270 2.74524011
3010 636 -0.19923196 3.05810605
3020 636 -0.32000668 3.34591583
3030 636 -0.44119930 3.63281711
3040 636 -0.67800642 3.93877853
3050 636 -0.94808247 4.26334583
3060 636 -1.17593187 4.61031650
3070 636 -1.38982686 4.96847978
3080 636 -1.54685035 5.36652578
3090 636 -1.70387384 5.76457179
3100 636 -1.86138792 6.16394419
2720 617 -0.02391147 0.18491415
2730 617 0.01262802 0.56106553
2740 617 0.02660060 0.94319479
2750 617 0.04148167 1.32490614
2760 617 0.08879586 1.68619462
2770 617 0.18678564 2.01646724
2780 617 0.28477542 2.34673986
2790 617 0.43344079 2.64599661
2800 617 0.63501666 2.91431018
2810 617 0.83617461 3.18171526
2820 617 1.01774551 3.52857692
2830 617 1.19510102 3.89498929
2840 617 1.37245653 4.26140166
2850 617 1.57566767 4.67205751
2860 617 1.78480217 5.09319735
2870 617 1.99435458 5.51524567
2880 617 2.18268465 5.92944464
2890 617 2.33910854 6.33410445
2900 617 2.49602301 6.73743788
2910 617 2.65244690 7.14209769
