200 92 0.00000000 0.00000000
210 92 -0.00000000 0.05930430
220 92 0.00000000 0.11860860
230 92 -0.00109604 0.17880660
240 92 0.03967672 0.31161315
250 92 0.09066796 0.46254656
260 92 0.14165921 0.61347997
270 92 0.20587040 0.83209818
280 92 0.27136312 1.05788282
290 92 0.32535583 1.25837418
300 92 0.32997607 1.35131854
310 92 0.33449514 1.44525776
320 92 0.33901420 1.53919699
330 92 0.39211322 1.61998371
340 92 0.45865140 1.69711134
350 92 0.52419470 1.77413779
360 92 0.59073288 1.85126542
370 92 0.65578719 1.92321636
380 92 0.72104384 1.99317756
390 92 0.78619931 2.06413363
50 118 3.17631268 2.63889802
60 118 2.93201336 2.58993024
70 118 2.68860774 2.54205850
80 118 2.48450787 2.49315817
90 118 2.29145273 2.44437587
100 118 2.09740272 2.39549240
110 118 1.94844219 2.33812725
120 118 1.80465835 2.27927823
130 118 1.68513919 2.16962345
140 118 1.58988471 2.00916291
150 118 1.49473141 1.84770750
160 118 1.37586988 1.70193392
170 118 1.24645262 1.56111783
180 118 1.11693418 1.42129660
190 118 0.92274928 1.39350772
200 118 0.70241112 1.41532739
210 118 0.48117927 1.43605101
220 118 0.23349066 1.45006349
230 118 -0.07874640 1.44645498
240 118 -0.38998858 1.44294764
170 120 3.07230673 2.59414579
180 120 2.86987621 2.55848227
190 120 2.66744570 2.52281875
200 120 2.48632898 2.47525053
210 120 2.33628927 2.40872921
220 120 2.18624956 2.34220790
230 120 2.02501336 2.24740870
240 120 1.85457041 2.12453397
250 120 1.68412746 2.00165924
260 120 1.51368450 1.87878451
270 120 1.34649595 1.77332841
280 120 1.18168497 1.67414504
290 120 1.02872810 1.56712076
300 120 0.98456604 1.37868586
310 120 0.94139885 1.19035213
320 120 0.91534678 1.12035721
330 120 0.89342594 1.07892682
340 120 0.87249997 1.03759761
350 120 0.85057913 0.99616723
360 120 0.82865829 0.95473684
200 78 -0.65661343 -0.42260005
210 78 -0.57113902 -0.42295415
220 78 -0.48576579 -0.42231339
230 78 -0.40597393 -0.41620928
240 78 -0.34284192 -0.38466013
250 78 -0.27981108 -0.35211612
260 78 -0.21667906 -0.32056697
270 78 -0.15354704 -0.28901783
280 78 -0.09151107 -0.25657499
290 78 -0.03556235 -0.15439015
300 78 0.00767229 0.05304843
310 78 0.05080576 0.26148188
320 78 0.07748173 0.43406633
330 78 0.09989158 0.59918083
340 78 0.12240259 0.76330047
350 78 0.14481243 0.92841497
360 78 0.18226334 1.08400234
370 78 0.23674506 1.23026492
380 78 0.29122677 1.37652750
390 78 0.34560732 1.52378495
200 81 -0.37686981 -0.68263178
210 81 -0.31599732 -0.66840010
220 81 -0.25502367 -0.65516328
230 81 -0.19415118 -0.64093160
240 81 -0.13327870 -0.62669992
250 81 -0.06911809 -0.61514932
260 81 -0.00406379 -0.60250269
270 81 0.06009682 -0.59095209
280 81 0.12525230 -0.57930032
290 81 0.19359473 -0.39142187
300 81 0.26303320 -0.20443711
310 81 0.33137563 -0.01655866
320 81 0.39971806 0.17131979
330 81 0.43529727 0.31566008
340 81 0.46640800 0.45452016
350 81 0.49851360 0.59348142
360 81 0.52962433 0.73234150
370 81 0.56783404 0.85081520
380 81 0.60815152 0.95844652
390 81 0.64936269 1.06717388
200 86 -0.33803620 0.78382175
210 86 -0.30114174 0.79662014
220 86 -0.26950828 0.80184742
230 86 -0.23787483 0.80707470
240 86 -0.20624137 0.81230197
250 86 -0.17470909 0.81852412
260 86 -0.14307563 0.82375140
270 86 -0.11144217 0.82897867
280 86 -0.07980872 0.83420595
290 86 -0.04817526 0.83943323
300 86 -0.01316937 0.85103441
310 86 0.04473537 0.91421701
320 86 0.10363498 0.97750079
330 86 0.16153972 1.04068339
340 86 0.23913949 1.10787919
350 86 0.34398855 1.18387705
360 86 0.44893878 1.25888005
370 86 0.55378784 1.33487791
380 86 0.65873807 1.40988090
390 86 0.78023010 1.47048359
200 90 0.19986746 -0.15658224
210 90 0.21430149 -0.04153156
220 90 0.23079271 0.09282632
230 90 0.24738510 0.22618933
240 90 0.26387631 0.36054721
250 90 0.31308016 0.50928853
260 90 0.37203036 0.66103132
270 90 0.43514551 0.82123893
280 90 0.51830980 1.01162985
290 90 0.60257013 1.20112707
300 90 0.65426959 1.34509639
310 90 0.66040742 1.42311772
320 90 0.66565156 1.50004300
330 90 0.67089570 1.57696828
340 90 0.71569852 1.62072565
350 90 0.77125942 1.65753579
360 90 0.82582545 1.69424477
370 90 0.88039147 1.73095374
380 90 0.97763569 1.77300803
390 90 1.09268636 1.81787830
220 117 1.63721686 0.54544106
230 117 1.62438474 0.60243524
240 117 1.61065892 0.65833338
250 117 1.59792797 0.71433269
260 117 1.58509585 0.77132687
270 117 1.57236490 0.82732618
280 117 1.56054451 0.87437167
290 117 1.55892574 0.83098527
300 117 1.55730697 0.78759888
310 117 1.55568820 0.74421248
320 117 1.55396826 0.70182095
330 117 1.55334436 0.65853572
340 117 1.55172559 0.61514932
350 117 1.55010682 0.57176292
360 117 1.54838688 0.52937139
370 117 1.54676811 0.48598500
380 117 1.54614421 0.44269977
390 117 1.54452544 0.39931337
400 117 1.54290667 0.35592697
410 117 1.58791184 0.27908600
370 121 0.80673745 0.91330645
380 121 0.76754974 0.84398602
390 121 0.68479014 0.70891993
400 121 0.60302541 0.57395501
410 121 0.53127682 0.45910668
420 121 0.48273059 0.39285516
430 121 0.43428554 0.32560877
440 121 0.38673418 0.25945842
450 121 0.33828913 0.19221203
460 121 0.23421573 0.12835494
470 121 0.07252425 0.06768481
480 121 -0.08807119 0.00612097
490 121 -0.25546208 -0.03804109
500 121 -0.44973130 -0.01558066
510 121 -0.64873879 -0.01571556
520 121 -0.86789659 -0.10434319
530 121 -1.07990483 -0.18420249
540 121 -1.28000836 -0.24274800
550 121 -1.47921820 -0.30019746
560 121 -1.66869856 -0.40389989
