3620 290 0.00000000 0.00000000
3630 290 0.00000000 0.32693271
3640 290 -0.00046187 0.65520210
3650 290 -0.00002447 0.98303408
3660 290 -0.14424375 1.32896153
3670 290 -0.28846303 1.67488898
3680 290 -0.43523329 2.00871302
3690 290 -0.58817301 2.29327310
3700 290 -0.74157461 2.57916985
3710 290 -0.87045434 2.87204357
3720 290 -0.90353148 3.19727257
3730 290 -0.93704602 3.52160230
3740 290 -0.93269344 3.81861754
3750 290 -0.91210511 4.10328774
3760 290 -0.89151678 4.38795793
3770 290 -0.83578665 4.69000785
3780 290 -0.78005653 4.99205777
3790 290 -0.72432641 5.29410769
3800 290 -0.69625642 5.63073965
3810 290 -0.67589137 5.97667933
3620 292 0.47070848 0.06239816
3630 292 0.46593991 0.45725923
3640 292 0.44659036 0.83586006
3650 292 0.39010779 1.17469737
3660 292 0.33406262 1.51443394
3670 292 0.27801745 1.85417051
3680 292 0.15159083 2.16809138
3690 292 -0.00378059 2.47051446
3700 292 -0.15961388 2.77427421
3710 292 -0.30784010 3.07766997
3720 292 -0.42566251 3.38184571
3730 292 -0.54214825 3.68648332
3740 292 -0.65997066 3.99065906
3750 292 -0.64504404 4.26140284
3760 292 -0.57404778 4.51710683
3770 292 -0.50594508 4.79201049
3780 292 -0.45123964 5.14682356
3790 292 -0.39653419 5.50163663
3800 292 -0.34377104 5.82959402
3810 292 -0.29202645 6.12802240
