1010 185 0.00000000 0.00000000
1020 185 0.00000000 0.25478815
1030 185 -0.00016484 0.51977300
1040 185 -0.00805375 0.88643056
1050 185 -0.01670800 1.25189889
1060 185 0.01815626 1.64317691
1070 185 0.07031724 2.04434549
1080 185 0.15080764 2.42812315
1090 185 0.24990173 2.80160992
1100 185 0.37089637 3.21565979
1110 185 0.50043929 3.64691219
1120 185 0.62986446 4.09758072
1130 185 0.75680522 4.59273327
1140 185 0.88416986 5.08593125
1150 185 0.92433264 5.53770658
1160 185 0.95438113 5.98421872
1170 185 0.96675612 6.34708489
1180 185 0.96593190 6.65285657
1190 185 0.96489575 6.95960553
1200 185 1.25364152 7.23710667
860 183 0.45792162 0.01642541
870 183 0.45230518 0.50943500
880 183 0.42315155 1.00245637
890 183 0.30494747 1.49560725
900 183 0.18674338 1.98875813
910 183 0.08162075 2.47349026
920 183 -0.02350188 2.95822238
930 183 -0.12632848 3.44652218
940 183 -0.21856982 3.94735003
950 183 -0.31178844 4.44796594
960 183 -0.39919047 4.94063407
970 183 -0.43368972 5.36393869
980 183 -0.46818897 5.78724331
990 183 -0.50842239 6.21339735
1000 183 -0.59231562 6.67101283
1010 183 -0.67697419 7.12743909
1020 183 -0.76261004 7.58365340
1030 183 -0.79395373 8.03015376
1040 183 -0.80363236 8.47112012
1050 183 -0.81331099 8.91208647
870 184 0.94751660 0.16046272
880 184 0.81266339 0.66432839
890 184 0.69633145 1.16300151
900 184 0.65625109 1.64035103
910 184 0.61617074 2.11770055
920 184 0.54810242 2.61558478
930 184 0.45323537 3.13323837
940 184 0.35815638 3.65186925
950 184 0.25848534 4.16336478
960 184 0.15630633 4.67226993
970 184 0.05412732 5.18117508
980 184 -0.01100915 5.67969513
990 184 -0.05902551 6.17476526
1000 184 -0.10682993 6.66885810
1010 184 -0.14988923 7.13635237
1020 184 -0.19069961 7.59819489
1030 184 -0.23129804 8.05906013
1040 184 -0.26009844 8.49383310
1050 184 -0.27688886 8.90153653
1060 184 -0.29270200 9.30945189
