840 736 0.00000000 0.00000000
850 736 0.00000000 0.39702015
860 736 -0.00000000 0.79404030
870 736 0.03343659 1.18841575
880 736 0.11628881 1.57798540
890 736 0.19821412 1.96717975
900 736 0.27479965 2.34558120
910 736 0.34068296 2.70778196
920 736 0.39985628 3.07589677
930 736 0.39899234 3.50169632
940 736 0.39905531 3.92787116
950 736 0.36872436 4.38381527
960 736 0.32552504 4.85288970
970 736 0.27321031 5.32582539
980 736 0.21438458 5.80151913
990 736 0.16209253 6.26906971
1000 736 0.16637443 6.66350813
1010 736 0.17103162 7.05701964
1020 736 0.16181295 7.39420655
1030 736 0.14983622 7.72488247
790 733 0.23052734 0.15807006
800 733 0.25180082 0.57449225
810 733 0.27252269 0.98961224
820 733 0.29379617 1.40603443
830 733 0.35953087 1.71531092
840 733 0.42884221 2.01308926
850 733 0.49263243 2.34315563
860 733 0.52912931 2.80458057
870 733 0.56562620 3.26600551
880 733 0.58617176 3.67889639
890 733 0.54699491 3.89822531
900 733 0.50744276 4.11848113
910 733 0.50668965 4.34150004
920 733 0.53080933 4.56703771
930 733 0.52845429 4.90592479
940 733 0.50777272 5.31938491
950 733 0.48801805 5.73322033
960 733 0.43930264 6.18927275
970 733 0.38440618 6.65792655
980 733 0.33126026 7.06363643
790 734 0.25670234 -0.63400308
800 734 0.15879799 -0.22699603
810 734 0.06126893 0.17908411
820 734 -0.01189360 0.57561058
830 734 0.01684549 0.93895486
840 734 0.04595988 1.30137223
850 734 0.07376704 1.70965126
860 734 0.10157419 2.11793028
870 734 0.15343554 2.54673723
880 734 0.22028101 2.98916314
890 734 0.24766753 3.40913930
900 734 0.18333578 3.78119095
910 734 0.11937933 4.15231569
920 734 0.09220943 4.56314874
930 734 0.06985036 4.97808738
940 734 0.03651704 5.44144673
950 734 -0.00288902 5.93579191
960 734 -0.02151276 6.30153657
970 734 -0.04918390 6.65498715
980 734 -0.08781922 6.96623835
830 735 0.77008686 1.85241227
840 735 0.83069839 2.18766478
850 735 0.89261212 2.52236567
860 735 0.94730960 2.85090819
870 735 0.93450169 3.11435830
880 735 0.92076687 3.37743310
890 735 0.91557821 3.59541952
900 735 0.91041223 3.80802082
910 735 0.96529861 4.22402741
920 735 0.95957850 4.65649161
930 735 0.89380350 5.10671561
940 735 0.82346198 5.53890778
950 735 0.74892924 5.95214121
960 735 0.70531433 6.38760274
970 735 0.73112662 6.87275191
980 735 0.74848846 7.33613897
990 735 0.68593496 7.59455155
1000 735 0.64490933 7.76781983
1010 735 0.60578285 7.93106847
1020 735 0.48155994 8.23787406
