230 115 0.00000000 0.00000000
240 115 -0.00000000 0.25776928
250 115 -0.00029872 0.51649290
260 115 -0.00488809 0.76549076
270 115 -0.04767830 0.93232601
280 115 -0.09142284 1.09886253
290 115 -0.03739391 1.26771120
300 115 0.08279109 1.43945394
310 115 0.20202175 1.61089795
320 115 0.42739384 1.87843565
330 115 0.67977845 2.17014614
340 115 0.93890165 2.46710938
350 115 1.27406572 2.80568735
360 115 1.60922979 3.14426533
370 115 1.94409515 3.48379765
380 115 2.24849139 3.92067283
390 115 2.55288764 4.35754802
400 115 2.85728388 4.79442320
410 115 3.22062431 5.22040880
420 115 3.58271169 5.64705002
200 66 -0.17672781 0.19302145
210 66 -0.22399101 0.35740877
220 66 -0.32219123 0.50375670
230 66 -0.42069017 0.65105897
240 66 -0.51918910 0.79836124
250 66 -0.60778772 0.95085808
260 66 -0.68678472 1.10950383
270 66 -0.76578172 1.26814958
280 66 -0.78060505 1.45945632
290 66 -0.73125472 1.68342405
300 66 -0.68280053 1.91025481
310 66 -0.64205479 2.16506019
320 66 -0.60160777 2.42081992
330 66 -0.56181637 2.67532659
340 66 -0.62593185 2.90359662
350 66 -0.71641199 3.12570998
360 66 -0.80784647 3.34752462
370 66 -0.94520574 3.54867737
380 66 -1.10326181 3.74230402
390 66 -1.26036355 3.93622938
200 78 0.82928425 1.63224650
210 78 0.84608609 1.54843900
220 78 0.86384228 1.46493021
230 78 0.88583094 1.38798543
240 78 0.92940479 1.33246679
250 78 0.97393298 1.27724686
260 78 1.01750683 1.22172822
270 78 1.06108068 1.16620958
280 78 1.10531016 1.11194400
290 78 1.21664228 1.07763425
300 78 1.42853720 1.07689715
310 78 1.64138646 1.07645878
320 78 1.81581376 1.08495087
330 78 1.98206709 1.09612365
340 78 2.14736608 1.10699771
350 78 2.31361940 1.11817050
360 78 2.47355700 1.11269661
370 78 2.62777632 1.08866737
380 78 2.78199563 1.06463813
390 78 2.93716928 1.04090760
