680 728 0.00000000 0.00000000
690 728 0.00000000 0.17431581
700 728 0.00000000 0.34863161
710 728 -0.00075151 0.52360714
720 728 0.03836141 0.68487765
730 728 0.09420832 0.83944195
740 728 0.15071496 0.99475776
750 728 0.28002051 1.14205364
760 728 0.41854495 1.28924052
770 728 0.55565816 1.43633562
780 728 0.65609656 1.59167437
790 728 0.73998453 1.75089688
800 728 0.82387251 1.91011939
810 728 0.88150928 2.12432257
820 728 0.92911827 2.36196597
830 728 0.97672727 2.59960936
840 728 1.03863215 2.83534817
850 728 1.12480334 3.06841367
860 728 1.21031481 3.30072766
870 728 1.29582627 3.53304165
720 134 1.60828216 1.06050624
730 134 1.50317408 1.04233233
740 134 1.39806600 1.02415842
750 134 1.29229819 1.00523300
760 134 1.18719011 0.98705909
770 134 1.07759018 0.98347364
780 134 0.95134230 1.03974507
790 134 0.82575415 1.09676802
800 134 0.69950628 1.15303945
810 134 0.62987977 1.14496789
820 134 0.58542024 1.10948058
830 134 0.54096070 1.07399326
840 134 0.49650116 1.03850594
850 134 0.45204163 1.00301863
860 134 0.40899332 0.96762310
870 134 0.35795951 0.88068893
880 134 0.29337558 0.67524571
890 134 0.22813192 0.46905098
900 134 0.17821103 0.25605825
910 134 0.15037650 0.03033001
740 138 1.83904150 0.94442383
750 138 1.68589417 0.94580064
760 138 1.58380934 0.93561797
770 138 1.50316834 0.92257842
780 138 1.42261913 0.90812763
790 138 1.34131842 0.89433657
800 138 1.25732144 0.90021097
810 138 1.15887369 0.98663457
820 138 1.06042593 1.07305818
830 138 0.96272968 1.15882206
840 138 0.89111828 1.20305786
850 138 0.84577529 1.20294313
860 138 0.80034051 1.20423962
870 138 0.75565724 1.20487640
880 138 0.71022246 1.20617290
890 138 0.60128799 1.14877707
900 138 0.44958057 1.05175202
910 138 0.29712165 0.95538669
920 138 0.20712981 0.80285319
930 138 0.14635506 0.62600175
