3050 264 0.00000000 0.00000000
3060 264 -0.00000000 0.40047222
3070 264 0.00000000 0.80094444
3080 264 0.01386613 1.17333232
3090 264 0.04159839 1.51763585
3100 264 0.07006229 1.86262108
3110 264 0.09755983 2.16023473
3120 264 0.12503988 2.43733010
3130 264 0.15251994 2.71442548
3140 264 0.19110689 2.98546800
3150 264 0.24148242 3.24972603
3160 264 0.29044461 3.51403400
3170 264 0.34660581 3.76181398
3180 264 0.42722314 3.94080517
3190 264 0.50715877 4.12052800
3200 264 0.58777610 4.29951919
3210 264 0.74511036 4.42697872
3220 264 0.91072484 4.54848527
3230 264 1.07707096 4.67067352
3240 264 1.24271791 4.77307513
2860 369 -0.82636693 2.82472276
2870 369 -0.80521440 2.88270182
2880 369 -0.77400125 2.96508955
2890 369 -0.73726712 3.06355581
2900 369 -0.69980135 3.16270376
2910 369 -0.66301727 3.26258335
2920 369 -0.62628314 3.36104960
2930 369 -0.58881737 3.46019755
2940 369 -0.58701700 3.57121899
2950 369 -0.59422848 3.68751170
2960 369 -0.60148991 3.80239108
2970 369 -0.60801970 3.91795215
2980 369 -0.61528113 4.03283153
2990 369 -0.62010044 4.09668115
3000 369 -0.62334161 4.12509760
3010 369 -0.62653284 4.15492739
3020 369 -0.63045571 4.18407548
3030 369 -0.63369689 4.21249193
3040 369 -0.63688812 4.24232171
3050 369 -0.64081099 4.27146980
2860 380 -0.14926129 2.48381522
2870 380 -0.13254852 2.53629077
2880 380 -0.11656739 2.58808463
2890 380 -0.09985462 2.64056018
2900 380 -0.07856725 2.74240245
2910 380 -0.05044295 2.91758813
2920 380 -0.02163696 3.09204218
2930 380 0.01187348 3.23944317
2940 380 0.05359673 3.35895957
2950 380 0.09531997 3.47847597
2960 380 0.12342429 3.57300188
2970 380 0.11692446 3.60931651
2980 380 0.11183797 3.64558120
2990 380 0.10606978 3.68257752
3000 380 0.10025165 3.71816051
3010 380 0.09516515 3.75442520
3020 380 0.08939696 3.79142153
3030 380 0.08357883 3.82700452
3040 380 0.07849234 3.86326921
3050 380 0.07272415 3.90026553
2860 874 0.98882514 1.77284456
2870 874 0.97527114 1.70964417
2880 874 0.95254297 1.74723979
2890 874 0.92840147 1.78488535
2900 874 0.90494167 1.82179927
2910 874 0.88080017 1.85944483
2920 874 0.85665867 1.89709038
2930 874 0.83393050 1.93468600
2940 874 0.80978900 1.97233156
2950 874 0.78632920 2.00924548
2960 874 0.75108580 2.17322689
2970 874 0.71338281 2.36771978
2980 874 0.68542332 2.55762309
2990 874 0.68182257 2.73605244
3000 874 0.67895346 2.91516349
3010 874 0.68594521 3.11302990
3020 874 0.71919345 3.35312895
3030 874 0.75244170 3.59322800
3040 874 0.78568995 3.83332705
3050 874 0.83570840 3.90726726
2880 351 -0.51699216 2.52935646
2890 351 -0.48682777 2.58206424
2900 351 -0.44214552 2.68520248
2910 351 -0.39106083 2.80934092
2920 351 -0.33929444 2.93274774
2930 351 -0.28894139 3.05620449
2940 351 -0.23785670 3.18034294
2950 351 -0.23376153 3.29623612
2960 351 -0.24107290 3.40970217
2970 351 -0.24838427 3.52316821
2980 351 -0.25496400 3.63731596
2990 351 -0.25446209 3.71159077
3000 351 -0.24536533 3.74876938
3010 351 -0.23631851 3.78453466
3020 351 -0.22727169 3.82029993
3030 351 -0.21822487 3.85606521
3040 351 -0.20912811 3.89324382
3050 351 -0.20008129 3.92900910
3060 351 -0.19171617 3.96550601
3070 351 -0.18266935 4.00127129
2930 403 0.23539211 3.53791331
2940 403 0.27282292 3.59602470
2950 403 0.28186974 3.63178998
2960 403 0.29096650 3.66896859
2970 403 0.30001332 3.70473386
2980 403 0.30906014 3.74049914
2990 403 0.31810696 3.77626442
3000 403 0.32715378 3.81202970
3010 403 0.33620060 3.84779497
3020 403 0.34524742 3.88356025
3030 403 0.35429424 3.91932553
3040 403 0.36339100 3.95650414
3050 403 0.37243782 3.99226941
3060 403 0.43599279 4.10889173
3070 403 0.50696400 4.23515767
3080 403 0.57652189 4.36147355
3090 403 0.64315322 4.48506265
3100 403 0.70900298 4.60655671
3110 403 0.77343941 4.72810073
3120 403 0.84481016 4.86567331
3050 269 0.04392315 -0.95957217
3060 269 0.04575099 -0.58746646
3070 269 0.04899216 -0.21541070
3080 269 0.06768010 0.15326906
3090 269 0.09343470 0.52169911
3100 269 0.11913935 0.88871582
3110 269 0.18506402 1.21256600
3120 269 0.27611154 1.50651897
3130 269 0.36789069 1.80115364
3140 269 0.44231033 2.08508095
3150 269 0.47703933 2.34706167
3160 269 0.51171839 2.60762906
3170 269 0.54712909 2.86887814
3180 269 0.49655879 3.11972200
3190 269 0.43677686 3.37018382
3200 269 0.37767663 3.61991400
3210 269 0.42121523 3.81082861
3220 269 0.50913144 3.97611848
3230 269 0.59704765 4.14140835
3240 269 0.69841548 4.30693044
3060 875 0.88504516 3.98193911
3070 875 0.93579524 4.05656101
3080 875 0.98513200 4.13123286
3090 875 0.96338268 4.11643533
3100 875 0.93353541 4.09272582
3110 875 0.90368815 4.06901631
3120 875 0.87379094 4.04389347
3130 875 0.84394368 4.02018396
3140 875 0.81477811 3.99574281
3150 875 0.78493085 3.97203330
3160 875 0.75435195 3.94764210
3170 875 0.75680655 3.79684762
3180 875 0.76805577 3.61461026
3190 875 0.77862329 3.43310454
3200 875 0.78919082 3.25159881
3210 875 0.74245849 3.03037248
3220 875 0.68992301 2.80510592
3230 875 0.63597420 2.57988930
3240 875 0.61361809 2.36770730
3250 875 0.65951890 2.18495305
3080 633 2.18064064 0.80030520
3090 633 2.14936756 0.87641035
3100 633 2.11804454 0.95110217
3110 633 2.08745315 1.02647569
3120 633 2.06828828 1.18493612
3130 633 2.05123591 1.36313325
3140 633 2.03423348 1.54274371
3150 633 2.00544247 1.72913866
3160 633 1.86179206 1.98893196
3170 633 1.71741001 2.24804357
3180 633 1.58077631 2.50617383
3190 633 1.50451634 2.75084998
3200 633 1.42757467 2.99625776
3210 633 1.36100826 3.23493099
3220 633 1.37383561 3.41773268
3230 633 1.38739461 3.60121607
3240 633 1.40022196 3.78401777
3250 633 1.44500410 3.88998267
3260 633 1.49513991 3.98726782
3270 633 1.53470070 4.08563419
3110 640 1.33104613 3.24801804
3120 640 1.29899397 3.38216967
3130 640 1.26626011 3.51705293
3140 640 1.23420795 3.65120456
3150 640 1.21600444 3.73675356
3160 640 1.21159964 3.77228662
3170 640 1.20719484 3.80781967
3180 640 1.20279004 3.84335272
3190 640 1.19843518 3.88029910
3200 640 1.19403038 3.91583215
3210 640 1.18962558 3.95136520
3220 640 1.18453909 3.98762989
3230 640 1.17800680 4.04304947
3240 640 1.16977901 4.11055727
3250 640 1.16160117 4.17947840
3260 640 1.15269169 4.24771784
3270 640 1.14519554 4.31590734
3280 640 1.12820559 4.39575308
3290 640 1.09237789 4.50315129
3300 640 1.05650025 4.60913617
3130 886 0.78459624 1.51968343
3140 886 0.70388403 1.45814858
3150 886 0.62175848 1.39666366
3160 886 0.56474079 1.34490477
3170 886 0.60245127 1.33083638
3180 886 0.64016176 1.31676799
3190 886 0.67855393 1.30196796
3200 886 0.71626441 1.28789957
3210 886 0.75324326 1.27314948
3220 886 0.79168537 1.25976278
3230 886 0.83007755 1.24496276
3240 886 0.86705639 1.23021267
3250 886 0.90476687 1.21614428
3260 886 0.87942929 1.28001138
3270 886 0.84654311 1.35051315
3280 886 0.81370688 1.42242825
3290 886 0.78155234 1.49361171
3300 886 0.75616481 1.55606548
3310 886 0.79133079 1.53005868
3320 886 0.82581508 1.50478352
