2710 773 0.00000000 0.00000000
2720 773 0.00000000 0.03860052
2730 773 0.00028497 0.07624250
2740 773 0.00028497 0.11484302
2750 773 0.00028497 0.15344354
2760 773 0.00028497 0.19204405
2770 773 0.00056994 0.22968604
2780 773 0.00056994 0.26828655
2790 773 0.00056994 0.30688707
2800 773 0.00085491 0.34452905
2810 773 -0.00010363 0.38284460
2820 773 -0.04735688 0.48564115
2830 773 -0.16707030 0.68478355
2840 773 -0.28582518 0.88421093
2850 773 -0.42856938 1.06607377
2860 773 -0.59501792 1.22941355
2870 773 -0.76175143 1.39371186
2880 773 -0.92752641 1.55829515
2890 773 -1.19469899 1.73759326
2900 773 -1.47220822 1.92007785
2710 422 0.61709016 2.37742923
2720 422 0.34279333 2.19468557
2730 422 0.06878146 2.01098337
2740 422 -0.19906469 1.84163331
2750 422 -0.39973557 1.80075303
2760 422 -0.60136498 1.75958778
2770 422 -0.80203587 1.71870750
2780 422 -0.98887274 1.61725808
2790 422 -1.16374086 1.47555014
2800 422 -1.33985248 1.33451577
2810 422 -1.49586075 1.22762601
2820 422 -1.62041866 1.17285990
2830 422 -1.74593511 1.11780883
2840 422 -1.87049303 1.06304273
2850 422 -1.95150230 0.87934053
2860 422 -2.01339266 0.64185667
2870 422 -2.07499805 0.40341427
2880 422 -2.22362300 0.10676022
2890 422 -2.40919046 -0.21652559
2900 422 -2.61993893 -0.45862079
2720 777 -0.69009436 0.20170714
2730 777 -0.65196016 0.24538531
2740 777 -0.66856616 0.26965959
2750 777 -0.68421361 0.29421885
2760 777 -0.70081961 0.31849313
2770 777 -0.71646707 0.34305239
2780 777 -0.73307306 0.36732668
2790 777 -0.74872052 0.39188593
2800 777 -0.76532651 0.41616022
2810 777 -0.78097397 0.44071947
2820 777 -0.79757997 0.46499376
2830 777 -0.81322743 0.48955301
2840 777 -0.84351199 0.52123653
2850 777 -1.00330259 0.62709003
2860 777 -1.16309320 0.73294353
2870 777 -1.32259883 0.83783849
2880 777 -1.51275171 0.98265520
2890 777 -1.71111693 1.13754950
2900 777 -1.90948214 1.29244379
2910 777 -2.12499738 1.44536920
