1960 240 0.00000000 0.00000000
1970 240 0.00000000 0.56026601
1980 240 -0.02495243 1.13127334
1990 240 -0.15528874 1.74151383
2000 240 -0.28513063 2.35262354
2010 240 -0.44048184 2.88045496
2020 240 -0.59990789 3.39909966
2030 240 -0.77491583 3.89439475
2040 240 -0.99012253 4.33317382
2050 240 -1.20396560 4.77232772
2060 240 -1.41615766 5.19213544
2070 240 -1.62630784 5.58317113
2080 240 -1.83732724 5.97470121
2090 240 -2.04536414 6.36338444
2100 240 -2.24232415 6.73311239
2110 240 -2.44015339 7.10333474
2120 240 -2.63711340 7.47306269
2130 240 -2.79405671 7.80392338
2140 240 -2.95050561 8.13565330
2150 240 -3.10744892 8.46651400
1930 238 1.02853108 -0.07882149
1940 238 0.62946707 0.69002044
1950 238 0.23040306 1.45886238
1960 238 -0.08054210 2.20059219
1970 238 -0.39012361 2.94269682
1980 238 -0.69262278 3.61634825
1990 238 -0.98820737 4.24350035
2000 238 -1.28466120 4.87114685
2010 238 -1.57870545 5.40998910
2020 238 -1.87168057 5.91025861
2030 238 -2.16465569 6.41052812
2040 238 -2.53660936 6.83262226
2050 238 -2.92799666 7.23470805
2060 238 -3.30027696 7.63397910
2070 238 -3.49488452 8.00582033
2080 238 -3.68899767 8.37853079
2090 238 -3.75758473 8.81214446
2100 238 -3.73460101 9.29146142
2110 238 -3.69663333 9.78296366
2120 238 -3.78162332 10.16953539
2010 242 -2.88975946 1.67702482
2020 242 -2.83102665 2.20503472
2030 242 -2.77229383 2.73304462
2040 242 -2.70465275 3.20996986
2050 242 -2.62544752 3.61014049
2060 242 -2.54624228 4.01031111
2070 242 -2.46753146 4.40961251
2080 242 -2.40402769 4.78420065
2090 242 -2.34645683 5.14835803
2100 242 -2.28938037 5.51164617
2110 242 -2.24326834 5.83745391
2120 242 -2.21465158 6.10418614
2130 242 -2.18554041 6.37178759
2140 242 -2.22509840 6.67844728
2150 242 -2.33146752 7.02540926
2160 242 -2.43882545 7.37063277
2170 242 -2.51358280 7.66395058
2180 242 -2.57526957 7.93372779
2190 242 -2.63608711 8.20301059
2200 242 -2.68234370 8.51002904
2030 244 -2.53018205 1.24126217
2040 244 -2.56896006 1.65446946
2050 244 -2.60860730 2.06817116
2060 244 -2.63908390 2.48586025
2070 244 -2.58826875 2.94129391
2080 244 -2.53745360 3.39672758
2090 244 -2.48752375 3.86071789
2100 244 -2.44014625 4.36067326
2110 244 -2.39326316 4.85975940
2120 244 -2.36542282 5.32941131
2130 244 -2.38284490 5.73162204
2140 244 -2.40026698 6.13383277
2150 244 -2.46563950 6.51039675
2160 244 -2.60349187 6.84650495
2170 244 -2.74084984 7.18348238
2180 244 -2.84814352 7.49645693
2190 244 -2.91034076 7.77342715
2200 244 -2.97204359 8.05126660
2210 244 -3.03424083 8.32823682
2220 244 -3.07446101 8.65598114
2090 246 -2.08605909 1.38900449
2100 246 -1.90151996 1.89952805
2110 246 -1.71747525 2.40918239
2120 246 -1.56401243 2.89136406
2130 246 -1.41339647 3.37056322
2140 246 -1.27404838 3.84006520
2150 246 -1.17803327 4.26978964
2160 246 -1.08288740 4.70000850
2170 246 -0.98687229 5.12973294
2180 246 -1.12456403 5.38521873
2190 246 -1.36158537 5.56720193
2200 246 -1.58111680 5.62419271
2210 246 -1.78795962 5.60033797
2220 246 -1.92732735 5.38969696
2230 246 -2.05834547 5.15935102
2240 246 -2.31233197 5.01620473
2250 246 -2.64693374 4.93156636
2260 246 -3.01409683 4.94137777
2270 246 -3.42879806 5.09212224
2280 246 -3.75774002 5.15497274
2140 247 -2.36884084 1.19320999
2150 247 -2.23098668 1.85223445
2160 247 -2.09313252 2.51125890
2170 247 -2.07081990 3.07839129
2180 247 -2.09853888 3.60610490
2190 247 -2.13193551 4.11979125
2200 247 -2.22686185 4.51316511
2210 247 -2.32178819 4.90653896
2220 247 -2.38182574 5.28236937
2230 247 -2.41691086 5.64745845
2240 247 -2.45249039 6.01167829
2250 247 -2.41287171 6.48383437
2260 247 -2.37325303 6.95599044
2270 247 -2.28795604 7.41136878
2280 247 -2.17237166 7.85527220
2290 247 -2.05629287 8.30004486
2300 247 -1.93874692 8.75548744
2310 247 -1.81971775 9.21353772
2320 247 -1.70155781 9.67208240
2330 247 -1.66357228 10.03012304
