1120 741 0.00000000 0.00000000
1130 741 -0.00000000 0.25824213
1140 741 0.00206008 0.50591279
1150 741 0.01856785 0.66293984
1160 741 0.03453348 0.82080719
1170 741 0.05665226 0.96360340
1180 741 0.10259751 1.04917813
1190 741 0.14716034 1.13505103
1200 741 0.19874371 1.22664336
1210 741 0.30630168 1.36981907
1220 741 0.41331753 1.51383507
1230 741 0.52307111 1.67389803
1240 741 0.63596903 1.85860065
1250 741 0.74802665 2.04276115
1260 741 0.86092458 2.22746378
1270 741 0.97637049 2.43404122
1280 741 1.09371385 2.65612349
1290 741 1.21105721 2.87820576
1300 741 1.32840058 3.10028804
1310 741 1.45536669 3.35356971
970 178 1.43322081 3.04295812
980 178 1.18457432 3.09080082
990 178 0.93592783 3.13864351
1000 178 0.69947919 3.14913367
1010 178 0.47292437 3.13506548
1020 178 0.24468896 3.11991303
1030 178 0.01813414 3.10584484
1040 178 -0.04044266 2.99188977
1050 178 -0.09763705 2.87763653
1060 178 -0.13507091 2.80469336
1070 178 -0.14190171 2.79314606
1080 178 -0.15011493 2.78189693
1090 178 -0.15694573 2.77034962
1100 178 -0.16515895 2.75910049
1110 178 -0.17283005 2.74701106
1120 178 -0.18020297 2.73630406
1130 178 -0.18787407 2.72421463
1140 178 -0.19470487 2.71266732
1150 178 -0.20291809 2.70141819
1160 178 -0.20974889 2.68987089
1170 179 -0.21796211 2.67862176
1180 179 -0.22563320 2.66653233
1190 179 -0.23300613 2.65582532
1200 179 -0.24067722 2.64373589
1210 179 -0.25244138 2.63614612
1220 179 -0.27870742 2.64181134
1230 179 -0.30581377 2.64693444
1240 179 -0.33346224 2.65289784
1250 179 -0.35972828 2.65856306
1260 179 -0.38683463 2.66368616
1270 179 -0.41448310 2.66964956
1280 179 -0.44074915 2.67531478
1290 179 -0.46785549 2.68043788
1300 179 -0.49496183 2.68556098
1310 179 -0.52261030 2.69152438
1320 179 -0.59254467 2.68924744
1330 179 -0.76176957 2.66932428
1340 179 -0.93099447 2.64940112
1350 179 -1.10103257 2.61229253
1360 179 -1.26966113 2.55824249
1180 182 0.17155605 2.57290702
1190 182 0.16364100 2.56304031
1200 182 0.15572594 2.55317360
1210 182 0.14810906 2.54468931
1220 182 0.14019401 2.53482261
1230 182 0.13227896 2.52495590
1240 182 0.12436390 2.51508919
1250 182 0.11728915 2.50576461
1260 182 0.10883197 2.49673819
1270 182 0.10091692 2.48687148
1280 182 0.09300186 2.47700477
1290 182 0.08508681 2.46713807
1300 182 0.07746993 2.45865378
1310 182 0.06955488 2.44878707
1320 182 0.06163983 2.43892036
1330 182 0.05372477 2.42905365
1340 182 0.04610789 2.42056937
1350 182 0.03819284 2.41070266
1360 182 0.03027779 2.40083595
1370 182 0.02236273 2.39096924
1180 320 0.91413433 2.68545256
1190 320 0.73824126 2.66479752
1200 320 0.56234820 2.64414249
1210 320 0.43652056 2.68791923
1220 320 0.34517218 2.77417162
1230 320 0.26556085 2.84776534
1240 320 0.23501200 2.86375808
1250 320 0.20308073 2.88004900
1260 320 0.17253188 2.89604174
1270 320 0.14060060 2.91233265
1280 320 0.10950963 2.92916569
1290 320 0.08408388 2.93537304
1300 320 0.05998634 2.93767708
1310 320 0.03643093 2.93914082
1320 320 0.01233339 2.94144486
1330 320 -0.01176415 2.94374890
1340 320 -0.03531957 2.94521265
1350 320 -0.05941710 2.94751668
1360 320 -0.08297252 2.94898043
1370 320 -0.10707006 2.95128447
1180 744 0.04740899 0.33048054
1190 744 0.10186564 0.46557856
1200 744 0.23457830 0.62141292
1210 744 0.41936224 0.79061072
1220 744 0.60330589 0.95926639
1230 744 0.77903631 1.11667293
1240 744 0.94799015 1.26613730
1250 744 1.11694399 1.41560168
1260 744 1.26201714 1.58179067
1270 744 1.38123084 1.76223760
1280 744 1.50074271 1.94406696
1290 744 1.62025458 2.12589631
1300 744 1.77272776 2.39682421
1310 744 1.92867055 2.67713091
1320 744 2.08545364 2.95797973
1330 744 2.23958031 3.20974345
1340 744 2.39349013 3.44708660
1350 744 2.54769812 3.68581216
1360 744 2.69962917 3.92068863
1370 744 2.83136600 4.12230561
1200 747 0.07700912 0.93389485
1210 747 0.22143172 1.05682212
1220 747 0.36447189 1.18004756
1230 747 0.51109011 1.31986208
1240 747 0.66161163 1.49789654
1250 747 0.81297345 1.67647313
1260 747 0.95880558 1.85624240
1270 747 1.08569038 2.04877876
1280 747 1.21257517 2.24131512
1290 747 1.33861967 2.43330935
1300 747 1.48385546 2.64720551
1310 747 1.63443119 2.86573685
1320 747 1.78446480 3.08510848
1330 747 1.93420025 3.30309770
1340 747 2.09982000 3.54442547
1350 747 2.26741853 3.78821993
1360 747 2.43447492 4.03285468
1370 747 2.58833053 4.26659268
1380 747 2.72033842 4.48623538
1390 747 2.85234631 4.70587808
1270 863 0.96186860 -0.61471766
1280 863 0.83330321 -0.43942093
1290 863 0.70443965 -0.26550663
1300 863 0.57641639 -0.09105021
1310 863 0.42462087 0.10734112
1320 863 0.27065684 0.30909363
1330 863 0.11639464 0.50946373
1340 863 -0.01133045 0.68530258
1350 863 -0.10078139 0.82395152
1360 863 -0.18969019 0.96176017
1370 863 -0.26729565 1.09496075
1380 863 -0.29895586 1.20306084
1390 863 -0.33061607 1.31116094
1400 863 -0.36227628 1.41926104
1410 863 -0.41857616 1.56739721
1420 863 -0.50144025 1.75670791
1430 863 -0.58376221 1.94517832
1440 863 -0.67389081 2.09410057
1450 863 -0.76968462 2.21675677
1460 863 -0.86631874 2.33887085
1290 750 -1.58883832 -1.89974808
1300 750 -1.42704056 -1.67278667
1310 750 -1.26386037 -1.44612343
1320 750 -1.10152048 -1.22000231
1330 750 -0.94292126 -0.98439397
1340 750 -0.79730599 -0.70837007
1350 750 -0.65198888 -0.43372860
1360 750 -0.50772892 -0.17404983
1370 750 -0.36598985 0.04711082
1380 750 -0.22563320 0.26856965
1390 750 -0.12989360 0.54811737
1400 750 -0.04751742 0.84284464
1410 750 0.05654383 1.14085178
1420 750 0.23959297 1.45292712
1430 750 0.42264211 1.76500245
1440 750 0.60243848 2.08211956
1450 750 0.74707793 2.44081781
1460 750 0.89087709 2.79897392
1470 750 1.03605866 3.15683187
1480 750 1.17020795 3.57421535
1290 844 -0.51870699 0.95894111
1300 844 -0.54589465 1.08777756
1310 844 -0.57338048 1.21523159
1320 844 -0.59688168 1.33097568
1330 844 -0.59021352 1.33170755
1340 844 -0.58216294 1.33214125
1350 844 -0.57411236 1.33257495
1360 844 -0.56744419 1.33330682
1370 844 -0.55939361 1.33374053
1380 844 -0.55134303 1.33417423
1390 844 -0.54383457 1.33544822
1400 844 -0.53662428 1.33533980
1410 844 -0.52857370 1.33577350
1420 844 -0.52052311 1.33620720
1430 844 -0.51301466 1.33748120
1440 844 -0.50580437 1.33737278
1450 844 -0.49775379 1.33780648
1460 844 -0.49024533 1.33908047
1470 844 -0.48303504 1.33897205
1480 844 -0.47498446 1.33940575
