3370 456 0.00000000 0.00000000
3380 456 0.00000000 0.55951497
3390 456 0.00056656 1.12032570
3400 456 0.00709543 1.63299653
3410 456 0.01840880 2.11424907
3420 456 0.02879101 2.59513701
3430 456 -0.01216589 2.88624271
3440 456 -0.05959626 3.15548305
3450 456 -0.03745923 3.38967518
3460 456 0.01448040 3.61083637
3470 456 0.07030732 3.83029788
3480 456 0.15990278 4.04579882
3490 456 0.24913364 4.26223092
3500 456 0.31255643 4.55554568
3510 456 0.35815306 4.89987249
3520 456 0.40374970 5.24419929
3530 456 0.44771456 5.64480519
3540 456 0.49171875 6.05079612
3550 456 0.53535833 6.45771821
3560 456 0.50129133 6.90401905
3300 448 -1.18716216 -0.04815599
3310 448 -0.98040094 0.39471509
3320 448 -0.77457088 0.83722157
3330 448 -0.62229971 1.24372186
3340 448 -0.47002853 1.65022216
3350 448 -0.33310458 2.06574813
3360 448 -0.25348026 2.51790404
3370 448 -0.17478710 2.96969535
3380 448 -0.12156064 3.41795860
3390 448 -0.12967303 3.85831322
3400 448 -0.13742081 4.29773667
3410 448 -0.19796968 4.75407299
3420 448 -0.27204277 5.21477916
3430 448 -0.38388964 5.66499053
3440 448 -0.55379394 6.09891279
3450 448 -0.72369824 6.53283505
3460 448 -0.92506015 6.95658779
3470 448 -1.14763686 7.37418163
3480 448 -1.37021357 7.79177546
3490 448 -1.60903470 8.24811356
3310 450 -0.33594454 0.22715031
3320 450 -0.19140328 0.61773682
3330 450 -0.04722662 1.00925450
3340 450 0.07029481 1.46336210
3350 450 0.18874741 1.91783430
3360 450 0.28391555 2.38788965
3370 450 0.34713280 2.88194792
3380 450 0.40978350 3.37471043
3390 450 0.44101054 3.88738662
3400 450 0.45818613 4.40852191
3410 450 0.39685802 4.91073189
3420 450 0.25702619 5.39401655
3430 450 0.11682976 5.87823237
3440 450 -0.05789300 6.31348972
3450 450 -0.23674434 6.74283480
3460 450 -0.44563955 7.17759886
3470 450 -0.68530785 7.61964423
3480 450 -0.92497615 8.06168960
3490 450 -1.14848938 8.50361700
3500 450 -1.36941108 8.94441129
3350 452 -1.13950303 -0.43866029
3360 452 -1.16366324 0.06736370
3370 452 -1.18689229 0.57375230
3380 452 -1.20092766 1.06763185
3390 452 -1.11954824 1.45496554
3400 452 -1.03853343 1.84323040
3410 452 -0.95751862 2.23149526
3420 452 -0.90222966 2.50444238
3430 452 -0.85531581 2.74940991
3440 452 -0.78718180 2.97583817
3450 452 -0.67478445 3.16053207
3460 452 -0.56145594 3.34559057
3470 452 -0.42923963 3.62503260
3480 452 -0.26830739 4.04781128
3490 452 -0.12381081 4.45771095
3500 452 -0.04521952 4.81925266
3510 452 0.03244060 5.18042977
3520 452 0.08386013 5.55925431
3530 452 0.09219414 5.96309158
3540 452 0.10182391 6.36636230
3380 460 -1.82940950 1.13405903
3390 460 -1.69415128 1.57578090
3400 460 -1.55982422 2.01713817
3410 460 -1.39342295 2.42594940
3420 460 -1.21394071 2.82055189
3430 460 -1.06153013 3.14441454
3440 460 -0.95132576 3.35939359
3450 460 -0.84075677 3.57344149
3460 460 -0.79569989 3.79298163
3470 460 -0.75882152 4.01146730
3480 460 -0.72101199 4.23031757
3490 460 -0.68320245 4.44916783
3500 460 -0.64575752 4.66894926
3510 460 -0.54163162 5.09418543
3520 460 -0.40881837 5.60797687
3530 460 -0.33276143 6.08021446
3540 460 -0.34406586 6.49032323
3550 460 -0.35537030 6.90043201
3560 460 -0.37729286 7.35685769
3570 460 -0.39937269 7.79174329
3410 465 -1.15627648 -0.01458406
3420 465 -0.72323177 0.46748883
3430 465 -0.29148282 0.95012829
3440 465 0.00013762 1.41763500
3450 465 0.27726336 1.88376194
3460 465 0.52507979 2.32874735
3470 465 0.74322230 2.75352240
3480 465 0.95493066 3.16181711
3490 465 1.10783989 3.42680913
3500 465 1.25981795 3.69143654
3510 465 1.41309177 3.95549739
3520 465 1.58008105 4.26681167
3530 465 1.74933658 4.58330902
3540 465 1.92251872 4.90349169
3550 465 2.13322800 5.25125540
3560 465 2.34357269 5.59995027
3570 465 2.55428198 5.94771398
3580 465 2.71195426 6.28008042
3590 465 2.84841173 6.60628796
3600 465 2.98486921 6.93249550
3530 467 -1.20306522 -0.08982244
3540 467 -0.91167355 0.49894822
3550 467 -0.62121305 1.08735429
3560 467 -0.34394612 1.64911584
3570 467 -0.08776530 2.17147720
3580 467 0.16934668 2.69420317
3590 467 0.42156692 3.18279599
3600 467 0.66711709 3.62259835
3610 467 0.91303187 4.06146954
3620 467 1.13542092 4.50831192
3630 467 1.34817305 4.95782447
3640 467 1.56185634 5.40770162
3650 467 1.73023253 5.85809529
3660 467 1.88840524 6.30986336
3670 467 2.04601139 6.76033567
3680 467 2.23836728 7.16320067
3690 467 2.56782049 7.36952223
3700 467 2.89727369 7.57584379
3710 467 3.22579574 7.78180075
3720 467 3.51042440 8.00386272
