50 118 0.00000000 0.00000000
60 118 -0.00000000 0.24915858
70 118 0.00089903 0.49722549
80 118 -0.00693534 0.70695537
90 118 -0.01682463 0.90583273
100 118 -0.02661759 1.10570543
110 118 -0.05358836 1.26303495
120 118 -0.08303146 1.41558037
130 118 -0.16705826 1.55431932
140 118 -0.30566878 1.67925180
150 118 -0.44527464 1.80428060
160 118 -0.56484508 1.94947327
170 118 -0.67748017 2.10404150
180 118 -0.78911991 2.25851340
190 118 -0.77820317 2.45437259
200 118 -0.71350542 2.66612528
210 118 -0.64970669 2.87896964
220 118 -0.58728862 3.11907375
230 118 -0.52946199 3.42593053
240 118 -0.47173169 3.73179196
0 45 -0.27584039 2.06014977
10 45 -0.37113712 2.11357759
20 45 -0.46752553 2.16610639
30 45 -0.56291859 2.21853886
40 45 -0.65821533 2.27196668
50 45 -0.75450742 2.35663564
60 45 -0.84986837 2.46130794
70 45 -0.94513300 2.56697558
80 45 -1.04049395 2.67164787
90 45 -1.15951855 2.77057282
100 45 -1.29405134 2.86497053
110 45 -1.42957948 2.95946456
120 45 -1.56411228 3.05386227
130 45 -1.69864507 3.14825998
140 45 -1.77002130 3.25161585
150 45 -1.79862958 3.36087959
160 45 -1.82733419 3.46914799
170 45 -1.85594248 3.57841173
180 45 -1.87591369 3.69387233
190 45 -1.87633110 3.82452005
0 52 -0.48968010 2.24862411
10 52 -0.57059242 2.34687479
20 52 -0.65060572 2.44403380
30 52 -0.73052269 2.54218815
40 52 -0.81153134 2.63944348
50 52 -0.92692773 2.72395191
60 52 -1.04132876 2.80836401
70 52 -1.15672515 2.89287244
80 52 -1.27016294 2.98723804
90 52 -1.37926615 3.09524957
100 52 -1.48846568 3.20226575
110 52 -1.59856423 3.31037360
120 52 -1.65953745 3.42779280
130 52 -1.69912669 3.54816593
140 52 -1.73961496 3.66963074
150 52 -1.77910788 3.79099923
160 52 -1.81233973 3.91477582
170 52 -1.81763756 4.04690051
180 52 -1.82283906 4.18002054
190 52 -1.82804057 4.31314058
0 109 -0.36985280 3.26882577
10 109 -0.30422392 3.12684391
20 109 -0.23849871 2.98585739
30 109 -0.17277350 2.84487088
40 109 -0.14785764 2.77012330
50 109 -0.13225312 2.71335625
60 109 -0.11674492 2.65559384
70 109 -0.10024138 2.59773510
80 109 -0.08463686 2.54096804
90 109 -0.06912866 2.48320564
100 109 0.01043512 2.37102006
110 109 0.10666299 2.24416109
120 109 0.20298719 2.11829748
130 109 0.29831603 1.99253019
140 109 0.43849984 1.87347348
150 109 0.59817325 1.75855872
160 109 0.75685131 1.64374028
170 109 0.91662104 1.52982086
180 109 1.09398599 1.39008656
190 109 1.28393730 1.23506883
0 110 -1.19647493 3.46837739
10 110 -1.10384317 3.40817477
20 110 -1.01121140 3.34797215
30 110 -0.90666754 3.26551864
40 110 -0.75258093 3.09287357
50 110 -0.59830168 2.92221921
60 110 -0.49597328 2.78572782
70 110 -0.42735834 2.67460181
80 110 -0.35874341 2.56347580
90 110 -0.29128437 2.44040558
100 110 -0.22527018 2.30240512
110 110 -0.15925600 2.16440466
120 110 -0.09324182 2.02640420
130 110 0.01152680 1.90474674
140 110 0.17502106 1.80855097
150 110 0.33861165 1.71335056
160 110 0.49982625 1.61436140
170 110 0.62999234 1.48522276
180 110 0.76015844 1.35608412
190 110 0.89032453 1.22694549
0 111 -1.61070108 3.34068362
10 111 -1.49350664 3.37857113
20 111 -1.37531685 3.41636233
30 111 -1.25812242 3.45424984
40 111 -1.14147382 3.47611544
50 111 -1.03959493 3.35574230
60 111 -0.93771604 3.23536917
70 111 -0.83593347 3.11400068
80 111 -0.74282008 2.99648516
90 111 -0.69112610 2.88699666
100 111 -0.63834044 2.77840718
110 111 -0.58655013 2.66991403
120 111 -0.51803152 2.55779267
130 111 -0.43387628 2.44114407
140 111 -0.35062007 2.32558714
150 111 -0.26636851 2.20993389
160 111 -0.18600202 2.09566129
170 111 -0.11032331 1.98485636
180 111 -0.03464460 1.87405143
190 111 0.04103411 1.76324649
0 113 -2.47431170 3.37603460
10 113 -2.28452093 3.42699010
20 113 -2.09562918 3.47903727
30 113 -1.90683376 3.53008909
40 113 -1.77451643 3.53737762
50 113 -1.64865281 3.54026735
60 113 -1.52278920 3.54315708
70 113 -1.38562354 3.46558399
80 113 -1.24287109 3.35230674
90 113 -1.10111398 3.23912581
100 113 -1.02004112 3.12177083
110 113 -0.95409115 3.00387002
120 113 -0.88724216 2.88487753
130 113 -0.81153134 2.76402277
140 113 -0.73283447 2.64287904
150 113 -0.65323858 2.52064364
160 113 -0.57463804 2.39850456
170 113 -0.49953727 2.28172753
180 113 -0.42722991 2.16723017
190 113 -0.35492255 2.05273281
20 116 1.15187683 0.05731290
30 116 1.02639851 0.21412869
40 116 0.90002117 0.37203615
50 116 0.77463918 0.52984729
60 116 0.62328176 0.72031233
70 116 0.46832824 0.91514407
80 116 0.30772369 1.10348998
90 116 0.09439771 1.22460160
100 116 -0.11892827 1.34571322
110 116 -0.33324961 1.46692116
120 116 -0.60523702 1.51132662
130 116 -0.87712812 1.55672742
140 116 -1.10820986 1.59817893
150 116 -1.27520391 1.63744710
160 116 -1.44428498 1.67591256
170 116 -1.58800068 1.71694667
180 116 -1.63471791 1.76366390
190 116 -1.68243050 1.81047746
200 116 -1.72905141 1.85819004
210 116 -1.77576864 1.90490728
170 120 -0.02343889 0.11077282
180 120 -0.01862268 0.31626444
190 120 -0.01380647 0.52175606
200 120 -0.02485164 0.70868921
210 120 -0.06058792 0.86887635
220 120 -0.09632419 1.02906348
230 120 -0.15758638 1.20578627
240 120 -0.24456713 1.39705401
250 120 -0.33154788 1.58832176
260 120 -0.41852863 1.77958950
270 120 -0.48907005 1.96424298
280 120 -0.55392834 2.14533247
290 120 -0.62880434 2.31634002
300 120 -0.80488497 2.39667440
310 120 -0.98106192 2.47601343
320 120 -1.04457168 2.51531370
330 120 -1.08088590 2.54494944
340 120 -1.11729644 2.57358984
350 120 -1.15361067 2.60322558
360 120 -1.18992489 2.63286133
200 86 -1.12821319 3.81039250
210 86 -1.12291536 3.77170228
220 86 -1.12400703 3.73965843
230 86 -1.12509870 3.70761458
240 86 -1.12619038 3.67557074
250 86 -1.12628670 3.64343056
260 86 -1.12737838 3.61138671
270 86 -1.12847005 3.57934286
280 86 -1.12956173 3.54729902
290 86 -1.13065340 3.51525517
300 86 -1.12615827 3.47865197
310 86 -1.07558807 3.40945909
320 86 -1.02511419 3.33927086
330 86 -0.97454399 3.27007798
340 86 -0.92390957 3.18078545
350 86 -0.87000013 3.06304518
360 86 -0.81708604 2.94540123
370 86 -0.76317660 2.82766096
380 86 -0.71026250 2.71001701
390 86 -0.67471888 2.57898399
200 90 -2.15599235 3.46779945
210 90 -2.04602222 3.43103571
220 90 -1.91752575 3.38846042
230 90 -1.79002462 3.34598145
240 90 -1.66152815 3.30340615
250 90 -1.52535784 3.22592939
260 90 -1.38816008 3.13830648
270 90 -1.24348114 3.04493623
280 90 -1.07314785 2.92597585
290 90 -0.90390624 2.80611644
300 90 -0.77290534 2.72713060
310 90 -0.69761193 2.70577874
320 90 -0.62321754 2.68551855
330 90 -0.54882315 2.66525836
340 90 -0.51472439 2.61272957
350 90 -0.48955167 2.55101787
360 90 -0.46428262 2.49030152
370 90 -0.43901357 2.42958517
380 90 -0.41689112 2.32597244
390 90 -0.39550714 2.20434709
200 92 -1.96318342 3.63299544
210 92 -1.90503571 3.62134021
220 92 -1.84688800 3.60968499
230 92 -1.78764862 3.59892878
240 92 -1.66544533 3.53285039
250 92 -1.52747697 3.45319028
260 92 -1.38950862 3.37353017
270 92 -1.18777365 3.26760566
280 92 -0.97926387 3.15901619
290 92 -0.79329396 3.06667339
300 92 -0.70307030 3.04387667
310 92 -0.61185129 3.02098362
320 92 -0.52063227 2.99809057
330 92 -0.45185680 2.93014990
340 92 -0.38931029 2.84975130
350 92 -0.32666745 2.77034806
360 92 -0.26412094 2.68994947
370 92 -0.20635853 2.61202319
380 92 -0.15058682 2.53428957
390 92 -0.09381977 2.45645962
220 117 -1.75014640 1.92051180
230 117 -1.69174183 1.92189244
240 117 -1.63423629 1.92436476
250 117 -1.57682707 1.92584174
260 117 -1.51842250 1.92722238
270 117 -1.46101328 1.92869935
280 117 -1.41256221 1.93104324
290 117 -1.45478431 1.94115728
300 117 -1.49700642 1.95127132
310 117 -1.53922853 1.96138536
320 117 -1.58045528 1.97140308
330 117 -1.62277371 1.98052177
340 117 -1.66499582 1.99063581
350 117 -1.70721792 2.00074985
360 117 -1.74844468 2.01076757
370 117 -1.79066678 2.02088161
380 117 -1.83298521 2.03000030
390 117 -1.87520732 2.04011434
400 117 -1.91742942 2.05022838
410 117 -2.00161677 2.02120269
