400 140 0.00000000 0.00000000
410 140 -0.00000000 0.23552919
420 140 -0.04857572 0.45744224
430 140 -0.20740953 0.64908727
440 140 -0.36542392 0.84015913
450 140 -0.57117761 0.96821544
460 140 -0.84669760 1.00351043
470 140 -1.12139815 1.03823224
480 140 -1.41655902 1.01404416
490 140 -1.71171988 0.98985607
500 140 -2.01082506 1.00015628
510 140 -2.31108508 1.03323074
520 140 -2.62896924 1.09693834
530 140 -2.98882273 1.23149491
540 140 -3.34810303 1.36687091
550 140 -3.71090307 1.49372567
560 140 -4.08213519 1.60329171
570 140 -4.45279413 1.71367718
580 140 -4.82402624 1.82324321
590 140 -5.13701080 1.93233797
230 124 -0.78597052 0.94028684
240 124 -1.00058935 1.11847707
250 124 -1.21602761 1.29724047
260 124 -1.40696360 1.45520391
270 124 -1.58183789 1.59949176
280 124 -1.75671218 1.74377960
290 124 -1.93240590 1.88864063
300 124 -2.10704243 2.05594898
310 124 -2.28184879 2.24046114
320 124 -2.45722832 2.42415387
330 124 -2.62417578 2.62513532
340 124 -2.77245889 2.86675718
350 124 -2.92131517 3.10755960
360 124 -3.07017145 3.34836202
370 124 -3.12523469 3.61508480
380 124 -3.16940332 3.88517022
390 124 -3.21496455 4.15500938
400 124 -3.16097124 4.37351733
410 124 -3.04282028 4.55813139
420 124 -2.91540932 4.73504789
230 126 -0.26004845 0.77621376
240 126 -0.38759951 1.00211357
250 126 -0.51457740 1.22883282
260 126 -0.71723169 1.39621334
270 126 -0.97041899 1.52449893
280 126 -1.22221368 1.65303077
290 126 -1.44230105 1.77280785
300 126 -1.64059494 1.88710366
310 126 -1.83888883 2.00139947
320 126 -2.03718273 2.11569529
330 126 -2.22898485 2.40850400
340 126 -2.42136016 2.70049329
350 126 -2.61316229 2.99330200
360 126 -2.76572512 3.29161322
370 126 -2.87986808 3.59600012
380 126 -2.94508717 3.85518243
390 126 -2.89672374 4.00806794
400 126 -2.84917974 4.16152662
410 126 -2.80163574 4.31498531
420 126 -2.70001352 4.44282084
300 166 2.60188555 -1.89807470
310 166 2.18395434 -1.78025067
320 166 1.76520370 -1.66185345
330 166 1.33389835 -1.48463975
340 166 0.90136173 -1.30046300
350 166 0.46366227 -1.11145459
360 166 0.00711165 -0.89705653
370 166 -0.45083159 -0.68290473
380 166 -0.77251995 -0.28093758
390 166 -1.09420832 0.12102958
400 166 -1.42441792 0.52651648
410 166 -1.75905160 0.93265722
420 166 -2.16985842 1.29445101
430 166 -2.65683840 1.61189786
440 166 -3.14439155 1.92852528
450 166 -3.60116721 2.31881236
460 166 -4.05851604 2.70828001
470 166 -4.44485880 3.15913283
480 166 -4.76019551 3.67137082
490 166 -4.88649408 4.06480400
340 136 -1.20540048 -0.05014665
350 136 -1.39991565 0.27018732
360 136 -1.59500399 0.58970185
370 136 -1.78664053 0.87751331
380 136 -1.97244340 1.11609095
390 136 -2.15849253 1.35606121
400 136 -2.34945400 1.58726397
410 136 -2.56408132 1.78986731
420 136 -2.77788921 1.99189747
430 136 -2.99308971 2.19368137
440 136 -3.21968158 2.40709441
450 136 -3.47815061 2.64646601
460 136 -3.73719281 2.88501818
470 136 -3.99566183 3.12438979
480 136 -4.13118219 3.41566154
490 136 -4.23672324 3.72013335
500 136 -4.34251056 4.02599777
510 136 -4.42871219 4.31450129
520 136 -4.51188234 4.60210471
530 136 -4.57841762 4.87685197
390 148 -0.78543980 1.29870102
400 148 -1.02630166 1.32073650
410 148 -1.26740978 1.34416459
420 148 -1.39933822 1.43644615
430 148 -1.53208610 1.52930088
440 148 -1.66401454 1.62158244
450 148 -1.82805790 1.71680206
460 148 -1.99185501 1.81062907
470 148 -2.15557145 1.90806073
480 148 -2.31380661 2.02728586
490 148 -2.47204177 2.14651100
500 148 -2.63027694 2.26573614
510 148 -2.87920150 2.38615858
520 148 -3.16695776 2.50689520
530 148 -3.45471402 2.62763183
540 148 -3.75378948 2.78801535
550 148 -4.05680075 2.95847405
560 148 -4.35981202 3.12893275
570 148 -4.58955424 3.21397104
580 148 -4.81954272 3.30040194
400 152 -0.38472514 0.98179762
410 152 -0.58384270 1.10887317
420 152 -0.79040309 1.20088299
430 152 -1.02313008 1.15254928
440 152 -1.25643025 1.10339614
450 152 -1.50105385 1.10609644
460 152 -1.74510428 1.10961617
470 152 -1.97541119 1.16942192
480 152 -2.18354675 1.31500897
490 152 -2.39250174 1.46116920
500 152 -2.60130388 1.63895183
510 152 -2.81216522 1.84868380
520 152 -3.02302655 2.05841576
530 152 -3.27662569 2.19309121
540 152 -3.54676206 2.29540125
550 152 -3.81829104 2.39746503
560 152 -4.06237543 2.49863720
570 152 -4.29564588 2.59956737
580 152 -4.52834315 2.70131696
590 152 -4.76775721 2.80044268
