3260 876 0.00000000 0.00000000
3270 876 0.00000000 0.18707218
3280 876 -0.02520952 0.30783840
3290 876 -0.06610283 0.38235509
3300 876 -0.10699613 0.45687178
3310 876 -0.14788944 0.53138848
3320 876 -0.20515076 0.67106718
3330 876 -0.28803856 0.90732893
3340 876 -0.36951513 1.15349060
3350 876 -0.43707194 1.48029494
3360 876 -0.50598652 1.80749485
3370 876 -0.54786340 2.14154773
3380 876 -0.54994816 2.48831228
3390 876 -0.55290958 2.83459574
3400 876 -0.56573885 3.16976049
3410 876 -0.58883155 3.49244877
3420 876 -0.61152867 3.81649482
3430 876 -0.65925356 4.12794679
3440 876 -0.72985733 4.42912466
3450 876 -0.80085666 4.72894477
3130 886 0.04264664 0.48766204
3140 886 0.13600098 0.52748624
3150 886 0.23071309 0.56691487
3160 886 0.29869754 0.60308273
3170 886 0.26559802 0.62598298
3180 886 0.23249850 0.64888323
3190 886 0.19891787 0.67266015
3200 886 0.16581835 0.69556040
3210 886 0.13359549 0.71894175
3220 886 0.09961930 0.74136091
3230 886 0.06603868 0.76513783
3240 886 0.03381582 0.78851918
3250 886 0.00071630 0.81141943
3260 886 0.00958988 0.74328530
3270 886 0.02415111 0.66686560
3280 886 0.03831676 0.58908813
3290 886 0.05200132 0.51218733
3300 886 0.06127047 0.44541097
3310 886 0.03356993 0.47925887
3320 886 0.00635049 0.51223010
3320 881 -0.06511925 0.12281890
3330 881 -0.07181185 0.18074307
3340 881 -0.14656375 0.35645065
3350 881 -0.25097265 0.58204272
3360 881 -0.35538155 0.80763479
3370 881 -0.40297815 1.16250317
3380 881 -0.44438463 1.53103472
3390 881 -0.48163228 1.89614513
3400 881 -0.50767570 2.24915326
3410 881 -0.53284246 2.60264249
3420 881 -0.55888588 2.95565062
3430 881 -0.65745746 3.33273502
3440 881 -0.77328441 3.71631958
3450 881 -0.88998803 4.09942305
3460 881 -1.05825463 4.39149213
3470 881 -1.23192022 4.67261357
3480 881 -1.40374695 4.95246277
3490 881 -1.54663297 5.21283286
3500 881 -1.69000010 5.47407962
3510 881 -1.81741616 5.73951727
3330 887 -0.02174562 0.54472023
3340 887 -0.04944616 0.57856813
3350 887 -0.07666560 0.61153936
3360 887 -0.10524280 0.64490616
3370 887 -0.13246224 0.67787739
3380 887 -0.16016278 0.71172529
3390 887 -0.18825889 0.74421542
3400 887 -0.21595942 0.77806332
3410 887 -0.24317886 0.81103455
3420 887 -0.26740481 0.95287285
3430 887 -0.28847689 1.14092861
3440 887 -0.31042564 1.32850326
3450 887 -0.33651182 1.54232448
3460 887 -0.36526009 1.76723232
3470 887 -0.40314920 1.91526074
3480 887 -0.45630516 1.94768673
3490 887 -0.50946111 1.98011272
3500 887 -0.56174040 2.01301980
3510 887 -0.58513244 2.01615228
3520 887 -0.57884609 1.99222569
