2520 618 0.00000000 0.00000000
2530 618 -0.00000000 0.40867836
2540 618 -0.00009054 0.81835261
2550 618 0.00344036 1.22132721
2560 618 0.01656804 1.59605467
2570 618 0.03069162 1.97087266
2580 618 0.02390144 2.31065331
2590 618 -0.06591002 2.51435874
2600 618 -0.15463505 2.71715881
2610 618 -0.25159884 2.87804083
2620 618 -0.35680138 2.99700480
2630 618 -0.46200391 3.11596877
2640 618 -0.56258913 3.33877724
2650 618 -0.66127309 3.60694412
2660 618 -0.75995705 3.87511100
2670 618 -0.88869888 4.18673504
2680 618 -1.02441197 4.50877069
2690 618 -1.16012505 4.83080634
2700 618 -1.29683403 5.15275145
2710 618 -1.43725497 5.47134674
2340 407 -3.12701413 -0.38468638
2350 407 -2.76179293 0.07125163
2360 407 -2.39756763 0.52709911
2370 407 -2.09065145 0.93957997
2380 407 -1.79885474 1.34164922
2390 407 -1.51303339 1.74317525
2400 407 -1.27800259 2.14008396
2410 407 -1.04387715 2.53590625
2420 407 -0.80884636 2.93281496
2430 407 -0.50075321 3.27712240
2440 407 -0.19275060 3.62242573
2450 407 0.05395930 3.85772814
2460 407 0.25911331 4.01996820
2470 407 0.46254713 4.19008486
2480 407 0.64108362 4.42421030
2490 407 0.81952957 4.65933163
2500 407 1.00159696 4.89879868
2510 407 1.21453703 5.18525378
2520 407 1.42412729 5.45333013
2530 407 1.61914128 5.64979270
2520 616 -0.31533600 0.02254340
2530 616 -0.31578868 0.40306514
2540 616 -0.31624136 0.78358688
2550 616 -0.31669404 1.16410862
2560 616 -0.29668564 1.49628427
2570 616 -0.27513813 1.82257510
2580 616 -0.26191991 2.13003450
2590 616 -0.31823315 2.26348419
2600 616 -0.37554227 2.39684334
2610 616 -0.43285140 2.53020249
2620 616 -0.57970038 2.67650826
2630 616 -0.73668937 2.82390045
2640 616 -0.89376888 2.97228854
2650 616 -1.03428036 3.21456220
2660 616 -1.17280005 3.46806229
2670 616 -1.30543492 3.74519221
2680 616 -1.41326300 4.11394430
2690 616 -1.52118161 4.48369229
2700 616 -1.63752004 4.84665009
2710 616 -1.77178455 5.19693289
2610 580 -0.32149243 1.63661468
2620 580 -0.46390516 1.78934848
2630 580 -0.55281127 1.89473209
2640 580 -0.62750326 1.98735016
2650 580 -0.70219525 2.07996823
2660 580 -0.76529866 2.15556558
2670 580 -0.77752099 2.15746683
2680 580 -0.78974331 2.15936808
2690 580 -0.80196564 2.16126933
2700 580 -0.81427850 2.16416647
2710 580 -0.82650083 2.16606772
2720 580 -0.83971904 2.16787844
2730 580 -0.85203191 2.17077558
2740 580 -0.86425423 2.17267683
2750 580 -0.87647656 2.17457808
2760 580 -0.88878942 2.17747523
2770 580 -0.90101174 2.17937648
2780 580 -0.91422996 2.18118719
2790 580 -0.92654282 2.18408434
2800 580 -0.93876515 2.18598559
2660 629 1.66341326 0.09298021
2670 629 1.48686856 0.49966678
2680 629 1.31032385 0.90635335
2690 629 1.14817433 1.30932796
2700 629 0.99109481 1.71175935
2710 629 0.83501119 2.11428128
2720 629 0.66969291 2.50793070
2730 629 0.48617696 2.88084744
2740 629 0.30266100 3.25376418
2750 629 0.12285701 3.63003074
2760 629 -0.02580269 4.03925231
2770 629 -0.17545828 4.44838335
2780 629 -0.32837315 4.86023045
2790 629 -0.51723072 5.30295025
2800 629 -0.70599775 5.74467416
2810 629 -0.89331621 6.19255449
2820 629 -1.07456877 6.66207287
2830 629 -1.25491598 7.13267768
2840 629 -1.43526318 7.60328249
2850 629 -1.62611253 8.06791194
2660 630 1.38302406 -0.09216539
2670 630 1.23056186 0.27052081
2680 630 1.07701323 0.63411237
2690 630 0.92446050 0.99779446
2700 630 0.74402276 1.38103227
2710 630 0.56349448 1.76526598
2720 630 0.38341888 2.15556558
2730 630 0.20062721 2.57574197
2740 630 0.01874090 2.99700480
2750 630 -0.15680791 3.41482727
2760 630 -0.30546761 3.82404884
2770 630 -0.45403677 4.23227452
2780 630 -0.61310807 4.64557020
2790 630 -0.80848421 5.07163142
2800 630 -1.00395089 5.49868854
2810 630 -1.18583720 5.94204208
2820 630 -1.33413475 6.42459761
2830 630 -1.48252284 6.90814903
2840 630 -1.66495237 7.33538722
2850 630 -1.84738190 7.76262540
2710 634 0.70509239 0.09723539
2720 634 0.69151203 0.48961731
2730 634 0.67485345 0.87167816
2740 634 0.65131416 1.23001865
2750 634 0.62786540 1.58736324
2760 634 0.59798860 1.94914408
2770 634 0.56503359 2.31164920
2780 634 0.53198804 2.67515022
2790 634 0.51686857 2.99609944
2800 634 0.51333768 3.28898258
2810 634 0.50980679 3.58186572
2820 634 0.47277767 3.84559635
2830 634 0.40234086 4.07917857
2840 634 0.33081762 4.31366616
2850 634 0.16821542 4.54489445
2860 634 -0.05758073 4.77539846
2870 634 -0.28229046 5.00499711
2880 634 -0.51723072 5.34713170
2890 634 -0.75425330 5.70112646
2900 634 -0.99697964 6.05159034
2710 635 0.22896490 -0.03340769
2720 635 0.19736793 0.42461265
2730 635 0.16676684 0.88272352
2740 635 0.12466772 1.27954170
2750 635 0.08021467 1.66911701
2760 635 0.03675751 2.05878287
2770 635 0.03657644 2.32586332
2780 635 0.03630483 2.59393966
2790 635 0.03612376 2.86102011
2800 635 -0.04544894 3.09559823
2810 635 -0.12593522 3.32927099
2820 635 -0.22253686 3.55244160
2830 635 -0.37843942 3.73206452
2840 635 -0.53434197 3.91168744
2850 635 -0.71360275 4.11629823
2860 635 -0.89947264 4.32733705
2870 635 -1.08814913 4.53611248
2880 635 -1.29013438 4.73664916
2890 635 -1.49320606 4.93809120
2900 635 -1.65607987 5.16126181
2710 637 0.39301567 -0.22534347
2720 637 0.40460425 0.17735953
2730 637 0.41619282 0.58006252
2740 637 0.42090068 0.93695444
2750 637 0.42225872 1.26442223
2760 637 0.42361676 1.59189002
2770 637 0.40288407 1.94144854
2780 637 0.36006066 2.31309778
2790 637 0.31723725 2.68474701
2800 637 0.26210098 3.03720267
2810 637 0.20452025 3.38341137
2820 637 0.13571308 3.72056648
2830 637 -0.02190965 3.96329282
2840 637 -0.17853649 4.20610969
2850 637 -0.39455478 4.41742012
2860 637 -0.62261433 4.62864002
2870 637 -0.83709351 4.92242851
2880 637 -1.05048626 5.21531165
2890 637 -1.27148402 5.50348693
2900 637 -1.49338713 5.79057578
