2230 779 0.00000000 0.00000000
2240 779 0.00000000 0.25469982
2250 779 -0.00122497 0.50869293
2260 779 -0.00122497 0.76339276
2270 779 0.05340404 1.02103722
2280 779 0.10732634 1.27990666
2290 779 0.15795064 1.53034264
2300 779 0.17917562 1.72136751
2310 779 0.20014148 1.91142653
2320 779 0.23043597 2.09380593
2330 779 0.29656087 2.24379425
2340 779 0.36391074 2.39448929
2350 779 0.39427589 2.49609125
2360 779 0.40876353 2.57710426
2370 779 0.42325118 2.65811727
2380 779 0.39554798 2.78254610
2390 779 0.32398138 2.95187484
2400 779 0.25241478 3.12120358
2410 779 0.14407548 3.29625670
2420 779 0.01879860 3.47378333
2050 396 1.82271033 4.07694040
2060 396 1.65432388 3.94714055
2070 396 1.48567830 3.81637485
2080 396 1.40014231 3.73682238
2090 396 1.32414697 3.66195778
2100 396 1.24815163 3.58709318
2110 396 1.17215629 3.51222858
2120 396 1.11670278 3.51778807
2130 396 1.06099014 3.52238171
2140 396 1.00457078 3.52820033
2150 396 0.94911727 3.53375981
2160 396 0.89243878 3.53861258
2170 396 0.83698527 3.54417207
2180 396 0.78127263 3.54876571
2190 396 0.67123721 3.62487884
2200 396 0.48148443 3.80520876
2210 396 0.28735002 3.98464352
2220 396 0.08541820 4.16202880
2230 396 -0.11528865 4.34012080
2240 396 -0.31625464 4.51724695
2080 567 0.15637231 2.31557287
2090 567 0.17243828 2.29055518
2100 567 0.18753841 2.26579662
2110 567 0.20263854 2.24103807
2120 567 0.21870451 2.21602038
2130 567 0.23380464 2.19126183
2140 567 0.24890477 2.16650327
2150 567 0.26400489 2.14174471
2160 567 0.30767984 2.10000146
2170 567 0.46301563 1.99206263
2180 567 0.61835143 1.88412380
2190 567 0.89748001 1.80923565
2200 567 1.26018933 1.75644409
2210 567 1.62779854 1.66402942
2220 567 2.00355852 1.50937678
2230 567 2.37602049 1.34629069
2240 567 2.73168623 1.10902315
2250 567 3.08709284 0.87078977
2260 567 3.40292344 0.65870481
2270 567 3.67962564 0.47057748
2090 387 2.23293441 0.95189701
2100 387 2.01347607 1.16815158
2110 387 1.78143822 1.37225066
2120 387 1.43083727 1.46631433
2130 387 1.10197956 1.54108470
2140 387 0.82329857 1.57133207
2150 387 0.55093089 1.60195635
2160 387 0.34551261 1.64671492
2170 387 0.13886935 1.69076678
2180 387 0.01910484 1.68044875
2190 387 -0.09055366 1.66534862
2200 387 -0.20021215 1.65024849
2210 387 -0.29137829 1.63846992
2220 387 -0.37062452 1.62867015
2230 387 -0.44890491 1.61861125
2240 387 -0.52815113 1.60881148
2250 387 -0.56789203 1.61119075
2260 387 -0.58108403 1.61990690
2270 387 -0.59498274 1.62984801
2280 387 -0.60791562 1.63952999
2160 778 -0.14247360 0.00923440
2170 778 -0.20624278 0.26551255
2180 778 -0.26904612 0.52153157
2190 778 -0.33255618 0.77877557
2200 778 -0.21441711 0.94897592
2210 778 -0.07703186 1.10987121
2220 778 0.06035340 1.27076649
2230 778 0.15422861 1.45472421
2240 778 0.24282702 1.64216839
2250 778 0.33116631 1.82864673
2260 778 0.38739721 1.99578466
2270 778 0.41126059 2.14261633
2280 778 0.43486485 2.28848215
2290 778 0.45872823 2.43531382
2300 778 0.48254450 2.55109718
2310 778 0.50683192 2.59531393
2320 778 0.53234430 2.64023740
2330 778 0.55663172 2.68445416
2340 778 0.58188497 2.72841179
2350 778 0.60617239 2.77262854
2210 578 -0.14171977 3.13790559
2220 578 -0.13540645 3.13828251
2230 578 -0.12786817 3.13936614
2240 578 -0.12032988 3.14044976
2250 578 -0.11375744 3.14179252
2260 578 -0.10647828 3.14191031
2270 578 -0.09894000 3.14299394
2280 578 -0.09262668 3.14337085
2290 578 -0.08508840 3.14445448
2300 578 -0.07755011 3.14553811
2310 578 -0.07097767 3.14688086
2320 578 -0.06369851 3.14699865
2330 578 -0.05616023 3.14808228
2340 578 -0.04958778 3.14942504
2350 578 -0.04230863 3.14954282
2360 578 -0.03477034 3.15062645
2370 578 -0.02819790 3.15196921
2380 578 -0.02091874 3.15208699
2390 578 -0.01338046 3.15317062
2400 578 -0.00680801 3.15451338
2340 608 -0.75439393 2.57545526
2350 608 -0.58563056 2.48669195
2360 608 -0.41783303 2.39818776
2370 608 -0.24906967 2.30942445
2380 608 -0.07396943 2.23656221
2390 608 0.10746768 2.17960104
2400 608 0.28916392 2.12360571
2410 608 0.41783303 2.05905914
2420 608 0.46532423 1.98523106
2430 608 0.51352215 1.91017800
2440 608 0.49283898 1.86395889
2450 608 0.19559495 1.92921217
2460 608 -0.09778570 2.03587892
2470 608 -0.38501793 2.20405335
2480 608 -0.60075424 2.32612647
2490 608 -0.74306294 2.40157999
2500 608 -0.78556003 2.41298165
2510 608 -0.72753879 2.35910647
2520 608 -0.66925841 2.30619712
2530 608 -0.61123717 2.25232194
2370 612 -0.46518289 2.22556103
2380 612 -0.36958801 2.05703323
2390 612 -0.27425225 1.88753959
2400 612 -0.17865737 1.71901179
2410 612 -0.23550075 1.48784556
2420 612 -0.35705561 1.23159096
2430 612 -0.47886959 0.97437052
2440 612 -0.48325122 0.76122550
2450 612 -0.45759749 0.55969415
2460 612 -0.43290961 0.35842192
2470 612 -0.41281536 0.27123694
2480 612 -0.39853973 0.29743248
2490 612 -0.38426411 0.32362802
2500 612 -0.37095432 0.35008269
2510 612 -0.35667869 0.37627824
2520 612 -0.34240306 0.40247378
2530 612 -0.32909328 0.42892845
2540 612 -0.31481765 0.45512399
2550 612 -0.30054202 0.48131953
2560 612 -0.28626639 0.50751508
2410 579 0.00047114 3.15463116
2420 579 0.00800943 3.15571479
2430 579 0.01554771 3.15679842
2440 579 0.02186103 3.15717533
2450 579 0.02939931 3.15825896
2460 579 0.03693760 3.15934259
2470 579 0.04325091 3.15971951
2480 579 0.05078920 3.16080313
2490 579 0.05832748 3.16188676
2500 579 0.06464080 3.16226368
2510 579 0.07217908 3.16334731
2520 579 0.14002365 3.21554993
2530 579 0.29797429 3.34504355
2540 579 0.44864578 3.47441937
2550 579 0.54179072 3.60162794
2560 579 0.63493566 3.72883651
2570 579 0.77995343 3.82556214
2580 579 0.97780987 3.89154569
2590 579 1.17566630 3.95752925
2600 579 1.37076656 4.03253519
