470 500 0.00000000 0.00000000
480 500 0.00000000 0.17890780
490 500 -0.00000000 0.35781559
500 500 0.00254880 0.48170064
510 500 0.00764640 0.55056292
520 500 0.01264338 0.62042014
530 500 0.01774098 0.68928242
540 500 0.02099405 0.80620298
550 500 0.02240260 0.97118182
560 500 0.02281622 1.13606004
570 500 0.01908246 1.27237607
580 500 0.01296757 1.40242071
590 500 0.00685269 1.53246535
600 500 -0.00144208 1.65424875
610 500 -0.01230802 1.76170074
620 500 -0.02317395 1.86915274
630 500 -0.03403988 1.97660474
640 500 -0.00448276 2.15146576
650 500 0.02934472 2.33379431
660 500 0.06327282 2.51512794
310 168 0.42599597 -0.01823286
320 168 0.21592128 0.18064053
330 168 0.00684151 0.37961453
340 168 -0.17259169 0.58359670
350 168 -0.32038850 0.79278825
360 168 -0.46918022 1.00187919
370 168 -0.62264475 1.20748231
380 168 -0.82861676 1.38566347
390 168 -1.03349324 1.56295032
400 168 -1.23936465 1.74013656
410 168 -1.41013418 1.93795913
420 168 -1.57812015 2.13807338
430 168 -1.74610612 2.33818764
440 168 -1.91409209 2.53830189
450 168 -2.00592710 2.71093830
460 168 -2.09786273 2.88456963
470 168 -2.18970892 3.06725591
480 168 -2.27339448 3.33821113
490 168 -2.35718066 3.61016126
500 168 -2.44086622 3.88111647
320 170 -0.11534433 -0.07197003
330 170 -0.28514129 0.05659899
340 170 -0.45493825 0.18516801
350 170 -0.63159908 0.31203782
360 170 -0.85740254 0.42790757
370 170 -1.08420093 0.54367669
380 170 -1.29918317 0.68174781
390 170 -1.46858887 0.90584090
400 170 -1.63610532 1.13113013
410 170 -1.81018382 1.35173538
420 170 -1.99161806 1.56556620
430 170 -2.17315291 1.78039194
440 170 -2.33608599 2.00011405
450 170 -2.47275975 2.22852221
460 170 -2.60853918 2.45802590
470 170 -2.74421801 2.68653467
480 170 -2.84045753 2.88284808
490 170 -2.93570212 3.07926210
500 170 -3.03094671 3.27567612
510 170 -3.13059580 3.49576714
400 20 0.29733752 2.39707831
410 20 0.41735464 2.11472057
420 20 0.56043393 1.85278677
430 20 0.70450814 1.59095358
440 20 0.84758743 1.32901977
450 20 0.93971309 1.16344845
460 20 1.01827870 1.02263849
470 20 1.09783924 0.88192914
480 20 1.16902674 0.75444448
490 20 1.17461622 0.73892811
500 20 1.18010508 0.72440666
510 20 1.18459901 0.70978460
520 20 1.19008787 0.69526316
530 20 1.19567734 0.67974678
540 20 1.20017128 0.66512473
550 20 1.20566014 0.65060328
560 20 1.21124961 0.63508691
570 20 1.21574355 0.62046485
580 20 1.22123241 0.60594341
590 20 1.22672127 0.59142196
400 23 -0.26308524 4.47021321
410 23 -0.25318069 4.24305710
420 23 -0.23928527 4.00625356
430 23 -0.21191922 3.73563371
440 23 -0.18455316 3.46501387
450 23 -0.15718711 3.19439403
460 23 -0.12335963 2.92945309
470 23 -0.02301744 2.71244746
480 23 0.07742536 2.49444690
490 23 0.17677262 2.27734065
500 23 0.27521439 2.06918874
510 23 0.36172822 1.93923353
520 23 0.44814145 1.81027325
530 23 0.53355975 1.68121236
540 23 0.61997298 1.55225208
550 23 0.68822042 1.38426611
560 23 0.73830209 1.17725445
570 23 0.78828314 0.97123771
580 23 0.83159036 0.77158180
590 23 0.84859353 0.60343932
440 494 0.33548007 -0.04748815
450 494 0.32231127 0.16225117
460 494 0.30904187 0.37298542
470 494 0.29587307 0.58272474
480 494 0.29251939 0.73516080
490 494 0.29716983 0.84820227
500 494 0.30182027 0.96124374
510 494 0.24430461 1.05292225
520 494 0.14600817 1.13042586
530 494 0.04671680 1.20782885
540 494 0.00697566 1.33246289
550 494 -0.00761286 1.47672714
560 494 -0.02210077 1.61999647
570 494 -0.03321264 1.76963779
580 494 -0.04074725 1.92366126
590 494 -0.04828185 2.07768474
600 494 -0.05379307 2.20175982
610 494 -0.05618537 2.29499220
620 494 -0.05857766 2.38822458
630 494 -0.06316103 2.48324559
450 497 0.36445589 -0.06566511
460 497 0.40103339 0.14910474
470 497 0.43761089 0.36387458
480 497 0.47309285 0.57953874
490 497 0.47143837 0.72511093
500 497 0.45260185 0.84180792
510 497 0.43376533 0.95850490
520 497 0.40438707 1.07011546
530 497 0.35073932 1.17324121
540 497 0.29709158 1.27636695
550 497 0.24443876 1.37959331
560 497 0.21653612 1.50642959
570 497 0.22939190 1.66754051
580 497 0.24214708 1.82964636
590 497 0.25570713 1.98379280
600 497 0.26953549 2.07565017
610 497 0.28445937 2.16661322
620 497 0.29938326 2.25757628
630 497 0.31100936 2.36127215
640 497 0.29684564 2.57091086
480 503 -0.40438707 0.09278522
490 503 -0.44422882 0.30786808
500 503 -0.48317626 0.52404647
510 503 -0.49133689 0.61468534
520 503 -0.49239889 0.67488394
530 503 -0.49256657 0.73617809
540 503 -0.49263364 0.79647730
550 503 -0.50629431 0.91168749
560 503 -0.52775788 1.06430241
570 503 -0.55011577 1.21582180
580 503 -0.57157934 1.36843672
590 503 -0.58826950 1.52354455
600 503 -0.60396473 1.67875299
610 503 -0.61965997 1.83396143
620 503 -0.60086817 1.93637172
630 503 -0.57280902 2.02665286
640 503 -0.54584541 2.11782832
650 503 -0.51868058 2.20701392
660 503 -0.50019061 2.31240899
670 503 -0.51679134 2.47657177
600 48 1.26500915 1.41545536
610 48 1.27923994 1.41387912
620 48 1.29357134 1.41130797
630 48 1.30790275 1.40873681
640 48 1.32123923 1.40606504
650 48 1.33557063 1.40349389
660 48 1.34990204 1.40092273
670 48 1.36413283 1.39934650
680 48 1.37846423 1.39677534
690 48 1.39180071 1.39410357
700 48 1.40613212 1.39153242
710 48 1.42046352 1.38896126
720 48 1.43469432 1.38738503
730 48 1.44902572 1.38481387
740 48 1.46236220 1.38214211
750 48 1.47669360 1.37957095
760 48 1.49092440 1.37799472
770 48 1.50525580 1.37542356
780 48 1.51958721 1.37285240
790 48 1.53292368 1.37018064
600 55 1.52017969 1.28747882
610 55 1.55619824 1.28911095
620 55 1.56891988 1.30245860
630 55 1.58174213 1.31481133
640 55 1.59545869 1.32825960
650 55 1.60818033 1.34160726
660 55 1.62100257 1.35395999
670 55 1.63372421 1.36730765
680 55 1.64654646 1.37966038
690 55 1.65926809 1.39300804
700 55 1.67209034 1.40536077
710 55 1.68481198 1.41870843
720 55 1.69763422 1.43106116
730 55 1.71035586 1.44440882
740 55 1.72317811 1.45676155
750 55 1.73689467 1.47020982
760 55 1.74971692 1.48256255
770 55 1.76243855 1.49591020
780 55 1.77516019 1.50925786
790 55 1.78798244 1.52161059
