2910 423 0.00000000 0.00000000
2920 423 0.00000000 0.27637113
2930 423 -0.04209919 0.55682372
2940 423 -0.08419838 0.83727632
2950 423 -0.12726727 1.08518572
2960 423 -0.17054242 1.29936149
2970 423 -0.21479451 1.51375075
2980 423 -0.19414836 1.74876082
2990 423 -0.07783375 2.01404541
3000 423 0.03771740 2.28052042
3010 423 0.20482241 2.44565345
3020 423 0.38460240 2.58447403
3030 423 0.54994891 2.69471709
3040 423 0.65637102 2.68988663
3050 423 0.76279314 2.68505617
3060 423 0.86921526 2.68022571
3070 423 1.00503625 2.67408903
3080 423 1.25747578 2.66294098
3090 423 1.51012880 2.65276987
3100 423 1.76159140 2.64183530
2740 610 2.43454881 2.66265151
2750 610 2.39987081 2.65385175
2760 610 2.36519280 2.64505199
2770 610 2.25684935 2.64108993
2780 610 2.07581742 2.64175208
2790 610 1.89380854 2.64262771
2800 610 1.71299008 2.64426681
2810 610 1.53345975 2.61901092
2820 610 1.35429849 2.58139121
2830 610 1.17535071 2.54474846
2840 610 0.97696168 2.48471686
2850 610 0.77295701 2.41772361
2860 610 0.56916582 2.35170731
2870 610 0.33820827 2.26910823
2880 610 0.07932088 2.17111681
2890 610 -0.17858957 2.07291191
2900 610 -0.44126172 1.97165314
2910 610 -0.70890907 1.86636356
2920 610 -0.97536600 1.76183744
2930 610 -1.25080360 1.68179290
2810 581 0.64964818 0.23267626
2820 581 0.64415557 0.22159334
2830 581 0.63747252 0.20974695
2840 581 0.63197991 0.19866402
2850 581 0.62648730 0.18758110
2860 581 0.62001773 0.17671166
2870 581 0.61452512 0.16562873
2880 581 0.60903251 0.15454581
2890 581 0.60234946 0.14269942
2900 581 0.59685685 0.13161650
2910 581 0.59136423 0.12053358
2920 581 0.65478258 0.06880241
2930 581 0.74711495 -0.00050657
2940 581 0.76387864 -0.01747650
2950 581 0.74846096 -0.01308386
2960 581 0.73304329 -0.00869121
2970 581 0.71762561 -0.00429857
2980 581 0.70220794 0.00009408
2990 581 0.68700375 0.00546367
3000 581 0.67158607 0.00985631
3020 651 1.52852798 0.76021328
3030 651 1.51884896 0.76744630
3040 651 1.50938343 0.77565628
3050 651 1.50068136 0.78267582
3060 651 1.49121583 0.79088580
3070 651 1.48153682 0.79811883
3080 651 1.47207128 0.80632880
3090 651 1.46260575 0.81453878
3100 651 1.45390368 0.82155832
3110 651 1.44443815 0.82976830
3120 651 1.41790499 0.84887304
3130 651 1.24075190 0.97970798
3140 651 1.06240837 1.10977946
3150 651 0.85421369 1.21566606
3160 651 0.63228385 1.31022370
3170 651 0.41014053 1.40380438
3180 651 0.15337709 1.50290301
3190 651 -0.13800646 1.60751959
3200 651 -0.42948046 1.70703794
3210 651 -0.72839374 1.76314366
