3180 825 0.00000000 0.00000000
3190 825 0.00000000 0.15568237
3200 825 0.00048175 0.31003511
3210 825 -0.00568465 0.46197910
3220 825 -0.07445930 0.59575147
3230 825 -0.14456358 0.72904209
3240 825 -0.22852299 0.84452723
3250 825 -0.44043523 0.80459978
3260 825 -0.65234747 0.76467233
3270 825 -0.86420191 0.72250956
3280 825 -1.07879268 0.66506568
3290 825 -1.29247776 0.60719785
3300 825 -1.50573891 0.55023572
3310 825 -1.69367926 0.50019152
3320 825 -1.88071393 0.44972337
3330 825 -2.06774860 0.39925523
3340 825 -2.24697891 0.35838355
3350 825 -2.40576375 0.33996143
3360 825 -2.56412465 0.32244499
3370 825 -2.72200380 0.30359893
3080 809 -2.33143934 0.77001012
3090 809 -2.14706394 0.81951477
3100 809 -1.96311247 0.86811372
3110 809 -1.77825531 0.91628873
3120 809 -1.68951694 0.96197791
3130 809 -1.64192003 1.00705045
3140 809 -1.59474706 1.05121730
3150 809 -1.54715015 1.09628984
3160 809 -1.49864754 1.14093845
3170 809 -1.45147457 1.18510530
3180 809 -1.35134763 1.20558931
3190 809 -1.23805927 1.21880853
3200 809 -1.12567660 1.23245170
3210 809 -1.01238824 1.24567092
3220 809 -0.92205046 1.26411232
3230 809 -0.84524022 1.28667749
3240 809 -0.76842998 1.30924267
3250 809 -0.69294937 1.33132609
3260 809 -0.58819763 1.32866683
3270 809 -0.48435157 1.32643151
3090 853 -2.72156059 0.99568115
3100 853 -2.72938421 0.96953175
3110 853 -2.73763177 0.94247667
3120 853 -2.74454971 0.91590333
3130 853 -2.75279727 0.88884824
3140 853 -2.76062089 0.86269885
3150 853 -2.76222030 0.83805251
3160 853 -2.70828356 0.82826335
3170 853 -2.65392287 0.81937987
3180 853 -2.59956219 0.81049640
3190 853 -2.54562545 0.80070724
3200 853 -2.49126476 0.79182377
3210 853 -2.43690408 0.78294030
3220 853 -2.38296734 0.77315113
3230 853 -2.33070708 0.77629214
3240 853 -2.27844683 0.77943315
3250 853 -2.22709227 0.78299811
3260 853 -2.17531376 0.78746875
3270 853 -2.12395920 0.79103370
3280 853 -2.06903969 0.79513821
3100 815 -2.62378459 0.86489563
3110 815 -2.44137472 0.88661292
3120 815 -2.25896486 0.90833022
3130 815 -2.10544073 0.92259002
3140 815 -1.99591002 0.92542271
3150 815 -1.88504968 0.92873715
3160 815 -1.77551897 0.93156984
3170 815 -1.65691209 0.94671607
3180 815 -1.53830521 0.96186229
3190 815 -1.41879264 0.97658457
3200 815 -1.31662308 0.98727943
3210 815 -1.21977204 0.99604728
3220 815 -1.12382668 1.00523907
3230 815 -1.02788133 1.01443086
3240 815 -0.94141682 1.02695637
3250 815 -0.87071517 1.04354784
3260 815 -0.79958958 1.06104501
3270 815 -0.72846399 1.07854217
3280 815 -0.65733840 1.09603933
3290 815 -0.56848441 1.08536375
3180 413 -0.47321351 0.41141460
3190 413 -0.64729873 0.37917588
3200 413 -0.83599062 0.30629673
3210 413 -1.04728622 0.17333369
3220 413 -1.25810007 0.03904103
3230 413 -1.45762170 -0.09943322
3240 413 -1.61137707 -0.26043412
3250 413 -1.76561419 -0.42010538
3260 413 -1.91603585 -0.57162542
3270 413 -2.05578192 -0.68618560
3280 413 -2.19552800 -0.80074578
3290 413 -2.33479232 -0.91663559
3300 413 -2.47858510 -1.03040570
3310 413 -2.63989431 -1.14149728
3320 413 -2.80162746 -1.25349454
3330 413 -2.96293667 -1.36458612
3340 413 -3.12461201 -1.47881871
3350 413 -3.29006427 -1.61999077
3360 413 -3.45418690 -1.76068107
3370 413 -3.61921523 -1.90094744
3180 417 -0.64818515 0.75941162
3190 417 -0.85208107 0.65169229
3200 417 -1.05464736 0.54445472
3210 417 -1.25056550 0.43962589
3220 417 -1.37233266 0.35639874
3230 417 -1.49409982 0.27317159
3240 417 -1.61719661 0.18946269
3250 417 -1.74645981 0.10201541
3260 417 -1.89560964 0.00510655
3270 417 -2.04385379 -0.09222624
3280 417 -2.19209794 -0.18955904
3290 417 -2.34124778 -0.28646789
3300 417 -2.50190181 -0.40559506
3310 417 -2.66764312 -0.53559051
3320 417 -2.83386618 -0.66425634
3330 417 -2.99918355 -0.79334610
3340 417 -3.16220779 -0.92461337
3350 417 -3.31424813 -1.06543857
3360 417 -3.46628847 -1.20626376
3370 417 -3.61742311 -1.34751290
3260 371 1.54279513 0.92299469
3270 371 1.43289829 0.91702099
3280 371 1.31739388 0.92029689
3290 371 1.20055984 0.92309104
3300 371 1.08135559 0.91374509
3310 371 0.95305590 0.87553267
3320 371 0.82518015 0.83822594
3330 371 0.69289156 0.79856827
3340 371 0.54204597 0.74993078
3350 371 0.39120037 0.70129329
3360 371 0.23944908 0.65307973
3370 371 0.09345952 0.62425181
3380 371 -0.04815574 0.61656307
3390 371 -0.18977101 0.60887434
3400 371 -0.33048058 0.60076167
3410 371 -0.46762521 0.59318856
3420 371 -0.56580588 0.58393896
3430 371 -0.66398656 0.57468935
3440 371 -0.76216723 0.56543975
3450 371 -0.86034791 0.55619015
3260 382 0.81702893 1.15340614
3270 382 0.72559276 1.02175347
3280 382 0.59212871 0.90646103
3290 382 0.43879728 0.79825995
3300 382 0.28637154 0.68963493
3310 382 0.14082520 0.62637151
3320 382 0.00075153 0.59367031
3330 382 -0.14065177 0.56048736
3340 382 -0.28072543 0.52778616
3350 382 -0.40478572 0.49863064
3360 382 -0.51863291 0.47242344
3370 382 -0.63115047 0.44669798
3380 382 -0.74409197 0.42006684
3390 382 -0.85793915 0.39385963
3400 382 -0.94924044 0.37807749
3410 382 -1.03830640 0.36235317
3420 382 -1.12737236 0.34662885
3430 382 -1.21734401 0.33132846
3440 382 -1.30598604 0.31650983
3450 382 -1.39595769 0.30120945
3280 353 1.17225220 1.61979807
3290 353 1.09625130 1.56593840
3300 353 1.03052132 1.46089761
3310 353 0.96612096 1.35633856
3320 353 0.90172061 1.25177951
3330 353 0.83641456 1.14764441
3340 353 0.74775327 1.06437872
3350 353 0.63398316 1.00059500
3360 353 0.52154268 0.93729303
3370 353 0.40729082 0.87483895
3380 353 0.29558260 0.81781900
3390 353 0.19300837 0.82277140
3400 353 0.09091588 0.82639416
3410 353 -0.01165835 0.83134655
3420 353 -0.11375084 0.83496931
3430 353 -0.22719336 0.84500898
3440 353 -0.36647695 0.86824861
3450 353 -0.50485486 0.89106429
3460 353 -0.64413845 0.91430392
3470 353 -0.78294030 0.93621391
3280 810 -0.37917588 1.32467794
3290 810 -0.27532983 1.32244262
3300 810 -0.20408862 1.28357502
3310 810 -0.13151778 1.24518917
3320 810 -0.06027658 1.20632157
3330 810 0.01138857 1.16835966
3340 810 0.09207208 1.14494661
3350 810 0.19237246 1.15872466
3360 810 0.29267283 1.17250271
3370 810 0.39387890 1.18585683
3380 810 0.49109607 1.19776569
3390 810 0.56557464 1.18940251
3400 810 0.63914752 1.18146327
3410 810 0.71362609 1.17310008
3420 810 0.78719897 1.16516084
3430 810 0.93326560 1.10451814
3440 810 1.10987520 1.02184982
3450 810 1.28739048 0.93875755
3460 810 1.45530930 0.86346965
3470 810 1.60958496 0.79677616
3290 854 -1.99284609 0.80695072
3300 854 -1.91574680 0.81833929
3310 854 -1.83864751 0.82972787
3320 854 -1.76197216 0.84021075
3330 854 -1.68577856 0.85202326
3340 854 -1.60214674 0.87029123
3350 854 -1.49504405 0.91511326
3360 854 -1.38927100 0.95945354
3370 854 -1.28216831 1.00427557
3380 854 -1.17506562 1.04909760
3390 854 -1.07424496 1.09465189
3400 854 -0.98870541 1.14294253
3410 854 -0.90226017 1.19080922
3420 854 -0.81672061 1.23909985
3430 854 -0.73118106 1.28739048
3440 854 -0.64373378 1.31380966
3450 854 -0.55314549 1.28796858
3460 854 -0.46122757 1.26260926
3470 854 -0.37063927 1.23676818
3480 854 -0.29957149 1.20460654
3300 816 -0.47498635 1.06809783
3310 816 -0.38058260 1.05040796
3320 816 -0.28708453 1.03314204
3330 816 -0.20487869 1.02005771
3340 816 -0.14030491 1.01412254
3350 816 -0.07530718 1.00909307
3360 816 -0.01163908 1.00358185
3370 816 0.05335864 0.99855238
3380 816 0.13394580 0.99616290
3390 816 0.22251075 0.99666392
3400 816 0.31065175 0.99625925
3410 816 0.39831100 0.99718421
3420 816 0.49338920 0.98801169
3430 816 0.61531052 0.94419170
3440 816 0.73813753 0.89994777
3450 816 0.86005886 0.85612777
3460 816 1.03984800 0.75430507
3470 816 1.24443764 0.62762406
3480 816 1.44902728 0.50094305
3490 816 1.63962690 0.39626838
