0 74 0.00000000 0.00000000
10 74 -0.00000000 0.02517936
20 74 -0.00011915 0.04936584
30 74 -0.00123117 0.07367146
40 74 -0.00135031 0.09785794
50 74 -0.00234319 0.12315644
60 74 -0.00246233 0.14734292
70 74 -0.00357436 0.17164855
80 74 -0.00369350 0.19583503
90 74 -0.00381265 0.22002151
100 74 -0.00480552 0.24532001
110 74 -0.00492467 0.26950649
120 74 -0.00603669 0.29381211
130 74 -0.00615584 0.31799859
140 74 -0.02597366 0.36267805
150 74 -0.21648687 0.58798166
160 74 -0.40711922 0.81229240
170 74 -0.62920591 1.12699464
180 74 -0.85029972 1.44157774
190 74 -1.03930376 1.86410641
0 75 -0.31029387 -0.38678510
10 75 -0.28713998 -0.40366401
20 75 -0.26398609 -0.42054291
30 75 -0.23983933 -0.43754097
40 75 -0.21668544 -0.45441987
50 75 -0.19365070 -0.47229165
60 75 -0.17049681 -0.48917056
70 75 -0.14635005 -0.50616861
80 75 -0.12319616 -0.52304752
90 75 -0.10004227 -0.53992642
100 75 -0.07688838 -0.55680533
110 75 -0.07124884 -0.59374035
120 75 -0.07708696 -0.64239131
130 75 -0.08304422 -0.69203516
140 75 -0.08888233 -0.74068612
150 75 -0.09483960 -0.79032996
160 75 -0.06604617 -0.89450260
170 75 -0.00250205 -1.05320404
180 75 0.06104207 -1.21190547
190 75 0.12446704 -1.37159978
30 123 1.23772027 -1.72979003
40 123 1.30019208 -1.44419893
50 123 1.36179016 -1.15749582
60 123 1.39781173 -0.91606789
70 123 1.40639018 -0.71868397
80 123 1.41508779 -0.52030718
90 123 1.42505627 -0.32812594
100 123 1.43955227 -0.14857409
110 123 1.45416742 0.03197063
120 123 1.46965630 0.21140334
130 123 1.51501091 0.42149608
140 123 1.56938085 0.63957154
150 123 1.62263876 0.85677328
160 123 1.69297415 1.05681811
170 123 1.80171403 1.21599612
180 123 1.91144677 1.37505499
190 123 2.02125895 1.54316890
200 123 2.14358138 1.79035552
210 123 2.26491093 2.03766128
220 123 2.38624048 2.28496704
130 127 -0.48690680 -1.49765542
140 127 -0.54683685 -1.21651242
150 127 -0.60676689 -0.93536941
160 127 -0.66669694 -0.65422641
170 127 -0.72726243 -0.36998563
180 127 -0.78731162 -0.06465614
190 127 -0.84847283 0.23979961
200 127 -0.90951490 0.54524824
210 127 -0.97548164 0.86840980
220 127 -1.05137714 1.21794216
230 127 -1.12739179 1.56648165
240 127 -1.20229442 1.91589486
250 127 -1.27854736 2.26244859
260 127 -1.36298161 2.58279038
270 127 -1.44840873 2.90325131
280 127 -1.53284298 3.22359309
290 127 -1.61727722 3.54393487
300 127 -1.69944771 3.88314132
310 127 -1.78161820 4.22234776
320 127 -1.86366954 4.56254708
