0 2 0.00000000 0.00000000
10 2 -0.00000000 0.47376154
20 2 -0.00084853 0.94865446
30 2 -0.00084853 1.42241600
40 2 -0.00212132 1.89433907
50 2 -0.00989949 2.34193766
60 2 -0.01866762 2.78967767
70 2 -0.02743574 3.23741769
80 2 -0.03521392 3.68501628
90 2 -0.04681047 4.13417051
100 2 -0.08456997 4.59817398
110 2 -0.12232947 5.06217745
120 2 -0.16008898 5.52618092
130 2 -0.19784848 5.99018439
140 2 -0.23560798 6.45418786
150 2 -0.29415642 6.92116117
160 2 -0.35256344 7.38912444
170 2 -0.41097046 7.85708771
180 2 -0.46951890 8.32406103
190 2 -0.52792592 8.79202430
0 1 0.54645212 0.11285424
10 1 0.54008816 0.57035233
20 1 0.53372420 1.02785042
30 1 0.53216856 1.48365145
40 1 0.54022958 1.93605837
50 1 0.54730065 2.38860671
60 1 0.55423030 2.84016510
70 1 0.55309892 3.27065171
80 1 0.54277517 3.67921800
90 1 0.53245141 4.08778430
100 1 0.52212765 4.49635060
110 1 0.51632937 4.92245315
120 1 0.51053110 5.34855569
130 1 0.50572277 5.77451682
140 1 0.49978307 6.19962941
150 1 0.51618795 6.61851947
160 1 0.53146146 7.03656100
170 1 0.54772491 7.45446111
180 1 0.56398837 7.87236122
190 1 0.54899770 8.25533025
0 3 -0.50190439 0.02927422
10 3 -0.50855120 0.50600561
20 3 -0.51519800 0.98273700
30 3 -0.52184480 1.45946840
40 3 -0.52849161 1.93619979
50 3 -0.55126045 2.41321402
60 3 -0.57897903 2.89093536
70 3 -0.60584909 3.36752533
80 3 -0.63356768 3.84524668
90 3 -0.66043773 4.32183665
100 3 -0.71290506 4.78895139
110 3 -0.79125249 5.24461100
120 3 -0.86860997 5.70012918
130 3 -0.94681598 6.15677874
140 3 -1.02417346 6.61229693
150 3 -1.10096526 7.07177492
160 3 -1.16276639 7.55840581
170 3 -1.22569889 8.04418816
180 3 -1.28750003 8.53081905
190 3 -1.35043253 9.01660141
0 7 -1.92856304 -0.00127279
10 7 -1.79039437 0.34365390
20 7 -1.65123576 0.68843916
30 7 -1.51306709 1.03336585
40 7 -1.41888047 1.37447416
50 7 -1.37065578 1.71204694
60 7 -1.32243110 2.04961972
70 7 -1.27406500 2.38818244
80 7 -1.27208510 2.74145299
90 7 -1.28170175 3.09840049
100 7 -1.29018703 3.45619653
110 7 -1.29980369 3.81314403
120 7 -1.29457109 4.08311740
130 7 -1.28735861 4.33159472
140 7 -1.27929759 4.57894067
150 7 -1.26062997 4.85810643
160 7 -1.21523371 5.21123556
170 7 -1.16997888 5.56337473
180 7 -1.12557257 5.91664528
190 7 -1.08031774 6.26878446
