560 506 0.00000000 0.00000000
570 506 -0.00000000 0.29138463
580 506 -0.00938965 0.62197173
590 506 -0.03124050 1.01214674
600 506 -0.05444007 1.42169134
610 506 -0.08784952 1.91039249
620 506 -0.12125897 2.39909363
630 506 -0.15489149 2.91694868
640 506 -0.18912117 3.44560389
650 506 -0.25382945 3.96785176
660 506 -0.39009608 4.47308775
670 506 -0.52550130 4.97781582
680 506 -0.71358604 5.53101934
690 506 -0.90253218 6.08473078
700 506 -0.85464701 6.64042585
710 506 -0.78019216 7.19786775
720 506 -0.56575394 7.75054962
730 506 -0.21203933 8.30121011
740 506 0.12418294 8.85173676
750 506 0.44975949 9.40389698
410 493 0.61329591 -0.33608499
420 493 0.64770404 -0.01390945
430 493 0.68246566 0.30689677
440 493 0.68844401 0.69111059
450 493 0.69528377 1.07481649
460 493 0.71307812 1.46135027
470 493 0.83310847 1.86770321
480 493 0.95278534 2.27542548
490 493 1.10665070 2.69781564
500 493 1.26974784 3.12404952
510 493 1.42219926 3.55191698
520 493 1.56623569 3.98126359
530 493 1.71078004 4.41147160
540 493 1.87816018 4.86071974
550 493 2.04995716 5.31548978
560 493 2.22261555 5.76975191
570 493 2.29122590 6.21687228
580 493 2.34903608 6.66339549
590 493 2.40684627 7.10991871
600 493 2.47627341 7.56236193
590 507 0.16178273 -0.29855041
600 507 0.07963701 0.08190206
610 507 -0.00387804 0.46200104
620 507 -0.08297624 0.84762193
630 507 -0.13535374 1.28249732
640 507 -0.18773125 1.71737270
650 507 -0.24728484 2.12629612
660 507 -0.31330754 2.50652895
670 507 -0.35953510 2.81007963
680 507 -0.36840997 3.05097429
690 507 -0.22096911 3.43884307
700 507 -0.05555200 3.85326095
710 507 0.13612249 4.31024114
720 507 0.33636298 4.81324983
730 507 0.54271909 5.34631845
740 507 0.74770589 5.87903359
750 507 0.97674337 6.42891160
760 507 1.21105909 6.98380361
770 507 1.43051130 7.53120723
780 507 1.62911478 8.06884713
