3720 831 0.00000000 0.00000000
3730 831 0.00000000 0.39358100
3740 831 -0.06418247 0.68012176
3750 831 -0.13593390 0.95371221
3760 831 -0.20058133 1.21805424
3770 831 -0.25701698 1.47226875
3780 831 -0.31345263 1.72648326
3790 831 -0.31684203 2.02706688
3800 831 -0.31373466 2.33242461
3810 831 -0.29824865 2.63518059
3820 831 -0.26541678 2.93590649
3830 831 -0.23258491 3.23663239
3840 831 -0.15300536 3.47227639
3850 831 -0.06765825 3.70153797
3860 831 0.01975451 3.93909009
3870 831 0.12808799 4.24850544
3880 831 0.22637272 4.55777088
3890 831 0.23296094 4.87661503
3900 831 0.23855573 5.19534486
3910 831 0.24762374 5.50138860
3530 888 0.17809295 2.51082753
3540 888 0.17487633 2.48629891
3550 888 0.17177405 2.46077684
3560 888 0.16855743 2.43624822
3570 888 0.16534081 2.41171960
3580 888 0.16212419 2.38719097
3590 888 0.15802846 2.36155457
3600 888 0.15481184 2.33702595
3610 888 0.15159523 2.31249733
3620 888 0.14849294 2.28697526
3630 888 0.14527632 2.26244664
3640 888 0.14205970 2.23791801
3650 888 0.13895742 2.21239595
3660 888 0.13574080 2.18786733
3670 888 0.13153074 2.16322437
3680 888 0.12831412 2.13869574
3690 888 0.12521184 2.11317368
3700 888 0.12199522 2.08864506
3710 888 0.11877860 2.06411643
3720 888 0.11567632 2.03859437
3730 670 -0.80765333 2.32087680
3740 670 -0.71109633 2.33903570
3750 670 -0.60456171 2.37545514
3760 670 -0.48445429 2.44262810
3770 670 -0.36534030 2.50968673
3780 670 -0.24121592 2.59443421
3790 670 -0.10457568 2.75410402
3800 670 0.03217889 2.91278038
3810 670 0.15854170 3.07428716
3820 670 0.19297934 3.24735954
3830 670 0.22841042 3.42054625
3840 670 0.26273372 3.59461208
3850 670 0.37029227 3.73583587
3860 670 0.52564276 3.85538178
3870 670 0.68099325 3.97492770
3880 670 0.76556034 4.14974305
3890 670 0.84225866 4.33170559
3900 670 0.91918564 4.51168126
3910 670 1.04945870 4.71792851
3920 670 1.20288836 4.93288045
