2710 638 0.00000000 0.00000000
2720 638 0.00000000 0.29948790
2730 638 0.00088484 0.58996374
2740 638 0.00612045 0.80674379
2750 638 0.01156307 1.02254550
2760 638 0.02060183 1.19720030
2770 638 0.03063897 1.35264565
2780 638 0.04165444 1.50829802
2790 638 0.01327266 1.66174662
2800 638 -0.01902247 1.81436715
2810 638 -0.05152462 1.96796601
2820 638 -0.06195910 2.14769948
2830 638 -0.03988475 2.36702053
2840 638 -0.01899576 2.58711290
2850 638 0.01393712 2.76477951
2860 638 0.04867642 2.93873980
2870 638 0.08243739 3.11249306
2880 638 0.09189687 3.17888974
2890 638 0.09458479 3.21932209
2900 638 0.09650140 3.25856908
2540 609 -0.72800271 -0.03752405
2550 609 -0.70629566 0.03861926
2560 609 -0.68577396 0.11553388
2570 609 -0.68064186 0.18305915
2580 609 -0.71159470 0.23272727
2590 609 -0.74331885 0.28121003
2600 609 -0.77427169 0.33087815
2610 609 -0.80599584 0.37936091
2620 609 -0.83792702 0.42882200
2630 609 -0.86867284 0.47751179
2640 609 -0.90060401 0.52697288
2650 609 -0.93052175 0.57174932
2660 609 -0.95300679 0.60072211
2670 609 -0.97528482 0.62871656
2680 609 -0.99854119 0.65650399
2690 609 -1.02102624 0.68547678
2700 609 -1.04330427 0.71347124
2710 609 -1.06656063 0.74125867
2720 609 -1.08904568 0.77023146
2730 609 -1.11132371 0.79822591
2550 627 -0.23066041 -0.06925155
2560 627 -0.24129523 0.00515881
2570 627 -0.25193005 0.07956916
2580 627 -0.26158653 0.15418653
2590 627 -0.27222135 0.22859688
2600 627 -0.28927045 0.28018495
2610 627 -0.31653366 0.29792523
2620 627 -0.34477520 0.31545849
2630 627 -0.37203841 0.33319877
2640 627 -0.39909459 0.34996072
2650 627 -0.42733613 0.36749398
2660 627 -0.45459934 0.38523427
2670 627 -0.48186255 0.40297455
2680 627 -0.51010409 0.42050781
2690 627 -0.54222225 0.45153077
2700 627 -0.59041117 0.53434881
2710 627 -0.63978546 0.61793816
2720 627 -0.68818140 0.70173454
2730 627 -0.71554144 0.76340648
2740 627 -0.69351050 0.77522332
2570 613 0.62918736 0.96822945
2580 613 0.59859514 0.96788887
2590 613 0.56975257 0.96894066
2600 613 0.53895333 0.96957842
2610 613 0.50913243 0.97042319
2620 613 0.47951854 0.97028963
2630 613 0.22179527 1.02410149
2640 613 -0.05756493 1.08355631
2650 613 -0.29361454 1.14604298
2660 613 -0.52868581 1.20873666
2670 613 -0.68991102 1.27990147
2680 613 -0.83213380 1.35304299
2690 613 -0.96173169 1.41965671
2700 613 -0.98218327 1.42452835
2710 613 -1.00242782 1.42842167
2720 613 -1.02267238 1.43231498
2730 613 -1.04193860 1.43641531
2740 613 -1.06239018 1.44128696
2750 613 -1.08263474 1.44518027
2760 613 -1.10287930 1.44907359
2590 624 -0.68471882 -0.20826217
2600 624 -0.70427554 -0.07236686
2610 624 -0.72403928 0.06450678
2620 624 -0.74298829 0.11058210
2630 624 -0.76227455 0.13409891
2640 624 -0.78156080 0.15761572
2650 624 -0.80084706 0.18113253
2660 624 -0.82013331 0.20464934
2670 624 -0.83844123 0.22837317
2680 624 -0.85772748 0.25188998
2690 624 -0.87701374 0.27540679
2700 624 -0.89434332 0.29933764
2710 624 -0.90585965 0.32960931
2720 624 -0.91737597 0.35988099
2730 624 -0.92889230 0.39015266
2740 624 -0.94040862 0.42042434
2750 624 -0.95094661 0.45090303
2760 624 -0.96246294 0.48117470
2770 624 -0.97397926 0.51144638
2780 624 -0.98528857 0.54073972
2610 622 0.16247735 0.06300088
2620 622 0.16983658 0.31804958
2630 622 0.17621747 0.57289127
2640 622 0.12444576 0.78374119
2650 622 0.04699355 0.97586915
2660 622 -0.03045866 1.16799712
2670 622 -0.15233003 1.33334938
2680 622 -0.33786674 1.45660978
2690 622 -0.52361048 1.58084853
2700 622 -0.67315575 1.71274701
2710 622 -0.78727389 1.85111988
2720 622 -0.90062070 1.99067811
2730 622 -0.99128547 2.25973740
2740 622 -1.06664077 2.61585196
2750 622 -1.12431255 3.00432843
2760 622 -1.15685143 3.44309741
2770 622 -1.18841197 3.88207341
2780 622 -1.20808221 4.32765403
2790 622 -1.21859015 4.77823985
2800 622 -1.22986940 5.22764031
2680 631 0.08517873 -0.09338942
2690 631 0.07941890 0.24780968
2700 631 0.07365907 0.58900878
2710 631 0.07687790 0.86362422
2720 631 0.08393661 1.11043219
2730 631 0.09022401 1.35605480
2740 631 0.11380760 1.51027806
2750 631 0.14138134 1.64081422
2760 631 0.16895508 1.77135038
2770 631 0.12969806 1.93271918
2780 631 0.06225627 2.10652253
2790 631 0.03724024 2.29236977
2800 631 0.10860873 2.50576738
2810 631 0.18116258 2.71839367
2820 631 0.20837570 2.89893852
2830 631 0.22390554 3.07190044
2840 631 0.23964241 3.24388402
2850 631 0.22832976 3.32632808
2860 631 0.21799545 3.40897917
2870 631 0.20668281 3.49142324
2750 628 -0.67127254 0.78606182
2760 628 -0.64826326 0.79808568
2770 628 -0.62602530 0.80892418
2780 628 -0.60301602 0.82094804
2790 628 -0.58098508 0.83276487
2800 628 -0.55874712 0.84360337
2810 628 -0.53573784 0.85562723
2820 628 -0.51370690 0.86744407
2830 628 -0.49049061 0.87848959
2840 628 -0.46845967 0.89030643
2850 628 -0.44524337 0.90135195
2860 628 -0.34175004 0.97742514
2870 628 -0.18381043 1.09568368
2880 628 -0.02566381 1.21296388
2890 628 0.09066477 1.22838019
2900 628 0.19589439 1.21896078
2910 628 0.30230938 1.20877005
2920 628 0.40753901 1.19935064
2930 628 0.41784994 1.18926676
2940 628 0.40385271 1.17812775
2790 625 -0.99680489 0.57101139
2800 625 -0.99080799 0.64894108
2810 625 -0.94444217 0.83558302
2820 625 -0.89709802 1.02243197
2830 625 -0.85093923 1.21005224
2840 625 -0.78035207 1.28222878
2850 625 -0.70707365 1.34168694
2860 625 -0.63358821 1.40016677
2870 625 -0.56030979 1.45962493
2880 625 -0.48703137 1.51908309
2890 625 -0.42487193 1.57312201
2900 625 -0.37480981 1.62153465
2910 625 -0.32376934 1.67015431
2920 625 -0.27293591 1.71975231
2930 625 -0.22287378 1.76816495
2940 625 -0.17183332 1.81678461
2950 625 -0.12079286 1.86540427
2960 625 -0.09881535 1.82916908
2970 625 -0.08859457 1.75671540
2980 625 -0.07837379 1.68426172
