880 313 0.00000000 0.00000000
890 313 -0.00000000 0.52338131
900 313 0.00069166 1.04604040
910 313 0.00069166 1.56942172
920 313 0.03127739 2.06809447
930 313 0.06120203 2.56890333
940 313 0.11822356 3.04720088
950 313 0.21491405 3.49564257
960 313 0.31301844 3.94405368
970 313 0.40142816 4.36933444
980 313 0.45175094 4.70137151
990 313 0.50348760 5.03337801
1000 313 0.55522425 5.36538452
1010 313 0.54572449 5.64566965
1020 313 0.52111910 5.91425776
1030 313 0.49594434 6.18922364
1040 313 0.45656196 6.52673664
1050 313 0.41714902 6.86283576
1060 313 0.42889953 7.17731776
1070 313 0.56042123 7.43757925
880 310 1.11779688 0.37402558
890 310 1.14941818 0.82245963
900 310 1.18031726 1.27020202
910 310 1.22905802 1.72533863
920 310 1.27779877 2.18047525
930 310 1.32723118 2.63488964
940 310 1.34801908 3.07294884
950 310 1.36880699 3.51100804
960 310 1.39028655 3.94834501
970 310 1.40727607 4.27615190
980 310 1.42495725 4.60323656
990 310 1.44122455 4.93035179
1000 310 1.48959846 5.10683115
1010 310 1.53655849 5.28334108
1020 310 1.58399618 5.44923161
1030 310 1.62030240 5.52553926
1040 310 1.65733085 5.60253857
1050 310 1.69294542 5.67956845
1060 310 1.72997387 5.75656776
1070 310 1.69225377 5.94198134
880 316 0.51471077 -0.10661061
890 316 0.50751907 0.41126803
900 316 0.50101903 0.92842443
910 316 0.53060740 1.41368058
920 316 0.57544278 1.88446162
930 316 0.62096982 2.35452044
940 316 0.68360484 2.79804028
950 316 0.75520082 3.23075730
960 316 0.82679681 3.66347431
970 316 0.86798666 4.03107246
980 316 0.87949261 4.33424339
990 316 0.89169022 4.63669209
1000 316 0.90391840 4.94055468
1010 316 0.94228049 5.04652331
1020 316 0.97925926 5.15393639
1030 316 1.01692969 5.26062724
1040 316 1.05301428 5.39210691
1050 316 1.08717676 5.53282267
1060 316 1.12206146 5.67423009
1070 316 1.14961307 5.83630695
