0 14 0.00000000 0.00000000
10 14 -0.00000000 0.27906451
20 14 0.00089227 0.55767751
30 14 0.00134378 0.83763428
40 14 -0.00446133 1.11851558
50 14 -0.03302462 1.40979232
60 14 -0.06158791 1.70106905
70 14 -0.08971044 1.99100202
80 14 -0.11745671 2.26617495
90 14 -0.14345070 2.53373675
100 14 -0.16944469 2.80129854
110 14 -0.19633095 3.06931184
120 14 -0.21411178 3.37082277
130 14 -0.23143036 3.67546201
140 14 -0.24829743 3.98099352
150 14 -0.26561601 4.28563276
160 14 -0.27652746 4.52763057
170 14 -0.28878269 4.76918762
180 14 -0.29969415 5.01118543
190 14 -0.31105711 5.25229097
0 12 1.66258333 -1.52495924
10 12 1.38342207 -1.26601911
20 12 1.10515308 -1.00753049
30 12 0.82599181 -0.74859036
40 12 0.55567797 -0.50981761
50 12 0.28623489 -0.27596845
60 12 0.01768408 -0.04257080
70 12 -0.21133823 0.22686152
80 12 -0.43497470 0.50029293
90 12 -0.65950343 0.77417584
100 12 -0.80491067 1.13354436
110 12 -0.93142980 1.51473579
120 12 -1.06048598 1.92635030
130 12 -1.19923885 2.46054937
140 12 -1.33888398 2.99519994
150 12 -1.47847536 3.54103073
160 12 -1.61741098 4.13023858
170 12 -1.75634660 4.71944643
180 12 -1.86526765 5.31924324
190 12 -1.85725875 5.96185809
0 13 0.57286755 0.18194718
10 13 0.56074132 0.45033674
20 13 0.54772282 0.71917780
30 13 0.53559659 0.98756736
40 13 0.51976154 1.22869440
50 13 0.49970167 1.42825041
60 13 0.48009330 1.62869869
70 13 0.44391887 1.82520164
80 13 0.36835569 2.01473847
90 13 0.29368478 2.20382378
100 13 0.29339453 2.42251515
110 13 0.31282014 2.64916167
120 13 0.33179425 2.87491592
130 13 0.31129362 3.16883721
140 13 0.29212600 3.46096322
150 13 0.27162537 3.75488451
160 13 0.21478905 4.02572511
170 13 0.12072477 4.27393654
180 13 0.02621974 4.52349174
190 13 -0.06656525 4.75872767
0 15 -0.46197921 0.09255924
10 15 -0.46891309 0.32469912
20 15 -0.47673923 0.55729050
30 15 -0.48501689 0.78898962
40 15 -0.49754088 1.06766712
50 15 -0.51090338 1.35797634
60 15 -0.52471739 1.64739329
70 15 -0.53897216 1.93815402
80 15 -0.54910960 2.24812536
90 15 -0.55921479 2.56480483
100 15 -0.56887922 2.88014052
110 15 -0.57854365 3.19547622
120 15 -0.60837546 3.50196449
130 15 -0.64717295 3.80402368
140 15 -0.68462665 4.10652363
150 15 -0.72254262 4.40589527
160 15 -0.76095309 4.69543048
170 15 -0.79981507 4.98407342
180 15 -0.83822555 5.27360863
190 15 -0.87708753 5.56225156
0 16 -0.82264850 0.69982744
10 16 -0.82913087 0.93285958
20 16 -0.83516174 1.16678399
30 16 -0.84164411 1.39981613
40 16 -0.84767497 1.63374054
50 16 -0.86779935 1.91290180
60 16 -0.89185831 2.21086516
70 16 -0.91726103 2.50838777
80 16 -0.94221225 2.80680264
90 16 -0.99010441 3.07760024
100 16 -1.03980259 3.34482878
110 16 -1.08950078 3.61205732
120 16 -1.14009123 3.87973736
130 16 -1.13423237 4.16816529
140 16 -1.12792200 4.45748550
150 16 -1.12117088 4.74546192
160 16 -1.11575278 5.03523363
170 16 -1.12346067 5.38544298
180 16 -1.13690917 5.75088537
190 16 -1.14901390 6.11676851
0 17 -0.38004116 -0.53841315
10 17 -0.35267115 -0.33371854
20 17 -0.32530113 -0.12902393
30 17 -0.29747961 0.07656294
40 17 -0.27010959 0.28125755
50 17 -0.27715097 0.49103700
60 17 -0.29313652 0.70085946
70 17 -0.30867057 0.91157418
80 17 -0.33484731 1.14112325
90 17 -0.38540551 1.41551142
100 17 -0.43461994 1.69034035
110 17 -0.48472663 1.96562079
120 17 -0.47643823 2.29428673
130 17 -0.46231246 2.62784402
140 17 -0.44773519 2.96229357
150 17 -0.43764075 3.29452858
160 17 -0.46252747 3.60635971
170 17 -0.48741418 3.91819083
180 17 -0.51230090 4.23002196
190 17 -0.53718762 4.54185309
