20 116 0.00000000 0.00000000
30 116 -0.00000000 0.20083824
40 116 -0.00001992 0.40309056
50 116 0.00067716 0.60464580
60 116 0.00149374 0.84792616
70 116 0.00223065 1.09686281
80 116 -0.00549696 1.34426589
90 116 -0.09639598 1.57211094
100 116 -0.18729501 1.79995599
110 116 -0.27891102 2.02849812
120 116 -0.46353722 2.23310059
130 116 -0.64746633 2.43842005
140 116 -0.80199865 2.61515930
150 116 -0.90785498 2.75015351
160 116 -1.01584238 2.88582488
170 116 -1.10241952 3.00765427
180 116 -1.10970897 3.07331905
190 116 -1.11771541 3.13968092
200 116 -1.12430778 3.20606270
210 116 -1.13159723 3.27172748
0 45 0.13654770 2.45582710
10 45 0.09551966 2.55708271
20 45 0.05307754 2.65831841
30 45 0.01135242 2.75885703
40 45 -0.02967562 2.86011265
50 45 -0.05196222 2.98638342
60 45 -0.06102423 3.12769117
70 45 -0.06938917 3.26971591
80 45 -0.07845119 3.41102366
90 45 -0.10958072 3.56262825
100 45 -0.15564765 3.72038705
110 45 -0.20243157 3.87884293
120 45 -0.24849849 4.03660173
130 45 -0.29456541 4.19436053
140 45 -0.28572248 4.31965539
150 45 -0.23979497 4.42284291
160 45 -0.19456454 4.52531343
170 45 -0.14863703 4.62850095
180 45 -0.09209401 4.73113080
190 45 -0.01079476 4.83340216
50 118 -0.93520037 0.67491130
60 118 -0.77953281 0.86945592
70 118 -0.62384533 1.06258647
80 118 -0.49892888 1.23123961
90 118 -0.38239729 1.39270288
100 118 -0.26516862 1.55488315
110 118 -0.18793233 1.69457766
120 118 -0.11561543 1.83208135
130 118 -0.09454375 1.99290729
140 118 -0.12471728 2.17705549
150 118 -0.15560781 2.36190076
160 118 -0.15825671 2.54997251
170 118 -0.14963286 2.74103174
180 118 -0.14029201 2.93139389
190 118 -0.00940060 3.07750152
200 118 0.17341319 3.20241797
210 118 0.35620706 3.32874849
220 118 0.55495407 3.47722619
230 118 0.79182131 3.68069342
240 118 1.02799146 3.88344365
170 120 -0.88429373 0.77604742
180 120 -0.75214759 0.93348755
190 120 -0.62000144 1.09092769
200 120 -0.51183479 1.24378702
210 120 -0.43965730 1.39118922
220 120 -0.36747981 1.53859143
230 120 -0.30490209 1.71485268
240 120 -0.25331829 1.91853899
250 120 -0.20173449 2.12222529
260 120 -0.15015069 2.32591160
270 120 -0.08986336 2.51416260
280 120 -0.02736531 2.69608014
290 120 0.02101193 2.87638445
300 120 -0.06628220 3.04912047
310 120 -0.15427341 3.22113951
320 120 -0.17930848 3.29150459
330 120 -0.18914724 3.33733252
340 120 -0.19968308 3.38244345
350 120 -0.20952185 3.42827137
360 120 -0.21936061 3.47409930
