3860 704 0.00000000 0.00000000
3870 704 0.00000000 0.41001951
3880 704 0.00429736 0.81375152
3890 704 0.01941371 1.20467926
3900 704 0.03506662 1.59645085
3910 704 0.15134889 1.97874973
3920 704 0.26709461 2.36020475
3930 704 0.37831370 2.74572299
3940 704 0.44511540 3.15829848
3950 704 0.51329752 3.57118127
3960 704 0.58868906 3.98422015
3970 704 0.69506448 4.40125884
3980 704 0.80228377 4.81776097
3990 704 0.90896650 5.23341924
4000 704 0.95298392 5.66048184
4010 704 0.98143134 6.08914924
4020 704 1.01125919 6.51812395
4030 704 0.96261273 6.98396032
4040 704 0.90499108 7.45431842
4050 704 0.83356033 7.93464191
3680 695 -0.54971530 0.08408380
3690 695 -0.46009518 0.39090335
3700 695 -0.30785364 0.80366419
3710 695 -0.15645597 1.21696160
3720 695 0.00703381 1.69959717
3730 695 0.17404538 2.19895389
3740 695 0.34021308 2.69884717
3750 695 0.52257025 3.18133641
3760 695 0.70546399 3.66466950
3770 695 0.89962060 4.17876211
3780 695 1.10473279 4.72499465
3790 695 1.31068884 5.27069063
3800 695 1.49256799 5.80088491
3810 695 1.66348181 6.32501607
3820 695 1.83470293 6.84776680
3830 695 1.96195053 7.44113856
3840 695 2.08374962 8.04271481
3850 695 2.25325862 8.63173068
3860 695 2.49440812 9.20482048
3870 695 2.73555762 9.77791028
3780 700 -0.99802568 0.13568623
3790 700 -0.98611405 0.48243558
3800 700 -0.90464963 0.85843232
3810 700 -0.77533383 1.25377448
3820 700 -0.63497466 1.65157506
3830 700 -0.46639244 2.05276085
3840 700 -0.29865408 2.45448319
3850 700 -0.17748424 2.89292574
3860 700 -0.07610857 3.34869430
3870 700 0.03078878 3.80569206
3880 700 0.15425120 4.26637745
3890 700 0.27717705 4.72621898
3900 700 0.41222428 5.17716825
3910 700 0.55095427 5.62459086
3920 700 0.69022081 6.07285734
3930 700 0.84237455 6.51529970
3940 700 0.99475754 6.95996634
3950 700 1.14598449 7.41958837
3960 700 1.29674804 7.88780023
3970 700 1.44781890 8.35463167
3840 702 -0.38629869 -0.46776311
3850 702 -0.36229008 -0.06471399
3860 702 -0.34632986 0.32567718
3870 702 -0.33458408 0.70571276
3880 702 -0.32314560 1.08712875
3890 702 -0.26540200 1.52086909
3900 702 -0.20336593 1.96136032
3910 702 -0.16049968 2.39033990
3920 702 -0.16456290 2.79583280
3930 702 -0.16778226 3.20078914
3940 702 -0.13518869 3.61734005
3950 702 -0.08633735 4.03895901
3960 702 -0.03832988 4.46111453
3970 702 -0.01041414 4.87589967
3980 702 0.01750161 5.29068480
3990 702 0.04541735 5.70546994
4000 702 -0.01463833 6.12167940
4010 702 -0.07415745 6.53873273
4020 702 -0.11872606 6.96998050
4030 702 -0.12879387 7.43498764
3870 706 -0.62396543 0.92526328
3880 706 -0.62243379 1.34141909
3890 706 -0.64445714 1.78203227
3900 706 -0.66678778 2.22402587
3910 706 -0.75661277 2.66982904
3920 706 -0.85364718 3.11547613
3930 706 -0.92414139 3.55254313
3940 706 -0.93235075 3.97015253
3950 706 -0.93971625 4.38722536
3960 706 -0.95513991 4.81771707
3970 706 -0.98284103 5.26431045
3980 706 -1.01000559 5.71174769
3990 706 -1.03019000 6.15711674
4000 706 -1.04224308 6.59850061
4010 706 -1.05460347 7.04126491
4020 706 -1.03257525 7.40765235
4030 706 -1.00156697 7.75647965
4040 706 -0.97109525 8.10446309
4050 706 -0.94008697 8.45329039
4060 706 -1.03666286 8.69837629
