2080 768 0.00000000 0.00000000
2090 768 -0.00000000 0.20708694
2100 768 -0.00078228 0.41479680
2110 768 0.00121688 0.63563159
2120 768 0.00982196 0.90489531
2130 768 0.01904997 1.17494132
2140 768 0.02749570 1.44561025
2150 768 0.04302541 1.69146351
2160 768 0.06138002 1.93123238
2170 768 0.07973463 2.17100124
2180 768 0.08823830 2.41605774
2190 768 0.01513857 2.69669350
2200 768 -0.05655596 2.97748861
2210 768 -0.12965569 3.25812437
2220 768 -0.21814027 3.50499170
2230 768 -0.31672205 3.72794154
2240 768 -0.41608612 3.95151431
2250 768 -0.51545018 4.17508708
2260 768 -0.61403197 4.39803692
2270 768 -0.71058562 4.62192839
2040 765 -0.05357170 -0.20533405
2050 765 0.00873546 -0.06448017
2060 765 -0.07990847 0.04573442
2070 765 -0.18587845 0.15184927
2080 765 -0.26897399 0.29471680
2090 765 -0.33044093 0.47277245
2100 765 -0.39128494 0.65161039
2110 765 -0.40769834 0.86537568
2120 765 -0.41147936 1.08697826
2130 765 -0.41604266 1.30920377
2140 765 -0.44264018 1.53747022
2150 765 -0.48392719 1.76976396
2160 765 -0.52521420 2.00205770
2170 765 -0.56822512 2.23700251
2180 765 -0.62391188 2.48331935
2190 765 -0.67959863 2.72963618
2200 765 -0.73528539 2.97595302
2210 765 -0.78691588 3.22415313
2220 765 -0.80923984 3.49631419
2230 765 -0.83218672 3.76769296
2110 770 -0.03488390 -0.04380769
2120 770 0.00150661 0.16242454
2130 770 0.03867941 0.36803383
2140 770 0.04889251 0.54781340
2150 770 0.05412220 0.72133473
2160 770 0.05872896 0.89407377
2170 770 0.03746253 1.04395285
2180 770 0.00014487 1.17849055
2190 770 -0.03639051 1.31240532
2200 770 -0.07370817 1.44694302
2210 770 -0.13239367 1.63812360
2220 770 -0.19186145 1.82992710
2230 770 -0.24992402 2.02188995
2240 770 -0.30985537 2.21150597
2250 770 -0.38382430 2.39312534
2260 770 -0.45638803 2.57490407
2270 770 -0.53035696 2.75652344
2280 770 -0.65243613 2.94193832
2290 770 -0.80763182 3.13071411
2300 770 -0.96282750 3.31948990
2120 774 0.01229918 -0.53518103
2130 774 0.04992106 -0.32098113
2140 774 0.08676066 -0.10615831
2150 774 0.12375962 0.10725930
2160 774 0.05019631 0.31667859
2170 774 -0.03679614 0.52528663
2180 774 -0.12362924 0.73248946
2190 774 -0.18593640 0.93678047
2200 774 -0.24964877 1.14091213
2210 774 -0.31257886 1.34442086
2220 774 -0.37550896 1.54792959
2230 774 -0.46221167 1.69750445
2240 774 -0.55512917 1.83285341
2250 774 -0.64866959 1.96742008
2260 774 -0.74236937 2.10339196
2270 774 -0.84906369 2.25354628
2280 774 -0.97673471 2.42551753
2290 774 -1.10456508 2.59889399
2300 774 -1.23223609 2.77086525
2310 774 -1.40903141 2.91164670
