3560 686 0.00000000 0.00000000
3570 686 -0.00000000 0.04850773
3580 686 -0.00000000 0.09701546
3590 686 0.00014431 0.14651273
3600 686 0.00113384 0.19487615
3610 686 0.02129557 0.27076096
3620 686 0.12169194 0.46025653
3630 686 0.22293353 0.64861825
3640 686 0.31357888 0.79203869
3650 686 0.40434791 0.92937762
3660 686 0.49412742 1.06686086
3670 686 0.61763350 1.17921408
3680 686 0.74917954 1.28433135
3690 686 0.88171512 1.38930431
3700 686 0.94863228 1.44624368
3710 686 1.00959164 1.49697786
3720 686 1.06956146 1.54785635
3730 686 1.13052082 1.59859053
3740 686 1.19049064 1.64946902
3750 686 1.20042720 1.66216802
3380 439 2.15563575 1.04688466
3390 439 2.19224847 1.04154531
3400 439 2.22886119 1.03620595
3410 439 2.26547391 1.03086660
3420 439 2.29262423 1.02993891
3430 439 2.30792076 1.03781394
3440 439 2.32208345 1.04484375
3450 439 2.33624614 1.05187356
3460 439 2.35055314 1.05989290
3470 439 2.36570536 1.06677840
3480 439 2.37986805 1.07380821
3490 439 2.39417505 1.08182755
3500 439 2.40833774 1.08885735
3510 439 2.42348996 1.09574285
3520 439 2.43779696 1.10376219
3530 439 2.45195965 1.11079200
3540 439 2.46612234 1.11782181
3550 439 2.48141887 1.12569684
3560 439 2.49558156 1.13272665
3570 439 2.50974425 1.13975646
3520 428 -1.26536530 0.60897509
3530 428 -1.20158165 0.56127135
3540 428 -1.18954233 0.56760024
3550 428 -1.17849255 0.57407344
3560 428 -1.16645323 0.58040232
3570 428 -1.15540345 0.58687552
3580 428 -1.14336413 0.59320441
3590 428 -1.13231434 0.59967760
3600 428 -1.12027503 0.60600649
3610 428 -1.10922524 0.61247968
3620 428 -1.09704162 0.61979811
3630 428 -1.08599183 0.62627130
3640 428 -1.07395251 0.63260019
3650 428 -1.06290273 0.63907338
3660 428 -1.05086341 0.64540227
3670 428 -1.03981363 0.65187547
3680 428 -1.02777431 0.65820435
3690 428 -1.01672452 0.66467755
3700 428 -1.00468520 0.67100644
3710 428 -0.97716382 0.70034197
3530 669 1.47378568 0.20345210
3540 669 1.48265025 0.23651900
3550 669 1.49137051 0.26859636
3560 669 1.50009077 0.30067372
3570 669 1.50796580 0.33388492
3580 669 1.50835749 0.41972691
3590 669 1.49497818 0.58438107
3600 669 1.48273271 0.74988046
3610 669 1.43154499 0.80080018
3620 669 1.37093610 0.82176591
3630 669 1.30933767 0.84287595
3640 669 1.25959302 0.85518326
3650 669 1.22423784 0.85528634
3660 669 1.18987218 0.85524511
3670 669 1.15437268 0.85435865
3680 669 1.11887319 0.85347220
3690 669 1.08450753 0.85343097
3700 669 1.04900804 0.85254451
3710 669 1.01464238 0.85250328
3720 669 0.92867670 0.85897647
3530 888 -0.17065321 0.93642804
3540 888 -0.16125265 0.95931099
3550 888 -0.15170778 0.98318348
3560 888 -0.14230721 1.00606643
3570 888 -0.13290665 1.02894938
3580 888 -0.12350609 1.05183233
3590 888 -0.11297168 1.07556050
3600 888 -0.10357112 1.09844345
3610 888 -0.09417056 1.12132640
3620 888 -0.08462569 1.14519889
3630 888 -0.07522512 1.16808184
3640 888 -0.06582456 1.19096479
3650 888 -0.05627969 1.21483727
3660 888 -0.04687912 1.23772022
3670 888 -0.03648903 1.26045887
3680 888 -0.02708847 1.28334182
3690 888 -0.01754360 1.30721430
3700 888 -0.00814303 1.33009725
3710 888 0.00125753 1.35298020
3720 888 0.01080240 1.37685268
3720 429 -0.88517848 0.81830254
3730 429 -0.79304884 0.93725266
3740 429 -0.67632518 1.05160556
3750 429 -0.49967292 1.15418715
3760 429 -0.32386590 1.25790257
3770 429 -0.14820318 1.36062846
3780 429 0.01006025 1.55886490
3790 429 0.16704554 1.75526659
3800 429 0.32574189 1.95647163
3810 429 0.48107795 2.16928306
3820 429 0.63754785 2.38293973
3830 429 0.80515000 2.58284600
3840 429 0.98303917 2.77013573
3850 429 1.16078403 2.95643593
3860 429 1.32989110 3.13894292
3870 429 1.47916627 3.31019397
3880 429 1.62858575 3.48243456
3890 429 1.77786092 3.65368561
3900 429 1.94622584 3.77566617
3910 429 2.11444644 3.89665719
3730 670 0.83083663 0.86718135
3740 670 0.73285225 0.87439670
3750 670 0.62054026 0.86652166
3760 670 0.48722130 0.83240339
3770 670 0.35489188 0.79814081
3780 670 0.21318251 0.74806632
3790 670 0.04015855 0.62878636
3800 670 -0.13272111 0.51049594
3810 670 -0.29628267 0.38680432
3820 670 -0.37396101 0.22835535
3830 670 -0.45262888 0.07005069
3840 670 -0.53045152 -0.08938781
3850 670 -0.67063536 -0.19829829
3860 670 -0.85145190 -0.27399756
3870 670 -1.03226844 -0.34969683
3880 670 -1.15884620 -0.49697232
3890 670 -1.27965168 -0.65317423
3900 670 -1.40016855 -0.80739707
3910 670 -1.57898541 -0.97332938
3920 670 -1.78241690 -1.14173552
3740 435 -0.84559716 0.56999161
3750 435 -0.71786495 0.72518337
3760 435 -0.59363733 0.84248426
3770 435 -0.46926540 0.96077468
3780 435 -0.34503778 1.07807557
3790 435 -0.17360119 1.23497839
3800 435 0.00350460 1.39610734
3810 435 0.18061038 1.55723630
3820 435 0.38488710 1.77301633
3830 435 0.60637756 2.02367741
3840 435 0.82702280 2.27547232
3850 435 1.03865917 2.49321081
3860 435 1.24202881 2.68891157
3870 435 1.44638799 2.88446802
3880 435 1.62666853 3.06736670
3890 435 1.75198876 3.21987847
3900 435 1.87815421 3.37125641
3910 435 2.00333014 3.52277864
3920 435 2.09040904 3.60709510
3930 435 2.16895322 3.67446580
