4090 712 0.00000000 0.00000000
4100 712 0.00000000 0.21253235
4110 712 -0.05460345 0.46705831
4120 712 -0.12456927 0.73101812
4130 712 -0.18426371 1.00852411
4140 712 -0.22062053 1.31661368
4150 712 -0.25746669 1.62337639
4160 712 -0.29733826 1.86267173
4170 712 -0.34000941 2.08415801
4180 712 -0.35907945 2.28789640
4190 712 -0.28863371 2.42169250
4200 712 -0.21909606 2.55506985
4210 712 -0.14955841 2.68844719
4220 712 -0.12618314 2.83357333
4230 712 -0.10280788 2.97869947
4240 712 -0.08034071 3.12340685
4250 712 -0.05299429 3.23842934
4260 712 -0.01241693 3.23401590
4270 712 0.02816042 3.22960245
4280 712 0.06873777 3.22518901
3910 644 0.82030335 2.32850669
3920 644 0.73553508 2.39292982
3930 644 0.65167491 2.45777172
3940 644 0.63009702 2.46874416
3950 644 0.62548595 2.46441541
3960 644 0.62003737 2.46190285
3970 644 0.61409945 2.45806344
3980 644 0.60906963 2.45464278
3990 644 0.60403981 2.45122213
4000 644 0.59900998 2.44780147
4010 644 0.59307207 2.44396205
4020 644 0.58804224 2.44054140
4030 644 0.58301242 2.43712074
4040 644 0.57798260 2.43370009
4050 644 0.57295278 2.43027943
4060 644 0.56701486 2.42644002
4070 644 0.56156627 2.42392746
4080 644 0.55653645 2.42050680
4090 644 0.55150663 2.41708615
4100 644 0.54647681 2.41366549
3920 430 -0.15158163 0.56989912
3930 430 -0.11354036 0.71187751
3940 430 -0.08618923 0.84121782
3950 430 -0.05751124 0.97006879
3960 430 -0.02883326 1.09891976
3970 430 -0.00106337 1.22735197
3980 430 0.13418663 1.33046569
3990 430 0.26985539 1.43267131
4000 430 0.45080666 1.39608393
4010 430 0.65087503 1.29893637
4020 430 0.83279087 1.22204925
4030 430 0.99522731 1.16591192
4040 430 1.14782055 1.12395595
4050 430 1.26180791 1.13467432
4060 430 1.37446840 1.14588202
4070 430 1.48803699 1.15750849
4080 430 1.60160559 1.16913495
4090 430 1.71468484 1.17943456
4100 430 1.82259312 1.18184361
4110 430 1.93092016 1.18334456
3940 436 -0.03111526 0.31821509
3950 436 -0.00160917 0.41661422
3960 436 0.05107928 0.49817357
3970 436 0.20571456 0.50671345
3980 436 0.35902299 0.51574266
3990 436 0.50507134 0.53573962
4000 436 0.62305809 0.60226125
4010 436 0.74013674 0.66836413
4020 436 0.85812348 0.73488577
4030 436 0.97792171 0.78792711
4040 436 1.10127234 0.81177289
4050 436 1.22371488 0.83519991
4060 436 1.34706551 0.85904569
4070 436 1.47041615 0.88289147
4080 436 1.58956977 0.88718258
4090 436 1.70151979 0.86172293
4100 436 1.81437790 0.83668204
4110 436 1.92723601 0.81164114
4120 436 2.06189316 0.81096830
4130 436 2.21793058 0.83557162
3950 455 -0.81552761 3.49025453
3960 455 -0.76127705 3.43708616
3970 455 -0.70660772 3.38300968
3980 455 -0.65899144 3.33228799
3990 455 -0.67171421 3.29778972
4000 455 -0.68352888 3.26371020
4010 455 -0.69625165 3.22921192
4020 455 -0.70897442 3.19471364
4030 455 -0.72169719 3.16021537
4040 455 -0.73351186 3.12613585
4050 455 -0.73833936 3.10078441
4060 455 -0.73757712 3.08241545
4070 455 -0.73772298 3.06362772
4080 455 -0.73654199 3.04435065
4090 455 -0.73577975 3.02598168
4100 455 -0.73550685 3.00628586
4110 455 -0.73474461 2.98791689
4120 455 -0.73489048 2.96912916
4130 455 -0.73370948 2.94985210
4140 455 -0.73294724 2.93148313
3970 459 -1.18691578 3.39057089
3980 459 -1.11231537 3.41506128
3990 459 -1.03771496 3.43955167
4000 459 -1.03749382 3.47489217
4010 459 -1.05508173 3.51303224
4020 459 -1.07266964 3.55117232
4030 459 -1.09067631 3.59022049
4040 459 -1.10826422 3.62836057
4050 459 -1.12585213 3.66650064
4060 459 -1.06049267 3.62506225
4070 459 -0.97565382 3.56287407
4080 459 -0.89032564 3.50201274
4090 459 -0.80457869 3.44024332
4100 459 -0.74138360 3.40111046
4110 459 -0.77070149 3.45035943
4120 459 -0.79869253 3.49911907
4130 459 -0.82668356 3.54787870
4140 459 -0.85467459 3.59663834
4150 459 -0.85719656 3.57345128
4160 459 -0.84680755 3.51987826
3980 442 0.98082009 2.59413684
3990 442 0.94633593 2.64981307
4000 442 0.89901608 2.75242804
4010 442 0.85211498 2.85413491
4020 442 0.80521389 2.95584177
4030 442 0.75831279 3.05754864
4040 442 0.71009425 3.18838049
4050 442 0.66069471 3.33848940
4060 442 0.61262203 3.48810898
4070 442 0.56322249 3.63821789
4080 442 0.53881680 3.75800671
4090 442 0.52474364 3.86494102
4100 442 0.51018115 3.97054847
4110 442 0.49610800 4.07748278
4120 442 0.47875065 4.17959900
4130 442 0.45174770 4.25964799
4140 442 0.42474475 4.33969698
4150 442 0.39683370 4.41932721
4160 442 0.36983076 4.49937620
4170 442 0.34282781 4.57942519
3980 463 -0.94541372 3.98206202
3990 463 -0.91733799 3.97849079
4000 463 -0.88926227 3.97491957
4010 463 -0.86118654 3.97134835
4020 463 -0.83352958 3.96868523
4030 463 -0.80636195 3.96469525
4040 463 -0.77828622 3.96112403
4050 463 -0.75098214 3.94728613
4060 463 -0.72689640 3.91654728
4070 463 -0.70190256 3.88622719
4080 463 -0.67690871 3.85590710
4090 463 -0.65191487 3.82558701
4100 463 -0.62692103 3.79526692
4110 463 -0.60192719 3.76494683
4120 463 -0.58112565 3.72938989
4130 463 -0.57716390 3.67065060
4140 463 -0.57271281 3.61323816
4150 463 -0.56875106 3.55449887
4160 463 -0.56429997 3.49708644
4170 463 -0.56033822 3.43834714
3990 475 -2.04819642 2.39985112
4000 475 -1.97467820 2.53176045
4010 475 -1.90115998 2.66366978
4020 475 -1.82764176 2.79557911
4030 475 -1.77229960 2.87615979
4040 475 -1.71653868 2.95583236
4050 475 -1.66119652 3.03641304
4060 475 -1.61368845 3.08144618
4070 475 -1.57135607 3.10427094
4080 475 -1.52993179 3.12667694
4090 475 -1.48808875 3.14817485
4100 475 -1.44666447 3.17058085
4110 475 -1.40524019 3.19298685
4120 475 -1.36381591 3.21539285
4130 475 -1.32197286 3.23689075
4140 475 -1.30848315 3.26733788
4150 475 -1.29499344 3.29778501
4160 475 -1.28241183 3.32781338
4170 475 -1.26892212 3.35826051
4180 475 -1.25501365 3.38779954
4080 709 -0.06899185 0.25229571
4090 709 -0.01976640 0.42255685
4100 709 0.02855095 0.59239923
4110 709 0.03377839 0.77210363
4120 709 0.03858707 0.95271614
4130 709 0.04290641 1.13200178
4140 709 -0.00587675 1.45748635
4150 709 -0.05424115 1.78206282
4160 709 -0.09248945 2.07276209
4170 709 -0.11538949 2.31107405
4180 709 -0.13738144 2.54980477
4190 709 -0.10464760 2.69374050
4200 709 -0.04678347 2.79750823
4210 709 0.00975381 2.90176530
4220 709 0.04007860 2.94107696
4230 709 0.05747360 2.95350331
4240 709 0.07577670 2.96634841
4250 709 0.09317170 2.97877475
4260 709 0.11147479 2.99161986
4270 709 0.13019665 3.00355686
4110 645 0.54053889 2.40982608
4120 645 0.53550906 2.40640542
4130 645 0.53047924 2.40298476
4140 645 0.52544942 2.39956411
4150 645 0.52041960 2.39614345
4160 645 0.51448168 2.39230404
4170 645 0.50945185 2.38888338
4180 645 0.50442203 2.38546273
4190 645 0.49897345 2.38295017
4200 645 0.49303553 2.37911075
4210 645 0.48800571 2.37569010
4220 645 0.48297588 2.37226944
4230 645 0.47794606 2.36884878
4240 645 0.47291624 2.36542813
4250 645 0.46697832 2.36158871
4260 645 0.46194850 2.35816806
4270 645 0.45691868 2.35474740
4280 645 0.45188885 2.35132675
4290 645 0.44644027 2.34881419
4300 645 0.44092111 2.34406667
4190 476 -1.24243203 3.41782791
4200 476 -1.22894232 3.44827504
4210 476 -1.21545261 3.47872217
4220 476 -1.20245224 3.50784245
4230 476 -1.18896252 3.53828957
4240 476 -1.17547281 3.56873670
4250 476 -1.15185288 3.60826010
4260 476 -1.11251299 3.66384223
4270 476 -1.07366243 3.71809750
4280 476 -1.03390378 3.77277152
4290 476 -0.99505322 3.82702679
4300 476 -0.95571333 3.88260892
4310 476 -0.92224548 3.92226877
4320 476 -0.89296994 3.95669176
4330 476 -0.86236754 3.99062542
4340 476 -0.83267324 4.02414032
4350 476 -0.80248960 4.05898207
4360 476 -0.77279529 4.09249697
4370 476 -0.74219289 4.12643063
4380 476 -0.71249859 4.15994552
