940 523 0.00000000 0.00000000
950 523 -0.00000000 0.39445786
960 523 -0.00095067 0.78996272
970 523 -0.07219276 1.20187238
980 523 -0.16027061 1.61759740
990 523 -0.18032091 1.96997217
1000 523 -0.15435363 2.28008135
1010 523 -0.06760165 2.58425580
1020 523 0.07793735 2.88259185
1030 523 0.22857955 3.20370854
1040 523 0.38432496 3.54760586
1050 523 0.54011854 3.89250202
1060 523 0.68474489 4.25495646
1070 523 0.83032191 4.61636389
1080 523 0.99648922 4.96876909
1090 523 1.20968563 5.29988431
1100 523 1.42388088 5.63095136
1110 523 1.65483838 5.91515663
1120 523 1.91238934 6.12799812
1130 523 2.16994031 6.34083962
830 834 0.98354740 3.62082788
840 834 0.96695248 3.62963744
850 834 0.94931054 3.63749632
860 834 0.93166860 3.64535521
870 834 0.91402667 3.65321410
880 834 0.89743174 3.66202366
890 834 0.87978980 3.66988255
900 834 0.86219604 3.67874027
910 834 0.84555294 3.68655099
920 834 0.82791101 3.69440988
930 834 0.82752567 3.68641917
940 834 0.82709216 3.67742961
950 834 0.82670682 3.66943890
960 834 0.82627331 3.66044935
970 834 0.82588798 3.65245863
980 834 0.82545447 3.64346908
990 834 0.82506913 3.63547836
1000 834 0.82463562 3.62648881
1010 834 0.82425028 3.61849810
1020 834 0.82381678 3.60950854
840 510 -0.51325889 0.02775455
850 510 -0.53420156 0.32010264
860 510 -0.55514422 0.61245073
870 510 -0.57384838 0.90969668
880 510 -0.56665369 1.24574018
890 510 -0.56040968 1.58283069
900 510 -0.59620311 1.85787401
910 510 -0.65903872 2.09117143
920 510 -0.72287317 2.32451702
930 510 -0.75930545 2.56555164
940 510 -0.75510982 2.81864332
950 510 -0.75091419 3.07173500
960 510 -0.74758557 3.30684757
970 510 -0.74541297 3.51798799
980 510 -0.74328853 3.72812958
990 510 -0.75167219 3.86569307
1000 510 -0.77066028 3.92868079
1010 510 -0.78964836 3.99166851
1020 510 -0.80958712 4.05570323
1030 510 -0.82857521 4.11869095
970 526 0.86241152 -0.30289167
980 526 0.72684317 -0.00001014
990 526 0.59132299 0.30387023
1000 526 0.45475581 0.60679993
1010 526 0.31206376 0.92804591
1020 526 0.16842103 1.25033890
1030 526 0.02482648 1.57363072
1040 526 -0.00791973 1.93262471
1050 526 -0.02943787 2.29608306
1060 526 -0.00130305 2.65114000
1070 526 0.09931352 2.99369117
1080 526 0.16787091 3.33578602
1090 526 0.22349156 3.67950588
1100 526 0.25726956 4.00625815
1110 526 0.21100607 4.27179476
1120 526 0.16379190 4.53837837
1130 526 0.21005793 4.75039595
1140 526 0.27867109 4.94832077
1150 526 0.39994640 5.15872347
1160 526 0.59819318 5.38743992
990 528 0.95439600 -0.07706020
1000 528 0.88631775 0.29665273
1010 528 0.81828767 0.67136450
1020 528 0.74872891 1.03513720
1030 528 0.67907381 1.39691222
1040 528 0.60841988 1.75873541
1050 528 0.53250556 2.07375766
1060 528 0.45601323 2.37679384
1070 528 0.38541760 2.67754333
1080 528 0.34530432 2.96681124
1090 528 0.30519103 3.25607915
1100 528 0.32757112 3.53332296
1110 528 0.35095004 3.81051861
1120 528 0.42289942 4.09838713
1130 528 0.54551328 4.39882987
1140 528 0.65665824 4.68981406
1150 528 0.75638245 4.97233854
1160 528 0.86942875 5.26122872
1170 528 1.00826487 5.56589498
1180 528 1.14714917 5.87156008
1060 536 0.99976713 -0.40262349
1070 536 0.87591360 0.08090345
1080 536 0.75210823 0.56542923
1090 536 0.62825470 1.04895617
1100 536 0.48816622 1.50723580
1110 536 0.34807774 1.96551542
1120 536 0.18396896 2.42395223
1130 536 -0.07631741 2.88102007
1140 536 -0.33755444 3.33913492
1150 536 -0.57898200 3.83433864
1160 536 -0.79950493 4.36858076
1170 536 -1.02002785 4.90282288
1180 536 -1.21870814 5.45403259
1190 536 -1.33425407 6.06831114
1200 536 -1.44975183 6.68358853
1210 536 -1.53552526 7.29242670
1220 536 -1.57564108 7.89305614
1230 536 -1.61580506 8.49268674
1240 536 -1.64807467 9.08993432
1250 536 -1.66070466 9.67922668
1080 311 -0.76236028 3.81014341
1090 311 -0.65005170 3.97993088
1100 311 -0.48095379 4.14397629
1110 311 -0.30486400 4.30768452
1120 311 -0.14829468 4.44029691
1130 311 -0.07151588 4.45461530
1140 311 0.00526292 4.46893369
1150 311 0.08204172 4.48325207
1160 311 0.15882052 4.49757046
1170 311 0.26415750 4.54355002
1180 311 0.39805266 4.62119076
1190 311 0.53194783 4.69883150
1200 311 0.66489232 4.77751925
1210 311 0.83534906 4.90745962
1220 311 1.00480696 5.03744816
1230 311 1.17526370 5.16738853
1240 311 1.33120685 5.28701601
1250 311 1.47258824 5.39533177
1260 311 1.61501664 5.50459819
1270 311 1.75639803 5.61291395
1080 317 -1.14730127 4.13205866
1090 317 -0.97087431 4.30275877
1100 317 -0.79326852 4.45638228
1110 317 -0.61348506 4.59288102
1120 317 -0.43370159 4.72937976
1130 317 -0.32197356 4.80408483
1140 317 -0.25626565 4.83795917
1150 317 -0.19060591 4.87083467
1160 317 -0.12489801 4.90470901
1170 317 -0.05923827 4.93758451
1180 317 0.05428210 4.98717409
1190 317 0.23906990 5.06135946
1200 317 0.42385770 5.13554482
1210 317 0.60484282 5.21391822
1220 317 0.74884806 5.33512255
1230 317 0.89380398 5.45527987
1240 317 1.03875989 5.57543719
1250 317 1.18371581 5.69559452
1260 317 1.36024924 5.80621977
1270 317 1.54467706 5.91446200
