1460 190 0.00000000 0.00000000
1470 190 0.00000000 0.16279128
1480 190 0.00000000 0.32558255
1490 190 -0.03941243 0.49520467
1500 190 -0.13927036 0.67327317
1510 190 -0.23823758 0.85179625
1520 190 -0.33233353 1.03617345
1530 190 -0.40610898 1.25112969
1540 190 -0.47988443 1.46608592
1550 190 -0.56073029 1.67069762
1560 190 -0.66987619 1.83616718
1570 190 -0.77947665 2.00252744
1580 190 -0.88818641 2.16934227
1590 190 -0.92864926 2.30362465
1600 190 -0.96236729 2.43349033
1610 190 -0.99564917 2.56470130
1620 190 -0.99783602 2.61298398
1630 190 -0.98631206 2.62560136
1640 190 -0.97567881 2.63776418
1650 190 -0.96415485 2.65038156
1280 343 1.68981413 0.30328406
1290 343 1.48584742 0.46976104
1300 343 1.28142615 0.63712873
1310 343 1.07700488 0.80449642
1320 343 0.84288914 0.88485699
1330 343 0.60572041 0.95580060
1340 343 0.36855169 1.02674420
1350 343 0.13095911 1.14911562
1360 343 -0.10727233 1.29473767
1370 343 -0.34550377 1.44035973
1380 343 -0.50427763 1.60407857
1390 343 -0.60769841 1.78032880
1400 343 -0.71335517 1.95656060
1410 343 -0.81723052 2.13370154
1420 343 -0.94680134 2.22699893
1430 343 -1.07942516 2.31087934
1440 343 -1.21161283 2.39610504
1450 343 -1.34423664 2.47998545
1460 343 -1.46107951 2.54834292
1470 343 -1.57250440 2.61048385
1350 355 1.07260661 1.28388943
1360 355 0.82395078 1.50053494
1370 355 0.57574952 1.71628975
1380 355 0.35674516 1.91663217
1390 355 0.18400863 2.09231112
1400 355 0.01081753 2.26888078
1410 355 -0.16102828 2.44501429
1420 355 -0.31803915 2.61187827
1430 355 -0.41167439 2.74035567
1440 355 -0.50396435 2.86839693
1450 355 -0.59714502 2.99598362
1460 355 -0.71532088 3.11755033
1470 355 -0.89193968 3.22164067
1480 355 -1.06810391 3.32484030
1490 355 -1.24472271 3.42893065
1500 355 -1.36960041 3.49543298
1510 355 -1.41397625 3.50758965
1520 355 -1.45878823 3.51840104
1530 355 -1.50405479 3.53010314
1540 355 -1.54932134 3.54180524
1450 200 -0.16207257 -0.90116008
1460 200 -0.16056757 -0.86671106
1470 200 -0.15949872 -0.83360732
1480 200 -0.15753915 -0.80004901
1490 200 -0.15603416 -0.76559999
1500 200 -0.16742298 -0.68608713
1510 200 -0.21010954 -0.49905008
1520 200 -0.25235996 -0.31066775
1530 200 -0.29415581 -0.12317613
1540 200 -0.23593402 0.08392342
1550 200 -0.15269860 0.29480695
1560 200 -0.06857247 0.50614505
1570 200 -0.09748065 0.54079065
1580 200 -0.12504355 0.57500010
1590 200 -0.15306103 0.61010026
1600 200 -0.18151464 0.64385514
1610 200 -0.20907754 0.67806459
1620 200 -0.23664044 0.71227403
1630 200 -0.26554863 0.74691963
1640 200 -0.29311153 0.78112908
1620 196 0.74730662 0.70696663
1630 196 0.63838187 0.84560427
1640 196 0.52596798 0.97347968
1650 196 0.40877497 1.08432100
1660 196 0.29201810 1.19650760
1670 196 0.17482509 1.30734892
1680 196 0.00749426 1.42403821
1690 196 -0.23367960 1.54682735
1700 196 -0.47485345 1.66961648
1710 196 -0.58156679 1.70272636
1720 196 -0.68738941 1.73629082
1730 196 -0.77843237 1.76729371
1740 196 -0.83188118 1.79502861
1750 196 -0.88576613 1.82141823
1760 196 -0.93876037 1.84826242
1770 196 -0.99309989 1.87554275
1780 196 -1.04609413 1.90238694
1790 196 -1.09908837 1.92923113
1800 196 -1.15342789 1.95651146
1810 196 -1.30774206 2.06749407
1650 201 -0.32156514 0.81488396
1660 201 -0.34958261 0.84998412
1670 201 -0.54836476 0.98430335
1680 201 -0.79163332 1.14419521
1690 201 -1.00172443 1.29407425
1700 201 -1.13873423 1.42174694
1710 201 -1.27439875 1.54898348
1720 201 -1.38475478 1.64422814
1730 201 -1.43680303 1.66481893
1740 201 -1.48750599 1.68497357
1750 201 -1.53866352 1.70601892
1760 201 -1.58936648 1.72617357
1770 201 -1.64052401 1.74721892
1780 201 -1.69211769 1.76691899
1790 201 -1.84123501 1.89851695
1800 201 -2.03187791 2.07628446
1810 201 -2.20548672 2.24927285
1820 201 -2.33517426 2.41099527
1830 201 -2.46575250 2.57226313
1840 201 -2.53267255 2.76938671
1650 394 0.91270861 1.74679506
1660 394 0.47648745 1.93058870
1670 394 0.05331981 2.10420365
1680 394 -0.25547438 2.18350151
1690 394 -0.51318474 2.25069798
1700 394 -0.56923197 2.26812521
1710 394 -0.62662448 2.28598857
1720 394 -0.68312628 2.30430651
1730 394 -0.73917351 2.32173373
1740 394 -0.79567531 2.34005167
1750 394 -0.85306782 2.35791503
1760 394 -0.90911505 2.37534226
1770 394 -0.96561685 2.39366019
1780 394 -1.02211865 2.41197812
1790 394 -1.18831920 2.50005410
1800 394 -1.42780377 2.63493233
1810 394 -1.63293147 2.77948553
1820 394 -1.78496050 2.93878768
1830 394 -1.93742567 3.09674454
1840 394 -2.10118752 3.32303431
