1720 569 0.00000000 0.00000000
1730 569 -0.00000000 0.23711811
1740 569 -0.00018556 0.47521886
1750 569 -0.01086378 0.70421444
1760 569 -0.06375304 0.89267326
1770 569 -0.11664229 1.08113208
1780 569 -0.16912668 1.28900317
1790 569 -0.22091100 1.52550134
1800 569 -0.27250976 1.76101687
1810 569 -0.32410852 1.99653241
1820 569 -0.26464870 2.23673759
1830 569 -0.20402068 2.47614571
1840 569 -0.14456087 2.71635089
1850 569 -0.16257299 3.01112803
1860 569 -0.18175330 3.30670225
1870 569 -0.20074805 3.60129383
1880 569 -0.22739722 3.87713947
1890 569 -0.25766062 4.14517889
1900 569 -0.28890665 4.41303274
1910 569 -0.32002194 4.67480523
1590 548 -1.00800819 2.85351038
1600 548 -1.01019697 2.97827099
1610 548 -1.01136095 3.07065954
1620 548 -1.00965715 3.08319338
1630 548 -1.00795336 3.09572722
1640 548 -1.00624957 3.10826106
1650 548 -1.00552841 3.12060933
1660 548 -1.00382462 3.13314317
1670 548 -1.00212082 3.14567701
1680 548 -1.00023147 3.15722822
1690 548 -0.99852768 3.16976205
1700 548 -0.99682389 3.18229589
1710 548 -0.99512009 3.19482973
1720 548 -0.99341630 3.20736357
1730 548 -0.99269514 3.21971184
1740 548 -0.99099135 3.23224568
1750 548 -0.98928756 3.24477952
1760 548 -0.98758377 3.25731336
1770 548 -0.98587997 3.26984719
1780 548 -0.98417618 3.28238103
1600 560 -0.89842989 2.00918012
1610 560 -0.89443188 2.05267743
1620 560 -0.88963680 2.09734293
1630 560 -0.88563879 2.14084024
1640 560 -0.88084371 2.18550574
1650 560 -0.87586307 2.22918861
1660 560 -0.87106799 2.27385412
1670 560 -0.86725555 2.31833406
1680 560 -0.86227491 2.36201693
1690 560 -0.86183631 2.40280673
1700 560 -0.86833096 2.43719887
1710 560 -0.87501118 2.47257365
1720 560 -0.88150583 2.50696579
1730 560 -0.88800048 2.54135793
1740 560 -0.89468070 2.57673271
1750 560 -0.90117535 2.61112485
1760 560 -0.90785557 2.64649963
1770 560 -0.91435022 2.68089177
1780 560 -0.92103044 2.71626654
1790 560 -0.91600762 2.72739180
1720 572 -0.26581689 -0.13364647
1730 572 -0.26646214 0.07994328
1740 572 -0.26827558 0.29433011
1750 572 -0.26892083 0.50791986
1760 572 -0.31391528 0.71924071
1770 572 -0.37008982 0.93048564
1780 572 -0.42607879 1.14074794
1790 572 -0.46994723 1.38382933
1800 572 -0.51020143 1.63471695
1810 572 -0.55027006 1.88462194
1820 572 -0.57530400 2.14652517
1830 572 -0.57762774 2.42289376
1840 572 -0.57995148 2.69926236
1850 572 -0.58246077 2.97661359
1860 572 -0.59583386 3.24682491
1870 572 -0.61000401 3.51586804
1880 572 -0.62435972 3.78589381
1890 572 -0.66108825 4.01811141
1900 572 -0.70780759 4.23317723
1910 572 -0.75372985 4.44941123
1790 549 -0.98247239 3.29491487
1800 549 -0.98076860 3.30744871
1810 549 -0.97906480 3.31998255
1820 549 -0.97834365 3.33233082
1830 549 -0.97663985 3.34486466
1840 549 -0.97493606 3.35739850
1850 549 -0.97323227 3.36993234
1860 549 -0.96876614 3.38400549
1870 549 -0.96252031 3.39943240
1880 549 -0.95529184 3.41504487
1890 549 -0.94886045 3.42948915
1900 549 -0.94261462 3.44491606
1910 549 -0.93636878 3.46034297
1920 549 -0.92993739 3.47478725
1930 549 -0.92369156 3.49021416
1940 549 -0.91726016 3.50465844
1950 549 -0.91101433 3.52008535
1960 549 -0.90476850 3.53551226
1970 549 -0.89833710 3.54995654
1980 549 -0.89209127 3.56538345
1800 561 -0.91061369 2.73655179
1810 561 -0.90423712 2.74589735
1820 561 -0.89865762 2.75407471
1830 561 -0.89228105 2.76342026
1840 561 -0.88688711 2.77258025
1850 561 -0.88051055 2.78192580
1860 561 -0.87394842 2.79028872
1870 561 -0.86855448 2.79944872
1880 561 -0.86217791 2.80879427
1890 561 -0.85659841 2.81697163
1900 561 -0.85022184 2.82631718
1910 561 -0.84482791 2.83547717
1920 561 -0.83845134 2.84482273
1930 561 -0.83188921 2.85318565
1940 561 -0.82649527 2.86234564
1950 561 -0.82011870 2.87169119
1960 561 -0.81453920 2.87986855
1970 561 -0.80816264 2.88921411
1980 561 -0.80178607 2.89855966
1990 561 -0.79639213 2.90771965
1810 576 0.33540247 0.00227735
1820 576 0.15248519 0.08171455
1830 576 -0.02944946 0.16133732
1840 576 -0.21138410 0.24096008
1850 576 -0.31088726 0.32597257
1860 576 -0.40940778 0.41117061
1870 576 -0.50891093 0.49618310
1880 576 -0.54280965 0.53557697
1890 576 -0.51012130 0.52953778
1900 576 -0.47841558 0.52331304
1910 576 -0.44572723 0.51727385
1920 576 -0.41303888 0.51123467
1930 576 -0.38035053 0.50519548
1940 576 -0.34864481 0.49897074
1950 576 -0.29212446 0.44756598
1960 576 -0.21336624 0.34845925
1970 576 -0.13399651 0.25150335
1980 576 -0.05425566 0.15258219
1990 576 -0.05037996 0.14822571
2000 576 -0.05462678 0.15454745
1840 589 1.74052076 0.20859646
1850 589 1.70740646 0.44862030
1860 589 1.65933337 0.66546582
1870 589 1.55572678 0.78837503
1880 589 1.45113755 0.91109868
1890 589 1.29744200 1.09985693
1900 589 1.13039445 1.30542958
1910 589 0.98744459 1.54506543
1920 589 0.84670039 1.78918849
1930 589 0.72703851 2.02406299
1940 589 0.62341505 2.25484250
1950 589 0.52287022 2.48009732
1960 589 0.44114723 2.68651766
1970 589 0.35844162 2.89275243
1980 589 0.26705678 3.11261332
1990 589 0.16059507 3.35303359
2000 589 0.05394780 3.59443648
2010 589 -0.04300388 3.84377635
2020 589 -0.10486335 4.12823796
2030 589 -0.16751989 4.41153138
1910 592 1.41779974 0.09066368
1920 592 1.38320095 0.33854858
1930 592 1.34743396 0.58723055
1940 592 1.24125481 0.79920929
1950 592 1.10548703 0.99542374
1960 592 0.96971925 1.19163819
1970 592 0.86464503 1.45165628
1980 592 0.75938526 1.71265701
1990 592 0.64472510 1.97493558
2000 592 0.51697442 2.24186584
2010 592 0.38805555 2.50959317
2020 592 0.30084163 2.73431240
2030 592 0.21633522 2.95547222
2040 592 0.13299701 3.17583498
2050 592 0.06010928 3.43786051
2060 592 -0.01296400 3.70086867
2070 592 -0.08603729 3.96387684
2080 592 -0.13295062 4.23386043
2090 592 -0.17593342 4.50458627
2100 592 -0.21989885 4.77512654
