1600 392 0.00000000 0.00000000
1610 392 -0.00000000 0.52031241
1620 392 0.00033634 1.04156655
1630 392 0.11717960 1.56793302
1640 392 0.24666911 2.09403041
1650 392 0.40770698 2.54196322
1660 392 0.58946317 2.93789843
1670 392 0.78016591 3.33807147
1680 392 0.98270768 3.74463491
1690 392 1.18585487 4.14992027
1700 392 1.38402427 4.49964285
1710 392 1.58105014 4.82535102
1720 392 1.75567599 5.13888381
1730 392 1.84211445 5.41064362
1740 392 1.93904660 5.65529471
1750 392 2.14226105 5.66235778
1760 392 2.32112474 5.72908692
1770 392 2.40601605 6.03219328
1780 392 2.46184789 6.33718312
1790 392 2.45169053 6.64768889
1460 383 0.64280612 0.18242886
1470 383 0.59370101 0.46118447
1480 383 0.54425956 0.73899833
1490 383 0.49387637 1.01714853
1500 383 0.40885052 1.33209393
1510 383 0.31454180 1.65672582
1520 383 0.22023307 1.98135771
1530 383 0.11334537 2.30942024
1540 383 -0.00955195 2.64320048
1550 383 -0.13339102 2.97731705
1560 383 -0.25662467 3.31015555
1570 383 -0.27424870 3.67111177
1580 383 -0.28077362 4.03341334
1590 383 -0.28602047 4.39632031
1600 383 -0.25971897 4.81485732
1610 383 -0.21303547 5.26965140
1620 383 -0.16601565 5.72538722
1630 383 -0.06995797 6.10733083
1640 383 0.04823064 6.45907144
1650 383 0.16608291 6.80987030
1460 535 1.20973475 2.84910562
1470 535 1.20542965 2.85489060
1480 535 1.20206628 2.86033925
1490 535 1.19776118 2.86612424
1500 535 1.19345607 2.87190923
1510 535 1.20906208 2.90668641
1520 535 1.22372635 2.94179993
1530 535 1.23872695 2.97785519
1540 535 1.25339122 3.01296871
1550 535 1.26805548 3.04808223
1560 535 1.28366149 3.08285941
1570 535 1.29832576 3.11797293
1580 535 1.31299003 3.15308645
1590 535 1.32859604 3.18786364
1600 535 1.34494198 3.25741800
1610 535 1.36175880 3.34910331
1620 535 1.37951737 3.44045227
1630 535 1.39727593 3.53180124
1640 535 1.43097683 3.62913699
1650 535 1.52905253 3.74914182
1520 388 0.79987522 0.90467764
1530 388 0.67193285 1.19459961
1540 388 0.54432682 1.48546333
1550 388 0.40636163 1.79489282
1560 388 0.26355320 2.11454693
1570 388 0.12168651 2.43386470
1580 388 0.00094174 2.77961852
1590 388 -0.06720001 3.18941079
1600 388 -0.13661984 3.59859765
1610 388 -0.19749673 4.00791904
1620 388 -0.25238683 4.41616416
1630 388 -0.30821867 4.82474561
1640 388 -0.30250096 5.18267481
1650 388 -0.25575020 5.50683583
1660 388 -0.20899944 5.83099685
1670 388 -0.17570213 6.17695247
1680 388 -0.14818982 6.53346905
1690 388 -0.11973576 6.88964929
1700 388 -0.11421984 7.19349559
1710 388 -0.10776218 7.49700556
1530 389 1.07775635 1.32893237
1540 389 0.98627285 1.54849277
1550 389 0.89384761 1.76838951
1560 389 0.80142237 1.98828624
1570 389 0.66090102 2.23704064
1580 389 0.44638567 2.53133499
1590 389 0.28595320 2.82542754
1600 389 0.25305951 3.12281618
1610 389 0.21888773 3.41959942
1620 389 0.20442526 3.81022051
1630 389 0.19272076 4.21153710
1640 389 0.19352796 4.59139542
1650 389 0.20321445 4.95746396
1660 389 0.20348352 5.31202979
1670 389 0.16453577 5.62219921
1680 389 0.17469312 5.87660406
1690 389 0.25870996 6.04941370
1700 389 0.36304151 6.24045278
1710 389 0.49703793 6.45806243
1720 389 0.60601092 6.68885646
1590 391 0.25548113 0.20395439
1600 391 0.14307750 0.79308122
1610 391 0.07251413 1.26745008
1620 391 0.04251292 1.62645555
1630 391 0.02253454 1.99568565
1640 391 0.09901744 2.45364128
1650 391 0.17516400 2.91065518
1660 391 0.25480845 3.30907928
1670 391 0.33539466 3.69230097
1680 391 0.44127335 4.11958272
1690 391 0.58461993 4.61312275
1700 391 0.71801094 5.05500151
1710 391 0.83868844 5.41965743
1720 391 0.96091309 5.78269894
1730 391 1.09517858 6.13188339
1740 391 1.22910773 6.48012609
1750 391 1.34884349 6.71132373
1760 391 1.46541768 6.91285650
1770 391 1.59995224 7.11116044
1780 391 1.77451083 7.30260312
