2920 425 0.00000000 0.00000000
2930 425 0.00000000 0.41554302
2940 425 0.00053905 0.83192831
2950 425 0.00138133 1.24693227
2960 425 -0.00923129 1.65145838
2970 425 -0.03753161 2.03762297
2980 425 -0.06498966 2.42324851
2990 425 -0.09275093 2.81025537
3000 425 -0.12607118 3.15332936
3010 425 -0.16929655 3.43269394
3020 425 -0.21252192 3.71205852
3030 425 -0.27319915 3.88624024
3040 425 -0.34105254 4.01396228
3050 425 -0.40920914 4.14306564
3060 425 -0.47706252 4.27078767
3070 425 -0.58975843 4.43789432
3080 425 -0.72135492 4.62184639
3090 425 -0.75029536 4.73060048
3100 425 -0.73422483 4.80579847
3110 425 -0.71845750 4.88237778
2940 431 -0.51570593 0.47608549
2950 431 -0.44583110 0.80416704
2960 431 -0.37733759 1.13194538
2970 431 -0.30800181 1.45918467
2980 431 -0.18354778 1.68703592
2990 431 -0.05222083 1.90336491
3000 431 0.07964518 2.12053617
3010 431 0.09227925 2.40926681
3020 431 0.02688530 2.74674811
3030 431 -0.03473527 3.06044367
3040 431 -0.08217200 3.28314023
3050 431 -0.12906967 3.50667906
3060 431 -0.15895346 3.72526533
3070 431 -0.18102097 3.94122372
3080 431 -0.20339170 4.15856343
3090 431 -0.22886198 4.33395803
3100 431 -0.25564622 4.50544449
3110 431 -0.28243045 4.67693094
3120 431 -0.29816408 4.88052479
3130 431 -0.30709215 5.10588292
