980 743 0.00000000 0.00000000
990 743 0.00000000 0.16200000
1000 743 0.00000000 0.32400000
1010 743 -0.02900000 0.48200000
1020 743 -0.08700000 0.63700000
1030 743 -0.14500000 0.79300000
1040 743 -0.20300000 0.94800000
1050 743 -0.27100000 1.08100000
1060 743 -0.34800000 1.19300000
1070 743 -0.42600000 1.30400000
1080 743 -0.50400000 1.41600000
1090 743 -0.58200000 1.52700000
1100 743 -0.66000000 1.63900000
1110 743 -0.73700000 1.75000000
1120 743 -0.81500000 1.86200000
1130 743 -0.89300000 1.97300000
1140 743 -1.02200000 2.08100000
1150 743 -1.27200000 2.17800000
1160 743 -1.52100000 2.27500000
1170 743 -1.67100000 2.38600000
800 159 -1.33100000 1.26700000
810 159 -1.24400000 1.17700000
820 159 -1.16300000 1.09900000
830 159 -1.08200000 1.02100000
840 159 -1.00100000 0.94300000
850 159 -0.92000000 0.86500000
860 159 -0.85600000 0.79200000
870 159 -0.83200000 0.73100000
880 159 -0.80800000 0.66900000
890 159 -0.78500000 0.60700000
900 159 -0.76100000 0.54600000
910 159 -0.73700000 0.48400000
920 159 -0.71600000 0.42300000
930 159 -0.72000000 0.37000000
940 159 -0.72400000 0.31700000
950 159 -0.72800000 0.26400000
960 159 -0.73200000 0.21100000
970 159 -0.73600000 0.15800000
980 159 -0.75000000 0.08400000
990 159 -0.76800000 0.00000000
810 737 0.02100000 0.02300000
820 737 0.02900000 0.29000000
830 737 0.03800000 0.55800000
840 737 -0.01100000 0.81900000
850 737 -0.11600000 1.07500000
860 737 -0.22100000 1.33100000
870 737 -0.37500000 1.49800000
880 737 -0.54900000 1.62700000
890 737 -0.72400000 1.75700000
900 737 -0.88300000 1.88300000
910 737 -0.98200000 1.99500000
920 737 -1.08100000 2.10800000
930 737 -1.18000000 2.22000000
940 737 -1.18200000 2.38200000
950 737 -1.15900000 2.55600000
960 737 -1.13600000 2.73000000
970 737 -1.11700000 2.91700000
980 737 -1.13400000 3.22000000
990 737 -1.15200000 3.52400000
1000 737 -1.16900000 3.82700000
820 738 -0.31500000 0.28500000
830 738 -0.36700000 0.52400000
840 738 -0.41800000 0.76300000
850 738 -0.46900000 1.00100000
860 738 -0.60300000 1.20300000
870 738 -0.77200000 1.38900000
880 738 -0.94200000 1.57400000
890 738 -1.10500000 1.75700000
900 738 -1.20700000 1.91600000
910 738 -1.30900000 2.07500000
920 738 -1.41100000 2.23500000
930 738 -1.43800000 2.38200000
940 738 -1.44500000 2.52700000
950 738 -1.45300000 2.67200000
960 738 -1.46700000 2.90000000
970 738 -1.48100000 3.12800000
980 738 -1.49600000 3.35600000
990 738 -1.51000000 3.58300000
1000 738 -1.51600000 3.86400000
1010 738 -1.51600000 4.18000000
830 739 -0.45000000 0.03800000
840 739 -0.38200000 0.23400000
850 739 -0.31500000 0.43000000
860 739 -0.30700000 0.61900000
870 739 -0.38800000 0.79600000
880 739 -0.46900000 0.97300000
890 739 -0.56600000 1.14400000
900 739 -0.69700000 1.30000000
910 739 -0.82900000 1.45700000
920 739 -0.95800000 1.61000000
930 739 -1.06300000 1.72900000
940 739 -1.16800000 1.84900000
950 739 -1.24000000 1.98600000
960 739 -1.27700000 2.14000000
970 739 -1.31400000 2.29400000
980 739 -1.34100000 2.45900000
990 739 -1.27900000 2.71900000
1000 739 -1.21700000 2.97900000
1010 739 -1.15500000 3.23900000
1020 739 -1.10900000 3.54100000
890 842 -1.21800000 0.58700000
900 842 -1.25400000 0.66000000
910 842 -1.29100000 0.73300000
920 842 -1.28900000 0.76100000
930 842 -1.26100000 0.75900000
940 842 -1.23300000 0.75700000
950 842 -1.20600000 0.75400000
960 842 -1.17800000 0.75200000
970 842 -1.15000000 0.74900000
980 842 -1.12300000 0.74700000
990 842 -1.09500000 0.74400000
1000 842 -1.06800000 0.74200000
1010 842 -1.04000000 0.74000000
1020 842 -1.05800000 0.74300000
1030 842 -1.09500000 0.74900000
1040 842 -1.13200000 0.75500000
1050 842 -1.17000000 0.76100000
1060 842 -1.20700000 0.76700000
1070 842 -1.24400000 0.77300000
1080 842 -1.28100000 0.77900000
920 740 -0.85400000 -0.39400000
930 740 -0.72000000 -0.24700000
940 740 -0.58600000 -0.09900000
950 740 -0.45200000 0.04800000
960 740 -0.31800000 0.19600000
970 740 -0.18400000 0.34400000
980 740 -0.06500000 0.49100000
990 740 -0.07900000 0.63600000
1000 740 -0.09200000 0.78100000
1010 740 -0.10600000 0.92700000
1020 740 -0.12000000 1.07200000
1030 740 -0.19200000 1.20300000
1040 740 -0.32400000 1.31900000
1050 740 -0.45500000 1.43600000
1060 740 -0.58700000 1.55200000
1070 740 -0.71800000 1.66800000
1080 740 -0.85000000 1.78400000
1090 740 -0.98100000 1.90100000
1100 740 -1.11300000 2.01700000
1110 740 -1.28700000 2.14600000
1000 746 -0.46300000 0.28500000
1010 746 -0.48000000 0.43600000
1020 746 -0.49700000 0.58700000
1030 746 -0.51300000 0.73800000
1040 746 -0.53000000 0.88700000
1050 746 -0.54500000 1.02800000
1060 746 -0.56100000 1.16900000
1070 746 -0.59700000 1.28100000
1080 746 -0.65300000 1.36200000
1090 746 -0.71000000 1.44200000
1100 746 -0.76600000 1.52300000
1110 746 -0.82200000 1.60500000
1120 746 -0.87900000 1.68500000
1130 746 -1.12100000 1.79200000
1140 746 -1.38400000 1.90100000
1150 746 -1.61700000 2.02500000
1160 746 -1.81900000 2.16300000
1170 746 -2.02200000 2.30000000
1180 746 -2.11600000 2.48200000
1190 746 -2.19800000 2.66900000
1090 843 -1.31900000 0.78500000
1100 843 -1.36500000 0.83600000
1110 843 -1.41400000 0.89700000
1120 843 -1.46200000 0.95800000
1130 843 -1.51100000 1.01900000
1140 843 -1.55100000 1.11000000
1150 843 -1.59000000 1.20500000
1160 843 -1.62900000 1.29900000
1170 843 -1.66800000 1.39300000
1180 843 -1.69400000 1.49000000
1190 843 -1.71000000 1.58800000
1200 843 -1.72600000 1.68600000
1210 843 -1.74200000 1.78400000
1220 843 -1.80600000 1.89100000
1230 843 -1.89000000 2.00200000
1240 843 -1.97400000 2.11400000
1250 843 -2.08800000 2.18000000
1260 843 -2.21400000 2.22800000
1270 843 -2.34100000 2.27600000
1280 843 -2.46700000 2.32400000
