2520 776 0.00000000 0.00000000
2530 776 -0.00000000 0.34329288
2540 776 -0.01981107 0.62830607
2550 776 -0.04053390 0.91290854
2560 776 -0.06166746 1.19842277
2570 776 -0.08239029 1.48302523
2580 776 -0.10220136 1.76803843
2590 776 -0.15144212 1.98934217
2600 776 -0.20277729 2.20312173
2610 776 -0.25452319 2.41781305
2620 776 -0.27687146 2.66219913
2630 776 -0.25669627 2.95096713
2640 776 -0.23560932 3.24014587
2650 776 -0.21315036 3.51897484
2660 776 -0.17113958 3.70570752
2670 776 -0.12821705 3.89285093
2680 776 -0.08529452 4.07999434
2690 776 -0.02482428 4.16975152
2700 776 0.04053390 4.23648463
2710 776 0.10630282 4.30230598
2510 772 0.65448489 -0.34020514
2520 772 0.63090152 0.02865775
2530 772 0.60822992 0.39793135
2540 772 0.56806305 0.73300093
2550 772 0.48807596 0.99090608
2560 772 0.40758783 1.24748874
2570 772 0.32709971 1.50407140
2580 772 0.34998687 1.73812519
2590 772 0.44300657 1.95770738
2600 772 0.53511451 2.17687883
2610 772 0.52416759 2.41543316
2620 772 0.51363140 2.65307572
2630 772 0.50268447 2.89163005
2640 772 0.51690557 3.13274778
2650 772 0.63138799 3.38503090
2660 772 0.74587041 3.63731403
2670 772 0.84946126 3.87481968
2680 772 0.85849436 3.97650254
2690 772 0.86793819 4.07727363
2700 772 0.87788305 4.17936722
