2090 246 0.00000000 0.00000000
2100 246 0.00000000 0.54285265
2110 246 -0.00016948 1.08471977
2120 246 -0.01976043 1.59035421
2130 246 -0.04101481 2.09221600
2140 246 -0.06956952 2.58112768
2150 246 -0.12535446 3.01789998
2160 246 -0.18212493 3.45484175
2170 246 -0.23790986 3.89161405
2180 246 -0.45425218 4.08507723
2190 246 -0.73902191 4.17564877
2200 246 -0.96485298 4.15461728
2210 246 -1.15126821 4.06186835
2220 246 -1.21073002 3.81639474
2230 246 -1.25564092 3.55522811
2240 246 -1.44583986 3.33426575
2250 246 -1.73174249 3.14092231
2260 246 -2.08037485 3.02533477
2270 246 -2.52162350 3.02612689
2280 246 -2.85234124 2.97341276
1920 871 -1.21705218 3.89764147
1930 871 -1.05116001 3.67632542
1940 871 -0.92181368 3.41360404
1950 871 -0.79328341 3.15203766
1960 871 -0.66456524 2.92696738
1970 871 -0.53670181 2.79133573
1980 871 -0.40768337 2.65652014
1990 871 -0.29423270 2.53148437
2000 871 -0.30720123 2.50327414
2010 871 -0.32033923 2.47407837
2020 871 -0.33330776 2.44586814
2030 871 -0.34726182 2.41782738
2040 871 -0.36039982 2.38863161
2050 871 -0.37336835 2.36042138
2060 871 -0.38633688 2.33221114
2070 871 -0.39930541 2.30400091
2080 871 -0.41244341 2.27480514
2090 871 -0.42541194 2.24659491
2100 871 -0.43838047 2.21838467
2110 871 -0.47140416 2.12665444
1960 240 2.43400856 -0.59714178
1970 240 2.24354988 -0.07024190
1980 240 2.02597335 0.45827721
1990 240 1.69595193 0.98786844
2000 240 1.36609999 1.51844520
2010 240 1.04056782 1.96203150
2020 240 0.71432644 2.39559298
2030 240 0.38136868 2.80189845
2040 240 0.02981840 3.14138837
2050 240 -0.32057686 3.48169434
2060 240 -0.66284285 3.80436754
2070 240 -0.99340769 4.10067630
2080 240 -1.32495807 4.39715455
2090 240 -1.65273578 4.69196936
2100 240 -1.96365257 4.97272326
2110 240 -2.27555488 5.25364664
2120 240 -2.58647167 5.53440054
2130 240 -2.84654224 5.79220530
2140 240 -3.10644334 6.05099560
2150 240 -3.36651391 6.30880037
2010 242 -0.85374733 -0.00234502
2020 242 -0.97800573 0.51418557
2030 242 -1.10226412 1.03071616
2040 242 -1.20077888 1.50223270
2050 242 -1.26232597 1.90549682
2060 242 -1.32387306 2.30876095
2070 242 -1.38558962 2.71103954
2080 242 -1.45320650 3.08490711
2090 242 -1.52285708 3.44694826
2100 242 -1.59267713 3.80800388
2110 242 -1.66006742 4.13008392
2120 242 -1.72382874 4.39065923
2130 242 -1.78742058 4.65222008
2140 242 -1.92886965 4.92716946
2150 242 -2.14685145 5.21730897
2160 242 -2.36517220 5.50547740
2170 242 -2.53518888 5.75591369
2180 242 -2.68491090 5.98865456
2190 242 -2.83364740 6.22122596
2200 242 -2.98151810 6.49423559
2030 244 -0.36744962 -0.28992029
2040 244 -0.54438529 0.08549650
2050 244 -0.72230650 0.46108276
2060 244 -0.89295871 0.84353645
2070 244 -0.99999143 1.28912146
2080 244 -1.10702416 1.73470646
2090 244 -1.21779824 2.18803758
2100 244 -1.34319875 2.67432424
2110 244 -1.46876873 3.15962536
2120 244 -1.60224142 3.61077172
2130 244 -1.75535479 3.98310665
2140 244 -1.90846816 4.35544157
2150 244 -2.09795789 4.68735669
2160 244 -2.34185833 4.95658628
2170 244 -2.58558929 5.22680141
2180 244 -2.79288680 5.48466328
2190 244 -2.94553411 5.72399526
2200 244 -3.09801195 5.96431278
2210 244 -3.25065927 6.20364476
2220 244 -3.39989866 6.49819799
2140 247 -0.19938191 -0.28026390
2150 247 -0.29376848 0.38637557
2160 247 -0.38815505 1.05301503
2170 247 -0.55996411 1.59395740
2180 247 -0.76542502 2.08082064
2190 247 -0.97145699 2.55256191
2200 247 -1.19445488 2.89023918
2210 247 -1.41745278 3.22791645
2220 247 -1.60167589 3.56095526
2230 247 -1.75878113 3.89237484
2240 247 -1.91605586 4.22280889
2250 247 -2.03930293 4.68031426
2260 247 -2.16255000 5.13781962
2270 247 -2.23713562 5.59507446
2280 247 -2.27933676 6.05183377
2290 247 -2.32136842 6.50957861
2300 247 -2.36564747 6.97785669
2310 247 -2.40941810 7.44909138
2320 247 -2.45417426 7.92049555
2330 247 -2.54016444 8.27012634
