800 37 0.00000000 0.00000000
810 37 -0.00000000 0.01000000
820 37 -0.00060000 0.01920000
830 37 -0.00040000 0.02780000
840 37 -0.00040000 0.03780000
850 37 -0.00020000 0.04640000
860 37 -0.00080000 0.05560000
870 37 0.00000000 0.06500000
880 37 -0.00060000 0.07420000
890 37 0.00020000 0.08360000
900 37 -0.00040000 0.09280000
910 37 -0.20320000 0.24740000
920 37 -0.49280000 0.46460000
930 37 -0.78160000 0.68120000
940 37 -1.08440000 0.88580000
950 37 -1.40020000 1.07640000
960 37 -1.71600000 1.26700000
970 37 -2.03120000 1.45840000
980 37 -2.33520000 1.67640000
990 37 -2.63200000 1.91400000
780 180 2.11620000 -1.85340000
790 180 2.00820000 -1.76240000
800 180 1.90100000 -1.67200000
810 180 1.79380000 -1.58160000
820 180 1.51400000 -1.53800000
830 180 1.16020000 -1.51640000
840 180 0.80700000 -1.49400000
850 180 0.45600000 -1.50700000
860 180 0.10500000 -1.52000000
870 180 -0.17300000 -1.47900000
880 180 -0.28000000 -1.31000000
890 180 -0.38760000 -1.14180000
900 180 -0.44420000 -0.99060000
910 180 -0.46680000 -0.85240000
920 180 -0.48880000 -0.71340000
930 180 -0.62200000 -0.58600000
940 180 -0.76720000 -0.45960000
950 180 -0.91240000 -0.33320000
960 180 -1.08360000 -0.21980000
970 180 -1.28060000 -0.12080000
800 31 0.12960000 -0.49720000
810 31 0.12200000 -0.50400000
820 31 0.11440000 -0.51080000
830 31 0.10680000 -0.51760000
840 31 0.09840000 -0.52380000
850 31 0.09080000 -0.53060000
860 31 0.08320000 -0.53740000
870 31 0.07560000 -0.54420000
880 31 0.06800000 -0.55100000
890 31 -0.14680000 -0.48740000
900 31 -0.38420000 -0.41560000
910 31 -0.62780000 -0.33040000
920 31 -0.92240000 -0.12820000
930 31 -1.21640000 0.07480000
940 31 -1.51100000 0.27700000
950 31 -1.84700000 0.45900000
960 31 -2.19420000 0.63440000
970 31 -2.54080000 0.81060000
980 31 -2.88820000 0.98740000
990 31 -3.28220000 1.22040000
800 43 0.76980000 -0.19360000
810 43 0.73780000 -0.17960000
820 43 0.70520000 -0.16640000
830 43 0.67260000 -0.15320000
840 43 0.64060000 -0.13920000
850 43 0.60800000 -0.12600000
860 43 0.57540000 -0.11280000
870 43 0.54340000 -0.09880000
880 43 0.51000000 -0.08500000
890 43 0.47800000 -0.07100000
900 43 0.44540000 -0.05780000
910 43 0.28700000 0.06600000
920 43 0.09760000 0.21680000
930 43 -0.09120000 0.36840000
940 43 -0.37660000 0.50120000
950 43 -0.75660000 0.61620000
960 43 -1.13720000 0.73040000
970 43 -1.51640000 0.84480000
980 43 -1.98380000 1.06160000
990 43 -2.45120000 1.27840000
800 100 -0.94920000 -1.16560000
810 100 -0.94360000 -1.16480000
820 100 -0.93820000 -1.16260000
830 100 -0.93260000 -1.16180000
840 100 -0.92700000 -1.16100000
850 100 -0.92220000 -1.15960000
860 100 -0.91660000 -1.15880000
870 100 -0.91040000 -1.15720000
880 100 -0.90560000 -1.15580000
890 100 -0.90000000 -1.15500000
900 100 -0.89440000 -1.15420000
910 100 -0.88880000 -1.15340000
920 100 -0.88340000 -1.15120000
930 100 -0.87780000 -1.15040000
940 100 -0.87220000 -1.14960000
950 100 -0.86740000 -1.14820000
960 100 -0.86180000 -1.14740000
970 100 -0.85560000 -1.14580000
980 100 -0.78260000 -1.16180000
990 100 -0.55220000 -1.21460000
