1120 858 0.00000000 0.00000000
1130 858 -0.00000000 0.12306909
1140 858 0.00072317 0.24544750
1150 858 0.00072317 0.36851659
1160 858 0.00003250 0.49086251
1170 858 -0.01515409 0.62843564
1180 858 -0.04552727 0.78051282
1190 858 -0.07662363 0.93328068
1200 858 -0.10699681 1.08535786
1210 858 -0.13737000 1.23743504
1220 858 -0.13658995 1.44964105
1230 858 -0.13508673 1.66115640
1240 858 -0.13430668 1.87336241
1250 858 -0.13280346 2.08487775
1260 858 -0.12995140 2.29925328
1270 858 -0.12640867 2.51435197
1280 858 -0.12286595 2.72945067
1290 858 -0.11093769 2.94898590
1300 858 -0.08161270 3.18094504
1310 858 -0.05087386 3.41293669
1140 524 -3.35861761 1.80136220
1150 524 -3.08510457 1.87201357
1160 524 -2.81300537 1.94263244
1170 524 -2.57958363 1.97275374
1180 524 -2.37240731 1.97539453
1190 524 -2.16523099 1.97803532
1200 524 -2.02444015 1.97632084
1210 524 -1.91327495 1.97109613
1220 524 -1.80214225 1.96728526
1230 524 -1.69028638 1.96278373
1240 524 -1.59099255 1.95092047
1250 524 -1.49515208 1.93544136
1260 524 -1.39931160 1.91996225
1270 524 -1.30350362 1.90589698
1280 524 -1.15836563 1.93045229
1290 524 -0.96327196 1.99717904
1300 524 -0.76814579 2.06249195
1310 524 -0.58895375 2.17482723
1320 524 -0.42494018 2.33208037
1330 524 -0.26095912 2.49074735
1170 179 -1.07427465 2.36454181
1180 179 -1.06072942 2.35990214
1190 179 -1.04859802 2.35522997
1200 179 -1.03505278 2.35059030
1210 179 -1.02492839 2.34092093
1220 179 -1.02431085 2.31405797
1230 179 -1.02297014 2.28650434
1240 179 -1.02232010 2.25822754
1250 179 -1.02170256 2.23136458
1260 179 -1.02036185 2.20381095
1270 179 -1.01971180 2.17553415
1280 179 -1.01909426 2.14867119
1290 179 -1.01775355 2.12111756
1300 179 -1.01641284 2.09356393
1310 179 -1.01576280 2.06528713
1320 179 -0.99723662 1.99781283
1330 179 -0.93839163 1.83790265
1340 179 -0.87954663 1.67799247
1350 179 -0.80380056 1.52129999
1360 179 -0.71190908 1.36992973
1180 182 -1.06233014 2.76797375
1190 182 -1.05088941 2.76257840
1200 182 -1.03944869 2.75718306
1210 182 -1.02942180 2.75175521
1220 182 -1.01798107 2.74635987
1230 182 -1.00654034 2.74096453
1240 182 -0.99509961 2.73556918
1250 182 -0.98438205 2.73086451
1260 182 -0.97363199 2.72474600
1270 182 -0.96219127 2.71935065
1280 182 -0.95075054 2.71395531
1290 182 -0.93930981 2.70855996
1300 182 -0.92928292 2.70313212
1310 182 -0.91784219 2.69773678
1320 182 -0.90640146 2.69234143
1330 182 -0.89496074 2.68694609
1340 182 -0.88493385 2.68151824
1350 182 -0.87349312 2.67612290
1360 182 -0.86205239 2.67072756
1370 182 -0.85061166 2.66533221
1210 755 0.45160813 -1.58456527
1220 755 0.42445265 -1.44938916
1230 755 0.39657400 -1.31352239
1240 755 0.36941852 -1.17834628
1250 755 0.33104983 -1.04767171
1260 755 0.19827075 -0.96372699
1270 755 0.06549167 -0.87978227
1280 755 -0.06801058 -0.79514688
1290 755 -0.11896570 -0.64000638
1300 755 -0.13525736 -0.45436268
1310 755 -0.15085836 -0.26799581
1320 755 -0.12272781 -0.07637986
1330 755 -0.08331906 0.11690994
1340 755 -0.04463347 0.31089042
1350 755 -0.02542474 0.45986366
1360 755 -0.03796242 0.54374337
1370 755 -0.05050009 0.62762309
1380 755 -0.06231459 0.71081214
1390 755 -0.07481976 0.79327801
1400 755 -0.08735744 0.87715773
1250 758 0.57340964 -1.52942551
1260 758 0.69358604 -1.28052466
1270 758 0.81376244 -1.03162381
1280 758 0.90187555 -0.80326427
1290 758 0.91540454 -0.62259339
1300 758 0.92962419 -0.44119934
1310 758 0.84397311 -0.31514819
1320 758 0.69261910 -0.22314296
1330 758 0.54129759 -0.13255157
1340 758 0.38928541 -0.04268334
1350 758 0.23793140 0.04932189
1360 758 0.11215652 0.13625680
1370 758 0.08994948 0.21001212
1380 758 0.06701927 0.28445811
1390 758 0.04412156 0.35749026
1400 758 0.02152450 0.44821166
1410 758 -0.00198263 0.57852059
1420 758 -0.02618042 0.70810634
1430 758 -0.04896437 0.83772459
1440 758 -0.07893940 1.00324951
1290 844 0.66812067 2.47320435
1300 844 0.54917934 2.41671576
1310 844 0.43165186 2.36025966
1320 844 0.32458192 2.31040961
1330 844 0.32231490 2.31672314
1340 844 0.32001538 2.32445051
1350 844 0.31771586 2.33217787
1360 844 0.31544884 2.33849140
1370 844 0.31314931 2.34621877
1380 844 0.31084979 2.35394613
1390 844 0.30785960 2.36095033
1400 844 0.30628325 2.36798703
1410 844 0.30398373 2.37571440
1420 844 0.30168421 2.38344176
1430 844 0.29869402 2.39044596
1440 844 0.29711767 2.39748266
1450 844 0.29481815 2.40521002
1460 844 0.29182796 2.41221422
1470 844 0.29025161 2.41925092
1480 844 0.28795209 2.42697829
1290 867 2.04261694 1.94038168
1300 867 1.92488632 1.86199481
1310 867 1.80715569 1.78360794
1320 867 1.68870190 1.70591175
1330 867 1.57097128 1.62752488
1340 867 1.45324066 1.54913801
1350 867 1.34389557 1.47518768
1360 867 1.31366865 1.43629895
1370 867 1.28416489 1.39671956
1380 867 1.25462864 1.35855400
1390 867 1.22440171 1.31966528
1400 867 1.19486546 1.28149972
1410 867 1.16536170 1.24192033
1420 867 1.13582545 1.20375477
1430 867 1.10559852 1.16486605
1440 867 1.07537160 1.12597732
1450 867 0.97998615 1.24473176
1460 867 0.88318686 1.36345369
1470 867 0.78638757 1.48217563
1480 867 0.62541295 1.50040116
