2020 198 0.00000000 0.00000000
2030 198 -0.00000000 0.30425154
2040 198 0.03627591 0.56882867
2050 198 0.07114837 0.83323161
2060 198 0.10680965 1.09701992
2070 198 0.06222812 1.37008674
2080 198 -0.00129498 1.64650276
2090 198 -0.07097417 1.90362882
2100 198 -0.15922352 2.08648409
2110 198 -0.23915409 2.25398366
2120 198 -0.25517702 2.28548391
2130 198 -0.27119994 2.31698416
2140 198 -0.28722287 2.34848441
2150 198 -0.30324579 2.37998466
2160 198 -0.31926872 2.41148491
2170 198 -0.33529165 2.44298516
2180 198 -0.35131457 2.47448542
2190 198 -0.36733750 2.50598567
2200 198 -0.38336043 2.53748592
2210 198 -0.39938335 2.56898617
1830 585 -0.13690646 3.75515601
1840 585 -0.19534494 3.62320926
1850 585 -0.25378343 3.49126252
1860 585 -0.28992129 3.38630989
1870 585 -0.31543636 3.29336377
1880 585 -0.34235488 3.20024345
1890 585 -0.35784207 3.14131852
1900 585 -0.35723730 3.13070559
1910 585 -0.35663254 3.12009266
1920 585 -0.35681660 3.11009436
1930 585 -0.35621184 3.09948143
1940 585 -0.35560707 3.08886850
1950 585 -0.35500231 3.07825557
1960 585 -0.35518637 3.06825726
1970 585 -0.35458161 3.05764434
1980 585 -0.35397684 3.04703141
1990 585 -0.35337208 3.03641848
2000 585 -0.35276732 3.02580555
2010 585 -0.35216256 3.01519262
2020 585 -0.35234661 3.00519431
1940 219 -1.61986033 0.98958250
1950 219 -1.61792443 0.99694812
1960 219 -1.61677735 1.00492835
1970 219 -1.61563027 1.01290859
1980 219 -1.61307975 1.02106303
1990 219 -1.61254730 1.02825445
2000 219 -1.61078560 1.03702351
2010 219 -1.60884970 1.04438912
2020 219 -1.60770262 1.05236936
2030 219 -1.60576672 1.05973498
2040 219 -1.60461965 1.06771522
2050 219 -1.60347257 1.07569546
2060 219 -1.60153667 1.08306107
2070 219 -1.60038960 1.09104131
2080 219 -1.59924252 1.09902155
2090 219 -1.59730662 1.10638717
2100 219 -1.59615954 1.11436741
2110 219 -1.59501247 1.12234764
2120 219 -1.59246194 1.13050208
2130 219 -1.59131487 1.13848232
1950 599 0.05228568 3.66605867
1960 599 0.08239564 3.59569256
1970 599 0.11312022 3.52611526
1980 599 0.14261555 3.45496032
1990 599 0.17334012 3.38538302
2000 599 0.20345008 3.31501690
2010 599 0.23356003 3.24465078
2020 599 0.25374070 3.25428097
2030 599 0.27471019 3.26329654
2040 599 0.29489086 3.27292673
2050 599 0.31586036 3.28194230
2060 599 0.33604103 3.29157249
2070 599 0.35683632 3.30199150
2080 599 0.37780581 3.31100706
2090 599 0.39798648 3.32063725
2100 599 0.41816715 3.33026744
2110 599 0.43913664 3.33928301
2120 599 0.45931731 3.34891320
2130 599 0.47875189 3.30714841
2140 599 0.49586273 3.21521790
2030 586 -0.35174185 2.99458138
2040 586 -0.35113709 2.98396846
2050 586 -0.35053233 2.97335553
2060 586 -0.35071638 2.96335722
2070 586 -0.35011162 2.95274429
2080 586 -0.34950686 2.94213136
2090 586 -0.34890210 2.93151843
2100 586 -0.29368463 2.88849482
2110 586 -0.11083264 2.77010923
2120 586 0.06746063 2.65400792
2130 586 0.21199893 2.55153022
2140 586 0.35653722 2.44905251
2150 586 0.42791238 2.32751821
2160 586 0.38813937 2.17722480
2170 586 0.34915518 2.02631677
2180 586 0.32240100 1.92039126
2190 586 0.32134595 1.91741018
2200 586 0.32029090 1.91442909
2210 586 0.31985048 1.91223682
2220 586 0.31958425 1.90864112
2050 203 -0.58328382 0.96789978
2060 203 -0.59446864 1.21874814
2070 203 -0.65232537 1.45525311
2080 203 -0.70956748 1.69254689
2090 203 -0.76495258 1.84599230
2100 203 -0.81911828 1.98961359
2110 203 -0.87468744 2.13306069
2120 203 -0.90334136 2.16299316
2130 203 -0.93199528 2.19292563
2140 203 -0.96064920 2.22285809
2150 203 -0.98930313 2.25279056
2160 203 -1.01716823 2.28210841
2170 203 -1.04582215 2.31204088
2180 203 -1.07447607 2.34197335
2190 203 -1.05409162 2.38440535
2200 203 -1.03353298 2.42543390
2210 203 -1.01235971 2.46725127
2220 203 -0.99258988 2.50889444
2230 203 -0.97203123 2.54992300
2240 203 -0.90459690 2.63809675
2050 396 -1.07466670 1.91870516
2060 396 -1.12869108 2.12433435
2070 396 -1.18350428 2.33057817
2080 396 -1.22349093 2.44033275
2090 396 -1.26287282 2.53947440
2100 396 -1.30225470 2.63861606
2110 396 -1.34163659 2.73775771
2120 396 -1.31493171 2.78667447
2130 396 -1.28901566 2.83620585
2140 396 -1.26169616 2.88591143
2150 396 -1.23499128 2.93482820
2160 396 -1.20846060 2.98514840
2170 396 -1.18175572 3.03406516
2180 396 -1.15583967 3.08359655
2190 396 -1.04290022 3.15532995
2200 396 -0.80293431 3.25993090
2210 396 -0.56208754 3.36891638
2220 396 -0.32009370 3.48588210
2230 396 -0.07792565 3.60144438
2240 396 0.16345357 3.71762127
2060 193 -0.23358304 2.00243850
2070 193 -0.39234312 2.19079252
2080 193 -0.52492750 2.32325529
2090 193 -0.65672305 2.45510343
2100 193 -0.78869280 2.58835501
2110 193 -0.85450348 2.65357736
2120 193 -0.87772768 2.67420832
2130 193 -0.89954844 2.69501347
2140 193 -0.92198383 2.71502980
2150 193 -0.94441921 2.73504613
2160 193 -0.96623997 2.75585129
2170 193 -0.98867536 2.77586762
2180 193 -1.01128494 2.79728740
2190 193 -1.03372032 2.81730373
2200 193 -0.96048815 2.91617258
2210 193 -0.87751404 3.02266341
2220 193 -0.79392531 3.12994307
2230 193 -0.63592118 3.18304387
2240 193 -0.45854493 3.22358598
2250 193 -0.28019579 3.27351177
2140 220 -1.59016779 1.14646256
2150 220 -1.58823189 1.15382818
2160 220 -1.58708481 1.16180841
2170 220 -1.58593774 1.16978865
2180 220 -1.58400184 1.17715427
2190 220 -1.58285476 1.18513451
2200 220 -1.58091886 1.19250012
2210 220 -1.57977179 1.20048036
2220 220 -1.57862471 1.20846060
2230 220 -1.57607419 1.21661504
2240 220 -1.57554173 1.22380646
2250 220 -1.57378003 1.23257552
2260 220 -1.52038014 1.31900729
2270 220 -1.39057307 1.52465292
2280 220 -1.29317998 1.77330244
2290 220 -1.24204137 2.08461393
2300 220 -1.16590700 2.39546527
2310 220 -0.98567126 2.69999947
2320 220 -0.79694255 2.98777452
2330 220 -0.52520030 3.12339585
2150 600 0.51376239 3.12267277
2160 600 0.53087324 3.03074225
2170 600 0.54341549 2.92969429
2180 600 0.50975913 2.75308384
2190 600 0.47610277 2.57647340
2200 600 0.44887858 2.43415037
2210 600 0.44220976 2.43047249
2220 600 0.43615556 2.42758343
2230 600 0.42869791 2.42452018
2240 600 0.42281791 2.42022768
2250 600 0.41614908 2.41654980
2260 600 0.40869144 2.41348655
2270 600 0.40202262 2.40980867
2280 600 0.39535379 2.40613079
2290 600 0.38868497 2.40245291
2300 600 0.38201614 2.39877503
2310 600 0.37534732 2.39509716
2320 600 0.36929312 2.39220810
2330 600 0.36262429 2.38853022
2340 600 0.35595547 2.38485234
2160 226 -2.10539279 0.69346896
2170 226 -2.11038208 0.70496274
2180 226 -2.11554557 0.71785996
2190 226 -2.11992024 0.73014256
2200 226 -2.12490954 0.74163634
2210 226 -2.13007303 0.75453357
2220 226 -2.13444770 0.76681617
2230 226 -2.13961119 0.77971339
2240 226 -2.14460048 0.79120717
2250 226 -2.14897515 0.80348977
2260 226 -2.07939128 0.94323269
2270 226 -1.99162508 1.11444629
2280 226 -1.96578791 1.37701521
2290 226 -1.95492847 1.66266373
2300 226 -1.80431954 1.98774671
2310 226 -1.61870668 2.32358725
2320 226 -1.44183000 2.59777814
2330 226 -1.26645866 2.85539392
2340 226 -1.09304294 3.08284059
2350 226 -0.91921638 3.27827428
