1730 390 0.00000000 0.00000000
1740 390 -0.00000000 0.25756164
1750 390 -0.17467663 0.51064281
1760 390 -0.36944166 0.76304840
1770 390 -0.63848405 0.96825365
1780 390 -0.91683683 1.16906383
1790 390 -1.15988544 1.40361739
1800 390 -1.39535529 1.64668929
1810 390 -1.53843171 1.89266924
1820 390 -1.64345900 2.13813669
1830 390 -1.65047091 2.31999607
1840 390 -1.59333508 2.45652261
1850 390 -1.54184061 2.56836768
1860 390 -1.49697756 2.64056399
1870 390 -1.45317834 2.71182848
1880 390 -1.41316461 2.77131715
1890 390 -1.39348001 2.78103910
1900 390 -1.37273157 2.79169286
1910 390 -1.35204915 2.80134880
1920 390 -1.33136672 2.81100474
1600 329 -1.03673434 2.38663255
1610 329 -1.03028540 2.39322126
1620 329 -1.02483428 2.39987598
1630 329 -1.01938315 2.40653070
1640 329 -1.01393203 2.41318541
1650 329 -1.00848091 2.41984013
1660 329 -1.00302979 2.42649485
1670 329 -0.99764467 2.43215175
1680 329 -0.99119573 2.43874046
1690 329 -0.98574460 2.44539518
1700 329 -0.98029348 2.45204990
1710 329 -0.97484236 2.45870461
1720 329 -0.96939124 2.46535933
1730 329 -0.96394012 2.47201405
1740 329 -0.95749117 2.47860276
1750 329 -0.95204005 2.48525748
1760 329 -0.94658893 2.49191220
1770 329 -0.94113781 2.49856691
1780 329 -0.93568668 2.50522163
1790 329 -0.92930375 2.51081253
1680 565 -2.01732290 1.03139969
1690 565 -2.00529083 1.04663876
1700 565 -1.99226094 1.06181183
1710 565 -1.97923104 1.07698490
1720 565 -1.96713297 1.09322179
1730 565 -1.95410308 1.10839485
1740 565 -1.94107319 1.12356792
1750 565 -1.92904112 1.13880699
1760 565 -1.91601123 1.15398006
1770 565 -1.90291533 1.17015094
1780 565 -1.88988544 1.18532401
1790 565 -1.87525594 1.19437815
1800 565 -1.84904085 1.18162004
1810 565 -1.82289177 1.16786411
1820 565 -1.79667669 1.15510600
1830 565 -1.77046160 1.14234789
1840 565 -1.74431252 1.12859196
1850 565 -1.71809744 1.11583385
1860 565 -1.69194836 1.10207792
1870 565 -1.66573328 1.08931981
1800 330 -0.92385262 2.51746724
1810 330 -0.91840150 2.52412196
1820 330 -0.91295038 2.53077668
1830 330 -0.90749926 2.53743140
1840 330 -0.90204814 2.54408612
1850 330 -0.89659701 2.55074083
1860 330 -0.89014807 2.55732955
1870 330 -0.88469695 2.56398426
1880 330 -0.72519339 2.58149464
1890 330 -0.46298819 2.60624211
1900 330 -0.25340730 2.51721488
1910 330 -0.04867573 2.41548001
1920 330 0.08189108 2.43490449
1930 330 0.21338969 2.45326514
1940 330 0.28309728 2.46168254
1950 330 0.26061722 2.45515207
1960 330 0.23906898 2.44755777
1970 330 0.21652292 2.44002947
1980 330 0.19397686 2.43250118
1990 330 0.17143081 2.42497288
1870 866 -2.88642746 2.25543289
1880 866 -2.62470371 2.18199804
1890 866 -2.36590741 2.10975902
1900 866 -2.13638566 2.04947831
1910 866 -1.90686390 1.98919759
1920 866 -1.67634433 1.92885087
1930 866 -1.46178210 1.85452692
1940 866 -1.26962616 1.75963701
1950 866 -1.07647240 1.66468110
1960 866 -0.88431646 1.56979120
1970 866 -0.66224923 1.51802107
1980 866 -0.43785635 1.47110802
1990 866 -0.21246564 1.42412898
2000 866 0.01751037 1.38586629
2010 866 0.27081672 1.38213903
2020 866 0.52418908 1.37940959
2030 866 0.77656361 1.37674615
2040 866 1.03912988 1.34634954
2050 866 1.30489539 1.30371509
2060 866 1.57165871 1.26101463
