1840 589 0.00000000 0.00000000
1850 589 -0.00000000 0.24229734
1860 589 -0.01798617 0.46367823
1870 589 -0.10382285 0.59959388
1880 589 -0.19065831 0.73546000
1890 589 -0.31711450 0.94345238
1900 589 -0.45449942 1.16992618
1910 589 -0.56335741 1.42685018
1920 589 -0.66941718 1.68791784
1930 589 -0.75585643 1.93694245
1940 589 -0.82696740 2.17971854
1950 589 -0.89578368 2.41660104
1960 589 -0.94852879 2.63225343
1970 589 -1.00227267 2.84785630
1980 589 -1.06275208 3.07814360
1990 589 -1.13535709 3.33085789
2000 589 -1.20801162 3.58457095
2010 589 -1.26997681 3.84482144
2020 589 -1.29237904 4.13506813
2030 589 -1.31573051 4.42426652
1720 569 -1.75269775 0.03123435
1730 569 -1.72029129 0.26612756
1740 569 -1.68793435 0.50201955
1750 569 -1.66721601 0.73032581
1760 569 -1.69385270 0.92424457
1770 569 -1.72048939 1.11816334
1780 569 -1.74407199 1.33125689
1790 569 -1.76304867 1.57261323
1800 569 -1.78197583 1.81297081
1810 569 -1.80090299 2.05332838
1820 569 -1.70917272 2.28315344
1830 569 -1.61639415 2.51202925
1840 569 -1.52466388 2.74185431
1850 569 -1.50222038 3.03632721
1860 569 -1.48082518 3.33174936
1870 569 -1.45938046 3.62617273
1880 569 -1.44808029 3.90307218
1890 569 -1.44142731 4.17273260
1900 569 -1.43577310 4.44234348
1910 569 -1.43082051 4.70591220
1720 572 -2.03428566 -0.06482944
1730 572 -2.00573396 0.14684437
1740 572 -1.97823057 0.35946742
1750 572 -1.94967887 0.57114123
1760 572 -1.96537033 0.78662853
1770 572 -1.99214735 1.00356860
1780 572 -2.01887484 1.21950989
1790 572 -2.02911020 1.46630583
1800 572 -2.03469838 1.72034082
1810 572 -2.04023702 1.97337702
1820 572 -2.02924227 2.23624413
1830 572 -1.99377345 2.51033711
1840 572 -1.95830463 2.78443010
1850 572 -1.92288534 3.05952185
1860 572 -1.89920370 3.32902543
1870 572 -1.87647130 3.59748071
1880 572 -1.85378842 3.86693477
1890 572 -1.85843561 4.10199306
1900 572 -1.87532395 4.32142593
1910 572 -1.89126304 4.54190710
1910 592 -0.33581054 -0.07272057
1920 592 -0.33620675 0.17756695
1930 592 -0.33765125 0.42880372
1940 592 -0.41386340 0.65330474
1950 592 -0.52154102 0.86623321
1960 592 -0.62921863 1.07916167
1970 592 -0.69777077 1.35110028
1980 592 -0.76637243 1.62403765
1990 592 -0.84411163 1.89952562
2000 592 -0.93418278 2.18141068
2010 592 -1.02530223 2.46424498
2020 592 -1.08098588 2.69877501
2030 592 -1.13447388 2.92940899
2040 592 -1.18691358 3.15909372
2050 592 -1.22330688 3.42862207
2060 592 -1.25974970 3.69914918
2070 592 -1.29619253 3.96967630
2080 592 -1.30576754 4.24353816
2090 592 -1.31134747 4.51759813
2100 592 -1.31792616 4.79160856
1920 862 0.11426457 0.86572144
1930 862 0.09277857 0.83461916
1940 862 0.07034332 0.80246858
1950 862 0.04785855 0.77131677
1960 862 0.02542331 0.73916619
1970 862 0.00293854 0.70801438
1980 862 -0.01954623 0.67686257
1990 862 -0.04198148 0.64471199
2000 862 -0.04927004 0.65035795
2010 862 -0.02171712 0.74083356
2020 862 0.00588533 0.83031040
2030 862 0.03343825 0.92078601
2040 862 0.05999240 1.01121210
2050 862 0.07713663 1.17025636
2060 862 0.09139184 1.34717947
2070 862 0.10569658 1.52310382
2080 862 0.11895302 1.69997741
2090 862 0.11745073 1.81103929
2100 862 0.10409524 1.87846059
2110 862 0.09069022 1.94688065
1940 596 -0.27595846 0.11347215
1950 596 -0.30905829 0.49830510
1960 596 -0.35817975 0.90336940
1970 596 -0.41898108 1.32187172
1980 596 -0.49357538 1.71566062
1990 596 -0.62758428 2.01539152
2000 596 -0.74501850 2.30392956
2010 596 -0.79440411 2.55278909
2020 596 -0.84378971 2.80164861
2030 596 -0.89395947 3.08651348
2040 596 -0.94436861 3.39639720
2050 596 -0.99477775 3.70628092
2060 596 -1.03287144 3.96971757
2070 596 -1.06966920 4.22721111
2080 596 -1.10651649 4.48570343
2090 596 -1.10161342 4.75027093
2100 596 -1.09176602 5.01608482
2110 596 -1.08091984 5.28194825
2120 596 -1.09307020 5.48659763
2130 596 -1.11047031 5.67596826
2000 331 0.66213687 2.33565917
2010 331 0.65205834 2.35718644
2020 331 0.64197981 2.37871371
2030 331 0.63195081 2.39924221
2040 331 0.62287106 2.42081900
2050 331 0.61279254 2.44234627
2060 331 0.60276354 2.46287477
2070 331 0.59268501 2.48440204
2080 331 0.57927174 2.53279712
2090 331 0.56451301 2.58813409
2100 331 0.54975429 2.64347106
2110 331 0.53499556 2.69880802
2120 331 0.52018731 2.75514376
2130 331 0.50542858 2.81048073
2140 331 0.51189172 2.86186388
2150 331 0.52339824 2.91249589
2160 331 0.53585401 2.96417619
2170 331 0.54736053 3.01480819
2180 331 0.55886706 3.06544020
2190 331 0.57137235 3.11612173
2000 562 -2.13658146 3.02789955
2010 562 -2.12998626 3.03623641
2020 562 -2.12239228 3.04462280
2030 562 -2.11574755 3.05196089
2040 562 -2.10815358 3.06034728
2050 562 -2.10055960 3.06873367
2060 562 -2.09396440 3.07707054
2070 562 -2.08632090 3.08445815
2080 562 -2.07972570 3.09279502
2090 562 -2.07213172 3.10118141
2100 562 -2.06453775 3.10956780
2110 562 -2.05789302 3.11690589
2120 562 -2.05029904 3.12529228
2130 562 -2.04370384 3.13362914
2140 562 -2.03606034 3.14101676
2150 562 -2.02846636 3.14940315
2160 562 -2.02187116 3.15774002
2170 562 -2.01427719 3.16612641
2180 562 -2.00763246 3.17346450
2190 562 -2.00003848 3.18185089
