3080 633 0.00000000 0.00000000
3090 633 -0.00000000 0.08228001
3100 633 -0.00058337 0.16327174
3110 633 -0.00023092 0.24461592
3120 633 0.04227029 0.39846860
3130 633 0.09422702 0.56977388
3140 633 0.14676712 0.74236744
3150 633 0.19098199 0.92571695
3160 633 0.15685462 1.22061240
3170 633 0.12179143 1.51515539
3180 633 0.09352211 1.80584568
3190 633 0.11598200 2.06114463
3200 633 0.13808943 2.31737941
3210 633 0.16723382 2.56344160
3220 633 0.24857800 2.72764917
3230 633 0.33085801 2.89220919
3240 633 0.41220219 3.05641675
3250 633 0.49389882 3.13740848
3260 633 0.57724835 3.20833701
3270 633 0.65122744 3.28428498
2910 639 0.74523569 -0.51754977
2920 639 0.70737716 -0.47944817
2930 639 0.61556872 -0.44563680
2940 639 0.52434364 -0.41053714
2950 639 0.43347102 -0.37637331
2960 639 0.34224595 -0.34127366
2970 639 0.32659209 -0.27984926
2980 639 0.38744526 -0.19174767
2990 639 0.44701016 -0.10306270
3000 639 0.50692750 -0.01531356
3010 639 0.53291194 0.14834709
3020 639 0.50689104 0.42171847
3030 639 0.48005585 0.69157746
3040 639 0.43561006 0.91740388
3050 639 0.39116427 1.14323030
3060 639 0.32846374 1.36645584
3070 639 0.25476419 1.58767604
3080 639 0.18012881 1.80854378
3090 639 0.15928535 2.06249368
3100 639 0.15235778 2.32489034
3050 264 -2.32117133 0.08857559
3060 264 -2.16895939 0.45899363
3070 264 -2.01674745 0.82941167
3080 264 -1.86238432 1.16858275
3090 264 -1.70587000 1.47650687
3100 264 -1.54841985 1.78478345
3110 264 -1.40986857 2.04961084
3120 264 -1.27913208 2.29546643
3130 264 -1.14839559 2.54132201
3140 264 -1.00968632 2.77735747
3150 264 -0.86265182 3.00263698
3160 264 -0.71690560 3.22849986
3170 264 -0.57078263 3.43633892
3180 264 -0.42818420 3.57125626
3190 264 -0.28593823 3.70710943
3200 264 -0.14333980 3.84202677
3210 264 0.05063198 3.90012108
3220 264 0.24999997 3.94956200
3230 264 0.45030379 3.99935539
3240 264 0.64244037 4.03111280
3050 269 -2.64525977 -0.81567808
3060 269 -2.50213874 -0.47219246
3070 269 -2.35772942 -0.12929021
3080 269 -2.20031573 0.20461835
3090 269 -2.03646062 0.53561005
3100 269 -1.87318889 0.86531346
3110 269 -1.68912231 1.13980298
3120 269 -1.49318164 1.37709026
3130 269 -1.29630515 1.61473000
3140 269 -1.11955505 1.84906395
3150 269 -0.98785842 2.07818400
3160 269 -0.85674516 2.30601577
3170 269 -0.72469607 2.53419999
3180 269 -0.67613021 2.78543963
3190 269 -0.63622987 3.03982706
3200 269 -0.59597708 3.29327866
3210 269 -0.48314287 3.45331753
3220 269 -0.33900093 3.57278762
3230 269 -0.19485899 3.69225771
3240 269 -0.03818668 3.80682989
3110 640 0.14449439 2.58693455
3120 640 0.16583615 2.72320094
3130 640 0.18682545 2.86040316
3140 640 0.20816721 2.99666955
3150 640 0.22384538 3.08271719
3160 640 0.23327659 3.11725777
3170 640 0.24270780 3.15179836
3180 640 0.25213901 3.18633895
3190 640 0.26215359 3.22216783
3200 640 0.27158480 3.25670841
3210 640 0.28101601 3.29124900
3220 640 0.29009476 3.32672542
3230 640 0.30511664 3.38046873
3240 640 0.32316476 3.44603751
3250 640 0.34179626 3.51289458
3260 640 0.35949194 3.57939919
3270 640 0.37847589 3.64532042
3280 640 0.39310885 3.72563155
3290 640 0.40078994 3.83858730
3300 640 0.40788765 3.95025476
3130 886 -1.01785355 1.19600132
3140 886 -1.11589681 1.16976165
3150 886 -1.21522834 1.14410536
3160 886 -1.28763961 1.11790215
3170 886 -1.25810632 1.09055651
3180 886 -1.22857302 1.06321086
3190 886 -1.19868727 1.03492939
3200 886 -1.16915397 1.00758374
3210 886 -1.14055650 0.97988564
3220 886 -1.11008737 0.95289245
3230 886 -1.08020162 0.92461097
3240 886 -1.05160415 0.89691287
3250 886 -1.02207086 0.86956723
3260 886 -1.02123226 0.93827164
3270 886 -1.02485404 1.01598189
3280 886 -1.02789244 1.09498042
3290 886 -1.03057839 1.17304313
3300 886 -1.03032316 1.24045926
3310 886 -1.00768097 1.20303826
3320 886 -0.98539123 1.16655310
3180 438 -1.60454526 1.82882817
3190 438 -1.32592352 1.86644363
3200 438 -1.09148018 1.85963760
3210 438 -0.86860709 1.84099395
3220 438 -0.64515063 1.82363858
3230 438 -0.43618128 1.78800416
3240 438 -0.24076322 1.73444316
3250 438 -0.04569761 1.68181798
3260 438 0.13102818 1.60411989
3270 438 0.26406171 1.46936055
3280 438 0.39580695 1.33518458
3290 438 0.54381374 1.20606451
3300 438 0.70550551 1.08316711
3310 438 0.86542284 0.97349284
3320 438 1.01651665 0.89575828
3330 438 1.16854629 0.81837618
3340 438 1.22602076 0.81330812
3350 438 1.26064642 0.82634895
3360 438 1.29527209 0.83938979
3370 438 1.32989775 0.85243062
3190 674 -0.04946523 0.05189596
3200 674 0.03462566 0.09532084
3210 674 0.11871656 0.13874573
3220 674 0.20255224 0.19703449
3230 674 0.28607192 0.31290711
3240 674 0.37052742 0.42913218
3250 674 0.45404710 0.54500480
3260 674 0.42987355 0.58932905
3270 674 0.40499509 0.63552496
3280 674 0.37953326 0.68043259
3290 674 0.35500725 0.72569267
3300 674 0.33048124 0.77095275
3310 674 0.30595524 0.81621284
3320 674 0.26387940 0.93928039
3330 674 0.19693726 1.18227988
3340 674 0.13128341 1.42469599
3350 674 0.06727029 1.66559290
3360 674 0.00419300 1.90684226
3370 674 -0.03320369 2.11395211
3380 674 -0.04398395 2.28727489
