0 68 0.00000000 0.00000000
10 68 0.00000000 0.11921829
20 68 0.00031874 0.23938442
30 68 -0.00031036 0.35986929
40 68 0.00000839 0.48003542
50 68 -0.07325218 0.63866041
60 68 -0.19704192 0.82271774
70 68 -0.31988381 1.00645633
80 68 -0.51417447 1.19734148
90 68 -0.75651984 1.39278129
100 68 -0.99886521 1.58822111
110 68 -1.24921271 1.74731583
120 68 -1.50566666 1.86942796
130 68 -1.76306844 1.99185885
140 68 -2.02047023 2.11428973
150 68 -2.20262349 2.23146135
160 68 -2.38477675 2.34863297
170 68 -2.56185529 2.47148325
180 68 -2.72403679 2.60725940
190 68 -2.88621828 2.74303555
0 59 -1.35480054 0.32899315
10 59 -1.24681375 0.38657660
20 59 -1.13882696 0.44416005
30 59 -1.03021108 0.50047691
40 59 -0.92505942 0.56217885
50 59 -0.82052848 0.62830965
60 59 -0.71726412 0.69381134
70 59 -0.65373360 0.80116065
80 59 -0.63057440 0.94846187
90 59 -0.60741520 1.09576310
100 59 -0.58866808 1.24876815
110 59 -0.61440239 1.44205226
120 59 -0.64076579 1.63660295
130 59 -0.66650010 1.82988705
140 59 -0.69234345 1.98206169
150 59 -0.71570396 2.11652093
160 59 -0.74033105 2.25035107
170 59 -0.75026241 2.32121268
180 59 -0.74581679 2.32815792
190 59 -0.74105242 2.33605101
0 62 -1.23066690 0.03615217
10 62 -1.22261444 0.09147087
20 62 -1.21424325 0.14773740
30 62 -1.20619079 0.20305610
40 62 -1.19813833 0.25837479
50 62 -1.07405502 0.30421507
60 62 -0.90191700 0.34550069
70 62 -0.73009772 0.38583846
80 62 -0.58051497 0.50750603
90 62 -0.43312147 0.63835005
100 62 -0.30374535 0.77208793
110 62 -0.33332973 0.94451114
120 62 -0.36323286 1.11598651
130 62 -0.42188997 1.29607633
140 62 -0.55133320 1.49469519
150 62 -0.68045769 1.69426189
160 62 -0.80895307 1.89256200
170 62 -0.87400182 2.04737046
180 62 -0.93179497 2.19551888
190 62 -0.98926937 2.34461513
0 65 -1.20384216 -1.53431159
10 65 -1.22813373 -1.27399079
20 65 -1.25179621 -1.01493657
30 65 -1.26761593 -0.77962033
40 65 -1.25238337 -0.64020380
50 65 -1.23746955 -0.50173511
60 65 -1.22326032 -0.39046023
70 65 -1.21042672 -0.32092392
80 65 -1.19885970 -0.25201671
90 65 -1.18602610 -0.18248039
100 65 -1.16239717 -0.09652882
110 65 -1.11399856 0.02856944
120 65 -1.06591869 0.15271986
130 65 -1.01783881 0.27687028
140 65 -0.91695664 0.39803457
150 65 -0.80974993 0.51918209
160 65 -0.70380981 0.63970052
170 65 -0.60196302 0.76687060
180 65 -0.52186625 0.92034538
190 65 -0.44145073 1.07476800
0 102 -1.62676385 0.44577054
10 102 -1.58501690 0.44755718
20 102 -1.54453653 0.44871472
30 102 -1.50373742 0.45082010
40 102 -1.46325706 0.45197764
50 102 -1.42182885 0.45281644
60 102 -1.38102974 0.45492182
70 102 -1.29590018 0.47904563
80 102 -1.14395202 0.53872608
90 102 -0.99232259 0.59745868
100 102 -0.85458366 0.66508253
110 102 -0.77430235 0.76890888
120 102 -0.69339194 0.87146865
130 102 -0.63488582 0.99211289
140 102 -0.62655656 1.15178638
150 102 -0.61885640 1.31272646
160 102 -0.61052714 1.47239995
170 102 -0.55508263 1.63099978
180 102 -0.49458016 1.78895373
190 102 -0.43375896 1.94785553
0 105 -1.35525349 -0.19942410
10 105 -1.32918367 -0.14699926
20 105 -1.30279510 -0.09362658
30 105 -1.27640653 -0.04025389
40 105 -1.25033670 0.01217095
50 105 -1.22394813 0.06554364
60 105 -1.16307660 0.12420074
70 105 -1.08670409 0.18503034
80 105 -1.01033158 0.24585993
90 105 -0.92477423 0.31204105
100 105 -0.82908421 0.38325496
110 105 -0.73339420 0.45446887
120 105 -0.63579172 0.53136982
130 105 -0.52036480 0.65186308
140 105 -0.40588572 0.77267508
150 105 -0.29928294 0.90457599
160 105 -0.26706473 1.12901303
170 105 -0.23484652 1.35345008
180 105 -0.20168047 1.57756838
190 105 -0.11936088 1.73451578
0 857 -0.23130680 0.30356081
10 857 -0.31012021 0.27625795
20 857 -0.38830452 0.24768851
30 857 -0.46806578 0.22070440
40 857 -0.54719793 0.19245370
50 857 -0.62601134 0.16515084
60 857 -0.67112187 0.08747819
70 857 -0.71339726 0.00568705
80 857 -0.75472482 -0.07642284
90 857 -0.79731895 -0.15916182
100 857 -0.84404836 -0.25106048
110 857 -0.91334142 -0.38495772
120 857 -0.98358232 -0.51853622
130 857 -1.05255664 -0.65148562
140 857 -1.12247880 -0.78411628
150 857 -1.14930354 -0.88270854
160 857 -1.15774185 -0.96427321
170 857 -1.16649889 -1.04678572
180 857 -1.17620378 -1.12897948
190 857 -1.18496083 -1.21149199
