140 135 0.00000000 0.00000000
150 135 0.00000000 0.18365729
160 135 0.00000000 0.36731458
170 135 0.00000000 0.55097187
180 135 -0.03384565 0.72781211
190 135 -0.12161782 0.89426344
200 135 -0.20902519 1.05978369
210 135 -0.29586629 1.22659983
220 135 -0.38886014 1.38993122
230 135 -0.48242027 1.55196671
240 135 -0.57634521 1.71493329
250 135 -0.70503600 1.84601984
260 135 -0.86885743 1.94615744
270 135 -1.03267886 2.04629504
280 135 -1.20060032 2.17060265
290 135 -1.38884768 2.38790413
300 135 -1.57579915 2.60463933
310 135 -1.76404651 2.82194081
320 135 -1.94499222 3.10010020
330 135 -2.12315558 3.40405220
0 76 -2.22316795 -0.07414353
10 76 -2.01830268 0.03619786
20 76 -1.81436849 0.14617443
30 76 -1.60950323 0.25651582
40 76 -1.47263417 0.31014288
50 76 -1.33576511 0.36376993
60 76 -1.19982714 0.41703218
70 76 -1.06542463 0.46324870
80 76 -0.95645537 0.43183693
90 76 -0.84785091 0.40135624
100 76 -0.73831537 0.37124037
110 76 -0.65019472 0.33273387
120 76 -0.59150388 0.28162236
130 76 -0.53317786 0.23144194
140 76 -0.47448702 0.18033044
150 76 -0.42903279 0.12188463
160 76 -0.40130724 0.05112239
170 76 -0.37358169 -0.01963984
180 76 -0.34549132 -0.09133316
190 76 -0.31776577 -0.16209539
0 93 -0.59546779 0.08889383
10 93 -0.58505709 0.35288553
20 93 -0.57428159 0.61594615
30 93 -0.59471094 0.85174403
40 93 -0.68543971 1.02025899
50 93 -0.77616848 1.18877394
60 93 -0.86277000 1.36320208
70 93 -0.93322732 1.56221406
80 93 -1.00238875 1.76065976
90 93 -1.07248125 1.95874066
100 93 -1.08911005 2.20676784
110 93 -1.10031570 2.46014194
120 93 -1.11115655 2.71258495
130 93 -1.17046811 2.88589144
140 93 -1.23014447 3.06012901
150 93 -1.29038712 3.23307069
160 93 -1.29289723 3.50811014
170 93 -1.28865018 3.79331527
180 93 -1.28476795 4.07945147
190 93 -1.29879408 4.30164793
0 160 -0.15298603 1.05381605
10 160 -0.11309107 1.20692187
20 160 -0.07190022 1.35946142
30 160 -0.04260109 1.48478724
40 160 -0.05698113 1.49955932
50 160 -0.07229226 1.51396659
60 160 -0.08667230 1.52873867
70 160 -0.10198343 1.54314594
80 160 -0.11636347 1.55791802
90 160 -0.13167460 1.57232528
100 160 -0.14698573 1.58673255
110 160 -0.16136577 1.60150463
120 160 -0.17667690 1.61591190
130 160 -0.19198802 1.63031917
140 160 -0.20981470 1.65662904
150 160 -0.25906404 1.78232512
160 160 -0.30831338 1.90802119
170 160 -0.38299052 2.03556854
180 160 -0.51799741 2.16632839
190 160 -0.65170841 2.29652197
30 123 -0.43819116 -0.04388064
40 123 -0.51828054 0.23727890
50 123 -0.59966582 0.51900472
60 123 -0.68216187 0.74874240
70 123 -0.76799565 0.92669341
80 123 -0.85419425 1.10557550
90 123 -0.93634182 1.27960072
100 123 -1.00852517 1.44464181
110 123 -1.08107334 1.61061399
120 123 -1.15232562 1.77601989
130 123 -1.21177330 1.98256764
140 123 -1.26705562 2.20041361
150 123 -1.32290420 2.41696369
160 123 -1.35559008 2.62647892
170 123 -1.33510628 2.81816203
180 123 -1.31369139 3.01020995
190 123 -1.29649087 3.21027279
200 123 -1.30568191 3.48591663
210 123 -1.31580402 3.76119566
220 123 -1.32592613 4.03647469
30 125 0.06246417 0.29834917
40 125 -0.01940571 0.48537142
50 125 -0.10184186 0.67109778
60 125 -0.17951370 0.79532373
70 125 -0.25242124 0.85804925
80 125 -0.32569358 0.92170586
90 125 -0.39860111 0.98443139
100 125 -0.49140984 1.09520837
110 125 -0.58859629 1.21715833
120 125 -0.68578274 1.33910830
130 125 -0.76557811 1.50438897
140 125 -0.83744566 1.68781212
150 125 -0.90931321 1.87123528
160 125 -0.96258091 2.11135099
170 125 -1.00258476 2.38888422
180 125 -1.04388451 2.66698371
190 125 -1.06031185 2.91723787
200 125 -1.06033363 3.15029151
210 125 -1.06092168 3.38204926
220 125 -1.05774729 3.62065128
120 131 -0.28675693 0.12607722
130 131 -0.28036459 0.32083126
140 131 -0.27340597 0.51688120
150 131 -0.26863622 0.71851763
160 131 -0.27421727 0.97946561
170 131 -0.28109421 1.24097987
180 131 -0.33632752 1.43951270
190 131 -0.41329152 1.61127283
200 131 -0.48932444 1.78339777
210 131 -0.55373245 1.94504123
220 131 -0.61647975 2.10518734
230 131 -0.67922706 2.26533344
240 131 -0.83962363 2.40332960
250 131 -1.06382382 2.52599285
260 131 -1.28859029 2.64736021
270 131 -1.53179871 2.81305469
280 131 -1.78323442 2.99700601
290 131 -1.96935281 3.25273231
300 131 -2.12722294 3.53778498
310 131 -2.28509307 3.82283764
190 147 0.24743369 0.16890699
200 147 0.15393889 0.36641072
210 147 0.06080891 0.56298337
220 147 -0.03325215 0.75919121
230 147 -0.07464446 0.97173927
240 147 -0.09445854 1.18951990
250 147 -0.11463743 1.40823161
260 147 -0.14894590 1.62462923
270 147 -0.24645360 1.83237486
280 147 -0.34209914 2.04085011
290 147 -0.43867575 2.24896056
300 147 -0.51072843 2.48493812
310 147 -0.57715651 2.72848958
320 147 -0.64301831 2.97333692
330 147 -0.70960973 3.22004643
340 147 -0.77583634 3.46582486
350 147 -0.84242777 3.71253437
360 147 -0.92476046 3.93911400
370 147 -1.01195003 4.16164260
380 147 -1.09877479 4.38324012
200 139 -0.94625158 -0.30416435
210 139 -1.06858269 -0.08788652
220 139 -1.19034752 0.12968720
230 139 -1.31174755 0.34632984
240 139 -1.42160979 0.56641912
250 139 -1.50357767 0.79206766
260 139 -1.58684145 1.01828248
270 139 -1.66880934 1.24393102
280 139 -1.74190745 1.46338869
290 139 -1.73059834 1.61818244
300 139 -1.71965404 1.77390726
310 139 -1.70741385 1.92906582
320 139 -1.70185458 2.08482876
330 139 -1.71929468 2.24446849
340 139 -1.73673477 2.40410822
350 139 -1.75287897 2.56318168
360 139 -1.68023823 2.64641823
370 139 -1.58507730 2.71055400
380 139 -1.48991636 2.77468976
390 139 -1.38008135 2.89183185
200 151 -0.04472461 0.05658365
210 151 -0.15578472 0.23861291
220 151 -0.26720965 0.42157325
230 151 -0.37920085 0.60323769
240 151 -0.46645576 0.79029806
250 151 -0.54739455 0.97768512
260 151 -0.62833335 1.16507219
270 151 -0.69056339 1.34582733
280 151 -0.72501342 1.51598665
290 151 -0.75946346 1.68614598
300 151 -0.79902083 1.86934045
310 151 -0.85754832 2.10095118
320 151 -0.91550954 2.33385781
330 151 -0.96845053 2.56765741
340 151 -0.97378111 2.81151922
350 151 -0.97818061 3.05574585
360 151 -0.98351119 3.29960766
370 151 -0.98182327 3.51185080
380 151 -0.97689017 3.71032918
390 151 -0.97195706 3.90880755
240 143 0.19597371 -0.01772867
250 143 -0.03312692 0.19967626
260 143 -0.26259235 0.41801227
270 143 -0.49509061 0.62764184
280 143 -0.76059600 0.76526775
290 143 -1.02703247 0.90252884
300 143 -1.30226249 1.05675087
310 143 -1.61878138 1.28071693
320 143 -1.93493545 1.50375191
330 143 -2.24166436 1.74659008
340 143 -2.53164468 2.02069300
350 143 -2.82162500 2.29479593
360 143 -3.08617208 2.64652713
370 143 -3.33288704 3.05142802
380 143 -3.57960199 3.45632891
390 143 -3.77206373 3.86530261
400 143 -3.88351043 4.28131659
410 143 -3.99588822 4.69696576
420 143 -4.11693433 5.12103278
430 143 -4.25499038 5.55561940
290 173 0.19307701 0.12398092
300 173 0.03621964 0.31599072
310 173 -0.12063774 0.50800053
320 173 -0.26094799 0.72904811
330 173 -0.37419152 0.99614342
340 173 -0.48779986 1.26416981
350 173 -0.55031303 1.53610565
360 173 -0.56375655 1.81437938
370 173 -0.57460828 2.09152058
380 173 -0.57509288 2.36413159
390 173 -0.57464640 2.63710741
400 173 -0.53121224 2.84422688
410 173 -0.46792589 3.02260804
420 173 -0.39933073 3.19018102
430 173 -0.31245697 3.31658494
440 173 -0.22558321 3.44298885
450 173 -0.13927571 3.56809687
460 173 0.02131688 3.72016271
470 173 0.18134320 3.87093266
480 173 0.33939301 4.00481790
310 486 0.38024627 0.33156865
320 486 0.27818662 0.39468621
330 486 0.17612696 0.45780377
340 486 0.06948812 0.52986734
350 486 -0.07626161 0.69078663
360 486 -0.22201133 0.85170592
370 486 -0.35988226 1.05008084
380 486 -0.48358004 1.33563443
390 486 -0.60634675 1.62155284
400 486 -0.64989525 1.94925015
410 486 -0.69251267 2.27731228
420 486 -0.74384197 2.52892766
430 486 -0.79634193 2.77256624
440 486 -0.81977688 3.02974089
450 486 -0.81431018 3.30360968
460 486 -0.80884347 3.57747847
470 486 -0.86654878 3.87277849
480 486 -0.92461889 4.16900958
490 486 -0.86481729 4.35354350
500 486 -0.77698522 4.51039543
