1910 592 0.00000000 0.00000000
1920 592 -0.00000000 0.25028783
1930 592 -0.00104679 0.50152657
1940 592 -0.07690346 0.72614796
1950 592 -0.18424387 0.93924661
1960 592 -0.29158429 1.15234526
1970 592 -0.35970586 1.42439204
1980 592 -0.42787537 1.69743768
1990 592 -0.50517837 1.97304836
2000 592 -0.59480318 2.25507565
2010 592 -0.68547479 2.53805384
2020 592 -0.74078710 2.77267172
2030 592 -0.79390994 3.00339009
2040 592 -0.84598598 3.23315755
2050 592 -0.88195258 3.50274316
2060 592 -0.91796711 3.77332763
2070 592 -0.95398165 4.04391209
2080 592 -0.96312312 4.31778877
2090 592 -0.96826920 4.59185722
2100 592 -0.97441412 4.86587773
1720 569 -1.41672088 0.10619773
1730 569 -1.38394262 0.34103935
1740 569 -1.35121230 0.57687982
1750 569 -1.33013257 0.80515300
1760 569 -1.35646225 0.99911368
1770 569 -1.38279194 1.19307437
1780 569 -1.40603718 1.40620498
1790 569 -1.42463177 1.64759107
1800 569 -1.44317841 1.88797830
1810 569 -1.46172506 2.12836553
1820 569 -1.36963109 2.35804509
1830 569 -1.27649033 2.58677375
1840 569 -1.18439636 2.81645331
1850 569 -1.16148674 3.11089032
1860 569 -1.13962391 3.40627823
1870 569 -1.11771314 3.70066728
1880 569 -1.10597465 3.97754850
1890 569 -1.09889480 4.24719804
1900 569 -1.09281380 4.51679964
1910 569 -1.08744399 4.78036019
1720 572 -1.69846050 0.01057982
1730 572 -1.66957376 0.22220816
1740 572 -1.64173381 0.43478741
1750 572 -1.61284707 0.64641576
1760 572 -1.62819740 0.86192763
1770 572 -1.65463096 1.07890981
1780 572 -1.68101658 1.29489314
1790 572 -1.69086125 1.54170498
1800 572 -1.69604728 1.79574849
1810 572 -1.70118536 2.04879315
1820 572 -1.68977450 2.31164252
1830 572 -1.65387184 2.58567901
1840 572 -1.61796917 2.85971550
1850 572 -1.58211445 3.13475084
1860 572 -1.55800621 3.40421660
1870 572 -1.53484887 3.67263556
1880 572 -1.51173948 3.94205337
1890 572 -1.51601456 4.17711873
1900 572 -1.53255551 4.39657806
1910 572 -1.54814556 4.61708418
1800 561 -1.94030206 2.94235636
1810 561 -1.93269482 2.95073071
1820 561 -1.92603848 2.95805828
1830 561 -1.91843124 2.96643264
1840 561 -1.91182285 2.97475905
1850 561 -1.90421561 2.98313341
1860 561 -1.89656042 2.99050892
1870 561 -1.88995203 2.99883533
1880 561 -1.88234479 3.00720969
1890 561 -1.87568845 3.01453725
1900 561 -1.86808121 3.02291161
1910 561 -1.86147282 3.03123802
1920 561 -1.85386558 3.03961238
1930 561 -1.84621039 3.04698789
1940 561 -1.83960200 3.05531430
1950 561 -1.83199476 3.06368866
1960 561 -1.82533842 3.07101622
1970 561 -1.81773118 3.07939058
1980 561 -1.81012394 3.08776494
1990 561 -1.80351555 3.09609135
1840 589 0.33592524 0.07218889
1850 589 0.33630880 0.31448592
1860 589 0.31867310 0.53589500
1870 589 0.23305168 0.67194636
1880 589 0.14643141 0.80794978
1890 589 0.02030462 1.01614208
1900 589 -0.11672161 1.24283308
1910 589 -0.22517275 1.49992908
1920 589 -0.33081912 1.76116431
1930 589 -0.41686405 2.01032544
1940 589 -0.48759062 2.25321379
1950 589 -0.55603182 2.49020493
1960 589 -0.60843549 2.70594055
1970 589 -0.66183800 2.92162822
1980 589 -0.72195279 3.15201097
1990 589 -0.79415766 3.40483988
2000 589 -0.86641047 3.65866764
2010 589 -0.92796360 3.91901589
2020 589 -0.94990634 4.20929768
2030 589 -0.97279998 4.49853267
1920 862 0.45156010 0.93772836
1930 862 0.43002490 0.90666013
1940 862 0.40753879 0.87454510
1950 862 0.38500473 0.84342893
1960 862 0.36251862 0.81131390
1970 862 0.33998456 0.78019773
1980 862 0.31745051 0.74908155
1990 862 0.29496440 0.71696653
2000 862 0.28768478 0.72262402
2010 862 0.31538089 0.81305590
2020 862 0.34312495 0.90248893
2030 862 0.37082106 0.99292081
2040 862 0.39751832 1.08330475
2050 862 0.41491429 1.24232167
2060 862 0.42944956 1.41922200
2070 862 0.44403277 1.59512347
2080 862 0.45756918 1.77197586
2090 862 0.45624271 1.88303999
2100 862 0.44299396 1.95048234
2110 862 0.42969727 2.01892354
1940 596 0.06014675 0.18609774
1950 596 0.02765616 0.57098261
1960 596 -0.02082402 0.97612415
1970 596 -0.08096278 1.39472220
1980 596 -0.15493362 1.78862869
1990 596 -0.28846788 2.08857135
2000 596 -0.40544520 2.37729493
2010 596 -0.45443679 2.62623232
2020 596 -0.50342838 2.87516971
2030 596 -0.55314714 3.16011364
2040 596 -0.60306567 3.47007677
2050 596 -0.65298419 3.78003990
2060 596 -0.69066082 4.04353653
2070 596 -0.72705092 4.30108800
2080 596 -0.76348897 4.55963832
2090 596 -0.75816709 4.82419772
2100 596 -0.74789892 5.08999570
2110 596 -0.73663189 5.35584162
2120 596 -0.74845827 5.56050998
2130 596 -0.76555858 5.74990792
2000 331 1.00175864 2.40679697
2010 331 0.99171420 2.42834016
2020 331 0.98166977 2.44988336
2030 331 0.97167328 2.47042770
2040 331 0.96262769 2.49201885
2050 331 0.95258326 2.51356204
2060 331 0.94258676 2.53410639
2070 331 0.93254233 2.55564959
2080 331 0.91920568 2.60406584
2090 331 0.90453458 2.65942610
2100 331 0.88986347 2.71478637
2110 331 0.87519236 2.77014663
2120 331 0.86047331 2.82650574
2130 331 0.84580220 2.88186600
2140 331 0.85234666 2.93323885
2150 331 0.86393332 2.98385258
2160 331 0.87647089 3.03551310
2170 331 0.88805755 3.08612683
2180 331 0.89964421 3.13674055
2190 331 0.91222972 3.18740223
2000 562 -1.79586036 3.10346686
2010 562 -1.78925197 3.11179328
2020 562 -1.78164473 3.12016763
2030 562 -1.77498839 3.12749520
2040 562 -1.76738115 3.13586956
2050 562 -1.75977391 3.14424391
2060 562 -1.75316552 3.15257033
2070 562 -1.74551033 3.15994584
2080 562 -1.73890194 3.16827225
2090 562 -1.73129470 3.17664661
2100 562 -1.72368745 3.18502097
2110 562 -1.71703112 3.19234853
2120 562 -1.70942388 3.20072289
2130 562 -1.70281549 3.20904930
2140 562 -1.69516030 3.21642481
2150 562 -1.68755306 3.22479917
2160 562 -1.68094467 3.23312558
2170 562 -1.67333742 3.24149994
2180 562 -1.66668109 3.24882750
2190 562 -1.65907385 3.25720186
2080 567 -0.81999990 0.93976601
2090 567 -0.80107769 0.96269961
2100 567 -0.78210753 0.98463435
2110 567 -0.76313737 1.00656910
2120 567 -0.74421516 1.02950270
2130 567 -0.72524500 1.05143744
2140 567 -0.70627484 1.07337219
2150 567 -0.68730468 1.09530693
2160 567 -0.66087911 1.14963638
2170 567 -0.60548688 1.33050015
2180 567 -0.55009466 1.51136391
2190 567 -0.56395070 1.80003156
2200 567 -0.62435316 2.16155133
2210 567 -0.64851734 2.53982780
2220 567 -0.61589889 2.94485748
2230 567 -0.57424285 3.34931980
2240 567 -0.45681805 3.76042249
2250 567 -0.33839439 4.17157311
2260 567 -0.23279597 4.53705632
2270 567 -0.13807303 4.85796684
