200 66 0.00000000 0.00000000
210 66 0.00000000 0.17104678
220 66 -0.05393846 0.33883129
230 66 -0.10790031 0.50761553
240 66 -0.16186216 0.67639977
250 66 -0.20487378 0.84744070
260 66 -0.23695857 1.02173805
270 66 -0.26904336 1.19603540
280 66 -0.23042819 1.38398983
290 66 -0.12111307 1.58560134
300 66 -0.01186810 1.79021204
310 66 0.09769842 2.02383819
320 66 0.20724155 2.25846407
330 66 0.31580835 2.49206683
340 66 0.31726409 2.72916571
350 66 0.29168044 2.96763265
360 66 0.26509707 3.20607619
370 66 0.18866769 3.43735211
380 66 0.09026770 3.66711382
390 66 -0.00713255 3.89689891
200 46 1.78199791 0.74787729
210 46 1.76596136 0.87753773
220 46 1.63602030 1.04454467
230 46 1.50605585 1.21255135
240 46 1.37611479 1.37955829
250 46 1.20930077 1.54070135
260 46 1.00563719 1.69498078
270 46 0.80197360 1.84926021
280 46 0.59930974 2.00356303
290 46 0.36407585 2.13909906
300 46 0.10712859 2.26212388
310 46 -0.14979528 2.38414898
320 46 -0.40574281 2.50719719
330 46 -0.67508434 2.64693675
340 46 -0.94858847 2.79358084
350 46 -1.22311571 2.94120128
360 46 -1.49761956 3.08782199
370 46 -1.76058272 3.16869460
380 46 -2.01198178 3.18281939
390 46 -2.26335746 3.19594446
200 53 1.76746972 1.24067231
210 53 1.70432910 1.37423226
220 53 1.60117603 1.50785653
230 53 1.49799958 1.64248052
240 53 1.39484651 1.77610479
250 53 1.25756243 1.91493231
260 53 1.04401850 2.06397926
270 53 0.82947485 2.21300282
280 53 0.61590754 2.36304949
290 53 0.38057426 2.54559605
300 53 0.14212486 2.73307108
310 53 -0.09630114 2.91954638
320 53 -0.35023168 3.08465327
330 53 -0.64202905 3.20086124
340 53 -0.93382642 3.31706922
350 53 -1.22460068 3.43230086
360 53 -1.49639768 3.50596492
370 53 -1.76191569 3.56777257
380 53 -2.02843342 3.62955684
390 53 -2.29848236 3.67125303
200 60 -0.73271769 0.92011672
210 60 -0.73092871 0.92916103
220 60 -0.72911634 0.93720561
230 60 -0.72732735 0.94624992
240 60 -0.72551498 0.95429451
250 60 -0.72372600 0.96333882
260 60 -0.72191363 0.97138340
270 60 -0.72012465 0.98042771
280 60 -0.71831228 0.98847229
290 60 -0.71652329 0.99751660
300 60 -0.71371120 1.00558457
310 60 -0.71289855 1.01360577
320 60 -0.71010984 1.02267346
330 60 -0.70829747 1.03071805
340 60 -0.70650849 1.03976236
350 60 -0.70469612 1.04780694
360 60 -0.70290713 1.05685125
370 60 -0.70109476 1.06489583
380 60 -0.69930578 1.07394014
390 60 -0.69749341 1.08198472
200 63 -1.01371100 0.91654460
210 63 -1.01502059 0.97252929
220 63 -1.01630678 1.02751424
230 63 -1.01759298 1.08249920
240 63 -1.02108325 1.10342330
250 63 -1.02524586 1.11032785
260 63 -1.02938508 1.11623267
270 63 -1.03354768 1.12313721
280 63 -1.03768690 1.12904203
290 63 -1.04184950 1.13594657
300 63 -1.04598872 1.14185139
310 63 -1.05015133 1.14875593
320 63 -1.05529027 1.15463736
330 63 -1.05945288 1.16154191
340 63 -1.06361548 1.16844645
350 63 -1.06775470 1.17435127
360 63 -1.07191730 1.18125581
370 63 -1.07605652 1.18716063
380 63 -1.08021912 1.19406518
390 63 -1.08435834 1.19996999
200 103 -0.31600128 0.80883137
210 103 -0.31960263 0.96278926
220 103 -0.32320398 1.11674714
230 103 -0.37457590 1.21757336
240 103 -0.44640420 1.29491478
250 103 -0.51925562 1.37323254
260 103 -0.56343651 1.42321302
270 103 -0.56762250 1.43111729
280 103 -0.57083215 1.44004467
290 103 -0.57501814 1.44794894
300 103 -0.57922752 1.45685294
310 103 -0.58341351 1.46475721
320 103 -0.58662315 1.47368459
330 103 -0.59080914 1.48158886
340 103 -0.59499513 1.48949313
350 103 -0.59920451 1.49839713
360 103 -0.60239077 1.50632479
370 103 -0.60660015 1.51522878
380 103 -0.61078614 1.52313305
390 103 -0.61397240 1.53106071
200 106 0.07883224 0.73504454
210 106 0.10273213 0.91065148
220 106 0.12357438 1.00316418
230 106 0.14539298 1.09670000
240 106 0.16621184 1.19021243
250 106 0.15704476 1.24001167
260 106 0.10136408 1.22570564
270 106 0.04670652 1.21042327
280 106 -0.00897415 1.19611725
290 106 -0.06463144 1.18081149
300 106 -0.11838282 1.16955141
310 106 -0.15983932 1.18858714
320 106 -0.20129581 1.20762287
330 106 -0.24275231 1.22665860
340 106 -0.26509707 1.24114002
350 106 -0.26932983 1.25104374
360 106 -0.27358598 1.26194719
370 106 -0.27784212 1.27285064
380 106 -0.28207488 1.28275436
390 106 -0.28633103 1.29365781
200 156 -1.59217265 1.87027786
210 156 -1.57908266 1.86658296
220 156 -1.56601606 1.86388779
230 156 -1.55294946 1.86119262
240 156 -1.53985947 1.85749773
250 156 -1.52679287 1.85480256
260 156 -1.51370288 1.85110766
270 156 -1.50063628 1.84841249
280 156 -1.48654657 1.84474098
290 156 -1.47347997 1.84204581
300 156 -1.46041337 1.83935064
310 156 -1.44732338 1.83565575
320 156 -1.43425678 1.83296058
330 156 -1.42116679 1.82926568
340 156 -1.40810019 1.82657052
350 156 -1.39503359 1.82387535
360 156 -1.38194361 1.82018045
370 156 -1.36887700 1.81748528
380 156 -1.35478729 1.81381377
390 156 -1.34172069 1.81111860
230 115 0.11651199 -0.23433940
240 115 0.18773812 0.01339400
250 115 0.25894086 0.26212713
260 115 0.32333260 0.50269874
270 115 0.32830785 0.67486217
280 115 0.33228337 0.84700222
290 115 0.43086459 0.99434788
300 115 0.59382586 1.12619485
310 115 0.75578741 1.25801844
320 115 1.04631027 1.45286572
330 115 1.36947333 1.66348063
340 115 1.70056405 1.87728179
350 115 2.11623397 2.11006606
360 115 2.53190389 2.34285034
370 115 2.94755042 2.57663434
380 115 3.36081164 2.91239045
390 115 3.77407286 3.24814655
400 115 4.18733408 3.58390266
410 115 4.65423560 3.89290585
420 115 5.12011401 4.20288538
320 132 -3.02949292 3.15001550
330 132 -2.70644678 3.02353548
340 132 -2.46263044 2.86319338
350 132 -2.27135528 2.68261704
360 132 -2.08005673 2.50104098
370 132 -1.77634449 2.47413606
380 132 -1.46003335 2.46453050
390 132 -1.14274588 2.45594806
400 132 -0.81562484 2.45459755
410 132 -0.48750407 2.45327043
420 132 -0.18548727 2.41332229
430 132 0.07987289 2.31550110
440 132 0.34525643 2.21668017
450 132 0.59701797 2.10153623
460 132 0.78938640 1.91698438
470 132 0.98277794 1.73145618
480 132 1.14103874 1.55110786
490 132 1.21706473 1.37983892
500 132 1.29409044 1.20859336
510 132 1.34156284 1.06066307
390 148 -2.99564253 1.95948153
400 148 -2.78850621 2.08435965
410 148 -2.58034678 2.20826142
420 148 -2.41939080 2.21202648
430 148 -2.25743511 2.21581491
440 148 -2.09647914 2.21957997
450 148 -1.90790499 2.23999543
460 148 -1.72035396 2.26138724
470 148 -1.53073331 2.27982664
480 148 -1.33262376 2.27745887
490 148 -1.13451421 2.27509110
500 148 -0.93640466 2.27272332
510 148 -0.66450828 2.32309551
520 148 -0.36113513 2.39621001
530 148 -0.05776198 2.46932451
540 148 0.27821044 2.51719446
550 148 0.62332072 2.55927652
560 148 0.96843099 2.60135857
570 148 1.20391628 2.66888396
580 148 1.44042468 2.73543301
