200 73 0.00000000 0.00000000
210 73 -0.00000000 0.16919811
220 73 0.00134753 0.34908192
230 73 0.00302604 0.57908449
240 73 0.00596933 0.80724307
250 73 0.00852255 1.03676100
260 73 0.01059113 1.26540422
270 73 0.04410215 1.51778292
280 73 0.10022571 1.78621382
290 73 0.15547455 2.05512935
300 73 0.21159811 2.32356025
310 73 0.30949519 2.58485159
320 73 0.45004049 2.83851873
330 73 0.59058580 3.09218586
340 73 0.73113110 3.34585300
350 73 0.88901703 3.55447235
360 73 1.05089827 3.75173224
370 73 1.21277951 3.94899213
380 73 1.33618515 4.15728051
390 73 1.44181281 4.36855947
200 40 1.88258605 -1.72556302
210 40 1.63940367 -1.58053776
220 40 1.38470815 -1.39026377
230 40 1.12962256 -1.19863042
240 40 0.87405232 -1.00787179
250 40 0.74541022 -0.71595363
260 40 0.64878976 -0.39719120
270 40 0.55120001 -0.08017820
280 40 0.45545426 0.23809959
290 40 0.42183687 0.58597582
300 40 0.41520559 0.94748104
310 40 0.40944902 1.30850162
320 40 0.40233310 1.66913213
330 40 0.42021746 1.99647622
340 40 0.43810182 2.32382030
350 40 0.45462683 2.65077431
360 40 0.49032463 2.94424095
370 40 0.52602243 3.23770758
380 40 0.56036087 3.53078415
390 40 0.52740542 3.64050169
