2480 256 0.00000000 0.00000000
2490 256 0.00000000 0.43877101
2500 256 -0.04963409 0.85143729
2510 256 -0.14984126 1.23905633
2520 256 -0.25010768 1.62567714
2530 256 -0.36621380 1.93109385
2540 256 -0.50364312 2.11355805
2550 256 -0.64107243 2.29602224
2560 256 -0.78418125 2.39968451
2570 256 -0.93302882 2.42354662
2580 256 -1.08281538 2.44846622
2590 256 -1.26651941 2.40828125
2600 256 -1.46021497 2.35165946
2610 256 -1.65396980 2.29403943
2620 256 -1.86577960 2.18539962
2630 256 -2.10528950 1.99826328
2640 256 -2.34403818 1.80707472
2650 256 -2.58039381 1.58869657
2660 256 -2.81575120 1.37025917
2670 256 -3.05586278 1.15611102
2340 407 1.87553412 5.94430793
2350 407 1.44629883 5.54804657
2360 407 1.01806179 5.15172594
2370 407 0.65296930 4.78972391
2380 407 0.30438200 4.43575795
2390 407 -0.03821583 4.08143646
2400 407 -0.32990329 3.72409289
2410 407 -0.62053325 3.36768830
2420 407 -0.91222070 3.01034473
2430 407 -1.26829254 2.71592692
2440 407 -1.62442363 2.42051087
2450 407 -1.90351682 2.22470486
2460 407 -2.13060566 2.09493330
2470 407 -2.35717031 1.95711653
2480 407 -2.56867927 1.75228988
2490 407 -2.78024749 1.54646497
2500 407 -2.99604570 1.33688413
2510 407 -3.24938969 1.08545457
2520 407 -3.49667586 0.85169711
2530 407 -3.71885097 0.68657225
2470 253 -0.45254585 -0.50206599
2480 253 -0.44253151 -0.11397745
2490 253 -0.39125192 0.24361227
2500 253 -0.34102982 0.60026299
2510 253 -0.38444199 0.89835926
2520 253 -0.43924962 1.19011965
2530 253 -0.49311827 1.48082253
2540 253 -0.61892421 1.65658620
2550 253 -0.75354568 1.81884851
2560 253 -0.88710965 1.98204981
2570 253 -0.99974244 1.97471113
2580 253 -1.11044711 1.94922631
2590 253 -1.22115178 1.92374149
2600 253 -1.33185645 1.89825667
2610 253 -1.46419427 1.82897680
2620 253 -1.64761569 1.65854622
2630 253 -1.83109636 1.48711739
2640 253 -2.04834863 1.30366862
2650 253 -2.31781493 1.10128060
2660 253 -2.58734048 0.89789432
2490 259 0.96624888 -0.04132907
2500 259 0.91795034 0.34320864
2510 259 0.86965180 0.72774635
2520 259 0.70943155 1.11692429
2530 259 0.47322634 1.50860924
2540 259 0.23189317 1.86453521
2550 259 -0.03112785 2.07448983
2560 259 -0.29414888 2.28444445
2570 259 -0.51589096 2.37975157
2580 259 -0.70919453 2.39723677
2590 259 -0.90243884 2.41572021
2600 259 -1.08858605 2.41875597
2610 259 -1.26511548 2.39818031
2620 259 -1.44064668 2.37754540
2630 259 -1.61717612 2.35696975
2640 259 -1.82331553 2.31010248
2650 259 -2.10130564 2.20038238
2660 259 -2.37835676 2.08960478
2670 259 -2.61961700 1.92360931
2680 259 -2.77756271 1.62544467
