450 837 0.00000000 0.00000000
460 837 -0.00000000 0.07627582
470 837 0.00056374 0.15337758
480 837 0.00170434 0.25793235
490 837 0.00932143 0.47308573
500 837 0.01637478 0.68741317
510 837 0.02842316 0.90196348
520 837 0.05293945 1.11526831
530 837 0.07745574 1.32857315
540 837 0.10678352 1.55070122
550 837 0.15527858 1.80091159
560 837 0.20433738 2.05194791
570 837 0.30935100 2.29627175
580 837 0.44981492 2.53577099
590 837 0.59797460 2.76880685
600 837 0.81103033 2.92485894
610 837 1.02491202 3.08034728
620 837 1.23938367 3.21363985
630 837 1.45680514 3.31222943
640 837 1.67340066 3.41138274
400 6 -0.13084095 1.68504262
410 6 -0.11693090 1.71429174
420 6 -0.10163117 1.74380306
430 6 -0.08772112 1.77305217
440 6 -0.03901630 1.83908883
450 6 0.14582604 2.05314095
460 6 0.32927868 2.26693087
470 6 0.53023360 2.48330351
480 6 0.79368539 2.70787011
490 6 1.05796313 2.93187295
500 6 1.32141492 3.15643955
510 6 1.56188432 3.23203363
520 6 1.79748980 3.26857208
530 6 2.03226933 3.30567427
540 6 2.26704886 3.34277646
550 6 2.48901961 3.29902734
560 6 2.70771278 3.23451148
570 6 2.92640595 3.16999561
580 6 3.14154623 3.13575147
590 6 3.35256987 3.13095310
520 133 -0.97251009 2.74017392
530 133 -0.87835180 2.67590716
540 133 -0.78419352 2.61164039
550 133 -0.69003523 2.54737362
560 133 -0.69766544 2.38186900
570 133 -0.70390595 2.21662659
580 133 -0.71097241 2.05194791
590 133 -0.65284127 1.96505274
600 133 -0.59388418 1.87759383
610 133 -0.53575304 1.79069866
620 133 -0.47762190 1.70380349
630 133 -0.41949076 1.61690832
640 133 -0.37062862 1.54481469
650 133 -0.32777100 1.48166230
660 133 -0.28573933 1.41907365
670 133 -0.24370765 1.35648501
680 133 -0.20167598 1.29389636
690 133 -0.15964431 1.23130772
700 133 -0.11761264 1.16871907
710 133 -0.08397157 1.07432480
540 137 -0.62415590 3.55210887
550 137 -0.45838907 3.46681316
560 137 -0.32503094 3.30920094
570 137 -0.24306525 3.04258957
580 137 -0.17044721 2.78356907
590 137 -0.17903447 2.58118513
600 137 -0.18788393 2.38019088
610 137 -0.16651412 2.22879296
620 137 -0.09966462 2.15289734
630 137 -0.03281512 2.07700173
640 137 0.03403438 2.00110611
650 137 0.06892093 1.91917975
660 137 0.10463343 1.83668964
670 137 0.13951998 1.75476328
680 137 0.14020171 1.69012943
690 137 0.10750459 1.64222433
700 137 0.07480746 1.59431924
710 137 0.04154659 1.54558820
720 137 0.00884946 1.49768311
730 137 0.01629612 1.36668483
600 158 -0.70600360 3.14305392
610 158 -0.55004328 3.20126372
620 158 -0.36215935 3.26189893
630 158 -0.15207966 3.32312410
640 158 0.05938973 3.38461148
650 158 0.26946942 3.44583665
660 158 0.44481989 3.45085790
670 158 0.62017036 3.45587915
680 158 0.79552083 3.46090040
690 158 0.97169725 3.46535791
700 158 1.12525838 3.45619380
710 158 1.23046866 3.41344106
720 158 1.33428924 3.37042612
730 158 1.43949953 3.32767338
740 158 1.54332011 3.28465843
750 158 1.64796665 3.24107974
760 158 1.78125923 3.25543554
770 158 1.91793427 3.27474703
780 158 2.05517305 3.29488448
790 158 2.19102214 3.31475972
