1350 355 0.00000000 0.00000000
1360 355 0.00000000 0.32979539
1370 355 -0.00037296 0.65866293
1380 355 0.00681332 0.95539237
1390 355 0.02579781 1.20103558
1400 355 0.04515527 1.44760665
1410 355 0.06506762 1.69287690
1420 355 0.08773622 1.92087281
1430 355 0.12309450 2.07586891
1440 355 0.15900768 2.22956421
1450 355 0.19399301 2.38363246
1460 355 0.20801989 2.55259177
1470 355 0.17047843 2.75413491
1480 355 0.13256401 2.95475021
1490 355 0.09502255 3.15629335
1500 355 0.06313005 3.29413336
1510 355 0.04314493 3.33557724
1520 355 0.02185901 3.37646623
1530 355 0.00094604 3.41828306
1540 355 -0.01996693 3.46009990
1280 343 -0.33389793 -1.10952430
1290 343 -0.34236682 -0.84637932
1300 343 -0.35046275 -0.58230650
1310 343 -0.35855868 -0.31823368
1320 343 -0.45176192 -0.08892786
1330 343 -0.55407081 0.13649372
1340 343 -0.65637970 0.36191531
1350 343 -0.72019199 0.62143985
1360 343 -0.76689368 0.89671963
1370 343 -0.81359536 1.17199940
1380 343 -0.79445622 1.39925849
1390 343 -0.72950686 1.59301498
1400 343 -0.66604024 1.78844525
1410 343 -0.60071792 1.98312959
1420 343 -0.61549071 2.14210998
1430 343 -0.63936915 2.29720615
1440 343 -0.66194679 2.45285720
1450 343 -0.68582523 2.60795336
1460 343 -0.71104086 2.74095401
1470 343 -0.73738447 2.86578596
1460 190 -1.67261889 -0.03468514
1470 190 -1.54987915 0.07225389
1480 190 -1.42713941 0.17919292
1490 190 -1.32513980 0.32033498
1500 190 -1.25647905 0.51259964
1510 190 -1.18689045 0.70449135
1520 190 -1.10968804 0.89655589
1530 190 -0.99608123 1.09338702
1540 190 -0.88247443 1.29021815
1550 190 -0.78131171 1.48558474
1560 190 -0.72825154 1.67657589
1570 190 -0.67481841 1.86849488
1580 190 -0.62045743 2.06004092
1590 190 -0.54579295 2.17875998
1600 190 -0.47002779 2.28949227
1610 190 -0.39296183 2.40077946
1620 190 -0.35799469 2.43414560
1630 190 -0.34091137 2.43374535
1640 190 -0.32475590 2.43371806
1650 190 -0.30767258 2.43331781
1460 362 1.00143910 2.51819771
1470 362 0.96149615 2.72717274
1480 362 0.92155321 2.93614776
1490 362 0.90960944 3.12093506
1500 362 0.96033180 3.24712239
1510 362 1.01142711 3.37423757
1520 362 1.06214947 3.50042490
1530 362 0.96194188 3.65063622
1540 362 0.76185419 3.81512912
1550 362 0.56083864 3.97999498
1560 362 0.37571477 4.09859579
1570 362 0.19225557 4.21329417
1580 362 0.02031259 4.32983007
1590 362 -0.04761134 4.46383133
1600 362 -0.11553527 4.59783260
1610 362 -0.18215840 4.73238875
1620 362 -0.25667733 4.80976400
1630 362 -0.33556260 4.83069516
1640 362 -0.41537573 4.85199928
1650 362 -0.49463396 4.87200259
