1740 218 0.00000000 0.00000000
1750 218 0.00000000 0.37208198
1760 218 0.00403137 0.74952568
1770 218 0.00904639 1.12678932
1780 218 -0.00131423 1.43672101
1790 218 -0.01455593 1.73091425
1800 218 -0.02896136 2.02430389
1810 218 -0.04134304 2.28987440
1820 218 -0.05385910 2.44364159
1830 218 -0.06637516 2.59740877
1840 218 -0.04561360 2.75525033
1850 218 -0.01662268 2.91361866
1860 218 0.01236824 3.07198698
1870 218 0.04662413 3.22024195
1880 218 0.08971948 3.35569597
1890 218 0.13165109 3.49034640
1900 218 0.22804652 3.54488008
1910 218 0.34559857 3.56504230
1920 218 0.46395421 3.58404081
1930 218 0.57014586 3.60323281
1590 548 -0.58416696 3.85622276
1600 548 -0.62697204 3.73901472
1610 548 -0.65909669 3.65238327
1620 548 -0.66519212 3.64129969
1630 548 -0.67128755 3.63021611
1640 548 -0.67738298 3.61913253
1650 548 -0.68249476 3.60786889
1660 548 -0.68859019 3.59678531
1670 548 -0.69468562 3.58570173
1680 548 -0.70060098 3.57560180
1690 548 -0.70669641 3.56451823
1700 548 -0.71279184 3.55343465
1710 548 -0.71888727 3.54235107
1720 548 -0.72498270 3.53126749
1730 548 -0.73009448 3.52000384
1740 548 -0.73618991 3.50892026
1750 548 -0.74228534 3.49783668
1760 548 -0.74838077 3.48675311
1770 548 -0.75447620 3.47566953
1780 548 -0.76057163 3.46458595
1760 224 0.20504621 -0.48484745
1770 224 0.23712247 -0.21521601
1780 224 0.22135982 0.06520606
1790 224 0.19987531 0.34769219
1800 224 0.17919438 0.62901461
1810 224 0.16009375 0.88564891
1820 224 0.14224016 1.13798846
1830 224 0.12358298 1.39149173
1840 224 0.12195162 1.67136017
1850 224 0.12184412 1.95399949
1860 224 0.12539441 2.22885290
1870 224 0.17322527 2.43460325
1880 224 0.22087606 2.63936996
1890 224 0.24952297 2.73477098
1900 224 0.26582851 2.75720152
1910 224 0.28231413 2.78061571
1920 224 0.29960333 2.80286618
1930 224 0.31590888 2.82529672
1940 224 0.33221442 2.84772727
1950 224 0.34870004 2.87114146
1770 228 0.28528122 -1.00174429
1780 228 0.16794955 -0.61529989
1790 228 0.14381239 -0.15848658
1800 228 0.22362545 0.23863289
1810 228 0.37449811 0.59631213
1820 228 0.51394319 0.89711950
1830 228 0.64556203 1.16072807
1840 228 0.77834460 1.42514023
1850 228 0.83596631 1.73990957
1860 228 0.89358802 2.05467892
1870 228 0.90829446 2.23497789
1880 228 0.90549131 2.35850175
1890 228 0.90152444 2.48122201
1900 228 0.90551281 2.52522307
1910 228 0.90904429 2.56117482
1920 228 0.91355943 2.59694651
1930 228 0.91825463 2.63370185
1940 228 0.92276976 2.66947354
1950 228 0.92728490 2.70524522
1960 228 0.93180003 2.74101691
1790 549 -0.76666707 3.45350237
1800 549 -0.77276250 3.44241879
1810 549 -0.77885793 3.43133521
1820 549 -0.78396970 3.42007156
1830 549 -0.79006514 3.40898799
1840 549 -0.79616057 3.39790441
1850 549 -0.80225600 3.38682083
1860 549 -0.81148246 3.37529380
1870 549 -0.82285630 3.36314325
1880 549 -0.83521379 3.35117277
1890 549 -0.84640756 3.34000588
1900 549 -0.85778139 3.32785533
1910 549 -0.86915523 3.31570478
1920 549 -0.88034900 3.30453789
1930 549 -0.89172284 3.29238734
1940 549 -0.90291661 3.28122044
1950 549 -0.91429045 3.26906990
1960 549 -0.92566428 3.25691935
1970 549 -0.93685805 3.24575245
1980 549 -0.94823189 3.23360190
1800 561 -0.63300835 4.00037379
1810 561 -0.64231813 3.99394510
1820 561 -0.65046418 3.98831999
1830 561 -0.65977396 3.98189130
1840 561 -0.66810008 3.97528254
1850 561 -0.67740985 3.96885385
1860 561 -0.68653956 3.96340881
1870 561 -0.69486568 3.95680006
1880 561 -0.70417546 3.95037136
1890 561 -0.71232152 3.94474626
1900 561 -0.72163129 3.93831757
1910 561 -0.72995741 3.93170881
1920 561 -0.73926719 3.92528012
1930 561 -0.74839690 3.91983508
1940 561 -0.75672302 3.91322632
1950 561 -0.76603280 3.90679763
1960 561 -0.77417885 3.90117253
1970 561 -0.78348863 3.89474384
1980 561 -0.79279840 3.88831515
1990 561 -0.80112453 3.88170639
