3840 295 0.00000000 0.00000000
3850 295 0.00000000 0.29210957
3860 295 0.02390884 0.58787530
3870 295 0.07175390 0.88629757
3880 295 0.11959896 1.18471984
3890 295 0.15844739 1.48289562
3900 295 0.11443651 1.77479979
3910 295 0.07039824 2.06770358
3920 295 0.02638736 2.35960774
3930 295 -0.01977340 2.69346877
3940 295 -0.06620803 3.03732604
3950 295 -0.11167043 3.38221033
3960 295 -0.15810506 3.72606760
3970 295 -0.21478242 4.07864763
3980 295 -0.27148717 4.43222729
3990 295 -0.32919154 4.78577955
4000 295 -0.42447086 5.12329674
4010 295 -0.57412703 5.43731590
4020 295 -0.72481022 5.75230729
4030 295 -0.87549340 6.06729868
3850 298 -0.99210718 1.19527752
3860 298 -0.93612818 1.41589337
3870 298 -0.87778022 1.65958275
3880 298 -0.81079165 1.98954113
3890 298 -0.74280347 2.31952689
3900 298 -0.70543393 2.67168242
3910 298 -0.68133338 3.03347817
3920 298 -0.65723284 3.39527392
3930 298 -0.72074325 3.74166449
3940 298 -0.79322290 4.08680895
3950 298 -0.86567517 4.43095379
3960 298 -0.93893535 4.76807387
3970 298 -1.01200382 5.09819657
3980 298 -1.08507230 5.42831927
3990 298 -1.16931466 5.72812458
4000 298 -1.25447448 6.02490363
4010 298 -1.33963431 6.32168268
4020 298 -1.50627041 6.59822275
4030 298 -1.69276208 6.86921695
4040 298 -1.87925374 7.14021116
3890 304 -0.47436995 1.32150413
3900 304 -0.56773217 1.58904757
3910 304 -0.66598298 1.85245558
3920 304 -0.76423378 2.11586359
3930 304 -0.81106552 2.43770173
3940 304 -0.80545119 2.81699776
3950 304 -0.79983686 3.19629379
3960 304 -0.79411298 3.57159132
3970 304 -0.78830694 3.94388998
3980 304 -0.78250090 4.31618864
3990 304 -0.85446020 4.64234023
4000 304 -1.00218559 4.92239952
4010 304 -1.14993837 5.20345844
4020 304 -1.29663674 5.48254550
4030 304 -1.42995658 5.74799384
4040 304 -1.56327642 6.01344218
4050 304 -1.69659626 6.27889052
4060 304 -1.86187670 6.54246285
4070 304 -2.05809075 6.80318694
4080 304 -2.25530442 7.06388363
