650 838 0.00000000 0.00000000
660 838 0.00000000 0.11315918
670 838 -0.00083069 0.22687510
680 838 -0.00166138 0.34059102
690 838 0.04755248 0.50383009
700 838 0.09732308 0.66789986
710 838 0.14653694 0.83113893
720 838 0.16774600 0.99749751
730 838 0.07028153 1.17718244
740 838 -0.02579552 1.35714133
750 838 -0.12326000 1.53682627
760 838 -0.19323222 1.73058872
770 838 -0.25292689 1.93070505
780 838 -0.31206483 2.13165207
790 838 -0.38122404 2.31764670
800 838 -0.46987792 2.47096170
810 838 -0.55908853 2.62344602
820 838 -0.64774241 2.77676102
830 838 -0.76882848 2.93736664
840 838 -0.91069942 3.10467962
460 164 -1.33898107 -2.23494020
470 164 -1.22350657 -1.96924368
480 164 -1.10720138 -1.70410390
490 164 -0.99033945 -1.43813343
500 164 -0.87385752 -1.21404203
510 164 -0.75737558 -0.98995062
520 164 -0.64089365 -0.76585921
530 164 -0.53715483 -0.53563485
540 164 -0.48633262 -0.28198331
550 164 -0.43606714 -0.02916246
560 164 -0.38524493 0.22448908
570 164 -0.38938953 0.45719667
580 164 -0.40769118 0.68494664
590 164 -0.42599284 0.91269661
600 164 -0.44429449 1.14044658
610 164 -0.49314603 1.35135302
620 164 -0.54921748 1.55867160
630 164 -0.60528894 1.76599018
640 164 -0.66191713 1.97247806
650 164 -0.62989145 2.13881013
490 840 0.61707764 1.91220898
500 840 0.61481534 1.89446407
510 840 0.61394047 1.87699310
520 840 0.61223491 1.86007887
530 840 0.61136003 1.84260791
540 840 0.60992842 1.82430626
550 840 0.60822286 1.80739203
560 840 0.60734799 1.78992107
570 840 0.60564242 1.77300684
580 840 0.60476755 1.75553588
590 840 0.60250525 1.73779096
600 840 0.60163038 1.72032000
610 840 0.60075550 1.70284903
620 840 0.58184409 1.68181671
630 840 0.52325406 1.65367052
640 840 0.46466402 1.62552433
650 840 0.40607399 1.59737814
660 840 0.34692722 1.56840126
670 840 0.30193750 1.54438199
680 840 0.30995276 1.53299096
500 167 -0.52564891 -3.08340870
510 167 -0.50847841 -2.64107605
520 167 -0.47693877 -2.22041199
530 167 -0.38155102 -1.88948877
540 167 -0.28616326 -1.55856555
550 167 -0.24569814 -1.23055858
560 167 -0.21938123 -0.90390369
570 167 -0.22410908 -0.56968423
580 167 -0.30118635 -0.21947844
590 167 -0.37882035 0.12989666
600 167 -0.51334766 0.46443426
610 167 -0.67340538 0.79321006
620 167 -0.83373704 1.12337329
630 167 -0.99957423 1.47046842
640 167 -1.16541142 1.81756354
650 167 -1.32876537 2.15938292
660 167 -1.48715288 2.49065078
670 167 -1.64526643 2.82053122
680 167 -1.80310603 3.14902424
690 167 -1.95294805 3.45891513
690 841 0.31796802 1.52159993
700 841 0.32598327 1.51020889
710 841 0.33399853 1.49881786
720 841 0.34201379 1.48742683
730 841 0.35002905 1.47603579
740 841 0.35804431 1.46464476
750 841 0.36605956 1.45325373
760 841 0.37407482 1.44186269
770 841 0.38209008 1.43047166
780 841 0.39010534 1.41908063
790 841 0.39812059 1.40768959
800 841 0.40669259 1.39712925
810 841 0.41470785 1.38573822
820 841 0.42272311 1.37434718
830 841 0.43073836 1.36295615
840 841 0.43875362 1.35156511
850 841 0.44676888 1.34017408
860 841 0.45478414 1.32878305
870 841 0.44796189 1.26112614
880 841 0.43722480 1.18044334
800 159 0.14204769 0.47059373
810 159 0.11988422 0.59379186
820 159 0.09602403 0.70368131
830 159 0.07216383 0.81357076
840 159 0.04830364 0.92346021
850 159 0.02444344 1.03334966
860 159 0.01192126 1.12962112
870 159 0.02594575 1.19365482
880 159 0.04052698 1.25851919
890 159 0.05593890 1.32282684
900 159 0.06996339 1.38686053
910 159 0.08454462 1.45172491
920 159 0.10106118 1.51408839
930 159 0.13389104 1.55588791
940 159 0.16672090 1.59768744
950 159 0.19955076 1.63948696
960 159 0.23238062 1.68128649
970 159 0.26521048 1.72308601
980 159 0.31803871 1.77676261
990 159 0.37975708 1.83651914
830 739 0.09444218 1.98199563
840 739 -0.07116524 1.85703891
850 739 -0.23594197 1.73152545
860 739 -0.34781093 1.57897928
870 739 -0.37906779 1.38685169
880 739 -0.41032464 1.19472411
890 739 -0.42495006 0.99867284
900 739 -0.40298100 0.79615282
910 739 -0.38073800 0.59224537
920 739 -0.35876011 0.39333088
930 739 -0.33778965 0.23602151
940 739 -0.31737593 0.07788144
950 739 -0.33383946 -0.07600797
960 739 -0.38884163 -0.22453326
970 739 -0.44384380 -0.37305855
980 739 -0.51327696 -0.52515404
990 739 -0.70953148 -0.70661523
1000 739 -0.90578599 -0.88807643
1010 739 -1.10204051 -1.06953762
1020 739 -1.30838700 -1.29479553
