1560 223 0.00000000 0.00000000
1570 223 0.00000000 0.49052013
1580 223 0.00096021 0.98076097
1590 223 0.02917311 1.45370180
1600 223 0.06450908 1.92248786
1610 223 0.10396515 2.39111695
1620 223 0.18378451 2.85529565
1630 223 0.26332456 3.31851415
1640 223 0.31854554 3.78047480
1650 223 0.33720940 4.23848862
1660 223 0.35615256 4.69746265
1670 223 0.39227544 5.12956928
1680 223 0.43304237 5.55615931
1690 223 0.46181591 5.97374054
1700 223 0.36917139 6.30687264
1710 223 0.27776638 6.64068565
1720 223 0.18306282 6.94525622
1730 223 0.08593327 7.23074502
1740 223 -0.01147557 7.51527360
1750 223 0.00080527 7.78664269
1540 217 -0.62236385 0.00502324
1550 217 -0.57056578 0.49818139
1560 217 -0.51904699 0.99037933
1570 217 -0.50439928 1.47039021
1580 217 -0.50626668 1.94374897
1590 217 -0.49729254 2.41499568
1600 217 -0.44839138 2.87671169
1610 217 -0.40017114 3.33966721
1620 217 -0.36586470 3.79417251
1630 217 -0.36734680 4.23305154
1640 217 -0.36786869 4.67165127
1650 217 -0.35969574 5.09001738
1660 217 -0.33642044 5.47795457
1670 217 -0.31218494 5.86561246
1680 217 -0.27508351 6.27243980
1690 217 -0.23522378 6.68158917
1700 217 -0.19607962 7.08469800
1710 217 -0.15532900 7.47900802
1720 217 -0.12524460 7.85455020
1730 217 -0.10970192 8.20516170
1570 227 0.76332035 -0.00019979
1580 227 0.76611331 0.49992240
1590 227 0.76834767 0.99812417
1600 227 0.76726514 1.49208351
1610 227 0.76590332 1.98508264
1620 227 0.76077204 2.43647900
1630 227 0.75352871 2.87703380
1640 227 0.74345776 3.30070652
1650 227 0.72736464 3.70009482
1660 227 0.71031131 4.09976241
1670 227 0.72389689 4.50093249
1680 227 0.78187820 4.90793515
1690 227 0.84054042 5.31369832
1700 227 0.86463729 5.67223610
1710 227 0.85553063 5.98106950
1720 227 0.84574307 6.29114240
1730 227 0.72235975 6.48637190
1740 227 0.59801623 6.68188069
1750 227 0.42168096 6.92063134
1760 227 0.23221677 7.17153236
