1460 383 0.00000000 0.00000000
1470 383 0.00000000 0.28304770
1480 383 -0.00049462 0.56522629
1490 383 -0.00185834 0.84789949
1500 383 -0.03095591 1.17281999
1510 383 -0.06751512 1.50889056
1520 383 -0.10407433 1.84496112
1530 383 -0.15242661 2.18659258
1540 383 -0.21555377 2.53663253
1550 383 -0.27955006 2.88716708
1560 383 -0.34317184 3.23633791
1570 383 -0.29790739 3.59487819
1580 383 -0.24147873 3.95281786
1590 383 -0.18368635 4.31113202
1600 383 -0.08517292 4.71875943
1610 383 0.03970356 5.15855810
1620 383 0.16507465 5.59922587
1630 383 0.32593800 5.95871298
1640 383 0.50335686 6.28461565
1650 383 0.68028110 6.60964921
1400 358 -0.06767057 -0.24223479
1410 358 -0.22512813 0.42727781
1420 358 -0.37512405 1.08564034
1430 358 -0.46479798 1.64984206
1440 358 -0.55397730 2.21491290
1450 358 -0.47142584 2.74208200
1460 358 -0.34631619 3.26113939
1470 358 -0.15566988 3.68306827
1480 358 0.05027421 4.08133330
1490 358 0.31442757 4.38779048
1500 358 0.66353481 4.55845430
1510 358 1.01601250 4.71684456
1520 358 1.38283406 4.75891521
1530 358 1.75015024 4.80185497
1540 358 1.96665086 4.98010054
1550 358 2.11731098 5.21652712
1560 358 2.26884021 5.45245909
1570 358 2.39565275 5.77839709
1580 358 2.51560427 6.12664934
1590 358 2.65717758 6.45224111
1400 532 0.69630667 2.98649310
1410 532 0.69666703 2.99319162
1420 532 0.69665290 3.00125386
1430 532 0.69701326 3.00795238
1440 532 0.69699913 3.01601462
1450 532 0.69649038 3.02320776
1460 532 0.69734536 3.03077539
1470 532 0.69820034 3.03834302
1480 532 0.69769159 3.04553615
1490 532 0.69767746 3.05359840
1500 532 0.69803782 3.06029691
1510 532 0.69802369 3.06835916
1520 532 0.69838406 3.07505768
1530 532 0.69836992 3.08311992
1540 532 0.69786118 3.09031306
1550 532 0.69871615 3.09788068
1560 532 0.69870202 3.10594293
1570 532 0.69906239 3.11264145
1580 532 0.75011385 3.21245501
1590 532 0.81451996 3.33573459
1490 384 -0.20181757 -0.20501138
1500 384 -0.34820280 0.30401943
1510 384 -0.49458802 0.81305024
1520 384 -0.50411291 1.29366888
1530 384 -0.49949178 1.77083934
1540 384 -0.59311558 2.11177127
1550 384 -0.69874442 2.43767394
1560 384 -0.80399876 2.76221288
1570 384 -0.90726758 3.29848292
1580 384 -1.00970967 3.85844507
1590 384 -1.04248860 4.37300852
1600 384 -1.02895025 4.85776074
1610 384 -1.01962320 5.33915663
1620 384 -1.02379917 5.81097817
1630 384 -1.02710603 6.28230509
1640 384 -1.05893106 6.60647660
1650 384 -1.09676921 6.89379919
1660 384 -1.13597108 7.18074729
1670 384 -1.27375704 7.52495076
1680 384 -1.43674724 7.88349811
1520 388 0.27998814 0.68404725
1530 388 0.20428359 0.99176923
1540 388 0.12907365 1.30036033
1550 388 0.04688256 1.62903285
1560 388 -0.03830450 1.96861519
1570 388 -0.12262244 2.30770291
1580 388 -0.18155244 2.66916142
1590 388 -0.17756724 3.08456137
1600 388 -0.17494578 3.49958683
1610 388 -0.16388757 3.91326269
1620 388 -0.14712008 4.32483996
1630 388 -0.13122170 4.73691185
1640 388 -0.06349460 5.08842151
1650 388 0.03878498 5.39955635
1660 388 0.14106456 5.71069118
1670 388 0.23387577 6.04562413
1680 388 0.32282191 6.39196152
1690 388 0.41263716 6.73780428
1700 388 0.47078284 7.03608616
1710 388 0.52979763 7.33387343
1530 389 0.62725823 1.05365986
1540 389 0.57525287 1.28576209
1550 389 0.52237839 1.51835892
1560 389 0.46950390 1.75095576
1570 389 0.37426907 2.02031672
1580 389 0.21406286 2.34736407
1590 389 0.10708442 2.66483000
1600 389 0.12628260 2.96341572
1610 389 0.14411705 3.26162694
1620 389 0.19764160 3.64883376
1630 389 0.25573781 4.04609542
1640 389 0.32243329 4.42005359
1650 389 0.39548105 4.77889064
1660 389 0.45725862 5.12803321
1670 389 0.47271184 5.44025620
1680 389 0.52685113 5.68904112
1690 389 0.63957418 5.84465447
1700 389 0.77546647 6.01469648
1710 389 0.94518345 6.20575968
1720 389 1.09254377 6.41414859
1590 391 -0.37771726 0.08839500
1600 391 -0.38621052 0.68808897
1610 391 -0.37340703 1.16750640
1620 391 -0.34067050 1.52627278
1630 391 -0.29628928 1.89336992
1640 391 -0.14151678 2.33111240
1650 391 0.01276110 2.76798576
1660 391 0.16031927 3.14655093
1670 391 0.30616748 3.50998084
1680 391 0.48456850 3.91241477
1690 391 0.71136420 4.37360206
1700 391 0.91939274 4.78563862
1710 391 1.10150339 5.12382897
1720 391 1.28485764 5.46016097
1730 391 1.47766614 5.78075711
1740 391 1.66998001 6.10048414
1750 391 1.82800991 6.30740333
1760 391 1.97777972 6.48565597
1770 391 2.14467739 6.65761285
1780 391 2.34980182 6.81586886
1600 392 -0.66470775 -0.06814399
1610 392 -0.57444028 0.44427847
1620 392 -0.48367819 0.95757005
1630 392 -0.27728895 1.45568398
1640 392 -0.05849191 1.95133895
1650 392 0.17781455 2.36454139
1660 392 0.42550425 2.72294035
1670 392 0.68274005 3.08396077
1680 392 0.95274401 3.44922076
1690 392 1.22312247 3.81311702
1700 392 1.47895920 4.12315664
1710 392 1.72950355 4.40974438
1720 392 1.95587529 4.68822748
1730 392 2.08814981 4.94087041
1740 392 2.22605590 5.16499517
1750 392 2.42741419 5.13669606
1760 392 2.61514226 5.17138279
1770 392 2.75133132 5.45516535
1780 392 2.85922833 5.74584427
1790 392 2.90309373 6.05340374
