3260 382 0.00000000 0.00000000
3270 382 -0.00000000 0.16029036
3280 382 0.04385167 0.33111785
3290 382 0.10806639 0.50745409
3300 382 0.17129539 0.68362189
3310 382 0.25475019 0.81860817
3320 382 0.35114401 0.92537067
3330 382 0.44835509 1.03328733
3340 382 0.54474891 1.14004983
3350 382 0.63001293 1.23476545
3360 382 0.70857037 1.32123353
3370 382 0.78631054 1.40654745
3380 382 0.86388226 1.49284709
3390 382 0.94243970 1.57931517
3400 382 1.00842620 1.64435963
3410 382 1.07260972 1.70808149
3420 382 1.13679324 1.77180335
3430 382 1.20196248 1.83569366
3440 382 1.26631444 1.89842981
3450 382 1.33148368 1.96232011
3080 809 2.36725400 2.11091295
3090 809 2.24405882 1.96507761
3100 809 2.12069520 1.82022797
3110 809 1.99634586 1.67520990
3120 809 1.94952458 1.58706361
3130 809 1.93614262 1.52289257
3140 809 1.92259221 1.45970723
3150 809 1.90921024 1.39553619
3160 809 1.89484257 1.33119670
3170 809 1.88129216 1.26801136
3180 809 1.81073894 1.19407055
3190 809 1.72523162 1.11858878
3200 809 1.64071001 1.04327546
3210 809 1.55520268 0.96779369
3220 809 1.49152449 0.90111469
3230 809 1.44130937 0.83876534
3240 809 1.39109425 0.77641599
3250 809 1.34169639 0.71522080
3260 809 1.25414278 0.65765027
3270 809 1.16757488 0.60024819
3100 815 2.66149503 2.19974549
3110 815 2.52406318 2.07785419
3120 815 2.38663134 1.95596290
3130 815 2.26867041 1.85667433
3140 815 2.18032449 1.79186694
3150 815 2.09116130 1.72590540
3160 815 2.00281537 1.66109801
3170 815 1.91403898 1.58099962
3180 815 1.82526259 1.50090123
3190 815 1.73550048 1.42063439
3200 815 1.65768545 1.35356860
3210 815 1.58313948 1.29111943
3220 815 1.50957923 1.22883870
3230 815 1.43601897 1.16655798
3240 815 1.37214738 1.10694741
3250 815 1.32354184 1.05298908
3260 815 1.27510474 0.99804504
3270 815 1.22666764 0.94310100
3280 815 1.17823054 0.88815696
3290 815 1.09916154 0.84623928
3180 417 0.97868642 1.15942093
3190 417 1.08470652 1.36420554
3200 417 1.18990935 1.56783600
3210 417 1.29102585 1.76569569
3220 417 1.34356176 1.90351433
3230 417 1.39609767 2.04133297
3240 417 1.44945085 2.18030577
3250 417 1.50573620 2.32586661
3260 417 1.57295796 2.49054276
3270 417 1.63919401 2.65505047
3280 417 1.70543005 2.81955818
3290 417 1.77265181 2.98423433
3300 417 1.83664818 3.17372171
3310 417 1.89862321 3.37503762
3320 417 1.96175239 3.57553626
3330 417 2.02389587 3.77586646
3340 417 2.08291376 3.97667704
3350 417 2.12745793 4.17907224
3360 417 2.17200209 4.38146744
3370 417 2.21556054 4.58369420
3180 825 0.01310746 1.41340376
3190 825 0.10191505 1.28553581
3200 825 0.18956848 1.15848513
3210 825 0.28130824 1.03720522
3220 825 0.41410475 0.96656467
3230 825 0.54771852 0.89707827
3240 825 0.68255508 0.85011974
3250 825 0.83383055 1.00379710
3260 825 0.98510602 1.15747446
3270 825 1.13505889 1.31295480
3280 825 1.27854225 1.48254703
3290 825 1.42103990 1.65197082
3300 825 1.56370600 1.82040890
3310 825 1.68952142 1.96872099
3320 825 1.81435114 2.11686465
3330 825 1.93918085 2.26500830
3340 825 2.06307477 2.40081809
3350 825 2.18298216 2.50652626
3360 825 2.30305800 2.61124871
3370 825 2.42197969 2.71678843
3260 371 -0.72753595 -0.22476086
3270 371 -0.64068107 -0.15716478
3280 371 -0.54394412 -0.09396697
3290 371 -0.44638991 -0.02961501
3300 371 -0.35381416 0.04606016
3310 371 -0.27023459 0.15063289
3320 371 -0.18648657 0.25421990
3330 371 -0.10045520 0.36225509
3340 371 -0.00430469 0.48825144
3350 371 0.09184582 0.61424779
3360 371 0.18898204 0.74041258
3370 371 0.29244428 0.84736848
3380 371 0.40437241 0.93446667
3390 371 0.51630054 1.02156486
3400 371 0.62724295 1.10849460
3410 371 0.73556513 1.19294759
3420 371 0.81092836 1.25655091
3430 371 0.88629159 1.32015424
3440 371 0.96165483 1.38375756
3450 371 1.03701806 1.44736089
3280 353 -0.02570959 -0.58569960
3290 353 0.00598913 -0.49810855
3300 353 0.00005615 -0.37433941
3310 353 -0.00669410 -0.25172443
3320 353 -0.01344435 -0.12910945
3330 353 -0.01920889 -0.00632602
3340 353 0.00611390 0.11263934
3350 353 0.06317286 0.22992649
3360 353 0.11941454 0.34605949
3370 353 0.17762765 0.46252937
3380 353 0.23685142 0.57308499
3390 353 0.32392465 0.62752993
3400 353 0.40984373 0.68279215
3410 353 0.49691697 0.73723709
3420 353 0.58283604 0.79249930
3430 353 0.68173781 0.84896558
3440 353 0.80939365 0.90933103
3450 353 0.93606377 0.96952804
3460 353 1.06371960 1.02989349
3470 353 1.19022128 1.09107621
3280 810 1.08018972 0.54169196
3290 810 0.99362182 0.48428988
3300 810 0.91293699 0.47557445
3310 810 0.83143490 0.46570486
3320 810 0.75075007 0.45698942
3330 810 0.67023369 0.44728828
3340 810 0.59060944 0.42049316
3350 810 0.51608842 0.35196127
3360 810 0.44156741 0.28342939
3370 810 0.36606069 0.21472907
3380 810 0.29300576 0.14949121
3390 810 0.22706294 0.11387459
3400 810 0.16210582 0.07842642
3410 810 0.09616299 0.04280981
3420 810 0.03120587 0.00736164
3430 810 -0.12335739 -0.02615254
3440 810 -0.31557106 -0.05899918
3450 810 -0.50877045 -0.09201427
3460 810 -0.68963598 -0.12596515
3470 810 -0.85439323 -0.15919235
3290 854 2.11022670 1.88742478
3300 854 2.05339858 1.83409032
3310 854 1.99657045 1.78075586
3320 854 1.93957389 1.72840711
3330 854 1.88373148 1.67524109
3340 854 1.82546222 1.61252990
3350 854 1.76306296 1.51462008
3360 854 1.70148097 1.41786442
3370 854 1.63908171 1.31995460
3380 854 1.57668245 1.22204478
3390 854 1.51986057 1.12711705
3400 854 1.47715058 1.03865883
3410 854 1.43345487 0.95003217
3420 854 1.39074488 0.86157395
3430 854 1.34803489 0.77311573
3440 854 1.29128163 0.70153314
3450 854 1.20213716 0.67108215
3460 854 1.11217542 0.63947700
3470 854 1.02303094 0.60902601
3480 854 0.94631392 0.59490165
3300 816 1.01251877 0.80708533
3310 816 0.92489030 0.76776294
3320 816 0.83824753 0.72860900
3330 816 0.76326486 0.69246210
3340 816 0.70684225 0.66050135
3350 816 0.65058809 0.62755489
3360 816 0.59515119 0.59576258
3370 816 0.53889703 0.56281612
3380 816 0.47134462 0.51880849
3390 816 0.39888861 0.46787592
3400 816 0.32626416 0.41792906
3410 816 0.25479386 0.36716493
3420 816 0.17147007 0.32046219
3430 816 0.04633466 0.28690434
3440 816 -0.07978646 0.25317804
3450 816 -0.20492187 0.21962019
3460 816 -0.41067348 0.20069204
3470 816 -0.65097489 0.18803376
3480 816 -0.89127630 0.17537549
3490 816 -1.10753384 0.15262303
3320 829 -1.96372381 1.71370878
3330 829 -1.74407867 1.59196721
3340 829 -1.52426508 1.46923993
3350 829 -1.30445148 1.34651265
3360 829 -1.14142858 1.24147203
3370 829 -0.98400801 1.13953202
3380 829 -0.82740471 1.03643786
3390 829 -0.76226667 0.98771379
3400 829 -0.75892274 0.97408227
3410 829 -0.75459309 0.96061921
3420 829 -0.75043190 0.94814185
3430 829 -0.74708796 0.93451034
3440 829 -0.74275832 0.92104727
3450 829 -0.73941439 0.90741576
3460 829 -0.73508475 0.89395269
3470 829 -0.73190926 0.88130689
3480 829 -0.72757962 0.86784382
3490 829 -0.72423569 0.85421231
3500 829 -0.72007449 0.84173495
3510 829 -0.71574485 0.82827189
3390 447 -1.10651070 0.22381258
3400 447 -0.81359228 0.31444810
3410 447 -0.53159154 0.42147887
3420 447 -0.24860509 0.52867808
3430 447 -0.00212115 0.67732083
3440 447 0.24534850 0.82613202
3450 447 0.42650724 0.98897400
3460 447 0.56455672 1.16068114
3470 447 0.70376034 1.33157102
3480 447 0.83341880 1.66517810
3490 447 0.96324569 1.99779947
3500 447 1.09716516 2.29459836
3510 447 1.23260063 2.58252584
3520 447 1.37051285 2.86783307
3530 447 1.51402740 3.15003969
3540 447 1.65754196 3.43224630
3550 447 1.81009636 3.71498320
3560 447 1.97481618 3.99777001
3570 447 2.13970445 4.27957111
3580 447 2.30442427 4.56235792
