3130 821 0.00000000 0.00000000
3140 821 -0.00000000 0.23971859
3150 821 -0.00015018 0.47844851
3160 821 -0.00015018 0.71816710
3170 821 -0.02982247 1.00892052
3180 821 -0.09114437 1.35100914
3190 821 -0.15246628 1.69309776
3200 821 -0.20693014 2.02706436
3210 821 -0.24456176 2.34532504
3220 821 -0.28333222 2.66274724
3230 821 -0.30070259 2.92128789
3240 821 -0.29865019 3.12124736
3250 821 -0.29659778 3.32120682
3260 821 -0.29886294 3.51271888
3270 821 -0.33525561 3.61939397
3280 821 -0.37149810 3.72705771
3290 821 -0.40140818 3.86309222
3300 821 -0.42912818 4.00688582
3310 821 -0.45684818 4.15067943
3320 821 -0.55695306 4.29737644
2980 412 2.03021806 4.14309554
2990 412 1.79569306 3.93090924
3000 412 1.56131824 3.71971159
3010 412 1.33688008 3.56061254
3020 412 1.11703479 3.42509113
3030 412 0.89817817 3.28941955
3040 412 0.68037278 3.16066858
3050 412 0.46823654 3.04926295
3060 412 0.25511163 2.93800750
3070 412 0.04297539 2.82660187
3080 412 -0.16274082 2.73748487
3090 412 -0.36293807 2.66472456
3100 412 -0.56313531 2.59196424
3110 412 -0.76348273 2.51821526
3120 412 -0.93731156 2.45257580
3130 412 -1.10802423 2.38747446
3140 412 -1.27873690 2.32237313
3150 412 -1.44959975 2.25628313
3160 412 -1.61177741 2.18078210
3170 412 -1.76946231 2.10156422
2980 416 1.58802456 4.22847065
2990 416 1.32705606 4.04862226
3000 416 1.07579894 3.87943638
3010 416 0.86467639 3.75472765
3020 416 0.65454249 3.62986875
3030 416 0.44357011 3.50614868
3040 416 0.23014486 3.39291591
3050 416 0.01633165 3.28378795
3060 416 -0.19748156 3.17465999
3070 416 -0.38956929 3.07538108
3080 416 -0.55780406 2.98663952
3090 416 -0.72618900 2.89690931
3100 416 -0.89442377 2.80816775
3110 416 -1.06501129 2.75720800
3120 416 -1.23876503 2.73201596
3130 416 -1.41251877 2.70682392
3140 416 -1.58543402 2.68049305
3150 416 -1.73892650 2.59558098
3160 416 -1.88951558 2.50314760
3170 416 -2.04109331 2.41086439
2990 555 0.28777493 2.23411964
3000 555 0.29493333 2.22797494
3010 555 0.30209172 2.22183023
3020 555 0.30607139 2.20807661
3030 555 0.30513279 2.18192094
3040 555 0.30518285 2.15561509
3050 555 0.30424425 2.12945942
3060 555 0.30330564 2.10330376
3070 555 0.30251722 2.07813675
3080 555 0.30256728 2.05183090
3090 555 0.30162868 2.02567523
3100 555 0.30069008 1.99951956
3110 555 0.29990165 1.97435255
3120 555 0.29995171 1.94804671
3130 555 0.29901311 1.92189104
3140 555 0.29807451 1.89573537
3150 555 0.29713591 1.86957970
3160 555 0.29733615 1.84426251
3170 555 0.29751135 1.83209825
3180 555 0.29858761 1.82586594
3020 421 1.21857886 2.80177275
3030 421 1.02806797 2.75282786
3040 421 0.88247225 2.71324395
3050 421 0.73687653 2.67366003
3060 421 0.59029215 2.63422629
3070 421 0.42509845 2.58548164
3080 421 0.25549959 2.53437171
3090 421 0.08476189 2.48242330
3100 421 -0.08483698 2.43131337
3110 421 -0.25542450 2.38035361
3120 421 -0.42502337 2.32924368
3130 421 -0.56943019 2.34409860
3140 421 -0.71284836 2.35880334
3150 421 -0.85725519 2.37365826
3160 421 -1.00166201 2.38851318
3170 421 -1.14606884 2.40336810
3180 421 -1.28948700 2.41807284
3190 421 -1.44677143 2.36812678
3200 421 -1.60411843 2.31110992
3210 421 -1.76161560 2.25310441
3160 823 -0.25922896 0.46419430
3170 823 -0.29933849 0.80609520
3180 823 -0.34043668 1.14814627
3190 823 -0.38000808 1.48693102
3200 823 -0.41874100 1.82457693
3210 823 -0.45663543 2.16108401
3220 823 -0.48366713 2.46256251
3230 823 -0.50893426 2.75568121
3240 823 -0.53336290 3.04766107
3250 823 -0.51549195 3.16531153
3260 823 -0.49777117 3.28197332
3270 823 -0.48005039 3.39863511
3280 823 -0.50525494 3.53901221
3290 823 -0.54271136 3.68529624
3300 823 -0.57932930 3.83044143
3310 823 -0.61579706 3.97657528
3320 823 -0.57961714 4.18146553
3330 823 -0.51208796 4.41294946
3340 823 -0.44569761 4.64359491
3350 823 -0.44835072 4.91911797
3190 556 0.29966387 1.81963363
3200 556 0.30157862 1.81226249
3210 556 0.30265488 1.80603018
3220 556 0.30373114 1.79979788
3230 556 0.30480741 1.79356557
3240 556 0.30588367 1.78733326
3250 556 0.30695993 1.78110095
3260 556 0.30902485 1.77471847
3270 556 0.31010111 1.76848616
3280 556 0.31117737 1.76225385
3290 556 0.31225364 1.75602154
3300 556 0.31317972 1.74880058
3310 556 0.31425598 1.74256827
3320 556 0.31533225 1.73633596
3330 556 0.31739717 1.72995348
3340 556 0.31847343 1.72372117
3350 556 0.31954969 1.71748886
3360 556 0.32062595 1.71125656
3370 556 0.32170222 1.70502425
3380 556 0.32376714 1.69864176
3260 371 -0.13960119 3.08292742
3270 371 -0.24331030 3.04608422
3280 371 -0.35501628 3.01652456
3290 371 -0.46786110 2.98612642
3300 371 -0.57954205 2.94341384
3310 371 -0.69177365 2.87044077
3320 371 -0.80385507 2.79845636
3330 371 -0.91950317 2.72296785
3340 371 -1.05040667 2.63361308
3350 371 -1.18131016 2.54425830
3360 371 -1.31320231 2.45505370
3370 371 -1.44505692 2.38607282
3380 371 -1.57870113 2.33860466
3390 371 -1.71234533 2.29113650
3400 371 -1.84500088 2.24351817
3410 371 -1.97439010 2.19742662
3420 371 -2.06593494 2.16075862
3430 371 -2.15747978 2.12409063
3440 371 -2.24902462 2.08742263
3450 371 -2.34056946 2.05075464
3280 810 -2.09665846 2.92402861
3290 810 -1.99642844 2.95128557
3300 810 -1.91709792 2.93417801
3310 810 -1.83662856 2.91790893
3320 810 -1.75729804 2.90080137
3330 810 -1.67781735 2.88468247
3340 810 -1.59380634 2.88507043
3350 810 -1.50151061 2.92668172
3360 810 -1.40921489 2.96829301
3370 810 -1.31593051 3.00975412
3380 810 -1.22606264 3.04869979
3390 810 -1.15226360 3.06176511
3400 810 -1.07945323 3.07498061
3410 810 -1.00565419 3.08804593
3420 810 -0.93284382 3.10126142
3430 810 -0.77558442 3.08445422
3440 810 -0.58279586 3.05516988
3450 810 -0.38901865 3.02573536
3460 810 -0.20665482 3.00106894
3470 810 -0.03980918 2.98078265
3300 816 -2.11590603 2.65082075
3310 816 -2.02035649 2.66058220
3320 816 -1.92579562 2.67049382
3330 816 -1.84324882 2.68121890
3340 816 -1.77963674 2.69380866
3350 816 -1.71587447 2.70738708
3360 816 -1.65325104 2.72012702
3370 816 -1.58948877 2.73370544
3380 816 -1.51152235 2.75422951
3390 816 -1.42672292 2.77978447
3400 816 -1.34207367 2.80435078
3410 816 -1.25826289 2.83005592
3420 816 -1.16447792 2.84817717
3430 816 -1.03513876 2.84066836
3440 816 -0.90481095 2.83300938
3450 816 -0.77547179 2.82550058
3460 816 -0.57421080 2.77874575
3470 816 -0.34212616 2.71517121
3480 816 -0.11004153 2.65159666
3490 816 0.10239506 2.60516722
3320 829 0.42405974 0.85400137
3330 829 0.25386017 1.03865539
3340 829 0.08381077 1.22429807
3350 829 -0.08623862 1.40994074
3360 829 -0.20794383 1.56093029
3370 829 -0.32530644 1.70721432
3380 829 -0.44153022 1.85433683
3390 829 -0.48803475 1.92107758
3400 829 -0.48692095 1.93506899
3410 829 -0.48679580 1.94921057
3420 829 -0.48682083 1.96236349
3430 829 -0.48570702 1.97635490
3440 829 -0.48558188 1.99049648
3450 829 -0.48446807 2.00448789
3460 829 -0.48434292 2.01862947
3470 829 -0.48337929 2.03163222
3480 829 -0.48325415 2.04577380
3490 829 -0.48214034 2.05976520
3500 829 -0.48216537 2.07291813
3510 829 -0.48204022 2.08705971
