4240 485 0.00000000 0.00000000
4250 485 -0.00000000 0.30075239
4260 485 -0.00091105 0.60191708
4270 485 -0.00182210 0.90308177
4280 485 0.15183919 1.11892710
4290 485 0.32239810 1.32602770
4300 485 0.49573006 1.50772534
4310 485 0.67133631 1.66534338
4320 485 0.84653026 1.82205036
4330 485 1.03079480 1.99880041
4340 485 1.22966271 2.20296836
4350 485 1.42803188 2.40845966
4360 485 1.52249497 2.63902142
4370 485 1.61745681 2.86825983
4380 485 1.69551437 3.06014526
4390 485 1.76202756 3.22652133
4400 485 1.82945180 3.39248510
4410 485 1.91846190 3.56733990
4420 485 2.01367643 3.74377740
4430 485 2.10797992 3.92062720
4210 483 -0.70952055 0.55928400
4220 483 -0.69127963 0.83970738
4230 483 -0.67253996 1.11880740
4240 483 -0.60544822 1.38590420
4250 483 -0.49082902 1.63917567
4260 483 -0.36610183 1.88567745
4270 483 -0.15957978 2.06552640
4280 483 0.04826562 2.24587409
4290 483 0.17713575 2.33902713
4300 483 0.29691535 2.42422014
4310 483 0.41628264 2.50850209
4320 483 0.48207763 2.65873864
4330 483 0.49479906 2.87360643
4340 483 0.64937805 2.98476099
4350 483 0.89974347 3.02622367
4360 483 1.09053830 3.05732566
4370 483 1.19197723 3.07288664
4380 483 1.29432720 3.08803531
4390 483 1.39667718 3.10318399
4400 483 1.47722184 3.09197876
