2660 630 0.00000000 0.00000000
2670 630 -0.00000000 0.39342852
2680 630 -0.00065069 0.78811267
2690 630 -0.00034822 1.18249435
2700 630 -0.01817357 1.60570973
2710 630 -0.03569645 2.02987826
2720 630 -0.05045135 2.45946329
2730 630 -0.05613218 2.91764309
2740 630 -0.06055738 3.37647358
2750 630 -0.06047350 3.82967661
2760 630 -0.03893465 4.26453070
2770 630 -0.01769826 4.69843163
2780 630 -0.00417865 5.14107620
2790 630 -0.01918010 5.60955775
2800 630 -0.03387909 6.07899245
2810 630 -0.02974365 6.55818750
2820 630 0.02054757 7.06050493
2830 630 0.07114126 7.56377551
2840 630 0.06853087 8.02832495
2850 630 0.06592049 8.49287440
2520 616 -1.52119882 0.76389734
2530 616 -1.37415559 1.11486071
2540 616 -1.22711236 1.46582409
2550 616 -1.08006913 1.81678746
2560 616 -0.93289882 2.11525337
2570 616 -0.78659015 2.40769785
2580 616 -0.65525753 2.68601016
2590 616 -0.65545579 2.83085477
2600 616 -0.65660720 2.97600184
2610 616 -0.65775862 3.12114892
2620 616 -0.73643619 3.31292963
2630 616 -0.82404041 3.50964135
2640 616 -0.91134217 3.70730623
2650 616 -0.94698778 3.98510002
2660 616 -0.97644675 4.27247115
2670 616 -0.99132366 4.57934519
2680 616 -0.94782656 4.96106892
2690 616 -0.90402699 5.34374580
2700 616 -0.87062067 5.72342595
2710 616 -0.85865153 6.09836827
2520 618 -1.23923909 0.62091584
2530 618 -1.08086724 0.99766026
2540 618 -0.92219293 1.37535784
2550 618 -0.76277643 1.74547590
2560 618 -0.60545941 2.08583506
2570 618 -0.44718924 2.42589175
2580 618 -0.32177637 2.74175345
2590 618 -0.32562967 2.96434534
2600 618 -0.32883229 3.18568161
2610 618 -0.35587405 3.37156798
2620 618 -0.40675496 3.52200446
2630 618 -0.45763586 3.67244093
2640 618 -0.46401822 3.91681824
2650 618 -0.45107050 4.20227289
2660 618 -0.43812279 4.48772753
2670 618 -0.43604363 4.82489170
2680 618 -0.43635627 5.17435544
2690 618 -0.43666890 5.52381917
2700 618 -0.43793470 5.87358538
2710 618 -0.44392054 6.22170198
2580 620 0.39314384 -0.02403995
2590 620 0.51920994 0.39967616
2600 620 0.64527605 0.82339227
2610 620 0.77134215 1.24710837
2620 620 0.92195909 1.56965997
2630 620 1.07257603 1.89221158
2640 620 1.22414613 2.21446071
2650 620 1.39235204 2.58913360
2660 620 1.56332591 2.96922298
2670 620 1.73399732 3.34835919
2680 620 1.89251405 3.64951936
2690 620 2.04926171 3.94179863
2700 620 2.20696253 4.23377543
2710 620 2.28223160 4.47427401
2720 620 2.33555005 4.70180454
2730 620 2.39077483 4.92873013
2740 620 2.35058963 5.08311650
2750 620 2.31070691 5.23845603
2760 620 2.27082419 5.39379556
2770 620 2.19001155 5.60199093
2660 629 0.33022771 0.06202143
2670 629 0.32507811 0.50534466
2680 629 0.31992851 0.94866788
2690 629 0.32661079 1.38299074
2700 629 0.33775640 1.81484810
2710 629 0.34985517 2.24640298
2720 629 0.35000259 2.67335729
2730 629 0.32533991 3.08825095
2740 629 0.30067724 3.50314462
2750 629 0.28073460 3.91968788
2760 629 0.30227346 4.35454197
2770 629 0.32285916 4.78969853
2780 629 0.34149278 5.22862197
2790 629 0.33895611 5.70993430
2800 629 0.33611697 6.19029348
2810 629 0.33699896 6.67576668
2820 629 0.35185807 7.17883646
2830 629 0.36797282 7.68255693
2840 629 0.38408756 8.18627740
2850 629 0.38820521 8.68855924
2710 634 -0.55156144 0.43731451
2720 634 -0.41202402 0.80429858
2730 634 -0.27932393 1.16296094
2740 634 -0.16215906 1.50242286
2750 634 -0.04529667 1.84093162
2760 634 0.06735912 2.18602099
2770 634 0.17745790 2.53297092
2780 634 0.28785915 2.88087402
2790 634 0.39829599 3.18260354
2800 634 0.50853965 3.45396923
2810 634 0.61878331 3.72533491
2820 634 0.68684904 3.98280735
2830 634 0.71243437 4.22543338
2840 634 0.73736902 4.46931504
2850 634 0.67707852 4.74548719
2860 634 0.55825134 5.04548069
2870 634 0.44007486 5.34421857
2880 634 0.35607739 5.75066343
2890 634 0.27475639 6.16884867
2900 634 0.18680903 6.58598925
2710 635 -1.04111161 0.50138968
2720 635 -0.89274667 0.93586505
2730 635 -0.74342857 1.37003794
2740 635 -0.62846232 1.75216327
2750 635 -0.51847284 2.12852388
2760 635 -0.40753019 2.50458203
2770 635 -0.30419757 2.75086311
2780 635 -0.20056248 2.99809735
2790 635 -0.09722986 3.24437842
2800 635 -0.08152434 3.49223793
2810 635 -0.06516813 3.73884181
2820 635 -0.06773784 3.98200924
2830 635 -0.14185042 4.20801217
2840 635 -0.21596299 4.43401511
2850 635 -0.30192524 4.69210519
2860 635 -0.39148916 4.95868221
2870 635 -0.48451749 5.22426031
2880 635 -0.59300734 5.48740087
2890 635 -0.70214788 5.75179705
2900 635 -0.76581128 6.02064640
2710 637 -0.96425902 0.26087839
2720 637 -0.79751971 0.62762354
2730 637 -0.63078040 0.99436869
2740 637 -0.48813696 1.32154883
2750 637 -0.35998407 1.62290217
2760 637 -0.23183119 1.92425552
2770 637 -0.11548222 2.25453407
2780 637 -0.01093718 2.61373782
2790 637 0.09360786 2.97294157
2800 637 0.17936422 3.31922302
2810 637 0.26044629 3.66069293
2820 637 0.32767070 3.99816719
2830 637 0.27642633 4.28300928
2840 637 0.22613511 4.56754890
2850 637 0.10888382 4.84605946
2860 637 -0.01950291 5.12915282
2870 637 -0.10337329 5.48310021
2880 637 -0.18659298 5.83579198
2890 637 -0.27864782 6.18709087
2900 637 -0.37195829 6.53773906
2740 646 0.26814020 -0.08404068
2750 646 0.25934825 0.19572297
2760 646 0.25181194 0.47613732
2770 646 0.24427563 0.75655166
2780 646 0.30417724 1.09739884
2790 646 0.39377420 1.46239525
2800 646 0.48272047 1.82864730
2810 646 0.65258614 2.24161177
2820 646 0.83124121 2.65913107
2830 646 1.02469694 3.03733192
2840 646 1.27514650 3.25791074
2850 646 1.52559606 3.47848957
2860 646 1.77398426 3.73224595
2870 646 2.02218945 3.99865013
2880 646 2.21839281 4.29624421
2890 646 2.33741825 4.63826314
2900 646 2.45549052 4.98058453
2910 646 2.44055007 5.31370731
2920 646 2.41140373 5.64504323
2930 646 2.38868296 6.01315838
2750 647 -0.34030578 0.08805666
2760 647 -0.36593433 0.35113113
2770 647 -0.39156287 0.61420560
2780 647 -0.41784210 0.87853570
2790 647 -0.43791691 1.12935636
2800 647 -0.45339113 1.36822567
2810 647 -0.46856288 1.60804814
2820 647 -0.46736571 1.85316764
2830 647 -0.39762242 2.12584487
2840 647 -0.32818160 2.39756894
2850 647 -0.26355232 2.67396731
2860 647 -0.22254106 2.96520446
2870 647 -0.18248296 3.25674408
2880 647 -0.15511839 3.55126263
2890 647 -0.15725601 3.85199579
2900 647 -0.16034679 4.15303141
2910 647 -0.19063946 4.45430596
2920 647 -0.24752908 4.75772575
2930 647 -0.30567433 5.06049486
2940 647 -0.38312169 5.34211145
2770 614 1.30657025 1.54518031
2780 614 1.29183314 1.55825002
2790 614 1.27614287 1.57162221
2800 614 1.26075507 1.58594756
2810 614 1.24506480 1.59931975
2820 614 1.25181316 1.72307539
2830 614 1.29126633 2.01270869
2840 614 1.31613743 2.28283908
2850 614 1.32863525 2.53381479
2860 614 1.34113307 2.78479049
2870 614 1.25187162 3.05232066
2880 614 1.15247365 3.32096921
2890 614 1.05744749 3.59347615
2900 614 0.98467442 3.87990429
2910 614 0.91190135 4.16633243
2920 614 0.87533054 4.46435353
2930 614 0.86396380 4.76906454
2940 614 0.85289953 5.07472870
2950 614 0.81544927 5.38981516
2960 614 0.76240025 5.71194992
2780 648 -0.90084979 0.49045250
2790 648 -0.87053425 0.77773975
2800 648 -0.83926554 1.06472454
2810 648 -0.81517222 1.38860803
2820 648 -0.79365370 1.73743886
2830 648 -0.77243765 2.08531654
2840 648 -0.71901752 2.34953481
2850 648 -0.65800009 2.59140848
2860 648 -0.59668018 2.83423530
2870 648 -0.61773610 3.06543359
2880 648 -0.69431418 3.28697320
2890 648 -0.77058979 3.50946597
2900 648 -0.86034688 3.74567914
2910 648 -0.95717006 3.98938034
2920 648 -1.06134400 4.21652960
2930 648 -1.23688034 4.30475656
2940 648 -1.41336983 4.39328598
2950 648 -1.61543957 4.45740945
2960 648 -1.85746067 4.48490110
2970 648 -2.09822613 4.51304344
2780 649 -0.39158320 0.13475383
2790 649 -0.22244193 0.53221104
2800 649 -0.05234750 0.92936577
2810 649 0.04963290 1.35652850
2820 649 0.08445244 1.81339675
2830 649 0.11927198 2.27026501
2840 649 0.00655265 2.73828141
2850 649 -0.10742231 3.20564712
2860 649 -0.30040018 3.66870709
2870 649 -0.51295468 4.12958624
2880 649 -0.71287155 4.54763677
2890 649 -0.89794202 4.92320689
2900 649 -1.06218024 5.30160854
2910 649 -1.13897437 5.69107954
2920 649 -1.18708222 6.06515258
2930 649 -1.11988577 6.38270200
2940 649 -1.22602703 6.74581498
2950 649 -1.40772459 7.12870791
2960 649 -1.61175403 7.65612519
2970 649 -1.82135500 8.21888307
