2720 883 0.00000000 0.00000000
2730 883 -0.00000000 0.13839798
2740 883 0.00052024 0.27811100
2750 883 0.00052024 0.41650898
2760 883 0.00143788 0.55530436
2770 883 -0.01413315 0.67933074
2780 883 -0.04539806 0.78675283
2790 883 -0.07614273 0.89548997
2800 883 -0.10688740 1.00422711
2810 883 -0.13815231 1.11164920
2820 883 -0.12650474 1.22566821
2830 883 -0.08690156 1.34307599
2840 883 -0.04690097 1.45956613
2850 883 -0.00690039 1.57605628
2860 883 0.03270279 1.69346406
2870 883 0.00669085 1.90450761
2880 883 -0.02023874 2.11515375
2890 883 -0.04625068 2.32619730
2900 883 -0.08668479 2.46234091
2910 883 -0.13164932 2.58126606
2540 249 -0.77232343 0.75418733
2550 249 -0.70162153 0.84256289
2560 249 -0.63143987 0.92962342
2570 249 -0.60146110 0.95350382
2580 249 -0.58870803 0.94921908
2590 249 -0.57595495 0.94493433
2600 249 -0.56451692 0.94116983
2610 249 -0.55176385 0.93688508
2620 249 -0.53901077 0.93260034
2630 249 -0.52665510 0.92923324
2640 249 -0.51390202 0.92494849
2650 249 -0.50114894 0.92066375
2660 249 -0.48839587 0.91637900
2670 249 -0.47604020 0.91301190
2680 249 -0.46328712 0.90872716
2690 249 -0.45145169 0.90404501
2700 249 -0.43778097 0.90015767
2710 249 -0.42634294 0.89639316
2720 249 -0.41358986 0.89210842
2730 249 -0.40083678 0.88782367
2660 782 -1.26046640 1.01573739
2670 782 -1.25316138 0.99383678
2680 782 -1.24493872 0.97233358
2690 782 -1.23763370 0.95043297
2700 782 -1.23032868 0.92853236
2710 782 -1.22262625 0.90571411
2720 782 -1.21532123 0.88381350
2730 782 -1.20709857 0.86231029
2740 782 -1.19979355 0.84040968
2750 782 -1.19209113 0.81759143
2760 782 -1.18386846 0.79608823
2770 782 -1.17656344 0.77418762
2780 782 -1.16925842 0.75228701
2790 782 -1.16195340 0.73038640
2800 782 -1.16701128 0.67915733
2810 782 -1.18391182 0.59991484
2820 782 -1.20172999 0.52027495
2830 782 -1.21954817 0.44063505
2840 782 -1.16341296 0.35379130
2850 782 -1.10819539 0.26655014
2680 787 -1.92442842 2.03807170
2690 787 -1.88740476 1.97019499
2700 787 -1.84998369 1.90140063
2710 787 -1.80378359 1.83749796
2720 787 -1.75666585 1.77399270
2730 787 -1.71046576 1.71009003
2740 787 -1.66334801 1.64658476
2750 787 -1.59170679 1.55664848
2760 787 -1.51966817 1.46579455
2770 787 -1.44854719 1.37454321
2780 787 -1.40956540 1.30969400
2790 787 -1.37874848 1.25111655
2800 787 -1.34793155 1.19253911
2810 787 -1.31751203 1.13487931
2820 787 -1.28669511 1.07630186
2830 787 -1.22339939 1.00563609
2840 787 -1.16050107 0.93588796
2850 787 -1.09760275 0.86613983
2860 787 -1.03522467 0.79507665
2870 787 -0.99440760 0.73102225
2720 878 1.22714222 1.39887883
2730 878 1.21417237 1.39108247
2740 878 1.20068229 1.38197107
2750 878 1.18771245 1.37417471
2760 878 1.17474261 1.36637836
2770 878 1.16177276 1.35858200
2780 878 1.14828268 1.34947059
2790 878 1.13531284 1.34167424
2800 878 1.12274040 1.33296024
2810 878 1.10977056 1.32516388
2820 878 1.09588307 1.31697012
2830 878 1.08331063 1.30825612
2840 878 1.07034079 1.30045976
2850 878 1.05737095 1.29266340
2860 878 1.04388087 1.28355200
2870 878 1.03091102 1.27575564
2880 878 1.01794118 1.26795929
2890 878 1.00536874 1.25924529
2900 878 0.99148126 1.25105152
2910 878 0.97851141 1.24325517
2720 884 -0.14416396 -0.21063892
2730 884 -0.11680084 -0.12032690
2740 884 -0.08904032 -0.03093253
2750 884 -0.06167720 0.05937948
2760 884 -0.03431409 0.14969149
2770 884 -0.00918366 0.24012634
2780 884 0.00264455 0.34114661
2790 884 0.01315771 0.44268711
2800 884 0.02367087 0.54422761
2810 884 0.01944393 0.65464107
2820 884 -0.02163326 0.78723694
2830 884 -0.06271045 0.91983281
2840 884 -0.09892486 1.05126537
2850 884 -0.08687988 1.16436673
2860 884 -0.07483491 1.27746810
2870 884 -0.06278994 1.39056946
2880 884 -0.05513086 1.58677175
2890 884 -0.04865678 1.81842254
2900 884 -0.11329645 2.03562224
2910 884 -0.24773484 2.23785063
2740 250 -0.38848111 0.88445657
2750 250 -0.37572804 0.88017183
2760 250 -0.37316297 0.86166722
2770 250 -0.38601720 0.82340799
2780 250 -0.39847403 0.78423112
2790 250 -0.41001322 0.74545165
2800 250 -0.42247005 0.70627478
2810 250 -0.43532428 0.66801555
2820 250 -0.44778111 0.62883867
2830 250 -0.45932030 0.59005920
2840 250 -0.47177713 0.55088233
2850 250 -0.54667707 0.42690653
2860 250 -0.68218483 0.21892661
2870 250 -0.81570557 0.00635847
2880 250 -0.94167562 -0.22364489
2890 250 -1.06724826 -0.45456589
2900 250 -1.18022679 -0.71708418
2910 250 -1.24163665 -1.10874453
2920 250 -1.30304650 -1.50040488
2930 250 -1.36480319 -1.93907459
2740 409 -0.80157964 0.53991396
2750 409 -0.78146374 0.63689515
2760 409 -0.76067586 0.72980836
2770 409 -0.74080563 0.82232416
2780 409 -0.64371606 0.73904982
2790 409 -0.53375780 0.62102786
2800 409 -0.40451458 0.43834456
2810 409 -0.27527136 0.25566125
2820 409 -0.07866444 0.14138212
2830 409 0.16202549 0.07125827
2840 409 0.38171078 0.03453808
2850 409 0.57919922 0.03397449
2860 409 0.77708506 0.03249325
2870 409 0.94288951 0.04218270
2880 409 1.08542049 0.06031880
2890 409 1.22926652 0.07793467
2900 409 1.36931192 0.05903265
2910 409 1.50739198 0.00440758
2920 409 1.64455439 -0.05061490
2930 409 1.79905809 -0.10793510
2790 882 -0.67789286 0.54117121
2800 882 -0.70872423 0.67275550
2810 882 -0.73955561 0.80433979
2820 882 -0.79114596 0.97379314
2830 882 -0.86218023 1.18059529
2840 882 -0.93229687 1.38779485
2850 882 -0.96322217 1.50953074
2860 882 -0.97601860 1.59443805
2870 882 -0.98789739 1.67974276
2880 882 -1.00069382 1.76465007
2890 882 -1.05896779 1.86146507
2900 882 -1.18611560 1.97640172
2910 882 -1.31326342 2.09133837
2920 882 -1.46016585 2.22169433
2930 882 -1.61523315 2.35832205
2940 882 -1.77121809 2.49455236
2950 882 -1.85251985 2.60427940
2960 882 -1.93382162 2.71400644
2970 882 -2.01604103 2.82333607
2980 882 -2.07238579 2.93079429
2830 796 -1.40817810 1.77452739
2840 796 -1.36762837 1.74631888
2850 796 -1.33429696 1.71716383
2860 796 -1.35761378 1.66783507
2870 796 -1.38093059 1.61850632
2880 796 -1.40332976 1.56957497
2890 796 -1.42664658 1.52024621
2900 796 -1.33659468 1.42302658
2910 796 -1.24654279 1.32580695
2920 796 -1.14318145 1.25069747
2930 796 -1.00901041 1.22271296
2940 796 -0.87483938 1.19472845
2950 796 -0.74840689 1.16448234
2960 796 -0.68730773 1.11901925
2970 796 -0.62672881 1.07224111
2980 796 -0.56562966 1.02677802
2990 796 -0.50413309 0.98039728
3000 796 -0.44395158 0.93453678
3010 796 -0.40556951 0.92391524
3020 796 -0.40179778 0.96804883
2860 783 -1.05288389 0.18915739
2870 783 -1.00208112 0.19263287
2880 783 -0.95036071 0.19650576
2890 783 -0.89864030 0.20037865
2900 783 -0.84652249 0.20333390
2910 783 -0.78678896 0.20631804
2920 783 -0.69053755 0.20550156
2930 783 -0.59428614 0.20468507
2940 783 -0.49843214 0.20478623
2950 783 -0.44212352 0.21064614
2960 783 -0.44481142 0.22691806
2970 783 -0.44749932 0.24318997
2980 783 -0.45018722 0.25946189
2990 783 -0.45327252 0.27665144
3000 783 -0.45596042 0.29292336
3010 783 -0.45864832 0.30919527
3020 783 -0.46173363 0.32638483
3030 783 -0.46442153 0.34265674
3040 783 -0.46710943 0.35892866
3050 783 -0.46979733 0.37520057
