0 111 0.00000000 0.00000000
10 111 -0.00000000 0.12316655
20 111 0.00039784 0.24725056
30 111 0.00039784 0.37041712
40 111 0.01547498 0.48813576
50 111 0.16135062 0.54804651
60 111 0.30722626 0.60795725
70 111 0.45401936 0.66747016
80 111 0.59447957 0.71991947
90 111 0.71456087 0.73542693
100 111 0.83412255 0.75224967
110 111 0.95328639 0.76815497
120 111 1.08104835 0.79886135
130 111 1.21792804 0.84305355
140 111 1.35349244 0.88672612
150 111 1.48945468 0.93131614
160 111 1.62290812 0.97263418
170 111 1.75162001 1.01055844
180 111 1.88033190 1.04848269
190 111 2.00904379 1.08640695
0 33 0.90606578 0.41041174
10 33 0.80300209 0.32103683
20 33 0.69902094 0.23205975
30 33 0.59543762 0.14400013
40 33 0.48457149 0.04165904
50 33 0.36168098 -0.07835731
60 33 0.23970793 -0.19877149
70 33 0.11641959 -0.31970530
80 33 -0.01351828 -0.36799763
90 33 -0.14818958 -0.38698818
100 33 -0.28246305 -0.40506126
110 33 -0.41219794 -0.37496381
120 33 -0.53610333 -0.27109632
130 33 -0.66040656 -0.16814630
140 33 -0.78339449 -0.06467665
150 33 -0.96397923 0.01907986
160 33 -1.16915669 0.09388101
170 33 -1.37301885 0.16920178
180 33 -1.59216925 0.26205166
190 33 -1.84357679 0.39613839
0 39 0.44868512 0.49429815
10 39 0.36457949 0.38580279
20 39 0.28087171 0.27822488
30 39 0.19624646 0.17104481
40 39 0.12297170 0.07747233
50 39 0.06000817 0.00013802
60 39 -0.00387280 -0.07679845
70 39 -0.06683633 -0.15413275
80 39 -0.18666594 -0.14141014
90 39 -0.30781084 -0.12920715
100 39 -0.43011677 -0.11214083
110 39 -0.57837942 -0.05438977
120 39 -0.72664207 0.00336130
130 39 -0.87450689 0.06202983
140 39 -1.04312409 0.18092574
150 39 -1.23130018 0.36280141
160 39 -1.41947627 0.54467709
170 39 -1.60765235 0.72655276
180 39 -1.83370398 0.86381405
190 39 -2.08416970 0.97242308
0 45 1.62906238 0.87622814
10 45 1.54891076 0.80198720
20 45 1.46927875 0.72643098
30 45 1.39004457 0.65179221
40 45 1.30989294 0.57755127
50 45 1.19970881 0.51197341
60 45 1.07077771 0.45343479
70 45 0.94092914 0.39529400
80 45 0.81199804 0.33675538
90 45 0.68125637 0.25393257
100 45 0.55005192 0.15496090
110 45 0.41844964 0.05507177
120 45 0.28724519 -0.04389990
130 45 0.15604074 -0.14287158
140 45 0.03574022 -0.17899340
150 45 -0.07702578 -0.17260368
160 45 -0.18887433 -0.16661179
170 45 -0.30164033 -0.16022207
180 45 -0.41764585 -0.14370784
190 45 -0.54208710 -0.10391620
0 52 1.38394714 0.73073409
10 52 1.26557085 0.68396815
20 52 1.14850985 0.63772183
30 52 1.03053139 0.59187334
40 52 0.91307255 0.54470957
50 52 0.79716446 0.46090435
60 52 0.68165421 0.37801658
70 52 0.56574612 0.29421137
80 52 0.44106130 0.21530196
90 52 0.30472558 0.14471461
100 52 0.16930733 0.07372943
110 52 0.03257378 0.00222463
120 52 -0.09790807 -0.01967255
130 52 -0.22462267 -0.02031396
140 52 -0.35265256 -0.02147499
150 52 -0.48028461 -0.02171856
160 52 -0.60828202 -0.01526388
170 52 -0.73562990 0.02033831
180 52 -0.86389524 0.05633835
190 52 -0.99216058 0.09233838
0 57 -3.42648216 -0.46413574
10 57 -3.16842509 -0.30136428
20 57 -2.91076586 -0.13951028
30 57 -2.65218917 0.02194589
40 57 -2.39437567 0.18918285
50 57 -2.13601007 0.36272022
60 57 -1.87804231 0.53534014
70 57 -1.62059418 0.70927534
80 57 -1.37833685 0.92358677
90 57 -1.14375206 1.15539483
100 57 -0.90916727 1.38720289
110 57 -0.67273945 1.52774429
120 57 -0.43139146 1.52881601
130 57 -0.19096093 1.53028557
140 57 0.04946960 1.53175512
150 57 0.24138046 1.48668607
160 57 0.38425204 1.39639370
170 57 0.52712362 1.30610133
180 57 0.66999520 1.21580896
190 57 0.83872607 1.18515129
0 58 -2.67955049 -0.42070675
10 58 -2.46096842 -0.21574851
20 58 -2.24146890 -0.01118810
30 58 -2.02328467 0.19285268
40 58 -1.79356321 0.42349971
50 58 -1.54621522 0.69228210
60 58 -1.29978468 0.96146231
70 58 -1.05335414 1.23064253
80 58 -0.81946760 1.36029624
90 58 -0.58993288 1.45477806
100 58 -0.35908287 1.54977950
110 58 -0.13834925 1.55107043
120 58 0.07358329 1.45917048
130 58 0.28551582 1.36727053
140 58 0.47084211 1.28690781
150 58 0.62956215 1.21808231
160 58 0.78828218 1.14925680
170 58 0.94700222 1.08043130
180 58 1.13382242 1.10405784
190 58 1.34926240 1.21882114
0 83 -0.85432284 0.66911022
10 83 -0.79968950 0.70209807
20 83 -0.74557578 0.73640122
30 83 -0.69054461 0.77030652
40 83 -0.63591127 0.80329438
50 83 -0.58179756 0.83759752
60 83 -0.53149169 0.81033362
70 83 -0.48400315 0.76903183
80 83 -0.43559715 0.72733220
90 83 -0.38719115 0.68563256
100 83 -0.33970261 0.64433077
110 83 -0.27673909 0.59849852
120 83 -0.18019502 0.54464461
130 83 -0.08365096 0.49079071
140 83 0.01329095 0.43785426
150 83 0.08037084 0.34118840
160 83 0.10070104 0.18195686
170 83 0.12103123 0.02272533
180 83 0.12341013 -0.12763205
190 83 0.10783772 -0.26911527
0 84 -0.75593574 1.01665587
10 84 -0.65861224 1.02241230
20 84 -0.56089091 1.02908619
30 84 -0.46356741 1.03484263
40 84 -0.41197061 1.03317821
50 84 -0.37851185 1.02738930
60 84 -0.34597055 1.02199823
70 84 -0.31290962 1.01529186
80 84 -0.27945086 1.00950295
90 84 -0.24690956 1.00411188
100 84 -0.21384864 0.99740551
110 84 -0.18130734 0.99201444
120 84 -0.14824641 0.98530807
130 84 -0.11570511 0.97991700
140 84 -0.08224635 0.97412809
150 84 -0.02705280 0.92294536
160 84 0.03816783 0.85215504
170 84 0.10378629 0.78228218
180 84 0.16900692 0.71149186
190 84 0.20722346 0.52815475
0 85 -1.99166894 -0.21433578
10 85 -1.83591237 -0.14672003
20 85 -1.68015580 -0.07910427
30 85 -1.52348177 -0.01188634
40 85 -1.37836933 0.05380519
50 85 -1.32829080 0.09639792
60 85 -1.27912972 0.13938849
70 85 -1.22905119 0.18198122
80 85 -1.17897266 0.22457395
90 85 -1.12718100 0.26860376
100 85 -1.04975739 0.31895834
110 85 -0.97285339 0.37062821
120 85 -0.89634723 0.42138063
130 85 -0.81944324 0.47305050
140 85 -0.74201962 0.52340508
150 85 -0.66689371 0.55840647
160 85 -0.59345656 0.56689091
170 85 -0.51962159 0.57629281
180 85 -0.44618444 0.58477726
190 85 -0.37234946 0.59417916
0 109 0.45007348 1.15857752
10 109 0.60535915 1.17734885
20 109 0.75972735 1.19651801
30 109 0.91409556 1.21568718
40 109 0.99288318 1.21640165
50 109 1.05169785 1.21378731
60 109 1.11142998 1.21077513
70 109 1.17155994 1.20868040
80 109 1.23037460 1.20606606
90 109 1.29010673 1.20305388
100 109 1.42132742 1.24425012
110 109 1.57163608 1.29678874
120 109 1.72102729 1.34972519
130 109 1.87002066 1.40174418
140 109 2.02642675 1.49850746
150 109 2.18488698 1.61508944
160 109 2.34294937 1.73075395
170 109 2.50049214 1.84773376
180 109 2.68801058 1.97351466
190 109 2.89394311 2.10657026
0 110 0.00591881 0.43342124
10 110 0.09169697 0.50304241
20 110 0.17747513 0.57266358
30 110 0.28808957 0.64677461
40 110 0.49976230 0.74028214
50 110 0.70960011 0.83458534
60 110 0.87095073 0.88996563
70 110 0.99779523 0.92106986
80 110 1.12463973 0.95217408
90 110 1.26249371 0.97850428
100 110 1.41410955 0.99886695
110 110 1.56572538 1.01922962
120 110 1.71734122 1.03959229
130 110 1.86532782 1.10185757
140 110 2.00715204 1.22783333
150 110 2.14805880 1.35420692
160 110 2.29183972 1.47715426
170 110 2.45475732 1.56128424
180 110 2.61767493 1.64541423
190 110 2.78059253 1.72954421
0 113 -0.29929391 -0.81086136
10 113 -0.28939675 -0.61459867
20 113 -0.28081487 -0.41885559
30 113 -0.27131554 -0.22351035
40 113 -0.23754826 -0.09536680
50 113 -0.20158070 0.02528284
60 113 -0.16561314 0.14593247
70 113 -0.04960762 0.25258481
80 113 0.10208940 0.35357001
90 113 0.25338859 0.45363776
100 113 0.38999224 0.49467975
110 113 0.52246327 0.52116421
120 113 0.65624959 0.54816830
130 113 0.79453388 0.58303166
140 113 0.93401168 0.62064739
150 113 1.07480477 0.65878274
160 113 1.21520003 0.69600064
170 113 1.34941666 0.73153788
180 113 1.48060487 0.76511843
190 113 1.61179309 0.79869897
50 118 3.67417116 0.50496663
60 118 3.43709381 0.58161082
70 118 3.20133175 0.65877462
80 118 2.99936134 0.71583557
90 118 2.80708511 0.76760287
100 118 2.61389143 0.81976800
110 118 2.45589399 0.84250145
120 118 2.30168817 0.86141080
130 118 2.14382876 0.82413607
140 118 1.98231575 0.73067726
150 118 1.82040491 0.63630099
160 118 1.64547106 0.56719132
170 118 1.46374965 0.50756474
180 118 1.28242607 0.44885562
190 118 1.09942185 0.51949168
200 118 0.91783846 0.64619004
210 118 0.73493978 0.77236877
220 118 0.52567842 0.90561923
230 118 0.25148873 1.05503480
240 118 -0.02178351 1.20405252
170 120 3.56155942 0.51673931
180 120 3.36751323 0.58453369
190 120 3.17346705 0.65232807
200 120 2.99220030 0.69932134
210 120 2.82878743 0.71459335
220 120 2.66537456 0.72986535
230 120 2.47837575 0.72593571
240 120 2.26962589 0.70200876
250 120 2.06087604 0.67808181
260 120 1.85212619 0.65415486
270 120 1.65472682 0.64383550
280 120 1.46246683 0.63782738
290 120 1.27671835 0.61918595
300 120 1.14611472 0.47635497
310 120 1.01642854 0.33312615
320 120 0.95949750 0.28478511
330 120 0.92012804 0.25934800
340 120 0.88167604 0.23351307
350 120 0.84230659 0.20807597
360 120 0.80293714 0.18263887
