3360 824 0.00000000 0.00000000
3370 824 0.00000000 0.29521856
3380 824 0.11569394 0.51256601
3390 824 0.30877801 0.67896476
3400 824 0.54965717 0.88424318
3410 824 0.82231279 1.11511958
3420 824 1.04383002 1.34841792
3430 824 1.23069836 1.58382656
3440 824 1.41827125 1.81800898
3450 824 1.55804227 2.08996681
3460 824 1.69807411 2.36289003
3470 824 1.85926655 2.62595276
3480 824 2.05004724 2.87584219
3490 824 2.24108875 3.12669701
3500 824 2.40001168 3.38519363
3510 824 2.55024614 3.64603766
3520 824 2.70048059 3.90688169
3530 824 2.84549857 4.14841800
3540 824 2.98243102 4.36002732
3550 824 3.11962429 4.57260203
3180 438 3.08909437 1.07033920
3190 438 2.84101037 1.20262424
3200 438 2.65473482 1.34514238
3210 438 2.48476584 1.49050587
3220 438 2.31357064 1.63516479
3230 438 2.16481306 1.78619188
3240 438 2.03752770 1.94384795
3250 438 1.90998152 2.10053864
3260 438 1.81196939 2.26685949
3270 438 1.78275714 2.45395477
3280 438 1.75424944 2.63982384
3290 438 1.70959101 2.83109230
3300 438 1.65019095 3.02530773
3310 438 1.58450402 3.20775560
3320 438 1.50731375 3.35912820
3330 438 1.42915810 3.51076162
3340 438 1.38547859 3.54845911
3350 438 1.34975930 3.55810959
3360 438 1.31404000 3.56776007
3370 438 1.27832070 3.57741054
3330 822 -0.26775755 -0.74184021
3340 822 -0.28966336 -0.56604164
3350 822 -0.15265300 -0.35030995
3360 822 -0.01564265 -0.13457826
3370 822 0.17010787 0.05451893
3380 822 0.36736511 0.23636386
3390 822 0.54870533 0.43597529
3400 822 0.69197546 0.67487626
3410 822 0.83929004 0.90957695
3420 822 1.01911613 1.11892015
3430 822 1.19894222 1.32826336
3440 822 1.41646581 1.58128607
3450 822 1.63871132 1.84028401
3460 822 1.85338955 2.10961328
3470 822 2.05230658 2.40495378
3480 822 2.25025823 2.70055511
3490 822 2.39443954 2.96199870
3500 822 2.52487172 3.21472671
3510 822 2.65433851 3.46771554
3520 822 2.79938359 3.69785012
3330 887 2.97590704 2.01247169
3340 887 2.97939937 2.05606989
3350 887 2.98263087 2.09870272
3360 887 2.98515781 2.14256175
3370 887 2.98838932 2.18519457
3380 887 2.99188164 2.22879277
3390 887 2.99414776 2.27168642
3400 887 2.99764009 2.31528462
3410 887 3.00087159 2.35791744
3420 887 3.08171678 2.47695129
3430 887 3.19686875 2.62711461
3440 887 3.31105534 2.77753875
3450 887 3.44045100 2.94975015
3460 887 3.57561188 3.13179832
3470 887 3.65089847 3.26476421
3480 887 3.63505597 3.32498062
3490 887 3.61921347 3.38519702
3500 887 3.60433636 3.44515260
3510 887 3.58964555 3.46362366
3520 887 3.57759346 3.44201933
3360 281 1.81484523 -0.75136197
3370 281 1.65835439 -0.48326568
3380 281 1.50212438 -0.21420401
3390 281 1.35495206 0.00786875
3400 281 1.21761991 0.18584875
3410 281 1.08002694 0.36286336
3420 281 0.97113473 0.53108788
3430 281 0.87286178 0.69644333
3440 281 0.77555421 0.86153796
3450 281 0.71239761 1.04951734
3460 281 0.70152431 1.26998450
3470 281 0.67249159 1.49225034
3480 281 0.60398302 1.71793059
3490 281 0.50124558 1.91660373
3500 281 0.34974765 2.07665803
3510 281 0.19824973 2.23671233
3520 281 0.04745637 2.39554042
3530 281 -0.09498725 2.54693334
3540 281 -0.23769169 2.69736087
3550 281 -0.38013531 2.84875379
3370 892 -0.46593276 2.37783150
3380 892 -0.19601071 2.54108005
3390 892 0.07487673 2.70406776
3400 892 0.34055447 2.77109268
3410 892 0.60623220 2.83811760
3420 892 0.78781631 2.93511353
3430 892 0.94894439 3.04074375
3440 892 1.11007247 3.14637396
3450 892 1.27120055 3.25200418
3460 892 1.44435362 3.39064044
3470 892 1.62361064 3.54420125
3480 892 1.80190227 3.69802288
3490 892 1.78578879 3.87225650
3500 892 1.76870992 4.04675095
3510 892 1.74284095 4.19254463
3520 892 1.69853140 4.27391823
3530 892 1.65396103 4.35432646
3540 892 1.60965149 4.43570007
3550 892 1.59161739 4.49547273
3560 892 1.67649349 4.46839787
3390 283 1.72742864 -0.02439887
3400 283 1.58122171 0.19741306
3410 283 1.43571934 0.41799878
3420 283 1.29729986 0.49993807
3430 283 1.16010659 0.58258193
3440 283 1.02168711 0.66452122
3450 283 0.92130385 0.79522777
3460 283 0.84627808 0.95844583
3470 283 0.77125231 1.12166388
3480 283 0.71464680 1.28404866
3490 283 0.66558145 1.44750383
3500 283 0.61748150 1.61069817
3510 283 0.51570944 1.80911049
3520 283 0.35956072 2.04396700
3530 283 0.20463822 2.27952807
3540 283 0.04447891 2.43052806
3550 283 -0.11706242 2.57257874
3560 283 -0.27763837 2.71436861
3570 283 -0.45937152 2.82769143
3580 283 -0.64582660 2.93503901
