2240 591 0.00000000 0.00000000
2250 591 -0.00000000 0.03026549
2260 591 -0.00112339 0.06139005
2270 591 -0.00019825 0.09984969
2280 591 0.01011052 0.20412687
2290 591 0.02127836 0.30952743
2300 591 0.03158713 0.41380461
2310 591 0.03713801 0.53863324
2320 591 0.01936198 0.74005075
2330 591 0.00257719 0.94160042
2340 591 -0.02008889 1.13429513
2350 591 -0.04533216 1.32361966
2360 591 -0.07057543 1.51294419
2370 591 -0.09951928 1.69975760
2380 591 -0.13341928 1.88591020
2390 591 -0.16632804 2.07219497
2400 591 -0.15588711 2.28141014
2410 591 -0.11729530 2.50648495
2420 591 -0.07870350 2.73155977
2430 591 -0.10507016 2.92174336
2110 593 -0.34778883 -1.62118627
2120 593 -0.32723737 -1.41970268
2130 593 -0.30767714 -1.21835125
2140 593 -0.33668708 -1.02347585
2150 593 -0.41241689 -0.83382091
2160 593 -0.48900576 -0.64528936
2170 593 -0.54874377 -0.43937829
2180 593 -0.54365546 -0.16731927
2190 593 -0.53843500 0.10374852
2200 593 -0.52303792 0.35902275
2210 593 -0.48649465 0.57676247
2220 593 -0.44981922 0.79351098
2230 593 -0.41327595 1.01125070
2240 593 -0.33972684 1.26923429
2250 593 -0.26630990 1.52820910
2260 593 -0.18879587 1.78672133
2270 593 -0.07242572 2.04133474
2280 593 0.04394444 2.29594815
2290 593 0.18060172 2.46650543
2300 593 0.32584965 2.60289839
2140 597 -0.24602276 -0.76522794
2150 597 -0.26604557 -0.60749054
2160 597 -0.27926194 -0.46296951
2170 597 -0.29247831 -0.31844848
2180 597 -0.30681808 -0.17306839
2190 597 -0.30615726 -0.02669707
2200 597 -0.29287480 0.12337483
2210 597 -0.27946019 0.27245551
2220 597 -0.26604557 0.42153619
2230 597 -0.26994440 0.59453849
2240 597 -0.27635434 0.77124139
2250 597 -0.28263212 0.94695305
2260 597 -0.28890989 1.12266472
2270 597 -0.29221399 1.31390562
2280 597 -0.29446077 1.51234945
2290 597 -0.29756662 1.70966988
2300 597 -0.24100054 1.93613242
2310 597 -0.16057892 2.17283764
2320 597 -0.08015730 2.40954286
2330 597 -0.00588129 2.60911008
2280 568 0.54722388 -1.46351495
2290 568 0.55066014 -1.15636647
2300 568 0.55409640 -0.84921798
2310 568 0.59592621 -0.56519815
2320 568 0.69610631 -0.31778766
2330 568 0.79628641 -0.07037718
2340 568 0.95012498 0.13778068
2350 568 1.15848109 0.30780930
2360 568 1.36452433 0.47248530
2370 568 1.54928921 0.60002329
2380 568 1.73405409 0.72756128
2390 568 1.91881897 0.85509927
2400 568 2.00512188 0.84340278
2410 568 2.09142479 0.83170629
2420 568 2.17759553 0.82100103
2430 568 2.24308266 0.80652910
2440 568 2.26013178 0.78458992
2450 568 2.27803996 0.76377414
2460 568 2.29495692 0.74282619
2470 568 2.31286510 0.72201040
2340 248 -0.24146312 0.02530935
2350 248 -0.04354795 -0.21060289
2360 248 0.17967658 -0.31098123
2370 248 0.40290110 -0.41135958
2380 248 0.62070691 -0.47109758
2390 248 0.81882033 -0.36800988
2400 248 1.01693374 -0.26492218
2410 248 1.15061735 -0.10989413
2420 248 1.25707522 0.06773391
2430 248 1.36465649 0.24450288
2440 248 1.49226056 0.41486192
2450 248 1.61874124 0.58608002
2460 248 1.74204999 0.76595484
2470 248 1.85286927 0.98653609
2480 248 1.96269733 1.20698517
2490 248 2.07411134 1.41553952
2500 248 2.19332302 1.52021319
2510 248 2.31240253 1.62587808
2520 248 2.43148204 1.73154298
2530 248 2.54223524 1.82399150
