2240 766 0.00000000 0.00000000
2250 766 0.00000000 0.27234720
2260 766 0.00210026 0.54546181
2270 766 -0.03186741 0.79349447
2280 766 -0.08869560 1.02460387
2290 766 -0.14552380 1.25571327
2300 766 -0.28026357 1.41597928
2310 766 -0.49222829 1.50612891
2320 766 -0.68044392 1.65637830
2330 766 -0.83230889 1.89609069
2340 766 -0.98417386 2.13580308
2350 766 -1.13321156 2.37559626
2360 766 -1.26544717 2.62152865
2370 766 -1.39909642 2.86742065
2380 766 -1.53133204 3.11335305
2390 766 -1.69349636 3.41643675
2400 766 -1.88486238 3.77598515
2410 766 -2.07626878 4.13694718
2420 766 -2.26763480 4.49649557
2430 766 -2.49183758 4.84166526
2120 571 -2.40932159 -0.62131352
2130 571 -2.38213937 -0.45854335
2140 571 -2.35491677 -0.29718682
2150 571 -2.32769417 -0.13583029
2160 571 -2.31206338 0.03509858
2170 571 -2.29934065 0.20877394
2180 571 -2.28661792 0.38244931
2190 571 -2.27458182 0.55539766
2200 571 -2.26113207 0.72838640
2210 571 -2.28686026 0.96038437
2220 571 -2.32220118 1.20696300
2230 571 -2.35681508 1.45285501
2240 571 -2.39215600 1.69943363
2250 571 -2.34752547 2.01903669
2260 571 -2.30216793 2.33795313
2270 571 -2.25753740 2.65755619
2280 571 -2.16981114 2.95433911
2290 571 -2.07202787 3.24575022
2300 571 -1.97493123 3.53643431
2310 571 -1.87569393 3.82647217
2120 574 -2.79661765 -0.68331158
2130 574 -2.76321543 -0.61444728
2140 574 -2.72872270 -0.45995699
2150 574 -2.69317983 -0.26794474
2160 574 -2.65763697 -0.07593248
2170 574 -2.69705724 0.16487043
2180 574 -2.73720452 0.40635996
2190 574 -2.76220569 0.63767131
2200 574 -2.75396621 0.84446617
2210 574 -2.74645374 1.05194764
2220 574 -2.73752764 1.25946951
2230 574 -2.72860153 1.54126788
2240 574 -2.71951387 1.84217055
2250 574 -2.71042620 2.14307322
2260 574 -2.69992490 2.44401627
2270 574 -2.65840437 2.74867517
2280 574 -2.58235072 3.05785771
2290 574 -2.50629706 3.36704025
2300 574 -2.43020302 3.67480915
2310 574 -2.31480988 3.99360442
2280 769 0.12278444 0.80286486
2290 769 0.05452599 1.03789205
2300 769 -0.01369208 1.27150561
2310 769 -0.05630313 1.54970931
2320 769 -0.09212872 1.83801042
2330 769 -0.12864094 2.12558451
2340 769 -0.16446653 2.41388561
2350 769 -0.20029212 2.70218672
2360 769 -0.36439515 2.97408964
2370 769 -0.54263454 3.24558866
2380 769 -0.72014692 3.51640106
2390 769 -0.92657826 3.78426502
2400 769 -1.14076442 4.05120001
2410 769 -1.35426394 4.31886202
2420 769 -1.60883972 4.63769768
2430 769 -1.88029835 4.97798022
2440 769 -2.15175698 5.31826277
2450 769 -2.47652991 5.61811531
2460 769 -2.83664376 5.89219926
2470 769 -3.19744423 6.16555621
