2580 410 0.00000000 0.00000000
2590 410 0.00000000 0.39439194
2600 410 0.00000000 0.78878387
2610 410 0.02325098 1.20816364
2620 410 0.05630693 1.63907002
2630 410 0.09003227 2.06923348
2640 410 0.19966179 2.47491114
2650 410 0.32884293 2.87532247
2660 410 0.41506173 3.14414643
2670 410 0.48213460 3.35803011
2680 410 0.54534583 3.56574227
2690 410 0.56844722 3.72385402
2700 410 0.59080569 3.88129639
2710 410 0.61323769 4.04015105
2720 410 0.66202418 4.25640294
2730 410 0.72847838 4.51280270
2740 410 0.79485905 4.76779017
2750 410 0.79892353 4.94105436
2760 410 0.80231863 5.11506147
2770 410 0.80712603 5.28899504
2580 414 0.61178228 -0.35331351
2590 414 0.64989158 0.07945396
2600 414 0.68800088 0.51222143
2610 414 0.70997902 0.94795295
2620 414 0.72697734 1.38323568
2630 414 0.74397566 1.81851841
2640 414 0.81582043 2.13765526
2650 414 0.89339555 2.44445667
2660 414 0.97089713 2.74984577
2670 414 0.94245588 2.96516204
2680 414 0.90287089 3.17043753
2690 414 0.98830367 3.38336531
2700 414 1.08800652 3.59838239
2710 414 1.18696646 3.81273008
2720 414 1.25364885 4.05991312
2730 414 1.28589850 4.33933567
2740 414 1.31747876 4.61950113
2750 414 1.33288475 4.84740387
2760 414 1.34725371 5.06898801
2770 414 1.35597346 5.29086628
2620 419 -0.70934259 0.81863489
2630 419 -0.66947363 1.16280268
2640 419 -0.58968498 1.49851948
2650 419 -0.34724594 1.80310988
2660 419 -0.10480691 2.10770029
2670 419 0.11730970 2.33475361
2680 419 0.33616052 2.55348019
2690 419 0.48260875 2.78234897
2700 419 0.33439325 3.04992543
2710 419 0.18692066 3.31817128
2720 419 0.11056261 3.61953394
2730 419 0.05374856 3.92908387
2740 419 -0.00373486 4.23937673
2750 419 -0.00746973 4.53483409
2760 419 -0.00555539 4.82999732
2770 419 -0.00297166 5.12441764
2780 419 0.10459392 5.36805599
2790 419 0.22323732 5.60686919
2800 419 0.30932428 5.84596130
2810 419 0.31988991 6.08969346
2710 422 -0.39414345 0.08637093
2720 422 -0.22505531 0.36929000
2730 422 -0.05663655 0.65295199
2740 422 0.11238566 0.92100514
2750 422 0.27598942 1.04418717
2760 422 0.44033608 1.16803858
2770 422 0.60393983 1.29122062
2780 422 0.72901338 1.46314097
2790 422 0.82597277 1.66626378
2800 422 0.92434445 1.86931306
2810 422 1.01924497 2.03289146
2820 422 1.10815906 2.13588799
2830 422 1.19781607 2.23955390
2840 422 1.28673016 2.34255043
2850 422 1.28089333 2.54323658
2860 422 1.23467281 2.78426077
2870 422 1.18778290 3.02602789
2880 422 1.19443365 3.35776388
2890 422 1.22298900 3.72942716
2900 422 1.30918498 4.03861198
2720 777 -0.14931847 2.61274358
2730 777 -0.16497041 2.55691333
2740 777 -0.13954139 2.54213615
2750 777 -0.11485529 2.52668959
2760 777 -0.08942627 2.51191241
2770 777 -0.06474017 2.49646584
2780 777 -0.03931115 2.48168867
2790 777 -0.01462505 2.46624210
2800 777 0.01080397 2.45146492
2810 777 0.03549008 2.43601836
2820 777 0.06091910 2.42124118
2830 777 0.08560520 2.40579462
2840 777 0.12656952 2.39020860
2850 777 0.31634775 2.36333432
2860 777 0.50612597 2.33646004
2870 777 0.69523480 2.31032867
2880 777 0.92917721 2.26132919
2890 777 1.17486682 2.20676165
2900 777 1.42055642 2.15219410
2910 777 1.68088375 2.10677735
