1400 559 0.00000000 0.00000000
1410 559 0.00000000 0.26162951
1420 559 0.00000000 0.52325902
1430 559 0.01316747 0.75570604
1440 559 0.08078599 0.87051343
1450 559 0.14840451 0.98532081
1460 559 0.20965525 1.08766018
1470 559 0.24719689 1.13698184
1480 559 0.28473852 1.18630349
1490 559 0.32093475 1.23518941
1500 559 0.35847638 1.28451107
1510 559 0.41038184 1.33997117
1520 559 0.46766896 1.39717420
1530 559 0.52541092 1.45526780
1540 559 0.58269803 1.51247083
1550 559 0.64043999 1.57056443
1560 559 0.69818195 1.62865803
1570 559 0.80693879 1.74266657
1580 559 0.91569564 1.85667512
1590 559 1.02356191 1.97113851
1240 537 0.74448024 -0.38471960
1250 537 0.76843014 -0.14655075
1260 537 0.79238004 0.09161811
1270 537 0.81767535 0.33022269
1280 537 0.83082371 0.56043372
1290 537 0.83000576 0.77868892
1300 537 0.82829724 0.99739896
1310 537 0.82747929 1.21565416
1320 537 0.88305406 1.43879412
1330 537 0.97667882 1.66608118
1340 537 1.07073931 1.89202281
1350 537 1.16436407 2.11930987
1360 537 1.25887940 2.34614208
1370 537 1.35932679 2.58678772
1380 537 1.46115781 2.83234106
1390 537 1.50525069 3.07257390
1400 537 1.46208278 3.30684411
1410 537 1.41935060 3.53976890
1420 537 1.37572784 3.77314854
1430 537 1.26059175 4.01161170
1320 544 0.27051612 -0.00678440
1330 544 0.36606727 0.13193466
1340 544 0.46116358 0.26976315
1350 544 0.55625988 0.40759164
1360 544 0.65181103 0.54631070
1370 544 0.73928970 0.68241538
1380 544 0.82633263 0.81986547
1390 544 0.91381129 0.95597015
1400 544 1.00039939 1.09252967
1410 544 1.09191429 1.22994154
1420 544 1.20181015 1.37256306
1430 544 1.31125117 1.51429402
1440 544 1.42158276 1.65557013
1450 544 1.53102378 1.79730108
1460 544 1.60627905 1.91606827
1470 544 1.67658840 2.03174711
1480 544 1.74824316 2.14786169
1490 544 1.81989792 2.26397627
1500 544 1.88713804 2.38683703
1510 544 1.94954691 2.52002537
1330 542 -0.00989567 0.20267974
1340 542 0.10631064 0.35106132
1350 542 0.22340752 0.49898806
1360 542 0.32885052 0.64388379
1370 542 0.39343804 0.77034506
1380 542 0.45802555 0.89680633
1390 542 0.52306791 1.02415817
1400 542 0.61278256 1.16024374
1410 542 0.70878855 1.29985337
1420 542 0.80344912 1.43902728
1430 542 0.89900027 1.57774634
1440 542 0.99904250 1.71866316
1450 542 1.10579270 1.85952266
1460 542 1.21210716 2.00172756
1470 542 1.31842162 2.14393247
1480 542 1.42517181 2.28479196
1490 542 1.49084100 2.43315826
1500 542 1.53998684 2.58434915
1510 542 1.58913267 2.73554005
1520 542 1.63738793 2.88718579
1390 547 0.55803338 -0.22212326
1400 547 0.59052972 0.02178653
1410 547 0.62259032 0.26704174
1420 547 0.65508666 0.51095154
1430 547 0.66878159 0.70045998
1440 547 0.67923531 0.87702645
1450 547 0.68834361 1.05315720
1460 547 0.68407039 1.18110148
1470 547 0.67612022 1.29744921
1480 547 0.66906061 1.41334210
1490 547 0.66111044 1.52968983
1500 547 0.74485482 1.64749000
1510 547 0.85097817 1.76733504
1520 547 0.95753725 1.88583467
1530 547 1.06364149 2.00344373
1540 547 1.14391913 2.13424320
1550 547 1.21350990 2.27050076
1560 547 1.28310068 2.40675833
1570 547 1.35223661 2.54212532
1580 547 1.42608913 2.65374882
