3960 688 0.00000000 0.00000000
3970 688 0.00000000 0.12850292
3980 688 0.08399809 0.13215264
3990 688 0.18738874 0.10540617
4000 688 0.29077939 0.07865969
4010 688 0.39732950 0.06057450
4020 688 0.50643986 0.05425558
4030 688 0.61593154 0.04929849
4040 688 0.72542321 0.04434141
4050 688 0.82516414 0.13830814
4060 688 0.92234481 0.25722373
4070 688 1.02039706 0.37662958
4080 688 1.11234828 0.47424604
4090 688 1.20228398 0.56728673
4100 688 1.29309126 0.66081768
4110 688 1.38438879 0.75347705
4120 688 1.47748396 0.83682146
4130 688 1.58583169 0.88285155
4140 688 1.69417942 0.92888163
4150 688 1.80252716 0.97491171
3880 708 -0.57366012 -2.75161844
3890 708 -0.54369971 -2.59478932
3900 708 -0.48399679 -2.40516717
3910 708 -0.42380360 -2.21641659
3920 708 -0.35870781 -1.96295153
3930 708 -0.29225017 -1.69151022
3940 708 -0.22579254 -1.42006892
3950 708 -0.22873411 -1.17619119
3960 708 -0.24932508 -0.93765186
3970 708 -0.26991605 -0.69911253
3980 708 -0.26795500 -0.46395055
3990 708 -0.26376055 -0.22867963
4000 708 -0.25368295 -0.00386762
4010 708 -0.20443894 0.12479872
4020 708 -0.15383308 0.25308375
4030 708 -0.10823879 0.37396038
4040 708 -0.08378020 0.46918001
4050 708 -0.05970292 0.56303780
4060 708 -0.03475407 0.65738585
4070 708 -0.00778971 0.77466723
3890 711 -0.05447347 -2.37123020
3900 711 -0.02483990 -2.29948863
3910 711 0.00430340 -2.22687550
3920 711 0.01977387 -2.06672349
3930 711 0.02843515 -1.86794980
3940 711 0.04396009 -1.66302060
3950 711 0.08634045 -1.43036440
3960 711 0.12823055 -1.19683663
3970 711 0.16500014 -0.96848384
3980 711 0.17213617 -0.75679993
3990 711 0.18063403 -0.54549734
4000 711 0.17605826 -0.35990622
4010 711 0.15110941 -0.21560600
4020 711 0.12665082 -0.07217735
4030 711 0.11613744 0.04238036
4040 711 0.12005953 0.12719555
4050 711 0.12534346 0.21162944
4060 711 0.12839397 0.29595437
4070 711 0.13367790 0.38038825
4080 711 0.13280632 0.49004335
3920 430 -0.08018495 1.25828271
3930 430 -0.05365637 1.40285530
3940 430 -0.03676959 1.53397295
3950 430 -0.01852098 1.66470928
3960 430 -0.00027237 1.79544561
3970 430 0.01710467 1.92569168
3980 430 0.14364654 2.03932334
3990 430 0.27067868 2.15208342
4000 430 0.45398191 2.13013061
4010 430 0.66119899 2.04934646
4020 430 0.84869668 1.98730117
4030 430 1.01511313 1.94437608
4040 430 1.17058042 1.91479698
4050 430 1.28334050 1.93462533
4060 430 1.39473875 1.95483498
4070 430 1.50700858 1.97553490
4080 430 1.61927840 1.99623482
4090 430 1.73116691 2.01557290
4100 430 1.83853412 2.02663102
4110 430 1.94639159 2.03681756
3940 436 0.06008424 1.01707418
3950 436 0.08160126 1.11752326
3960 436 0.12757687 1.20304661
3970 436 0.28102864 1.22396442
3980 436 0.43311857 1.24526355
3990 436 0.57709195 1.27691264
4000 436 0.68936178 1.35268523
4010 436 0.80076002 1.42796757
4020 436 0.91302985 1.50374017
4030 436 1.02818677 1.56622124
4040 436 1.14922682 1.59988585
4050 436 1.26939530 1.63306019
4060 436 1.39043535 1.66672479
4070 436 1.51147540 1.70038940
4080 436 1.62990073 1.71422566
4090 436 1.74353239 1.69782915
4100 436 1.85803562 1.68192289
4110 436 1.97253886 1.66601664
4120 436 2.10681597 1.67614870
4130 436 2.26037668 1.71319067
3940 482 -1.56524072 -2.70014101
3950 482 -1.42268364 -2.43752441
3960 482 -1.28061683 -2.17403623
3970 482 -1.13805976 -1.91141963
3980 482 -0.98172090 -1.73857530
3990 482 -0.82489177 -1.56660255
4000 482 -0.66855291 -1.39375823
4010 482 -0.51308562 -1.22140417
4020 482 -0.39084715 -1.04708906
4030 482 -0.26822737 -0.87141212
4040 482 -0.14598890 -0.69709701
4050 482 -0.02375043 -0.52278190
4060 482 0.15198098 -0.38033378
4070 482 0.33414027 -0.24115406
4080 482 0.51591824 -0.10333617
4090 482 0.69807753 0.03584354
4100 482 0.83006675 0.16630751
4110 482 0.95671757 0.29606332
4120 482 1.08249682 0.42532886
4130 482 1.19236981 0.56859409
3990 718 -0.34705048 -2.77101100
4000 718 -0.40027107 -2.57033073
4010 718 -0.45349165 -2.36965047
4020 718 -0.41503338 -2.14837923
4030 718 -0.35396862 -1.92242327
4040 718 -0.29203228 -1.69597705
4050 718 -0.26686553 -1.53266558
4060 718 -0.24545746 -1.37491041
4070 718 -0.22443070 -1.21851707
4080 718 -0.17763799 -1.03042018
4090 718 -0.12921107 -0.83910935
4100 718 -0.08241836 -0.65101245
4110 718 -0.05153190 -0.48563099
4120 718 -0.02064545 -0.32024954
4130 718 0.01024101 -0.15486808
4140 718 0.00179762 0.08247284
4150 718 -0.00528393 0.31943243
4160 718 -0.03987458 0.54206551
4170 718 -0.09053491 0.75451205
4180 718 -0.13471289 0.97175225
