3310 450 0.00000000 0.00000000
3320 450 -0.00000000 0.41647329
3330 450 -0.00066511 0.83369332
3340 450 -0.04805110 1.30036191
3350 450 -0.09469035 1.76769560
3360 450 -0.16857504 2.24156273
3370 450 -0.28075510 2.72685195
3380 450 -0.39301680 3.21072932
3390 450 -0.54166019 3.70237670
3400 450 -0.70641745 4.19708070
3410 450 -0.93823064 4.64679021
3420 450 -1.23709975 5.05150524
3430 450 -1.53663396 5.45696702
3440 450 -1.85155692 5.80453073
3450 450 -2.16829992 6.14511680
3460 450 -2.51510008 6.48035798
3470 450 -2.89328760 6.81174778
3480 450 -3.27147512 7.14313759
3490 450 -3.63447079 7.48002354
3500 450 -3.99464274 7.81674621
3170 444 -1.28688685 -0.40297422
3180 444 -1.21699282 -0.03941429
3190 444 -1.14568692 0.32406400
3200 444 -1.07579288 0.68762393
3210 444 -1.07261621 0.99979521
3220 444 -1.09823610 1.29167468
3230 444 -1.12859339 1.58736951
3240 444 -1.19063098 1.92314375
3250 444 -1.25408043 2.25899962
3260 444 -1.44253189 2.61341611
3270 444 -1.66196253 2.97104048
3280 444 -1.88205828 3.32941161
3290 444 -2.12225856 3.69531983
3300 444 -2.36378905 4.06272154
3310 444 -2.60531955 4.43012325
3320 444 -2.79862606 4.82306802
3330 444 -2.98678699 5.21925670
3340 444 -3.17494792 5.61544537
3350 444 -3.38824131 5.98121433
3360 444 -3.60833706 6.33958545
3300 448 -0.70276056 -0.55361774
3310 448 -0.66255390 -0.06651567
3320 448 -0.62309398 0.41992129
3330 448 -0.62136758 0.85400195
3340 448 -0.61964118 1.28808261
3350 448 -0.63544051 1.72530153
3360 448 -0.71769069 2.17698716
3370 448 -0.80068761 2.62800768
3380 448 -0.90634384 3.06688096
3390 448 -1.06678150 3.47704893
3400 448 -1.22655405 3.88647014
3410 448 -1.44171551 4.29342781
3420 448 -1.67107716 4.69979001
3430 448 -1.93222236 5.08319995
3440 448 -2.24216301 5.43118385
3450 448 -2.55210365 5.77916776
3460 448 -2.88801715 6.10669656
3470 448 -3.24168929 6.42108648
3480 448 -3.59536143 6.73547639
3490 448 -3.97771489 7.08056454
3350 452 -0.52253531 -0.90330883
3360 452 -0.72081454 -0.43712287
3370 452 -0.91834701 0.02972820
3380 452 -1.10291587 0.48803850
3390 452 -1.16102284 0.87954020
3400 452 -1.21979492 1.27178865
3410 452 -1.27856699 1.66403709
3420 452 -1.32144369 1.93920720
3430 452 -1.36246433 2.18523018
3440 452 -1.37714955 2.42123091
3450 452 -1.33583837 2.63345341
3460 452 -1.29378045 2.84634101
3470 452 -1.26676552 3.15430074
3480 452 -1.26256597 3.60665388
3490 452 -1.26931070 4.04122436
3500 452 -1.32108112 4.40756959
3510 452 -1.37359830 4.77324970
3520 452 -1.45684974 5.14637327
3530 452 -1.58918956 5.52800159
3540 452 -1.72011752 5.90954827
3370 456 0.39389801 -0.09643836
3380 456 0.19971269 0.42829878
3390 456 0.00560900 0.95444777
3400 456 -0.16619553 1.43751836
3410 456 -0.32260893 1.89278406
3420 456 -0.47976906 2.34738464
3430 456 -0.61921138 2.60618155
3440 456 -0.75713619 2.84222550
3450 456 -0.81765388 3.06954380
3460 456 -0.84569890 3.29498443
3470 456 -0.86950835 3.52018014
3480 456 -0.86027366 3.75338117
3490 456 -0.85170408 3.98732895
3500 456 -0.89402132 4.28442363
3510 456 -0.97076094 4.62317285
3520 456 -1.04750055 4.96192207
3530 456 -1.14530274 5.35288592
3540 456 -1.24493698 5.74891372
3550 456 -1.34523633 6.14568826
3560 456 -1.53207905 6.55242503
3380 460 -1.71538732 0.33221578
3390 460 -1.74184040 0.79342423
3400 460 -1.76904023 1.25396758
3410 460 -1.75486405 1.69511952
3420 460 -1.72348868 2.12748578
3430 460 -1.69295131 2.48411370
3440 460 -1.66420757 2.72397782
3450 460 -1.63479872 2.96309520
3460 460 -1.66873607 3.18462681
3470 460 -1.70997761 3.40233105
3480 460 -1.75047241 3.62070039
3490 460 -1.79096720 3.83906974
3500 460 -1.83212710 4.05818584
3510 460 -1.88205588 4.49312850
3520 460 -1.93581443 5.02107832
3530 460 -2.02837979 5.49035932
3540 460 -2.18131396 5.87105360
3550 460 -2.33424814 6.25174788
3560 460 -2.51321520 6.67219502
3570 460 -2.68485406 7.07238635
3410 465 -0.68544612 -0.51141335
3420 465 -0.44662648 0.09098783
3430 465 -0.20921870 0.69347065
3440 465 -0.09797747 1.23312830
3450 465 0.00014887 1.76646143
3460 465 0.07812506 2.26979503
3470 465 0.13528599 2.74387585
3480 465 0.19213237 3.20026767
3490 465 0.24356904 3.50185724
3500 465 0.29425897 3.80278170
3510 465 0.34636075 4.10362452
3520 465 0.39492569 4.45354372
3530 465 0.44381718 4.80911035
3540 465 0.49511219 5.16949600
3550 465 0.57202948 5.56877251
3560 465 0.64828167 5.96879576
3570 465 0.72519897 6.36807227
3580 465 0.75771966 6.73450153
3590 465 0.77248171 7.08779190
3600 465 0.78724377 7.44108226
