1520 545 0.00000000 0.00000000
1530 545 -0.00000000 0.14708501
1540 545 0.00000000 0.29417002
1550 545 0.00940273 0.45294215
1560 545 0.03141041 0.62929594
1570 545 0.05341809 0.80564974
1580 545 0.07642519 0.98196955
1590 545 0.09843287 1.15832334
1600 545 0.15418974 1.23847427
1610 545 0.21094604 1.31859121
1620 545 0.26666892 1.39774271
1630 545 0.32342521 1.47785965
1640 545 0.38462111 1.57083309
1650 545 0.48497804 1.78554566
1660 545 0.58633439 2.00022423
1670 545 0.70289964 2.19137220
1680 545 0.85664066 2.32822503
1690 545 1.00941626 2.46611127
1700 545 1.16215786 2.60299810
1710 545 1.36806600 2.68504589
1480 564 0.57415096 -3.47652696
1490 564 0.67605802 -3.03973873
1500 564 0.77796507 -2.60295051
1510 564 0.82884721 -2.19544467
1520 564 0.80527581 -1.82943184
1530 564 0.78067099 -1.46438445
1540 564 0.80844405 -1.08911167
1550 564 0.85031099 -0.71131654
1560 564 0.87388239 -0.34190432
1570 564 0.85583161 0.00991263
1580 564 0.83878024 0.36169559
1590 564 0.77357985 0.65107927
1600 564 0.71752383 0.91513745
1610 564 0.79167823 1.00666955
1620 564 0.86579863 1.09720223
1630 564 0.91653800 1.14750647
1640 564 0.93212082 1.13496950
1650 564 0.94773764 1.12343196
1660 564 0.96332047 1.11089499
1670 564 0.97990271 1.09832403
1530 543 -0.45916984 0.20872963
1540 543 -0.44086070 0.33518032
1550 543 -0.42258555 0.46063158
1560 543 -0.40331098 0.58604885
1570 543 -0.38503584 0.71150011
1580 543 -0.36672670 0.83795079
1590 543 -0.27344051 0.84478357
1600 543 -0.17915490 0.85158236
1610 543 -0.08586871 0.85841515
1620 543 0.00745147 0.86624735
1630 543 0.12216065 0.97340987
1640 543 0.23827717 1.09253146
1650 543 0.35539312 1.21161905
1660 543 0.50344355 1.35767065
1670 543 0.72266372 1.56633909
1680 543 0.94188388 1.77500753
1690 543 1.16113804 1.98467540
1700 543 1.39570987 2.08575980
1710 543 1.63571394 2.14063283
1720 543 1.87671742 2.19547187
1590 548 -0.50657100 -0.12585239
1600 548 -0.48140188 -0.00363735
1610 548 -0.46231768 0.08676615
1620 548 -0.45791206 0.09862324
1630 548 -0.45350645 0.11048033
1640 548 -0.44910083 0.12233742
1650 548 -0.44569464 0.13422850
1660 548 -0.44128902 0.14608559
1670 548 -0.43688341 0.15794268
1680 548 -0.43251179 0.16880034
1690 548 -0.42810617 0.18065743
1700 548 -0.42370055 0.19251452
1710 548 -0.41929494 0.20437161
1720 548 -0.41488932 0.21622870
1730 548 -0.41148313 0.22811978
1740 548 -0.40707751 0.23997687
1750 548 -0.40267190 0.25183396
1760 548 -0.39826628 0.26369105
1770 548 -0.39386067 0.27554813
1780 548 -0.38945505 0.28740522
1680 565 0.99548554 1.08578706
1690 565 1.01110236 1.07424951
1700 565 1.02668518 1.06171255
1710 565 1.04226801 1.04917558
1720 565 1.05888425 1.03760404
1730 565 1.07446708 1.02506707
1740 565 1.09004990 1.01253010
1750 565 1.10566672 1.00099256
1760 565 1.12124955 0.98845559
1770 565 1.13783179 0.97588463
1780 565 1.15341462 0.96334766
1790 565 1.16293292 0.94901581
1800 565 1.15102144 0.92240535
1810 565 1.13811054 0.89582888
1820 565 1.12619906 0.86921842
1830 565 1.11428759 0.84260796
1840 565 1.10137668 0.81603149
1850 565 1.08946521 0.78942103
1860 565 1.07655430 0.76284456
1870 565 1.06464283 0.73623410
