2970 277 0.00000000 0.00000000
2980 277 0.00000000 0.38487920
2990 277 0.00093016 0.76869313
3000 277 -0.01302227 1.16955138
3010 277 -0.04092713 1.58638866
3020 277 -0.06783427 2.00315838
3030 277 -0.14066751 2.39296900
3040 277 -0.25836158 2.75675068
3050 277 -0.37505794 3.12046480
3060 277 -0.48808561 3.49395341
3070 277 -0.59178048 3.88685591
3080 277 -0.69441009 4.28068857
3090 277 -0.80596717 4.66109364
3100 277 -0.91765935 5.03950328
3110 277 -1.03034926 5.41798047
3120 277 -1.14943078 5.79087669
3130 277 -1.27569897 6.16125264
3140 277 -1.39997172 6.53149349
3150 277 -1.52444714 6.89874118
3160 277 -1.64070180 7.23937274
2970 275 0.79320472 -0.09780731
2980 275 0.83224554 0.34556817
2990 275 0.87128636 0.78894364
3000 275 0.84203043 1.18582661
3010 275 0.78328473 1.56165362
3020 275 0.72360886 1.93854590
3030 275 0.63694271 2.33129771
3040 275 0.48180312 2.76376586
3050 275 0.32865896 3.19609892
3060 275 0.19159778 3.61431325
3070 275 0.09448159 4.00075658
3080 275 -0.00263459 4.38719991
3090 275 -0.09882062 4.77257797
3100 275 -0.22652822 5.16610404
3110 275 -0.36121983 5.56010299
3120 275 -0.49591144 5.95410193
3130 275 -0.63060305 6.34810088
3140 275 -0.76245222 6.72486845
3150 275 -0.89257616 7.09751004
3160 275 -1.02270010 7.47015164
