1460 373 0.00000000 0.00000000
1470 373 -0.00000000 0.26477538
1480 373 0.02267960 0.51903240
1490 373 0.25338837 0.67945518
1500 373 0.48311894 0.83967023
1510 373 0.51592411 1.01736046
1520 373 0.52750373 1.19872174
1530 373 0.55008514 1.36197333
1540 373 0.59724965 1.48648641
1550 373 0.64441415 1.61099950
1560 373 0.69270414 1.73984079
1570 373 0.73994796 1.90730727
1580 373 0.78816997 2.07498147
1590 373 0.83541379 2.24244795
1600 373 0.84260856 2.28077855
1610 373 0.84980334 2.31910916
1620 373 0.85679040 2.35841795
1630 373 0.86398518 2.39674855
1640 373 0.87117995 2.43507915
1650 373 0.87739654 2.47320204
1460 362 -0.58105479 -0.20517391
1470 362 -0.42984737 -0.05549987
1480 362 -0.27863996 0.09417417
1490 362 -0.13190048 0.20711896
1500 362 0.00113304 0.23536932
1510 362 0.13514474 0.26382740
1520 362 0.26817826 0.29207776
1530 362 0.33700264 0.45901549
1540 362 0.36199363 0.71683025
1550 362 0.38677690 0.97562320
1560 362 0.38201438 1.19542838
1570 362 0.37494045 1.41167583
1580 362 0.37581289 1.61938775
1590 362 0.44918074 1.75048755
1600 362 0.52254859 1.88158735
1610 362 0.59710235 2.01191669
1620 362 0.61978573 2.11691890
1630 362 0.59317827 2.19407487
1640 362 0.56636309 2.27220902
1650 362 0.53877744 2.34915727
1480 344 -1.17383650 1.52237344
1490 344 -1.08587514 1.61363570
1500 344 -0.99702247 1.69588655
1510 344 -0.90772036 1.75676457
1520 344 -0.81862597 1.81862077
1530 344 -0.72953158 1.88047698
1540 344 -0.65908319 1.94348510
1550 344 -0.63102545 2.00873664
1560 344 -0.60296770 2.07398818
1570 344 -0.57490996 2.13923971
1580 344 -0.54685221 2.20449125
1590 344 -0.51900219 2.27072097
1600 344 -0.49094444 2.33597251
1610 344 -0.46288670 2.40122404
1620 344 -0.42964343 2.47575514
1630 344 -0.35791093 2.62899824
1640 344 -0.28499251 2.78147088
1650 344 -0.21326001 2.93471398
1660 344 -0.15966364 3.06263751
1670 344 -0.18314770 3.09138641
