410 130 0.00000000 0.00000000
420 130 -0.00000000 0.39239011
430 130 -0.00092510 0.78515995
440 130 -0.02030377 1.19090921
450 130 -0.08437012 1.62473003
460 130 -0.14843646 2.05855085
470 130 -0.21157771 2.49199195
480 130 -0.27564405 2.92581277
490 130 -0.27400028 3.35644289
500 130 -0.20664639 3.78388230
510 130 -0.14021760 4.21170144
520 130 -0.07286371 4.63914086
530 130 -0.00550982 5.06658027
540 130 0.05147428 5.47665686
550 130 0.09678378 5.86882526
560 130 0.14247301 6.26191875
570 130 0.18908733 6.65463252
580 130 0.23439683 7.04680091
590 130 0.24259021 7.35907943
600 130 0.24057946 7.65176519
330 128 0.02918779 -0.47139057
340 128 0.03015367 -0.11614972
350 128 0.02077779 0.24549803
360 128 0.01140192 0.60714578
370 128 0.00072122 0.96824815
380 128 -0.00865465 1.32989590
390 128 -0.03401207 1.73161346
400 128 -0.06897218 2.15997288
410 128 -0.10485738 2.58871202
420 128 -0.14074259 3.01745116
430 128 -0.17532297 3.44673568
440 128 -0.16126553 3.91550896
450 128 -0.11465630 4.41091645
460 128 -0.06712198 4.90594421
470 128 -0.02051275 5.40135170
480 128 0.05683120 5.84522884
490 128 0.14223855 6.27714849
500 128 0.22688645 6.70721794
510 128 0.31191408 7.13821249
520 128 0.33210827 7.56663308
