1200 747 0.00000000 0.00000000
1210 747 -0.00000000 0.18965495
1220 747 -0.00112309 0.37845044
1230 747 -0.01255965 0.58072305
1240 747 -0.05057079 0.81074077
1250 747 -0.08845010 1.04174977
1260 747 -0.13082179 1.26932094
1270 747 -0.19519659 1.49073884
1280 747 -0.25957140 1.71215674
1290 747 -0.32407802 1.93258336
1300 747 -0.39282392 2.18182020
1310 747 -0.46163836 2.43812777
1320 747 -0.53144408 2.69456716
1330 747 -0.60039034 2.94988346
1340 747 -0.67681334 3.23242288
1350 747 -0.75383216 3.51806795
1360 747 -0.83184225 3.80384483
1370 747 -0.91011070 4.07250642
1380 747 -0.99180644 4.31539488
1390 747 -1.07350217 4.55828335
1120 741 0.66124823 -0.66395842
1130 741 0.46459636 -0.49657549
1140 741 0.27732996 -0.33447585
1150 741 0.16845329 -0.22012608
1160 741 0.05858534 -0.10564449
1170 741 -0.03581768 0.00375419
1180 741 -0.07120299 0.09420793
1190 741 -0.10771140 0.18380222
1200 741 -0.14402471 0.28244979
1210 741 -0.18333822 0.45715654
1220 741 -0.22364299 0.63199511
1230 741 -0.27439305 0.81931951
1240 741 -0.34186822 1.02500884
1250 741 -0.40947521 1.22970690
1260 741 -0.47695038 1.43539623
1270 741 -0.55943175 1.65720431
1280 741 -0.65249022 1.89050695
1290 741 -0.74554869 2.12380958
1300 741 -0.83860717 2.35711222
1310 741 -0.94918693 2.61796489
1180 182 -1.18682903 1.13434424
1190 182 -1.18444575 1.12192168
1200 182 -1.18206248 1.10949912
1210 182 -1.18053866 1.09819965
1220 182 -1.17815538 1.08577709
1230 182 -1.17577211 1.07335453
1240 182 -1.17338883 1.06093197
1250 182 -1.17087374 1.04950069
1260 182 -1.16948174 1.03720994
1270 182 -1.16709846 1.02478738
1280 182 -1.16471519 1.01236482
1290 182 -1.16233191 0.99994226
1300 182 -1.16080809 0.98864280
1310 182 -1.15842481 0.97622024
1320 182 -1.15604154 0.96379768
1330 182 -1.15365826 0.95137512
1340 182 -1.15213444 0.94007565
1350 182 -1.14975117 0.92765309
1360 182 -1.14736789 0.91523053
1370 182 -1.14498462 0.90280797
1180 320 -0.79122111 1.77276681
1190 320 -0.88949959 1.62543609
1200 320 -0.98777807 1.47810537
1210 320 -1.10267093 1.41066184
1220 320 -1.22756090 1.39700546
1230 320 -1.33520375 1.38408199
1240 320 -1.36718288 1.37118488
1250 320 -1.40028510 1.35742832
1260 320 -1.43226423 1.34453121
1270 320 -1.46536645 1.33077465
1280 320 -1.49833685 1.31800936
1290 320 -1.51954378 1.30267098
1300 320 -1.53691744 1.28581405
1310 320 -1.55329982 1.26882531
1320 320 -1.57067348 1.25196838
1330 320 -1.58804714 1.23511145
1340 320 -1.60442952 1.21812270
1350 320 -1.62180318 1.20126577
1360 320 -1.63818556 1.18427703
1370 320 -1.65555922 1.16742010
1180 744 0.44031543 -0.41365121
1190 744 0.37273480 -0.28461688
1200 744 0.34008604 -0.08254992
1210 744 0.33101166 0.16783111
1220 744 0.32180547 0.41722085
1230 744 0.31584201 0.65306495
1240 744 0.31153418 0.87860085
1250 744 0.30722636 1.10413675
1260 744 0.27470414 1.32232773
1270 744 0.21456334 1.53006816
1280 744 0.15356309 1.73893168
1290 744 0.09256284 1.94779519
1300 744 -0.01492184 2.23950917
1310 744 -0.12729960 2.53994425
1320 744 -0.23954555 2.84137061
1330 744 -0.33136493 3.12192221
1340 744 -0.41234357 3.39296180
1350 744 -0.49418167 3.66512448
1360 744 -0.57456449 3.93305843
1370 744 -0.64270930 4.16405689
1320 859 0.13485543 0.80928550
1330 859 0.33842512 0.89116577
1340 859 0.54187355 0.94178929
1350 859 0.74545378 0.99340407
1360 859 0.94791093 1.04415941
1370 859 1.08136381 1.13738133
1380 859 1.14482116 1.27320168
1390 859 1.20814669 1.40803074
1400 859 1.27147222 1.54285981
1410 859 1.33380647 1.67782070
1420 859 1.21757434 1.85065035
1430 859 1.05713033 2.03238566
1440 859 0.89569505 2.21425278
1450 859 0.73525104 2.39598808
1460 859 0.48706875 2.52482733
1470 859 0.23003354 2.64778220
1480 859 -0.02700167 2.77073707
1490 859 -0.28952052 2.89038594
1500 859 -0.59604034 2.98259550
1510 859 -0.90269197 3.07381379
