1460 362 0.00000000 0.00000000
1470 362 0.00000000 0.21275808
1480 362 -0.00000000 0.42551616
1490 362 0.02296035 0.60926006
1500 362 0.09647107 0.72368110
1510 362 0.17052231 0.83894347
1520 362 0.24403304 0.95336450
1530 362 0.17380774 1.11971776
1540 362 0.00815950 1.31885004
1550 362 -0.15833006 1.51852283
1560 362 -0.31789627 1.66976973
1570 362 -0.47656005 1.81687108
1580 362 -0.62356739 1.96361521
1590 362 -0.66512633 2.10798576
1600 362 -0.70668527 2.25235631
1610 362 -0.74686236 2.39702766
1620 362 -0.80552993 2.48701720
1630 362 -0.87908295 2.52238601
1640 362 -0.95347731 2.55829534
1650 362 -1.02757085 2.59282281
1350 355 -1.45639593 -2.28541263
1360 355 -1.39448054 -1.96148133
1370 355 -1.33310567 -1.63839137
1380 355 -1.27033954 -1.34828723
1390 355 -1.20557584 -1.11057593
1400 355 -1.14027163 -0.87202329
1410 355 -1.07466660 -0.63485251
1420 355 -1.00959739 -0.41516637
1430 355 -0.94576902 -0.26956438
1440 355 -0.88163985 -0.12534424
1450 355 -0.81835200 0.01941642
1460 355 -0.77285432 0.18273807
1470 355 -0.77189078 0.38774556
1480 355 -0.77146777 0.59191172
1490 355 -0.77050423 0.79691921
1500 355 -0.77595173 0.93829575
1510 355 -0.78780087 0.98275469
1520 355 -0.80103186 1.02691283
1530 355 -0.81372233 1.07191229
1540 355 -0.82641280 1.11691176
1460 373 0.26295124 0.55729494
1470 373 0.07477507 0.74356283
1480 373 -0.08997073 0.93854956
1490 373 -0.04168114 1.21537101
1500 373 0.00606792 1.49135113
1510 373 -0.09713850 1.63966982
1520 373 -0.21788597 1.77548605
1530 373 -0.31802318 1.90638119
1540 373 -0.37333482 2.02749528
1550 373 -0.42864647 2.14860936
1560 373 -0.48624241 2.27356819
1570 373 -0.57202528 2.42495610
1580 373 -0.65726764 2.57718533
1590 373 -0.74305052 2.72857324
1600 373 -0.76523064 2.76065193
1610 373 -0.78741076 2.79273062
1620 373 -0.81043221 2.82534982
1630 373 -0.83261233 2.85742851
1640 373 -0.85479245 2.88950720
1650 373 -0.87751309 2.92074456
1480 344 -1.64478831 0.79402860
1490 344 -1.64776822 0.92074530
1500 344 -1.64371667 1.04175598
1510 344 -1.62415924 1.14805041
1520 344 -1.60544315 1.25488537
1530 344 -1.58672706 1.36172033
1540 344 -1.58194698 1.45611392
1550 344 -1.60858287 1.52195866
1560 344 -1.63521875 1.58780340
1570 344 -1.66185464 1.65364814
1580 344 -1.68849053 1.71949287
1590 344 -1.71596774 1.78587813
1600 344 -1.74260363 1.85172287
1610 344 -1.76923952 1.91756761
1620 344 -1.79882241 1.99362583
1630 344 -1.85726908 2.15241181
1640 344 -1.91433389 2.31149860
1650 344 -1.97278055 2.47028458
1660 344 -2.02599122 2.59836902
1670 344 -2.06294399 2.60190355
1650 394 -1.13703321 -1.91412238
1660 394 -1.19797096 -1.44470190
1670 394 -1.26112720 -0.99168502
1680 394 -1.34815562 -0.68497987
1690 394 -1.41990848 -0.42850077
1700 394 -1.43308307 -0.37130435
1710 394 -1.44655847 -0.31272608
1720 394 -1.45919253 -0.25468833
1730 394 -1.47236712 -0.19749191
1740 394 -1.48500119 -0.13945416
1750 394 -1.49847659 -0.08087589
1760 394 -1.51165118 -0.02367948
1770 394 -1.52428525 0.03435827
1780 394 -1.53691931 0.09239602
1790 394 -1.54454300 0.28033718
1800 394 -1.54864625 0.55516106
1810 394 -1.52708655 0.80517742
1820 394 -1.46604069 1.01675105
1830 394 -1.40637668 1.22802387
1840 394 -1.29337039 1.48347363
