1220 194 0.00000000 0.00000000
1230 194 0.00000000 0.15016324
1240 194 0.00104553 0.30127879
1250 194 0.00104553 0.45144203
1260 194 -0.00371596 0.60683292
1270 194 -0.01804703 0.77168018
1280 194 -0.03233148 0.93752636
1290 194 -0.04756823 1.10441807
1300 194 -0.06096698 1.28924359
1310 194 -0.07536465 1.47411572
1320 194 -0.08876340 1.65894125
1330 194 -0.06680063 1.87214921
1340 194 -0.04170128 2.08821407
1350 194 -0.01555640 2.30523122
1360 194 0.05490691 2.48514209
1370 194 0.13693764 2.65550336
1380 194 0.21896836 2.82586462
1390 194 0.32584538 2.92799347
1400 194 0.43534621 3.02199118
1410 194 0.54584596 3.11594226
1060 188 -0.08743817 0.01409133
1070 188 -0.02910832 0.14851837
1080 188 0.02926815 0.28394432
1090 188 0.06080716 0.38057915
1100 188 0.05268267 0.42100183
1110 188 0.04455817 0.46142450
1120 188 0.03638707 0.50084826
1130 188 0.02826258 0.54127094
1140 188 0.02013808 0.58169361
1150 188 0.01201359 0.62211629
1160 188 0.00289019 0.66258558
1170 188 -0.00523430 0.70300825
1180 188 -0.01335880 0.74343093
1190 188 0.04796780 0.87771812
1200 188 0.11679955 1.02266703
1210 188 0.16426124 1.18162737
1220 188 0.12810059 1.39354341
1230 188 0.09198656 1.60645836
1240 188 0.05504010 1.84443937
1250 188 0.01793382 2.10044742
1250 199 -0.88429096 0.20744757
1260 199 -0.89250869 0.39603566
1270 199 -0.90072641 0.58462376
1280 199 -0.87651276 0.78170927
1290 199 -0.84007908 0.98322995
1300 199 -0.80255325 1.18670185
1310 199 -0.75568426 1.41876929
1320 199 -0.70981418 1.65088335
1330 199 -0.67467908 1.86748096
1340 199 -0.65755106 2.06289496
1350 199 -0.64042303 2.25830896
1360 199 -0.63646733 2.45033331
1370 199 -0.64473167 2.63792249
1380 199 -0.65399493 2.82555829
1390 199 -0.64116223 2.88602581
1400 199 -0.62382776 2.91424843
1410 199 -0.60549438 2.94242444
1420 199 -0.58811329 2.97164597
1430 199 -0.56977991 2.99982197
1440 199 -0.55144653 3.02799797
1260 189 -0.01917247 2.35645548
1270 189 -0.02945461 2.56516168
1280 189 -0.02663768 2.75423591
1290 189 -0.02386736 2.94231123
1300 189 -0.02109704 3.13038654
1310 189 -0.08962912 3.27073380
1320 189 -0.16547991 3.40441499
1330 189 -0.24228299 3.53914170
1340 189 -0.22060658 3.55314646
1350 189 -0.19893017 3.56715121
1360 189 -0.17825267 3.58120259
1370 189 -0.15662288 3.59420843
1380 189 -0.13494647 3.60821319
1390 189 -0.11426897 3.62226457
1400 189 -0.09259257 3.63626933
1410 189 -0.07091616 3.65027409
1420 189 -0.05023866 3.66432546
1430 189 -0.02856225 3.67833022
1440 189 -0.00688584 3.69233498
1450 189 0.01379166 3.70638635
