1170 527 0.00000000 0.00000000
1180 527 -0.00000000 0.36913548
1190 527 -0.00002709 0.73727132
1200 527 -0.02539989 1.05607568
1210 527 -0.06136500 1.35315902
1220 527 -0.09733012 1.65024236
1230 527 -0.18484000 2.00174204
1240 527 -0.27237696 2.35224208
1250 527 -0.35988684 2.70374175
1260 527 -0.44112801 3.06507522
1270 527 -0.52128829 3.42938049
1280 527 -0.60044892 3.79365867
1290 527 -0.71548799 4.16291063
1300 527 -0.85341025 4.53678421
1310 527 -0.99133251 4.91065778
1320 527 -1.10569432 5.30490057
1330 527 -1.21084271 5.70689661
1340 527 -1.31499146 6.10886556
1350 527 -1.44718141 6.54660729
1360 527 -1.58615207 6.99253571
1190 529 0.39892400 0.58240677
1200 529 0.40813471 0.92228199
1210 529 0.41359070 1.27126226
1220 529 0.40802635 1.65655441
1230 529 0.40143527 2.04087401
1240 529 0.35550633 2.41325491
1250 529 0.21266447 2.75324932
1260 529 0.07084933 3.09421628
1270 529 -0.06294166 3.43596614
1280 529 -0.17773962 3.77720130
1290 529 -0.29351013 4.11946317
1300 529 -0.43262436 4.44935289
1310 529 -0.57171151 4.78024225
1320 529 -0.70758303 5.11904740
1330 529 -0.81232507 5.53603793
1340 529 -0.91606746 5.95300138
1350 529 -1.02078241 6.37099155
1360 529 -1.15035272 6.79465714
1370 529 -1.28089558 7.21934945
1380 529 -1.41143844 7.64404177
