3330 822 0.00000000 0.00000000
3340 822 0.00000000 0.17715812
3350 822 0.16263437 0.37429275
3360 822 0.32526875 0.57142737
3370 822 0.53297585 0.73610512
3380 822 0.75120462 0.89216345
3390 822 0.95583538 1.06782008
3400 822 1.12754639 1.28717215
3410 822 1.30275145 1.50185607
3420 822 1.50708304 1.68735702
3430 822 1.71141462 1.87285797
3440 822 1.95855543 2.09704188
3450 822 2.21112076 2.32657129
3460 822 2.45745437 2.56728846
3470 822 2.69136405 2.83576613
3480 822 2.92434801 3.10462199
3490 822 3.09975064 3.34623101
3500 822 3.26043195 3.58089144
3510 822 3.42018754 3.81593005
3520 822 3.59257591 4.02636353
3180 438 3.55516865 1.38319371
3190 438 3.32534571 1.54513944
3200 438 3.15812222 1.70959704
3210 438 3.00743198 1.87486183
3220 438 2.85543782 2.03957909
3230 438 2.72649651 2.20784120
3240 438 2.61968233 2.38002637
3250 438 2.51248995 2.55128580
3260 438 2.43579575 2.72844957
3270 438 2.42994223 2.91772116
3280 438 2.42463623 3.10568884
3290 438 2.40397108 3.30101152
3300 438 2.36904183 3.50108138
3310 438 2.32641889 3.69025137
3320 438 2.26853839 3.85000696
3330 438 2.20973217 4.01014074
3340 438 2.17104921 4.05294995
3350 438 2.13679732 4.06694310
3360 438 2.10254544 4.08093625
3370 438 2.06829355 4.09492940
3360 281 2.06544299 -0.26696490
3370 281 1.94330351 0.01842422
3380 281 1.82154223 0.30473906
3390 281 1.70295890 0.54330560
3400 281 1.58868810 0.73690102
3410 281 1.47403911 0.92957071
3420 281 1.38678373 1.10996887
3430 281 1.30971134 1.28620691
3440 281 1.23356467 1.46206676
3450 281 1.19413662 1.65641291
3460 281 1.21060778 1.87653265
3470 281 1.20928128 2.10068269
3480 281 1.16920409 2.33310218
3490 281 1.09182124 2.54295426
3500 281 0.96127684 2.72051316
3510 281 0.83073245 2.89807205
3520 281 0.70073559 3.07432702
3530 281 0.57810502 3.24217143
3540 281 0.45509627 3.40909011
3550 281 0.33246571 3.57693452
3360 824 0.35743210 0.70303861
3370 824 0.39393622 0.99599160
3380 824 0.53561756 1.19736537
3390 824 0.74779524 1.33861207
3400 824 1.01220875 1.51253015
3410 824 1.31132007 1.70792057
3420 824 1.55998493 1.91203766
3430 824 1.77452773 2.12253323
3440 824 1.98961807 2.33172488
3450 824 2.16194435 2.58431279
3460 824 2.33464882 2.83782643
3470 824 2.52713224 3.07893872
3480 824 2.74734794 3.30332019
3490 824 2.96794183 3.52862739
3500 824 3.15760856 3.76548924
3510 824 3.33894374 4.00575483
3520 824 3.52027892 4.24602041
3530 824 3.69405023 4.46777147
3540 824 3.85609756 4.66082499
3550 824 4.01852308 4.85480424
3390 283 2.06858707 0.46522846
3400 283 1.95092947 0.70341681
3410 283 1.83381940 0.94030123
3420 283 1.70659407 1.03872743
3430 283 1.58067267 1.13770116
3440 283 1.45344734 1.23612735
3450 283 1.36999646 1.37824333
3460 283 1.31572856 1.54948584
3470 283 1.26146066 1.72072834
3480 283 1.22536860 1.88886627
3490 283 1.19689122 2.05713403
3500 283 1.16933956 2.22502359
3510 283 1.09288244 2.43449748
3520 283 0.96697232 2.68685960
3530 283 0.84236612 2.93976926
3540 283 0.70210724 3.10941432
3550 283 0.55937035 3.27034965
3560 283 0.41755918 3.43090678
3570 283 0.25123319 3.56583144
3580 283 0.07948267 3.69541060
