2780 415 0.00000000 0.00000000
2790 415 -0.00000000 0.21755459
2800 415 -0.00014709 0.43370264
2810 415 -0.00885755 0.66994219
2820 415 -0.02090510 0.91506228
2830 415 -0.03309974 1.15877582
2840 415 -0.05331076 1.43461004
2850 415 -0.08569343 1.75721872
2860 415 -0.11822320 2.07842086
2870 415 -0.15138269 2.40039982
2880 415 -0.19825369 2.69324126
2890 415 -0.24619568 2.98263989
2900 415 -0.29491448 3.27140879
2910 415 -0.34302195 3.58641938
2920 415 -0.39203034 3.92000921
2930 415 -0.44118582 4.25219250
2940 415 -0.48700420 4.57549526
2950 415 -0.52881440 4.88273769
2960 415 -0.56921805 5.18983302
2970 415 -0.58589892 5.49942428
2660 368 -0.65407951 3.38575250
2670 368 -0.64362236 3.41096456
2680 368 -0.63316522 3.43617663
2690 368 -0.62207835 3.46061187
2700 368 -0.61162120 3.48582394
2710 368 -0.60053433 3.51025918
2720 368 -0.59085400 3.53484152
2730 368 -0.58039685 3.56005358
2740 368 -0.56930998 3.58448883
2750 368 -0.51908351 3.69085753
2760 368 -0.46516141 3.80537132
2770 368 -0.40983277 3.91973801
2780 368 -0.35591067 4.03425180
2790 368 -0.30121175 4.14939531
2800 368 -0.27349457 4.21048343
2810 368 -0.24840202 4.26686928
2820 368 -0.22330947 4.32325513
2830 368 -0.19899373 4.37901125
2840 368 -0.17390118 4.43539709
2850 368 -0.14880863 4.49178294
2660 379 -0.05098950 2.86411331
2670 379 -0.04884751 2.87099894
2680 379 -0.04767539 3.05217186
2690 379 -0.04650327 3.23334478
2700 379 -0.03076469 3.38384493
2710 379 0.02059253 3.46023496
2720 379 0.07194976 3.53662498
2730 379 0.12345407 3.61442154
2740 379 0.17481130 3.69081157
2750 379 0.22694534 3.76783131
2760 379 0.25953026 3.80068284
2770 379 0.28949056 3.82883210
2780 379 0.31945085 3.85698135
2790 379 0.35018797 3.88576034
2800 379 0.38077799 3.91313278
2810 379 0.41151510 3.94191176
2820 379 0.44147540 3.97006102
2830 379 0.46746888 4.00786762
2840 379 0.48697662 4.05843883
2850 379 0.50726119 4.10963978
2680 216 -1.36170420 2.94857028
2690 216 -1.36562965 2.95182463
2700 216 -1.36814856 2.95493190
2710 216 -1.37066747 2.95803916
2720 216 -1.37459292 2.96129352
2730 216 -1.37711183 2.96440079
2740 216 -1.37963073 2.96750805
2750 216 -1.38355619 2.97076241
2760 216 -1.38607509 2.97386967
2770 216 -1.38937082 2.97634721
2780 216 -1.39188973 2.97945448
2790 216 -1.39581518 2.98270883
2800 216 -1.39833409 2.98581610
2810 216 -1.40148272 2.98970018
2820 216 -1.40477845 2.99217772
2830 216 -1.40729735 2.99528499
2840 216 -1.41122281 2.99853934
2850 216 -1.41374171 3.00164661
2860 216 -1.41626062 3.00475388
2870 216 -1.41955635 3.00723141
2680 350 -0.65792222 2.72353710
2690 350 -0.64047373 2.75441671
2700 350 -0.62365496 2.78607313
2710 350 -0.60683619 2.81772955
2720 350 -0.57069814 2.90495364
2730 350 -0.52200231 3.03067840
2740 350 -0.47408331 3.15577344
2750 350 -0.42553457 3.28009166
2760 350 -0.36850521 3.39712436
2770 350 -0.30299521 3.50687153
2780 350 -0.23700258 3.61443533
2790 350 -0.17226941 3.72355277
2800 350 -0.10967822 3.82578458
2810 350 -0.07518113 3.87692118
2820 350 -0.04146086 3.92742804
2830 350 -0.00696377 3.97856463
2840 350 0.02675650 4.02907149
2850 350 0.06125359 4.08020808
2860 350 0.09497386 4.13071495
2870 350 0.12932386 4.18044499
2780 411 -0.48627335 -0.03375245
2790 411 -0.42527257 0.12125692
2800 411 -0.36349497 0.27689602
2810 411 -0.35444897 0.47217574
2820 411 -0.42653662 0.72784031
2830 411 -0.49925400 0.98428169
2840 411 -0.54770161 1.25524816
2850 411 -0.59241223 1.52795672
2860 411 -0.63338585 1.80240738
2870 411 -0.63306409 2.09102459
2880 411 -0.63259525 2.38104835
2890 411 -0.63745839 2.67447356
2900 411 -0.70015530 2.99954139
2910 411 -0.76222248 3.32383241
2920 411 -0.82510785 3.65389669
2930 411 -0.88881140 3.98973424
2940 411 -0.95188522 4.32479497
2950 411 -0.95576011 4.63446897
2960 411 -0.93301639 4.93353873
2970 411 -0.90964295 5.23183168
2820 420 -0.97100686 0.87862545
2830 420 -0.94774373 1.12147484
2840 420 -0.96787201 1.38450307
2850 420 -0.99803456 1.65355738
2860 420 -1.02819710 1.92261169
2870 420 -1.05556495 2.21839033
2880 420 -1.07156553 2.61606982
2890 420 -1.08741902 3.01515586
2900 420 -1.12401673 3.38583984
2910 420 -1.18135866 3.72812174
2920 420 -1.23855350 4.07181019
2930 420 -1.29274679 4.41020801
2940 420 -1.34171381 4.73739486
2950 420 -1.38990402 5.06521143
2960 420 -1.43887104 5.39239827
2970 420 -1.51303173 5.70302376
2980 420 -1.59155915 6.01268397
2990 420 -1.66945684 6.32156736
3000 420 -1.60349179 6.57843622
3010 420 -1.47662708 6.81258435
