2990 673 0.00000000 0.00000000
3000 673 -0.00000000 0.29910700
3010 673 0.00100633 0.60514130
3020 673 0.01055475 0.93519709
3030 673 0.02024693 1.26624250
3040 673 0.01676323 1.52745671
3050 673 0.00911045 1.75997216
3060 673 0.03422521 1.97459100
3070 673 0.10990381 2.16165449
3080 673 0.18572618 2.34970760
3090 673 0.24210399 2.50824952
3100 673 0.27222031 2.62513411
3110 673 0.30219286 2.74102909
3120 673 0.33230917 2.85791368
3130 673 0.39424353 3.03383735
3140 673 0.46995556 3.23504293
3150 673 0.54622592 3.43313592
3160 673 0.62297103 3.59276107
3170 673 0.70084952 3.75323207
3180 673 0.77872800 3.91370307
2880 632 1.47747794 3.24934885
2890 632 1.48326182 3.30307544
2900 632 1.48805609 3.35694579
2910 632 1.49299412 3.41180576
2920 632 1.49778840 3.46567611
2930 632 1.50272643 3.52053608
2940 632 1.50752070 3.57440643
2950 632 1.51344834 3.62912264
2960 632 1.51824261 3.68299299
2970 632 1.51491605 3.77138945
2980 632 1.50752070 3.87351344
2990 632 1.50125873 3.97648328
3000 632 1.49386338 4.07860726
3010 632 1.44378097 4.13034460
3020 632 1.29371761 4.06423114
3030 632 1.14252089 3.99727182
3040 632 0.99525921 3.86001659
3050 632 0.84882666 3.71455695
3060 632 0.81329423 3.69950882
3070 632 0.85291884 3.77055028
2930 666 -0.00934114 -0.18255340
2940 666 0.03847453 0.06312457
2950 666 0.08544434 0.30993590
2960 666 0.14292878 0.51783140
2970 666 0.20196117 0.72247054
2980 666 0.23676142 0.90637797
2990 666 0.23797504 1.06080766
3000 666 0.24697850 1.22016868
3010 666 0.28953518 1.39486536
3020 666 0.33308147 1.56941828
3030 666 0.39793451 1.72369752
3040 666 0.48607354 1.85741555
3050 666 0.57322295 1.99127734
3060 666 0.67136843 2.11040528
3070 666 0.79645410 2.19934669
3080 666 0.92139601 2.28729849
3090 666 0.98925467 2.33705995
3100 666 1.00087593 2.34749768
3110 666 1.01264095 2.35892503
3120 666 1.02525182 2.36921901
2990 626 0.55495859 1.50383974
3000 626 0.54050556 1.43217308
3010 626 0.53748658 1.41139122
3020 626 0.53831571 1.40318680
3030 626 0.53914485 1.39498238
3040 626 0.53898437 1.38692172
3050 626 0.53995727 1.37970691
3060 626 0.54078640 1.37150249
3070 626 0.54161553 1.36329806
3080 626 0.54145506 1.35523740
3090 626 0.54228419 1.34703298
3100 626 0.54311333 1.33882856
3110 626 0.54408622 1.33161375
3120 626 0.54491536 1.32340933
3130 626 0.54574449 1.31520491
3140 626 0.54558401 1.30714425
3150 626 0.54641315 1.29893983
3160 626 0.54724228 1.29073540
3170 626 0.54708181 1.28267474
3180 626 0.54805470 1.27545993
3020 679 -0.75702340 -0.05675895
3030 679 -0.54097362 0.16447960
3040 679 -0.32478009 0.38670776
3050 679 -0.17928032 0.61617414
3060 679 -0.05173734 0.84723860
3070 679 0.05171728 1.05856097
3080 679 0.13023767 1.25127461
3090 679 0.21311437 1.43223995
3100 679 0.34158344 1.51664787
3110 679 0.46990876 1.60006617
3120 679 0.60886571 1.69406598
3130 679 0.76397743 1.80188692
3140 679 0.91824329 1.91084124
3150 679 0.94345835 1.86877937
3160 679 0.93704927 1.78988119
3170 679 0.92950682 1.71013715
3180 679 0.92309774 1.63123896
3190 679 0.91555529 1.55149493
3200 679 0.92762789 1.45374396
3210 679 0.95888427 1.33501722
3130 667 1.03701684 2.38064636
3140 667 1.04878186 2.39207371
3150 667 1.06040312 2.40251144
3160 667 1.07216814 2.41393879
3170 667 1.08492277 2.42522238
3180 667 1.09654403 2.43566011
3190 667 1.10830905 2.44708746
3200 667 1.11993031 2.45752520
3210 667 1.12914106 2.46528162
3220 667 1.13820805 2.47204843
3230 667 1.14713128 2.47782563
3240 667 1.15619827 2.48459243
3250 667 1.16413188 2.49051339
3260 667 1.17319887 2.49728020
3270 667 1.18127625 2.50419077
3280 667 1.19019948 2.50996797
3290 667 1.19926647 2.51673478
3300 667 1.20833346 2.52350159
3310 667 1.21626707 2.52942255
3320 667 1.22533406 2.53618935
