0 12 0.00000000 0.00000000
10 12 0.00000000 0.38076371
20 12 0.00027576 0.76056619
30 12 0.00027576 1.14132989
40 12 -0.00849346 1.50189209
50 12 -0.02028029 1.85846757
60 12 -0.03179137 2.21408182
70 12 0.00999833 2.56522085
80 12 0.05838267 2.91513078
90 12 0.10649124 3.26600193
100 12 0.27108151 3.61699915
110 12 0.46451644 3.96898910
120 12 0.67853106 4.34352847
130 12 0.97582567 4.80854128
140 12 1.27284453 5.27451531
150 12 1.57809684 5.74805309
160 12 1.91559749 6.25060887
170 12 2.25309814 6.75316465
180 12 2.61877375 7.24091597
190 12 3.09536067 7.67205737
0 13 0.51037165 1.95972722
10 13 0.69889802 2.15113727
20 13 0.88714863 2.34350855
30 13 1.07567500 2.53491860
40 13 1.24169135 2.71050781
50 13 1.37435630 2.86092393
60 13 1.50798249 3.01161582
70 13 1.62745028 3.17177026
80 13 1.71502428 3.35606566
90 13 1.80287404 3.53939984
100 13 1.96301272 3.68833473
110 13 2.14239169 3.82822463
120 13 2.32080943 3.96783878
130 13 2.52235963 4.18275160
140 13 2.72350012 4.39546620
150 13 2.92505032 4.61037901
160 13 3.08496840 4.83623562
170 13 3.20297859 5.07399725
180 13 3.32167425 5.31299587
190 13 3.43104130 5.54099554
0 14 -0.01260624 2.25599758
10 14 0.19199309 2.44577670
20 14 0.39686818 2.63459459
30 14 0.60242874 2.82464947
40 14 0.80441228 3.01992018
50 14 0.99854055 3.23894578
60 14 1.19266882 3.45797138
70 14 1.38611163 3.67576000
80 14 1.56898882 3.88323513
90 14 1.74747748 4.08424956
100 14 1.92596613 4.28526399
110 14 2.10417901 4.48723965
120 14 2.31314326 4.70531978
130 14 2.52471542 4.92518843
140 14 2.73724881 5.14533283
150 14 2.94882097 5.36520148
160 14 3.11882404 5.53777307
170 14 3.28759012 5.71103013
180 14 3.45759320 5.88360173
190 14 3.62663504 6.05589756
0 15 -0.25891648 2.65764826
10 15 -0.09343590 2.82059971
20 15 0.07176892 2.98451239
30 15 0.23601252 3.14814931
40 15 0.43181111 3.34684735
50 15 0.63556740 3.55407035
60 15 0.83836247 3.76101760
70 15 1.04184299 3.96920183
80 15 1.26220801 4.18743166
90 15 1.48751310 4.41019974
100 15 1.71213272 4.63173084
110 15 1.93675234 4.85326193
120 15 2.14117046 5.08356224
130 15 2.33624420 5.31742382
140 15 2.53255493 5.55059993
150 15 2.72625774 5.78198753
160 15 2.91241256 6.00704837
170 15 3.09760615 6.23183345
180 15 3.28376098 6.45689429
190 15 3.46895457 6.68167937
0 17 -0.66579875 2.16847873
10 17 -0.49711145 2.28761561
20 17 -0.32842416 2.40675249
30 17 -0.15877564 2.52616514
40 17 0.00991166 2.64530202
50 17 0.15892534 2.79312598
60 17 0.30188802 2.94753670
70 17 0.44581192 3.10222319
80 17 0.59630683 3.27752089
90 17 0.76309531 3.50118716
100 17 0.93112078 3.72416797
110 17 1.09887049 3.94811001
120 17 1.34547225 4.16554407
130 17 1.59962988 4.38202479
140 17 1.85474873 4.59878127
150 17 2.10519539 4.81731838
160 17 2.31689362 5.04762657
170 17 2.52859184 5.27793476
180 17 2.74029006 5.50824295
190 17 2.95198828 5.73855114
