1860 375 0.00000000 0.00000000
1870 375 0.00000000 0.04280187
1880 375 0.00000000 0.08560374
1890 375 -0.00060745 0.12919997
1900 375 0.10471505 0.20218743
1910 375 0.22059784 0.27947378
1920 375 0.33629372 0.35535831
1930 375 0.45278396 0.43185030
1940 375 0.60726320 0.57390017
1950 375 0.78814315 0.75879864
1960 375 0.96762129 0.94388401
1970 375 1.08892441 1.08322372
1980 375 1.19434037 1.21041443
1990 375 1.30055068 1.33821259
2000 375 1.37937901 1.42115289
2010 375 1.42082580 1.43774095
2020 375 1.46087078 1.45451592
2030 375 1.50231757 1.47110398
2040 375 1.54315691 1.48848640
2050 375 1.58380934 1.50446701
1680 211 1.31741910 2.57222412
1690 211 1.30966243 2.58895236
1700 211 1.30092450 2.60367134
1710 211 1.29298092 2.61899778
1720 211 1.28503734 2.63432421
1730 211 1.27648631 2.65044500
1740 211 1.26854273 2.66577143
1750 211 1.26059915 2.68109787
1760 211 1.25265558 2.69642430
1770 211 1.25120704 2.70161099
1780 211 1.25686100 2.69586358
1790 211 1.26172060 2.68950871
1800 211 1.26737456 2.68376130
1810 211 1.27223416 2.67740644
1820 211 1.27788812 2.67165903
1830 211 1.28274772 2.66530416
1840 211 1.28840168 2.65955675
1850 211 1.29405564 2.65380934
1860 211 1.29891524 2.64745448
1870 211 1.30456920 2.64170706
1680 345 -0.63959824 0.61744967
1690 345 -0.62450544 0.65039216
1700 345 -0.60801083 0.68314774
1710 345 -0.59212367 0.71669767
1720 345 -0.57562907 0.74945325
1730 345 -0.56053627 0.78239574
1740 345 -0.54404166 0.81515132
1750 345 -0.52815451 0.84870125
1760 345 -0.51165990 0.88145683
1770 345 -0.45661557 1.00537665
1780 345 -0.40096380 1.12850212
1790 345 -0.34451766 1.25223503
1800 345 -0.30489323 1.33540897
1810 345 -0.28830517 1.35816499
1820 345 -0.27251146 1.38031355
1830 345 -0.25531595 1.40227521
1840 345 -0.23872789 1.42503123
1850 345 -0.22293419 1.44717979
1860 345 -0.20634613 1.46993581
1870 345 -0.18975807 1.49269182
1750 335 1.00687192 2.60792349
1760 335 1.00486266 2.60890476
1770 335 1.00364776 2.61049347
1780 335 1.00224595 2.61068038
1790 335 1.00103105 2.61226910
1800 335 0.99902179 2.61325036
1810 335 0.99701253 2.61423163
1820 335 0.99561073 2.61441854
1830 335 0.99439583 2.61600725
1840 335 0.99238657 2.61698852
1850 335 0.99098476 2.61717543
1860 335 0.98976986 2.61876414
1870 335 0.98776060 2.61974541
1880 335 0.98575134 2.62072667
1890 335 0.98434954 2.62091358
1900 335 0.98313464 2.62250230
1910 335 0.98112538 2.62348356
1920 335 0.97911612 2.62446483
1930 335 0.97850867 2.62525918
1940 335 0.97649941 2.62624045
1760 224 0.17088039 1.72567230
1770 224 0.34900345 1.52072798
1780 224 0.56726495 1.34396000
1790 224 0.79090004 1.17004236
1800 224 1.01313333 0.99631163
1810 224 1.21602166 0.83800079
1820 224 1.41489148 0.68165247
1830 224 1.61516311 0.52511725
1840 224 1.82351850 0.33825626
1850 224 2.03290188 0.14840473
1860 224 2.23406131 -0.03892353
1870 224 2.35428971 -0.21260754
1880 224 2.47391065 -0.38549718
1890 224 2.52531028 -0.47082056
1900 224 2.53096424 -0.49796891
1910 224 2.53722565 -0.52591161
1920 224 2.54208525 -0.55366741
1930 224 2.54773921 -0.58081576
1940 224 2.55339316 -0.60796410
1950 224 2.55965457 -0.63590681
1770 228 -0.26582951 2.01360365
1780 228 0.09920128 1.84080746
1790 228 0.45371850 1.55170794
1800 228 0.69417529 1.22574086
1810 228 0.85767282 0.87365344
1820 228 0.98673261 0.56824621
1830 228 1.09350365 0.29363204
1840 228 1.20008778 0.01761605
1850 228 1.39447181 -0.23657845
1860 228 1.58885585 -0.49077296
1870 228 1.71249531 -0.62282327
1880 228 1.80585572 -0.70375431
1890 228 1.89940303 -0.78328355
1900 228 1.92930827 -0.81580549
1910 228 1.95355955 -0.84258003
1920 228 1.97701647 -0.86996201
1930 228 2.00108084 -0.89813835
1940 228 2.02453775 -0.92552033
1950 228 2.04799467 -0.95290231
1960 228 2.07145159 -0.98028429
1860 364 -0.24858727 0.72510852
1870 364 -0.22171929 0.78216210
1880 364 -0.19531857 0.84641163
1890 364 -0.16957203 0.93785624
1900 364 -0.14522730 1.02948775
1910 364 -0.11948076 1.12093236
1920 364 -0.09434167 1.21317132
1930 364 -0.09303332 1.26578584
1940 364 -0.09943491 1.30872789
1950 364 -0.10504214 1.35227739
1960 364 -0.11144373 1.39521944
1970 364 -0.11784532 1.43816149
1980 364 -0.12345255 1.48171099
1990 364 -0.12924669 1.52385869
2000 364 -0.13485392 1.56740819
2010 364 -0.14125551 1.61035024
2020 364 -0.06331499 1.68128172
2030 364 0.02341019 1.75389537
2040 364 0.11013538 1.82650902
2050 364 0.19765492 1.89973012
1880 212 1.30942880 2.63535220
1890 212 1.31508276 2.62960479
1900 212 1.32073671 2.62385738
1910 212 1.32559632 2.61750251
1920 212 1.33125027 2.61175510
1930 212 1.33690423 2.60600769
1940 212 1.34176383 2.59965283
1950 212 1.34741779 2.59390541
1960 212 1.35227739 2.58755055
1970 212 1.35793135 2.58180314
1980 212 1.36279095 2.57544828
1990 212 1.36844491 2.56970086
2000 212 1.37409887 2.56395345
2010 212 1.37895847 2.55759859
2020 212 1.38461243 2.55185117
2030 212 1.39026639 2.54610376
2040 212 1.39512599 2.53974890
2050 212 1.40077995 2.53400149
2060 212 1.40563955 2.52764662
2070 212 1.41129351 2.52189921
1880 346 -0.17317001 1.51544784
1890 346 -0.15737630 1.53759640
1900 346 -0.14018079 1.55955806
1910 346 -0.12359273 1.58231408
1920 346 -0.10779903 1.60446264
1930 346 -0.09121097 1.62721866
1940 346 -0.10116381 1.72913009
1950 346 -0.11172409 1.83183589
1960 346 -0.12167693 1.93374733
1970 346 -0.13162977 2.03565876
1980 346 -0.14219005 2.13836456
1990 346 -0.11191100 2.19424997
2000 346 -0.06424953 2.23069698
2010 346 -0.01658806 2.26714398
2020 346 0.03027905 2.30298354
2030 346 0.07794052 2.33943055
2040 346 0.12560199 2.37587755
2050 346 0.17541290 2.37494301
2060 346 0.23041050 2.28985327
2070 346 0.28680990 2.20457662
1930 398 -0.12237783 0.68188611
1940 398 -0.05214726 0.76454605
1950 398 0.01747587 0.84800035
1960 398 0.08209922 0.91000699
1970 398 0.14032097 0.95075287
1980 398 0.19933709 0.99210621
1990 398 0.25835320 1.03345954
2000 398 0.31657496 1.07420542
2010 398 0.37559107 1.11555876
2020 398 0.43381283 1.15630464
2030 398 0.54105114 1.17410760
2040 398 0.69571728 1.16775274
2050 398 0.85117778 1.16200533
2060 398 0.99500328 1.15994934
2070 398 1.03948731 1.19396655
2080 398 1.08476571 1.22859121
2090 398 1.13004411 1.26321586
2100 398 1.17452815 1.29723307
2110 398 1.21980654 1.33185772
2120 398 1.26508494 1.36648238
1950 336 0.97449015 2.62722172
1960 336 0.97308835 2.62740862
1970 336 0.97187345 2.62899734
1980 336 0.96986419 2.62997860
1990 336 0.96785493 2.63095987
2000 336 0.96724748 2.63175423
2010 336 0.96523822 2.63273549
2020 336 0.96322896 2.63371676
2030 336 0.96182715 2.63390367
2040 336 0.96061225 2.63549238
2050 336 0.95860300 2.63647365
2060 336 0.95659374 2.63745491
2070 336 0.95598629 2.63824927
2080 336 0.95397703 2.63923054
2090 336 0.95196777 2.64021180
2100 336 0.95056596 2.64039871
2110 336 0.94935106 2.64198743
2120 336 0.94734181 2.64296869
2130 336 0.94533255 2.64394996
2140 336 0.94472510 2.64474431
