3840 702 0.00000000 0.00000000
3850 702 0.00000000 0.40376354
3860 702 -0.00728149 0.79441298
3870 702 -0.01815419 1.17447453
3880 702 -0.02941573 1.55589579
3890 702 0.00243459 1.99230220
3900 702 0.03816838 2.43570281
3910 702 0.05545077 2.86647226
3920 702 0.02728330 3.27100606
3930 702 -0.00000991 3.67505442
3940 702 0.00775702 4.09280635
3950 702 0.03145158 4.51658409
3960 702 0.05427186 4.94084725
3970 702 0.05747423 5.35655838
3980 702 0.06067660 5.77226951
3990 702 0.06387897 6.18798065
4000 702 -0.02081912 6.59988262
4010 702 -0.10503177 7.01265886
4020 702 -0.17516440 7.44049343
4030 702 -0.21286469 7.90407911
3680 695 -0.19594141 0.54115336
3690 695 -0.12472399 0.85275901
3700 695 0.00270455 1.27384210
3710 695 0.12925882 1.69541062
3720 695 0.26376081 2.18691363
3730 695 0.40078408 2.69531763
3740 695 0.53693307 3.20420706
3750 695 0.69027777 3.69668589
3760 695 0.84410791 4.19003900
3770 695 1.00735196 4.71476691
3780 695 1.17962111 5.27222932
3790 695 1.35276453 5.82920630
3800 695 1.50279541 6.36927735
3810 695 1.64224088 6.90264398
3820 695 1.78207520 7.43465090
3830 695 1.87381454 8.03453913
3840 695 1.95962714 8.64229336
3850 695 2.09381211 9.24034636
3860 695 2.30045781 9.82676136
3870 695 2.50710351 10.41317636
3780 700 -0.64652692 0.56600702
3790 700 -0.65525480 0.91285111
3800 700 -0.59629207 1.29302659
3810 700 -0.49071295 1.69535861
3820 700 -0.37425618 2.10080135
3830 700 -0.22982758 2.51130151
3840 700 -0.08627327 2.92228710
3850 700 0.00861148 3.36715887
3860 700 0.08270682 3.82814898
3870 700 0.16224100 4.29069445
3880 700 0.25809165 4.75790602
3890 700 0.35345687 5.22424332
3900 700 0.46145077 5.68242485
3910 700 0.57333061 6.13730495
3920 700 0.68569588 6.59305932
3930 700 0.81127186 7.04376618
3940 700 0.93694442 7.49670702
3950 700 1.06057371 7.96450805
3960 700 1.18322966 8.44085615
3970 700 1.30627444 8.91584455
3860 704 0.35780100 0.48990555
3870 704 0.33342039 0.89919956
3880 704 0.31370341 1.30247271
3890 704 0.30554764 1.69360758
3900 704 0.29787731 2.08561672
3910 704 0.39122155 2.47415353
3920 704 0.48408035 2.86181607
3930 704 0.57217895 3.25326548
3940 704 0.61432986 3.66908310
3950 704 0.65784047 4.08528958
3960 704 0.70853846 4.50208055
3970 704 0.78992768 4.92470662
3980 704 0.87219117 5.34684725
3990 704 0.95396924 5.76811362
4000 704 0.97251474 6.19703793
4010 704 0.97542239 6.62663838
4020 704 0.97968973 7.05662767
4030 704 0.90342975 7.51874715
4040 704 0.81794160 7.98484668
4050 704 0.71807622 8.46007284
3870 706 -0.32007843 1.37642937
3880 706 -0.34329498 1.79193989
3890 706 -0.39147913 2.23046387
3900 706 -0.44005211 2.67034757
3910 706 -0.55622654 3.11002075
3920 706 -0.67958835 3.54910942
3930 706 -0.77594672 3.98121133
3940 706 -0.80897348 4.39759365
3950 706 -0.84112596 4.81349053
3960 706 -0.88212025 5.24230339
3970 706 -0.93632772 5.68645939
3980 706 -0.99004976 6.13148966
3990 706 -1.03668101 6.57487045
4000 706 -1.07495837 7.01475663
4010 706 -1.11362456 7.45600250
4020 706 -1.11342147 7.82305149
4030 706 -1.10321005 8.17310538
4040 706 -1.09348406 8.52228500
4050 706 -1.08327264 8.87233889
4060 706 -1.19425096 9.11124852
