2850 263 0.00000000 0.00000000
2860 263 0.00000000 0.30631520
2870 263 0.10791825 0.67034219
2880 263 0.21587894 1.03295561
2890 263 0.32122468 1.38841626
2900 263 0.42211095 1.72747224
2910 263 0.52299723 2.06652822
2920 263 0.72957856 2.32528130
2930 263 0.94840871 2.57662045
2940 263 1.05190994 2.92282919
2950 263 1.15541117 3.26903794
2960 263 1.21740287 3.60763361
2970 263 1.11262844 3.91646256
2980 263 1.00716844 4.22456350
2990 263 0.87265341 4.48722431
3000 263 0.67064253 4.64174489
3010 263 0.46931723 4.79699347
3020 263 0.26799193 4.95224205
3030 263 -0.10550570 5.04572745
3040 263 -0.47831776 5.13994087
2850 268 1.25176290 -0.19940571
2860 268 1.09696484 -0.01517065
2870 268 1.00540882 0.23038687
2880 268 1.00798786 0.56861364
2890 268 1.01056690 0.90684041
2900 268 1.12305887 1.23634088
2910 268 1.30862590 1.55883875
2920 268 1.49564894 1.87996549
2930 268 1.70121824 2.19598964
2940 268 1.90682998 2.51060022
2950 268 1.94605754 2.78272188
2960 268 1.87510449 3.02536083
2970 268 1.81564286 3.30937547
2980 268 1.77946770 3.68959167
2990 268 1.74470612 4.06985031
3000 268 1.55709545 4.40448927
3010 268 1.33234330 4.72740175
3020 268 1.08757581 5.01009749
3030 268 0.76484615 5.13269670
3040 268 0.44215893 5.25388232
2980 437 1.59958110 -1.13408346
2990 437 1.50145342 -0.64607634
3000 437 1.40259773 -0.15738364
3010 437 1.20665903 0.26614089
3020 437 0.98574280 0.67335216
3030 437 0.76414100 1.07983542
3040 437 0.53524605 1.44648390
3050 437 0.30218873 1.78683266
3060 437 0.06771783 2.12713899
3070 437 -0.20043080 2.43460007
3080 437 -0.48374681 2.72887212
3090 437 -0.76637726 3.02387217
3100 437 -1.03025577 3.28335652
3110 437 -1.28069062 3.51919203
3120 437 -1.53112547 3.75502754
3130 437 -1.77290910 3.98546338
3140 437 -1.98090074 4.19781327
3150 437 -2.18957795 4.40943516
3160 437 -2.39752714 4.62037148
3170 437 -2.58037148 4.84338033
