200 151 0.00000000 0.00000000
210 151 -0.00000000 0.21323461
220 151 0.00017352 0.42745406
230 151 -0.00081131 0.64086219
240 151 0.02213055 0.84599305
250 151 0.05063437 1.04811314
260 151 0.07913818 1.25023324
270 151 0.12015873 1.43694777
280 151 0.17937519 1.60014829
290 151 0.23859166 1.76334881
300 151 0.30023737 1.94033696
310 151 0.37090601 2.16853631
320 151 0.44273300 2.39754697
330 151 0.51931063 2.62470522
340 151 0.64177198 2.83565596
350 151 0.76521817 3.04643319
360 151 0.88767953 3.25738393
370 151 0.99966416 3.43768768
380 151 1.10724988 3.60455083
390 151 1.21483561 3.77141399
30 123 -0.38821090 0.11916921
40 123 -0.31014196 0.40089645
50 123 -0.23288433 0.68378205
60 123 -0.18365217 0.92286612
70 123 -0.16424163 1.11948054
80 123 -0.14465757 1.31707980
90 123 -0.12414495 1.50842303
100 123 -0.09980556 1.68690718
110 123 -0.07529265 1.86637617
120 123 -0.04996844 2.04468681
130 123 0.00686099 2.25197023
140 123 0.07313072 2.46672899
150 123 0.13824210 2.68067643
160 123 0.21946249 2.87655457
170 123 0.33678397 3.02951755
180 123 0.45509028 3.18230700
190 123 0.57397342 3.34413345
200 123 0.70969248 3.58422580
210 123 0.84442670 3.82449167
220 123 0.97916092 4.06475754
30 125 0.21742249 0.15055717
40 125 0.24494147 0.35285078
50 125 0.27130211 0.55433308
60 125 0.26969824 0.70083369
70 125 0.24012987 0.79235260
80 125 0.21073502 0.88485635
90 125 0.18116665 0.97637526
100 125 0.15963637 1.11927889
110 125 0.14018831 1.27400049
120 125 0.12074025 1.42872208
130 125 0.13870637 1.61137536
140 125 0.17288938 1.80538701
150 125 0.20707239 1.99939867
160 125 0.28666078 2.23211886
170 125 0.39706030 2.48987251
180 125 0.50664852 2.74878451
190 125 0.62296640 2.97097170
200 125 0.74433038 3.16993096
210 125 0.86453600 3.36807890
220 125 0.99151820 3.57010989
120 131 -0.17041792 0.18538266
130 131 -0.06352627 0.34830649
140 131 0.04452373 0.51204164
150 131 0.15361484 0.68168577
160 131 0.28476146 0.90735269
170 131 0.41509678 1.13417797
180 131 0.47134937 1.33242440
190 131 0.49510724 1.51913423
200 131 0.51984994 1.70567056
210 131 0.54905720 1.87720462
220 131 0.57890226 2.04659551
230 131 0.60874732 2.21598639
240 131 0.54369691 2.41732800
250 131 0.41619416 2.63881174
260 131 0.28753306 2.85948417
270 131 0.16621598 3.12760200
280 131 0.04738443 3.41558995
290 131 0.02169441 3.73082958
300 131 0.03539294 4.05639117
310 131 0.04909147 4.38195276
140 135 0.00870872 -0.07159719
150 135 0.10436392 0.08518317
160 135 0.20001912 0.24196353
170 135 0.29567432 0.39874390
180 135 0.35888639 0.56733285
190 135 0.37065277 0.75514007
200 135 0.38224564 0.94196246
210 135 0.39499685 1.12959616
220 135 0.40068073 1.31745966
230 135 0.40520626 1.50451184
240 135 0.40990531 1.69254886
250 135 0.36832200 1.87147853
260 135 0.28062986 2.04228570
270 135 0.19293772 2.21309287
280 135 0.11433416 2.40666838
290 135 0.06681373 2.69021522
300 135 0.02010462 2.97260371
310 135 -0.02741581 3.25615055
320 135 -0.03700619 3.58784623
330 135 -0.03078768 3.94011080
190 147 0.30790498 -0.05628073
200 147 0.33095940 0.16101514
210 147 0.35384030 0.37732617
220 147 0.37573637 0.59381073
230 147 0.45110406 0.79681248
240 147 0.54761747 0.99304235
250 147 0.64430440 1.19025705
260 147 0.72772426 1.39285549
270 147 0.75268737 1.62098449
280 147 0.77962015 1.84876646
290 147 0.80556809 2.07672195
300 147 0.86696525 2.31569347
310 147 0.93710865 2.55820100
320 147 1.00841040 2.80151985
330 147 1.08005918 3.04680836
340 147 1.15153444 3.29111204
350 147 1.22318322 3.53640054
360 147 1.27090999 3.77270364
370 147 1.31238075 4.00807819
380 147 1.35367798 4.24246790
200 139 -0.95748527 0.16159196
210 139 -0.94926897 0.40993345
220 139 -0.93989431 0.65908624
230 139 -0.93069318 0.90725421
240 139 -0.90984760 1.15235513
250 139 -0.86229434 1.38767340
260 139 -0.81555240 1.62415002
270 139 -0.76799914 1.85946829
280 139 -0.71609856 2.08488197
290 139 -0.62582241 2.21113258
300 139 -0.53537275 2.33836803
310 139 -0.44411176 2.46444512
320 139 -0.35823921 2.59451781
330 139 -0.28998106 2.73987883
340 139 -0.22172292 2.88523984
350 139 -0.15265345 3.02944251
360 139 -0.04729063 3.06266413
370 139 0.06734835 3.06785091
380 139 0.18198734 3.07303768
390 139 0.33676052 3.11583092
240 143 0.16676936 -0.18880143
250 143 0.08442813 0.11611154
260 143 0.00226042 0.42200935
270 143 -0.08703090 0.72205445
280 143 -0.24200105 0.97782437
290 143 -0.39795603 1.23376781
300 143 -0.55258384 1.50877006
310 143 -0.70613302 1.86481451
320 143 -0.85985571 2.21987413
330 143 -0.99521835 2.58692992
340 143 -1.09999965 2.97195184
350 143 -1.20478095 3.35697376
360 143 -1.24741944 3.79501710
370 143 -1.24714274 4.26916151
380 143 -1.24686605 4.74330592
390 143 -1.19815445 5.19267011
400 143 -1.07661696 5.60584881
410 143 -0.95606430 6.01920103
420 143 -0.83852709 6.44425398
430 143 -0.73003157 6.88714643
290 173 0.23810393 -0.06632132
300 173 0.20420700 0.17928609
310 173 0.17031006 0.42489350
320 173 0.16566260 0.68667088
330 173 0.20810411 0.97365994
340 173 0.25071915 1.26163383
350 173 0.33898812 1.52633288
360 173 0.47244675 1.77088511
370 173 0.60752801 2.01312064
380 173 0.74909977 2.24608939
390 173 0.89165637 2.47888461
400 173 1.03660938 2.63307159
410 173 1.18354144 2.75238618
420 173 1.32937611 2.85970928
430 173 1.46937214 2.92236796
440 173 1.60936818 2.98502664
450 173 1.74820586 3.04687401
460 173 1.96449814 3.09304382
470 173 2.17963207 3.13840231
480 173 2.38428459 3.17037648
310 486 0.50600134 0.01340308
320 486 0.45175124 0.12044011
330 486 0.39750113 0.22747714
340 486 0.34400138 0.34453600
350 486 0.30339352 0.55781751
360 486 0.26278567 0.77109902
370 486 0.24841183 1.01225124
380 486 0.29154272 1.32044229
390 486 0.33565845 1.62845983
400 486 0.46915929 1.93088259
410 486 0.60364496 2.23313183
420 486 0.69087752 2.47465922
430 486 0.77295613 2.70998687
440 486 0.88689635 2.94173161
450 486 1.03420358 3.17267442
460 486 1.18151081 3.40361722
470 486 1.28605294 3.68575716
480 486 1.39076858 3.96888193
490 486 1.53793043 4.09526385
500 486 1.69460293 4.18341558
340 488 0.35256940 -0.06211937
350 488 0.30044841 0.09734348
360 488 0.24734258 0.25697986
370 488 0.23611082 0.44680832
380 488 0.32270089 0.70774157
390 488 0.40929096 0.96867482
400 488 0.46500893 1.21575478
410 488 0.51742538 1.46138564
420 488 0.57077038 1.70076047
430 488 0.62661028 1.92548009
440 488 0.68262370 2.15118453
450 488 0.76233402 2.36154438
460 488 0.89662273 2.53588755
470 488 1.03206978 2.71104204
480 488 1.20517958 2.85214484
490 488 1.41809529 2.95983374
500 488 1.63101101 3.06752263
510 488 1.80387225 3.05737419
520 488 1.97557514 3.04641443
530 488 2.14843638 3.03626598
370 490 -0.24449595 -0.07369348
380 490 -0.22047546 0.21247958
390 490 -0.19547014 0.49847911
400 490 -0.17162317 0.78366733
410 490 -0.08574593 1.10971196
420 490 0.01501632 1.44531883
430 490 0.11595209 1.78191052
440 490 0.18840750 2.04330336
450 490 0.25831641 2.29600624
460 490 0.32822532 2.54870911
470 490 0.34849877 2.76751036
480 490 0.36859870 2.98532678
490 490 0.41858589 3.21717001
500 490 0.53512419 3.48094988
510 490 0.65282085 3.74554107
520 490 0.84654643 3.91144285
530 490 1.05145688 4.06014291
540 490 1.28308438 4.16453497
550 490 1.51471188 4.26892702
560 490 1.75556396 4.32193906
