820 738 0.00000000 0.00000000
830 738 0.00000000 0.24459150
840 738 0.00097714 0.48897039
850 738 0.00174168 0.73237215
860 738 -0.08624993 0.95824264
870 738 -0.21184302 1.17591987
880 738 -0.33862584 1.39283256
890 738 -0.45899388 1.60630278
900 738 -0.52485880 1.78335309
910 738 -0.59072373 1.96040340
920 738 -0.65637605 2.13843085
930 738 -0.65150671 2.28781053
940 738 -0.62751977 2.43098394
950 738 -0.60450998 2.57436996
960 738 -0.56971727 2.80013414
970 738 -0.53492457 3.02589833
980 738 -0.50110900 3.25187512
990 738 -0.46652889 3.47666216
1000 738 -0.41265130 3.75251394
1010 738 -0.34546990 4.06129001
690 841 -0.56147087 0.13341838
700 841 -0.57311069 0.14106786
710 841 -0.58475050 0.14871735
720 841 -0.59639032 0.15636684
730 841 -0.60803013 0.16401633
740 841 -0.61966995 0.17166582
750 841 -0.63130977 0.17931531
760 841 -0.64294958 0.18696480
770 841 -0.65458940 0.19461429
780 841 -0.66622921 0.20226378
790 841 -0.67786903 0.20991327
800 841 -0.68972144 0.21658562
810 841 -0.70136126 0.22423511
820 841 -0.71300108 0.23188459
830 841 -0.72464089 0.23953408
840 841 -0.73628071 0.24718357
850 841 -0.74792052 0.25483306
860 841 -0.75956034 0.26248255
870 841 -0.77807284 0.32791410
880 841 -0.79773011 0.40689886
800 159 -0.78400109 1.17555191
810 159 -0.71812390 1.06911321
820 159 -0.65555836 0.97567578
830 159 -0.59299282 0.88223836
840 159 -0.53042727 0.78880093
850 159 -0.46786173 0.69536350
860 159 -0.42084456 0.61042596
870 159 -0.41036177 0.54571807
880 159 -0.40009159 0.48003304
890 159 -0.39079854 0.41456061
900 159 -0.38031576 0.34985272
910 159 -0.37004557 0.28416769
920 159 -0.36249421 0.22009759
930 159 -0.37767053 0.16915960
940 159 -0.39284685 0.11822161
950 159 -0.40802318 0.06728361
960 159 -0.42319950 0.01634562
970 159 -0.43837583 -0.03459237
980 159 -0.46778814 -0.10392430
990 159 -0.50323499 -0.18217722
810 737 0.27261782 -0.32744393
820 737 0.33719897 -0.06824849
830 737 0.40296986 0.19171149
840 737 0.41057846 0.45716226
850 737 0.36240426 0.72963289
860 737 0.31423006 1.00210352
870 737 0.19925468 1.19802612
880 737 0.05665773 1.36106940
890 737 -0.08670375 1.52530242
900 737 -0.21528140 1.68222529
910 737 -0.28820708 1.81271224
920 737 -0.36092015 1.94417634
930 737 -0.43384583 2.07466330
940 737 -0.40135901 2.23338509
950 737 -0.34189251 2.39851757
960 737 -0.28242601 2.56365004
970 737 -0.22410428 2.74233573
980 737 -0.17629803 3.04202318
990 737 -0.12925633 3.34290036
1000 737 -0.08145009 3.64258780
830 739 -0.18442587 -0.21265253
840 739 -0.07631091 -0.03558995
850 739 0.03082691 0.14168522
860 739 0.07882531 0.32466378
870 739 0.03730710 0.51483801
880 739 -0.00421110 0.70501225
890 739 -0.06263914 0.89272523
900 739 -0.15747890 1.07300950
910 739 -0.25308321 1.25448352
920 739 -0.34660649 1.43141117
930 739 -0.42390681 1.57001370
940 739 -0.50099452 1.70959337
950 739 -0.54222245 1.85876863
960 739 -0.54563630 2.01711428
970 739 -0.54905016 2.17545993
980 739 -0.54035403 2.34242813
990 739 -0.42449554 2.58330322
1000 739 -0.30863706 2.82417832
1010 739 -0.19277857 3.06505341
1020 739 -0.08362515 3.35036995
890 842 -0.81815191 0.48707335
900 842 -0.83780918 0.56605811
910 842 -0.85844358 0.64525547
920 842 -0.85053652 0.67219017
930 842 -0.82360181 0.66428311
940 842 -0.79666711 0.65637605
950 842 -0.77092214 0.64770445
960 842 -0.74398744 0.63979739
970 842 -0.71726533 0.63091319
980 842 -0.69130776 0.62321872
990 842 -0.66458566 0.61433452
1000 842 -0.63862809 0.60664006
1010 842 -0.61169338 0.59873300
1020 842 -0.62864410 0.60549121
1030 842 -0.66352266 0.61922022
1040 842 -0.69840122 0.63294923
1050 842 -0.73425693 0.64689085
1060 842 -0.76913549 0.66061986
1070 842 -0.80401405 0.67434887
1080 842 -0.83889262 0.68807789
920 740 -0.67103314 -0.54888662
930 740 -0.50884435 -0.43373544
940 740 -0.34644295 -0.31760712
950 740 -0.18425416 -0.20245593
960 740 -0.02185276 -0.08632761
970 740 0.14054863 0.02980071
980 740 0.28808033 0.14814088
990 740 0.30522729 0.29280249
1000 740 0.32335139 0.43725151
1010 740 0.34071095 0.58289026
1020 740 0.35785790 0.72755187
1030 740 0.31535438 0.87086429
1040 740 0.21103350 1.01227559
1050 740 0.10790236 1.15445142
1060 740 0.00358148 1.29586271
1070 740 -0.09976226 1.43706141
1080 740 -0.20408314 1.57847270
1090 740 -0.30721428 1.72064854
1100 740 -0.41153516 1.86205983
1110 740 -0.55413210 2.02510311
980 743 0.24720810 -0.34545355
990 743 0.28164920 -0.18715696
1000 743 0.31609030 -0.02886037
1010 743 0.32134396 0.13169305
1020 743 0.29762278 0.29548043
1030 743 0.27411419 0.46024495
1040 743 0.25039301 0.62403232
1050 743 0.21222324 0.76844863
1060 743 0.16079463 0.89425840
1070 743 0.10817629 1.01930363
1080 743 0.05577054 1.14532600
1090 743 0.00315219 1.27037123
1100 743 -0.04925355 1.39639360
1110 743 -0.10089476 1.52122623
1120 743 -0.15330051 1.64724860
1130 743 -0.20591885 1.77229383
1140 743 -0.30900911 1.90525021
1150 743 -0.53267183 2.05318258
1160 743 -0.75535741 2.20090236
1170 743 -0.87832980 2.34125474
1000 746 -0.14461664 0.03146471
1010 746 -0.12912550 0.18262695
1020 746 -0.11363437 0.33378920
1030 746 -0.09716609 0.48473885
1040 746 -0.08210016 0.63394682
1050 746 -0.06678074 0.77491247
1060 746 -0.05243845 0.91609072
1070 746 -0.06380434 1.03318392
1080 746 -0.10130360 1.12423778
1090 746 -0.13999260 1.21452710
1100 746 -0.17749186 1.30558096
1110 746 -0.21477852 1.39761196
1120 746 -0.25346752 1.48790128
1130 746 -0.46718713 1.64390425
1140 746 -0.70100148 1.80632609
1150 746 -0.90231265 1.97702703
1160 746 -1.07035610 2.15481735
1170 746 -1.23958929 2.33184313
1180 746 -1.29274732 2.52966685
1190 746 -1.33311667 2.72982508
