2770 614 0.00000000 0.00000000
2780 614 -0.00000000 0.01969772
2790 614 -0.00040614 0.04030924
2800 614 0.00010153 0.06132691
2810 614 -0.00030460 0.08193844
2820 614 0.09676249 0.15900321
2830 614 0.33963329 0.32166167
2840 614 0.55823732 0.48228943
2850 614 0.75430067 0.63946501
2860 614 0.95036401 0.79664060
2870 614 1.09129406 1.04093289
2880 614 1.22633510 1.29355101
2890 614 1.36716361 1.54545840
2900 614 1.53317271 1.78995375
2910 614 1.69918181 2.03444911
2920 614 1.89788505 2.25955136
2930 614 2.11831670 2.47023569
2940 614 2.33966217 2.68132615
2950 614 2.55054957 2.91840948
2960 614 2.75636023 3.17183989
2580 620 -1.78010490 -0.35780799
2590 620 -1.37944930 -0.17098429
2600 620 -0.97879370 0.01583940
2610 620 -0.57813811 0.20266309
2620 620 -0.23688026 0.30399464
2630 620 0.10437759 0.40532619
2640 620 0.44604157 0.50574392
2650 620 0.83796519 0.62849928
2660 620 1.23577782 0.75277765
2670 620 1.63267663 0.87664988
2680 620 1.96317181 0.95787757
2690 620 2.28584882 1.03453621
2700 620 2.60893197 1.11028103
2710 620 2.83880634 1.21354174
2720 620 3.04441394 1.32462061
2730 620 3.25083382 1.43387185
2740 620 3.33967661 1.56637453
2750 620 3.42943321 1.69928334
2760 620 3.51918981 1.83219215
2770 620 3.62133363 2.03079386
2610 622 -1.09281708 -1.54718449
2620 622 -0.84182351 -1.50129084
2630 622 -0.59123607 -1.45448338
2640 622 -0.39578194 -1.35995465
2650 622 -0.22398536 -1.24420519
2660 622 -0.05218879 -1.12845573
2670 622 0.08417220 -0.97483385
2680 622 0.16611063 -0.76770324
2690 622 0.24896288 -0.56016648
2700 622 0.34684225 -0.38644075
2710 622 0.45842879 -0.24601838
2720 622 0.57133529 -0.10610367
2730 622 0.81562757 0.03858315
2740 622 1.14825498 0.18641756
2750 622 1.51621643 0.32369236
2760 622 1.93860043 0.44685385
2770 622 2.36139058 0.56910153
2780 622 2.79311577 0.68109421
2790 622 3.23164377 0.78516719
2800 622 3.66885183 0.88974784
2660 629 -1.75746268 -0.25363347
2670 629 -1.42920126 0.04437063
2680 629 -1.10093985 0.34237473
2690 629 -0.77156155 0.62555477
2700 629 -0.44106637 0.90375962
2710 629 -0.11016506 1.18105066
2720 629 0.20936438 1.46423070
2730 629 0.50340863 1.75797035
2740 629 0.79745288 2.05171000
2750 629 1.09586312 2.34301281
2760 629 1.43549641 2.61543019
2770 629 1.77472356 2.88876137
2780 629 2.11547374 3.16605241
2790 629 2.47389093 3.48730794
2800 629 2.83139432 3.80815733
2810 629 3.19519285 4.12961592
2820 629 3.58143053 4.45229293
2830 629 3.96898816 4.77446227
2840 629 4.35654579 5.09663161
2850 629 4.73506684 5.42682218
2660 630 -2.02297570 -0.04772127
2670 630 -1.72862685 0.21332423
2680 630 -1.43377032 0.47568968
2690 630 -1.13850765 0.73714132
2700 630 -0.83370074 1.03128710
2710 630 -0.52798001 1.32583902
2720 630 -0.21637027 1.62191396
2730 630 0.12265382 1.93017306
2740 630 0.46299785 2.23792448
2750 630 0.80212347 2.53856848
2760 630 1.14175676 2.81098586
2770 630 1.48047624 3.08299710
2780 630 1.82061721 3.36658328
2790 630 2.16116431 3.68865108
2800 630 2.50262523 4.01112503
2810 630 2.86388539 4.32598387
2820 630 3.27306990 4.62165267
2830 630 3.68316821 4.91772762
2840 630 4.02899512 5.22791587
2850 630 4.37482202 5.53810412
2710 634 -2.06176192 0.65510135
2720 634 -1.69461275 0.79420377
2730 634 -1.33822625 0.93290006
2740 634 -1.00651265 1.07047946
2750 634 -0.67571287 1.20765273
2760 634 -0.34278087 1.35233956
2770 634 -0.01015346 1.50017396
2780 634 0.32338775 1.64841450
2790 634 0.62240720 1.76599159
2800 634 0.89858136 1.86356635
2810 634 1.17475551 1.96114112
2820 634 1.41254958 2.08105350
2830 634 1.61104976 2.22289736
2840 634 1.81005761 2.36606117
2850 634 1.97667591 2.59441252
2860 634 2.12227655 2.88236469
2870 634 2.26736952 3.16899692
2880 634 2.51572319 3.50152279
2890 634 2.77463647 3.83983613
2900 634 3.02837147 4.18241392
2710 635 -2.33864682 1.06387971
2720 635 -1.91514594 1.24115915
2730 635 -1.49123891 1.41752478
2740 635 -1.12906494 1.58505690
2750 635 -0.77450605 1.75248748
2760 635 -0.41954104 1.91900425
2770 635 -0.16671984 2.00510561
2780 635 0.08701517 2.09161310
2790 635 0.33983636 2.17771445
2800 635 0.53569664 2.33042252
2810 635 0.73104924 2.48181063
2820 635 0.91127318 2.64507829
2830 635 1.03118557 2.85048282
2840 635 1.15109795 3.05588735
2850 635 1.28715433 3.29144766
2860 635 1.42717057 3.53533381
2870 635 1.56414077 3.78114912
2880 635 1.68902835 4.03691482
2890 635 1.81442360 4.29400047
2900 635 1.97332527 4.52001652
2710 637 -2.46759579 0.84679870
2720 637 -2.08257652 0.96539113
2730 637 -1.69755725 1.08398357
2740 637 -1.35812703 1.19435169
2750 637 -1.04763417 1.29842468
2760 637 -0.73714132 1.40249766
2770 637 -0.41283975 1.53459419
2780 637 -0.07472948 1.69471428
2790 637 0.26338080 1.85483437
2800 637 0.57935652 2.02043733
2810 637 0.88863096 2.18634490
2820 637 1.18572125 2.35996909
2830 637 1.36482832 2.58730510
2840 637 1.54434152 2.81372729
2850 637 1.67491503 3.08624620
2860 637 1.80152870 3.37013699
2870 637 2.01069001 3.66773495
2880 637 2.21934365 3.96401296
2890 637 2.42109293 4.26597691
2900 637 2.62152226 4.56844854
2740 610 -0.61560438 -0.11930317
2750 610 -0.59286063 -0.09168576
2760 610 -0.57011687 -0.06406834
2770 610 -0.48513240 0.00324911
2780 610 -0.33882102 0.10986046
2790 610 -0.19159582 0.21687794
2800 610 -0.04487830 0.32257548
2810 610 0.08488294 0.44918914
2820 610 0.20702908 0.58555013
2830 610 0.32958137 0.72099731
2840 610 0.45396127 0.88680334
2850 610 0.57874731 1.06154442
2860 610 0.70393950 1.23537168
2870 610 0.84121430 1.43864398
2880 610 0.99189167 1.67085365
2890 610 1.14165523 1.90265718
2900 610 1.29344948 2.13974051
2910 610 1.44686829 2.38301745
2920 610 1.59977942 2.62497444
2930 610 1.77441896 2.85251352
2740 646 -1.90793698 -0.30409618
2750 646 -1.70446161 -0.11189115
2760 646 -1.49966629 0.07980621
2770 646 -1.29487096 0.27150356
2780 646 -1.00011597 0.45284439
2790 646 -0.66759010 0.62799160
2800 646 -0.33455656 0.80445877
2810 646 0.08711670 0.95137936
2820 646 0.51802961 1.09474624
2830 646 0.92934634 1.20095144
2840 646 1.26055226 1.15993146
2850 646 1.59175818 1.11891147
2860 646 1.94641860 1.10144752
2870 646 2.31042020 1.09251247
2880 646 2.66325299 1.14317825
2890 646 2.99811416 1.28106226
2900 646 3.33256918 1.41986008
2910 646 3.57188627 1.65206975
2920 646 3.80044070 1.89372213
2930 646 4.06077545 2.15497070
2750 647 -2.18289272 0.26530995
2760 647 -2.00307491 0.45903800
2770 647 -1.82325711 0.65276605
2780 647 -1.64293163 0.84781405
2790 647 -1.46859669 1.02925641
2800 647 -1.30015076 1.19932689
2810 647 -1.13079102 1.36980351
2820 647 -0.94660723 1.53154816
2830 647 -0.69632440 1.66029405
2840 647 -0.44695538 1.78863380
2850 647 -0.19728176 1.92367484
2860 647 0.04782280 2.08623177
2870 647 0.29252123 2.24970250
2880 647 0.53102604 2.42464664
2890 647 0.75460527 2.62578672
2900 647 0.97777836 2.82784060
2910 647 1.18308135 3.05040448
2920 647 1.37234188 3.29429063
2930 647 1.56028245 3.53868445
2940 647 1.71959027 3.78348442
