1720 861 0.00000000 0.00000000
1730 861 0.00000000 0.22132555
1740 861 -0.00265672 0.45213487
1750 861 -0.01528518 0.70461363
1760 861 -0.02805822 0.95610289
1770 861 -0.04068667 1.20858165
1780 861 -0.05098372 1.39401889
1790 861 -0.06031387 1.57224052
1800 861 -0.06978860 1.74947265
1810 861 -0.07926333 1.92670478
1820 861 -0.06406852 2.07910924
1830 861 -0.04267017 2.22555415
1840 861 -0.02141642 2.37100956
1850 861 -0.03246349 2.45448388
1860 861 -0.05275035 2.52313840
1870 861 -0.07204771 2.59164834
1880 861 -0.09148966 2.65916879
1890 861 -0.11177652 2.72782331
1900 861 -0.13107389 2.79633325
1910 861 -0.13612979 2.85164543
1600 329 -0.99178336 0.35714810
1610 329 -0.99784231 0.36409714
1620 329 -1.00404584 0.37005668
1630 329 -1.01024937 0.37601623
1640 329 -1.01645290 0.38197578
1650 329 -1.02265643 0.38793533
1660 329 -1.02885997 0.39389487
1670 329 -1.03407400 0.39970984
1680 329 -1.04013295 0.40665887
1690 329 -1.04633648 0.41261842
1700 329 -1.05254002 0.41857797
1710 329 -1.05874355 0.42453752
1720 329 -1.06494708 0.43049706
1730 329 -1.07115061 0.43645661
1740 329 -1.07720956 0.44340565
1750 329 -1.08341309 0.44936520
1760 329 -1.08961662 0.45532474
1770 329 -1.09582015 0.46128429
1780 329 -1.10202368 0.46724384
1790 329 -1.10709314 0.47404829
1600 359 0.80101912 2.70157239
1610 359 0.47966897 2.77783561
1620 359 0.21164298 2.90088060
1630 359 0.02488190 3.09593264
1640 359 -0.16202377 3.28999518
1650 359 -0.24194676 3.37241675
1660 359 -0.24984011 3.38064445
1670 359 -0.25787804 3.38788266
1680 359 -0.26577139 3.39611036
1690 359 -0.27366474 3.40433806
1700 359 -0.28170267 3.41157626
1710 359 -0.28860653 3.41965938
1720 359 -0.29748937 3.42803166
1730 359 -0.30453781 3.43512528
1740 359 -0.31243116 3.44335298
1750 359 -0.32046910 3.45059119
1760 359 -0.32836245 3.45881889
1770 359 -0.33640038 3.46605709
1780 359 -0.34429373 3.47428479
1790 359 -0.35233166 3.48152300
1800 330 -1.11329667 0.48000784
1810 330 -1.11950020 0.48596739
1820 330 -1.12570373 0.49192693
1830 330 -1.13190726 0.49788648
1840 330 -1.13811079 0.50384603
1850 330 -1.14431433 0.50980557
1860 330 -1.15037327 0.51675461
1870 330 -1.15657681 0.52271416
1880 330 -1.16143842 0.68310233
1890 330 -1.16540543 0.94644291
1900 330 -1.06010805 1.14834007
1910 330 -0.94252561 1.34439967
1920 330 -0.95158014 1.47609256
1930 330 -0.95950060 1.60863035
1940 330 -0.96238775 1.67878492
1950 330 -0.95765264 1.65585942
1960 330 -0.95178346 1.63377882
1970 330 -0.94605886 1.61070873
1980 330 -0.94033426 1.58763865
1990 330 -0.93460966 1.56456856
1800 360 -0.36022501 3.48975070
1810 360 -0.36811836 3.49797840
1820 360 -0.37615630 3.50521660
1830 360 -0.38404965 3.51344430
1840 360 -0.39208758 3.52068251
1850 360 -0.39998093 3.52891021
1860 360 -0.40801886 3.53614841
1870 360 -0.41591221 3.54437611
1880 360 -0.42380556 3.55260381
1890 360 -0.43184350 3.55984202
1900 360 -0.43973685 3.56806972
1910 360 -0.44678529 3.57516334
1920 360 -0.45566813 3.58353562
1930 360 -0.46257199 3.59161874
1940 360 -0.47060992 3.59885694
1950 360 -0.47850327 3.60708464
1960 360 -0.48654120 3.61432285
1970 360 -0.50502980 3.62611995
1980 360 -0.52945536 3.63878455
1990 360 -0.55373633 3.65243865
1870 866 -1.00704143 -1.49712944
1880 866 -0.91317066 -1.24202107
1890 866 -0.82072313 -0.98973660
1900 866 -0.74250803 -0.76569108
1910 866 -0.66429293 -0.54164555
1920 866 -0.58593325 -0.31661053
1930 866 -0.49489993 -0.10858665
1940 866 -0.38513402 0.07547705
1950 866 -0.27522353 0.26053024
1960 866 -0.16545762 0.44459394
1970 866 -0.09631513 0.66188020
1980 866 -0.03183094 0.88186835
1990 866 0.03279784 1.10284600
2000 866 0.08909952 1.32908287
2010 866 0.11281571 1.58130409
2020 866 0.13554242 1.83366989
2030 866 0.15812453 2.08504619
2040 866 0.20915796 2.34439266
2050 866 0.27264362 2.60596210
2060 866 0.33627387 2.86852103
1880 566 0.26759224 -0.34733902
1890 566 0.28238041 -0.32221314
1900 566 0.29815807 -0.29723184
1910 566 0.31294624 -0.27210595
1920 566 0.43205133 -0.08637502
1930 566 0.59677700 0.16949692
1940 566 0.78017201 0.47014002
1950 566 0.96812590 0.78123379
1960 566 1.06821376 1.07889034
1970 566 1.11072128 1.36980117
1980 566 1.15308421 1.65972251
1990 566 1.18778423 1.89720073
2000 566 1.22060466 2.12181556
2010 566 1.24343980 2.31959209
2020 566 1.23976648 2.45353053
2030 566 1.23693806 2.58633490
2040 566 1.23194090 2.70429688
2050 566 1.20911480 2.68640920
2060 566 1.18628869 2.66852153
2070 566 1.16247310 2.65077843
