590 507 0.00000000 0.00000000
600 507 -0.00000000 0.38921973
610 507 -0.00141308 0.77838294
620 507 0.00265660 1.17201149
630 507 0.04324036 1.60814560
640 507 0.08382412 2.04427971
650 507 0.11191622 2.45656096
660 507 0.12762971 2.84216320
670 507 0.14650850 3.14863276
680 507 0.18867492 3.38597427
690 507 0.41465524 3.73398849
700 507 0.66381013 4.10415985
710 507 0.94761383 4.51039311
720 507 1.24950500 4.95981020
730 507 1.56371825 5.43731940
740 507 1.87651843 5.91477207
750 507 2.21644981 6.40392507
760 507 2.56259875 6.89686513
770 507 2.89263854 7.38562247
780 507 3.20023857 7.86923618
410 492 0.71112016 -0.31619157
420 492 0.84683271 0.09473312
430 492 0.98322353 0.50639262
440 492 1.07970888 0.83648894
450 492 1.17545942 1.16726353
460 492 1.29172793 1.49815118
470 492 1.48582909 1.82932144
480 492 1.67993024 2.16049170
490 492 1.87335312 2.49092715
500 492 2.11346428 2.85719841
510 492 2.35363196 3.22205658
520 492 2.60216509 3.62546367
530 492 2.85075475 4.02745768
540 492 3.09793132 4.42939516
550 492 3.33216405 4.81878447
560 492 3.56713158 5.20749549
570 492 3.78333337 5.60536329
580 492 3.98150420 6.01170960
590 492 4.18040984 6.41737762
600 492 4.37858068 6.82372393
410 493 0.43342099 -0.13198200
420 493 0.53504995 0.17567455
430 493 0.63673545 0.48191801
440 493 0.72366835 0.85621558
450 493 0.81133605 1.22983487
460 493 0.91030842 1.60390635
470 493 1.11339679 1.97577342
480 493 1.31642863 2.34905357
490 493 1.55597456 2.72945566
500 493 1.80535554 3.11166649
510 493 2.04467537 3.49772092
520 493 2.27608193 3.88699718
530 493 2.50816677 4.27700823
540 493 2.76659149 4.68081099
550 493 3.03049898 5.08907909
560 493 3.29514126 5.49666891
570 493 3.45657193 5.91923741
580 493 3.60731968 6.34350161
590 493 3.75806743 6.76776582
600 493 3.92141989 7.19536490
560 506 -0.09512878 0.32597011
570 506 -0.03363139 0.61079123
580 506 0.02696163 0.93591350
590 506 0.08795032 1.32191140
600 506 0.15170865 1.72712723
610 506 0.22219326 2.21187142
620 506 0.29267786 2.69661560
630 506 0.36909742 3.20990406
640 506 0.44721268 3.73387544
650 506 0.49418358 4.25801639
660 506 0.46761761 4.78063121
670 506 0.44178644 5.30256775
680 506 0.37469323 5.88300595
690 506 0.30686522 6.46412243
700 506 0.47095248 6.99719406
710 506 0.66137962 7.52636559
720 506 0.98763235 8.02134049
730 506 1.44959763 8.48494495
740 506 1.89443633 8.95211037
750 506 2.32921387 9.42311937
