400 64 0.00000000 0.00000000
410 64 0.00000000 0.00781025
420 64 0.00140841 0.01574854
430 64 0.00217663 0.02291860
440 64 0.00358503 0.03085689
450 64 0.00499344 0.03879517
460 64 0.00576166 0.04596524
470 64 0.00640184 0.05454371
480 64 0.00717007 0.06171378
490 64 0.01190743 0.10332576
500 64 0.03252137 0.28270543
510 64 0.05236708 0.46272528
520 64 0.07221280 0.64274514
530 64 0.08015109 0.89907497
540 64 0.06990814 1.26948566
550 64 0.05889696 1.64053654
560 64 0.04852598 2.01235564
570 64 0.07605391 2.42028114
580 64 0.11254442 2.83896174
590 64 0.14903493 3.25764234
390 148 -0.94094303 1.82158069
400 148 -0.70279443 1.77932852
410 148 -0.46451780 1.73566794
420 148 -0.34083417 1.63259826
430 148 -0.21638233 1.52888838
440 148 -0.09269870 1.42581869
450 148 0.06273807 1.31711538
460 148 0.21804681 1.20982048
470 148 0.37297143 1.09894054
480 148 0.52059795 0.96680648
490 148 0.66822448 0.83467242
500 148 0.81585100 0.70253836
510 148 1.05374352 0.56156976
520 148 1.33030318 0.41701612
530 148 1.60686284 0.27246248
540 148 1.89136079 0.08744919
550 148 2.17893162 -0.10793509
560 148 2.46650246 -0.30331937
570 148 2.68826233 -0.40741335
580 148 2.91015024 -0.51291574
400 61 0.21958325 -0.34569958
410 61 0.22624117 -0.34083417
420 61 0.23353927 -0.33520055
430 61 0.24019719 -0.33033515
440 61 0.24685510 -0.32546975
450 61 0.25415321 -0.31983613
460 61 0.26081112 -0.31497072
470 61 0.26810923 -0.30933710
480 61 0.28283347 -0.20575527
490 61 0.30549600 -0.00204859
500 61 0.32751834 0.20088986
510 61 0.33225570 0.46118884
520 61 0.32918282 0.74491857
530 61 0.32610993 1.02864829
540 61 0.34813228 1.34874049
550 61 0.39601807 1.70455498
560 61 0.44390386 2.06036947
570 61 0.49230180 2.41836059
580 61 0.54351656 2.78441803
590 61 0.59537149 3.15124369
400 104 0.57334915 -0.05864089
410 104 0.57539774 -0.04993438
420 104 0.57885473 -0.04109984
430 104 0.58090332 -0.03239333
440 104 0.58295191 -0.02368682
450 104 0.58564069 -0.01421209
460 104 0.58845750 -0.00614577
470 104 0.59114627 0.00332896
480 104 0.59319486 0.01203547
490 104 0.62507605 0.13776768
500 104 0.67001699 0.31509876
510 104 0.71367757 0.49089340
520 104 0.76271569 0.73249899
530 104 0.81495474 1.04042769
540 104 0.86732182 1.34694798
550 104 0.92160946 1.67139343
560 104 0.97781765 2.02157430
570 104 1.03402584 2.37175516
580 104 1.08946581 2.72257621
590 104 1.17960377 3.08223181
400 107 0.66451141 -0.45222626
410 107 0.66848055 -0.44121509
420 107 0.67244969 -0.43020392
430 107 0.67577865 -0.41996097
440 107 0.67974780 -0.40894979
450 107 0.68307675 -0.39870684
460 107 0.68704590 -0.38769567
470 107 0.69037486 -0.37745272
480 107 0.69434400 -0.36644155
490 107 0.69831314 -0.35543038
500 107 0.73173077 -0.23878878
510 107 0.77884834 -0.07759035
520 107 0.82455751 0.08348005
530 107 0.83185561 0.33904166
540 107 0.81380241 0.65478060
550 107 0.79562117 0.97192796
560 107 0.78896325 1.31071354
570 107 0.81047345 1.69892136
580 107 0.83262383 2.08789740
590 107 0.94068696 2.44563244
430 832 -0.57642203 -1.14157682
440 832 -0.51816525 -0.97794569
450 832 -0.46003651 -0.81290615
460 832 -0.40113954 -0.64850680
470 832 -0.42482637 -0.46605424
480 832 -0.48487566 -0.27412696
490 832 -0.54415674 -0.08283986
500 832 -0.59319486 0.12073878
510 832 -0.60036493 0.37143499
520 832 -0.60753500 0.62213120
530 832 -0.61393684 0.87218723
540 832 -0.61700972 1.13248620
550 832 -0.61867420 1.39291322
560 832 -0.62033868 1.65334023
570 832 -0.63122182 1.85896746
580 832 -0.64082458 2.05832088
590 832 -0.65183576 2.25754627
600 832 -0.60702285 2.42847550
610 832 -0.54735766 2.59223467
620 832 -0.48705229 2.75676206
480 730 -0.90573289 -0.47924204
490 730 -0.81559493 -0.41637593
500 730 -0.72404856 -0.35338179
510 730 -0.63391059 -0.29051568
520 730 -0.57821455 -0.15338818
530 730 -0.54543711 0.03277744
540 730 -0.51278770 0.22035147
550 730 -0.48090652 0.45542718
560 730 -0.45030571 0.71239720
570 730 -0.41893667 0.96872703
580 730 -0.43366091 1.23222693
590 730 -0.51739703 1.50507352
600 730 -0.60190137 1.77856030
610 730 -0.68166835 2.02336681
620 730 -0.75938673 2.23782859
630 730 -0.83646494 2.45305858
640 730 -0.87743674 2.59133841
650 730 -0.86386483 2.61387290
660 730 -0.85042096 2.63781580
670 730 -0.83697708 2.66175870
