3180 438 0.00000000 0.00000000
3190 438 0.00000000 0.28114943
3200 438 0.03811141 0.51257441
3210 438 0.08640601 0.73094938
3220 438 0.13350196 0.95007485
3230 438 0.19677437 1.15239787
3240 438 0.27599914 1.33889300
3250 438 0.35424934 1.52516406
3260 438 0.45489333 1.68990563
3270 438 0.60623990 1.80371344
3280 438 0.75683597 1.91632260
3290 438 0.90459726 2.04572354
3300 438 1.04802277 2.18951896
3310 438 1.17810662 2.33332505
3320 438 1.27535739 2.47266021
3330 438 1.37238409 2.61296994
3340 438 1.38509619 2.66924962
3350 438 1.37680523 2.70530874
3360 438 1.36851426 2.74136785
3370 438 1.36022330 2.77742697
3080 633 2.02706087 1.34543757
3090 633 1.94552060 1.35644595
3100 633 1.86517898 1.36670384
3110 633 1.78461328 1.37793630
3120 633 1.63783012 1.44063961
3130 633 1.47501635 1.51504844
3140 633 1.31100392 1.59020776
3150 633 1.13521839 1.65855576
3160 633 0.83840825 1.66418977
3170 633 0.54182220 1.66884922
3180 633 0.24996316 1.67972599
3190 633 -0.00003557 1.73614083
3200 633 -0.25100887 1.79233160
3210 633 -0.49095956 1.85413503
3220 633 -0.64280764 1.95671749
3230 633 -0.79487980 2.06027452
3240 633 -0.94672788 2.16285698
3250 633 -1.01606112 2.25465514
3260 633 -1.07520049 2.34674496
3270 633 -1.14056786 2.43022015
3130 886 0.70563189 0.49675008
3140 886 0.71851827 0.39607764
3150 886 0.73065417 0.29420654
3160 886 0.74693377 0.21894051
3170 886 0.77798487 0.24454967
3180 886 0.80903597 0.27015883
3190 886 0.84106165 0.29599207
3200 886 0.87211275 0.32160123
3210 886 0.90338794 0.34623581
3220 886 0.93421496 0.37281954
3230 886 0.96624063 0.39865278
3240 886 0.99751582 0.42328737
3250 886 1.02856692 0.44889652
3260 886 0.96059239 0.45891966
3270 886 0.88309624 0.46572743
3280 886 0.80440143 0.47328569
3290 886 0.72668119 0.48106803
3300 886 0.65990531 0.49034068
3310 886 0.70001921 0.50777269
3320 886 0.73915854 0.52498062
3190 674 1.96901344 1.30336030
3200 674 1.93722963 1.39250506
3210 674 1.90544582 1.48164983
3220 674 1.85889762 1.57253033
3230 674 1.75524100 1.67080191
3240 674 1.65136030 1.77004807
3250 674 1.54770367 1.86831966
3260 674 1.50054370 1.85029366
3270 674 1.45143458 1.83181949
3280 674 1.40352412 1.81259484
3290 674 1.35538957 1.79434476
3300 674 1.30725502 1.77609468
3310 674 1.25912048 1.75784460
3320 674 1.13152996 1.73261246
3330 674 0.88175887 1.69878348
3340 674 0.63273826 1.66615314
3350 674 0.38544272 1.63494554
3360 674 0.13792310 1.60471250
3370 674 -0.07232809 1.59536160
3380 674 -0.24553491 1.60786741
3330 822 -3.17850195 2.10940142
3340 822 -3.03368572 2.21144680
3350 822 -2.77886037 2.19205498
3360 822 -2.52403503 2.17266316
3370 822 -2.26977877 2.09773147
3380 822 -2.01650776 2.00923405
3390 822 -1.75504893 1.94314108
3400 822 -1.47683389 1.92912718
3410 822 -1.20042215 1.90956818
3420 822 -0.93108851 1.84939022
3430 822 -0.66175486 1.78921226
3440 822 -0.33614154 1.71632219
3450 822 -0.00303397 1.64207698
3460 822 0.33562935 1.57937011
3470 822 0.68982890 1.54280948
3480 822 1.04380437 1.50722342
3490 822 1.34233957 1.50301214
3500 822 1.62671504 1.50683217
3510 822 1.91086643 1.51162677
3520 822 2.18218123 1.49192195
3330 887 0.77807379 0.54316312
3340 887 0.81818769 0.56059513
3350 887 0.85732702 0.57780306
3360 887 0.89721684 0.59620965
3370 887 0.93635617 0.61341758
3380 887 0.97647007 0.63084959
3390 887 1.01538532 0.64903209
3400 887 1.05549922 0.66646410
3410 887 1.09463855 0.68367203
3420 887 1.23771193 0.66834211
3430 887 1.42439558 0.63738704
3440 887 1.61085514 0.60740654
3450 887 1.82369570 0.57425691
3460 887 2.04792877 0.54064844
3470 887 2.20068029 0.53677862
3480 887 2.24636062 0.57909064
3490 887 2.29204096 0.62140265
3500 887 2.33794537 0.66274010
3510 887 2.34733184 0.68439407
3520 887 2.32259766 0.68486357
3360 281 -2.20700788 0.26724934
3370 281 -2.04407317 0.53147894
3380 281 -1.88016389 0.79593262
3390 281 -1.75345547 1.03028487
3400 281 -1.66102420 1.23520793
3410 281 -1.56956749 1.43990690
3420 281 -1.47236295 1.61514468
3430 281 -1.37269353 1.77966218
3440 281 -1.27280004 1.94320510
3450 281 -1.13664468 2.08738110
3460 281 -0.94722228 2.20070874
3470 281 -0.76475703 2.33090641
3480 281 -0.59785290 2.49754378
3490 281 -0.47088483 2.68167718
3500 281 -0.40093626 2.89066569
3510 281 -0.33098769 3.09965420
3520 281 -0.26178961 3.30744406
3530 281 -0.19522359 3.50436781
3540 281 -0.12963213 3.70106748
3550 281 -0.06306611 3.89799123
3360 824 -2.39792415 2.22218131
3370 824 -2.13742567 2.36108609
3380 824 -1.89120428 2.36126393
3390 824 -1.65352640 2.26918123
3400 824 -1.35905310 2.15321798
3410 824 -1.02704104 2.02125968
3420 824 -0.71695327 1.93556504
3430 824 -0.42130621 1.88143724
3440 824 -0.12640965 1.82611079
3450 824 0.17932813 1.83073822
3460 824 0.48604047 1.83558973
3470 824 0.79400838 1.81712980
3480 824 1.10427399 1.76636320
3490 824 1.41551418 1.71582068
3500 824 1.71838515 1.69721492
3510 824 2.01923940 1.68738029
3520 824 2.32009365 1.67754566
3530 824 2.60145649 1.66322943
3540 824 2.85260763 1.64196671
3550 824 3.10473335 1.62092808
3370 892 -0.51897314 3.75212218
3380 892 -0.24792154 3.59075604
3390 892 0.02335413 3.42841532
3400 892 0.20750176 3.22551965
3410 892 0.39164939 3.02262399
3420 892 0.56267588 2.90803368
3430 892 0.73169632 2.81555616
3440 892 0.90071676 2.72307865
3450 892 1.06973720 2.63060113
3460 892 1.27353986 2.54304271
3470 892 1.49338380 2.45712043
3480 892 1.71300367 2.37217272
3490 892 1.85916438 2.46837068
3500 892 2.00510101 2.56554320
3510 892 2.12157644 2.65696790
3520 892 2.17253155 2.73435379
3530 892 2.22251209 2.81151561
3540 892 2.27346720 2.88890150
3550 892 2.31772481 2.93293858
3560 892 2.33376966 2.84530547
