2120 571 0.00000000 0.00000000
2130 571 -0.00000000 0.16502424
2140 571 0.00027269 0.32866081
2150 571 0.00054537 0.49229737
2160 571 -0.01219215 0.66346616
2170 571 -0.02825040 0.83686493
2180 571 -0.04430864 1.01026370
2190 571 -0.06092438 1.18283229
2200 571 -0.07615245 1.35567356
2210 571 -0.13974311 1.58026481
2220 571 -0.21521687 1.81765418
2230 571 -0.28986045 2.05448605
2240 571 -0.36533421 2.29187541
2250 571 -0.37395718 2.61446439
2260 571 -0.38174998 2.93649586
2270 571 -0.39037295 3.25908483
2280 571 -0.35273000 3.56626395
2290 571 -0.30428257 3.86980117
2300 571 -0.25639264 4.17250822
2310 571 -0.20628485 4.47493045
2040 516 -0.78322433 0.25252654
2050 516 -0.78681774 0.25614419
2060 516 -0.79124133 0.26031933
2070 516 -0.79427725 0.26476716
2080 516 -0.79787066 0.26838481
2090 516 -0.80173676 0.27339014
2100 516 -0.80533017 0.27700779
2110 516 -0.80836609 0.28145562
2120 516 -0.81278968 0.28563076
2130 516 -0.81638309 0.28924841
2140 516 -0.81941901 0.29369625
2150 516 -0.82384260 0.29787139
2160 516 -0.82687852 0.30231922
2170 516 -0.83047193 0.30593687
2180 516 -0.83433803 0.31094220
2190 516 -0.83793144 0.31455985
2200 516 -0.84152485 0.31817750
2210 516 -0.84539095 0.32318282
2220 516 -0.84898436 0.32680047
2230 516 -0.85257778 0.33041812
2120 574 -0.37179386 -0.12494528
2130 574 -0.35019098 -0.05151970
2140 574 -0.34161648 0.10654192
2150 574 -0.33818668 0.30178597
2160 574 -0.33475688 0.49703001
2170 574 -0.41330292 0.72805062
2180 574 -0.49267913 0.95962872
2190 574 -0.55543961 1.18366247
2200 574 -0.58137519 1.38898988
2210 574 -0.60814096 1.59487478
2220 574 -0.63351905 1.80103237
2230 574 -0.67113171 2.08045193
2240 574 -0.71173180 2.37874144
2250 574 -0.75233190 2.67703095
2260 574 -0.79154432 2.97559315
2270 574 -0.80077327 3.28292982
2280 574 -0.77668589 3.60041651
2290 574 -0.75259852 3.91790320
2300 574 -0.72823847 4.23400221
2310 574 -0.66693232 4.56745019
2240 517 -0.85561369 0.33486596
2250 517 -0.86003729 0.33904110
2260 517 -0.86307320 0.34348893
2270 517 -0.86666661 0.34710658
2280 517 -0.87109021 0.35128173
2290 517 -0.87412612 0.35572956
2300 517 -0.87771954 0.35934721
2310 517 -0.88158564 0.36435253
2320 517 -0.88517905 0.36797018
2330 517 -0.88821496 0.37241801
2340 517 -0.89263856 0.37659316
2350 517 -0.89623197 0.38021081
2360 517 -0.89926789 0.38465864
2370 517 -0.90369148 0.38883378
2380 517 -0.90672740 0.39328162
2390 517 -0.91032081 0.39689927
2400 517 -0.91474440 0.40107441
2410 517 -0.91778032 0.40552224
2420 517 -0.92137373 0.40913989
2430 517 -0.92523983 0.41414522
2240 766 2.27407197 1.00968197
2250 766 2.22921189 1.27830917
2260 766 2.18629699 1.54803924
2270 766 2.11193821 1.78708897
2280 766 2.01781871 2.00568110
2290 766 1.92369920 2.22427323
2300 766 1.76440139 2.36015629
2310 766 1.54048277 2.41416048
2320 766 1.33008944 2.53135538
2330 766 1.14081422 2.74277887
2340 766 0.95153899 2.95420235
2350 766 0.76503912 3.16617121
2360 766 0.59410060 3.38696302
2370 766 0.42177440 3.60748214
2380 766 0.25083588 3.82827394
2390 766 0.04096368 4.10050667
2400 766 -0.20701201 4.42362284
2410 766 -0.45526039 4.74812668
2420 766 -0.70323608 5.07124285
2430 766 -0.98123160 5.37476795
2310 771 2.05449817 0.45849022
2320 771 1.87665157 0.60442029
2330 771 1.69740517 0.74647215
2340 771 1.51871627 0.88935419
2350 771 1.33919719 1.03279372
2360 771 1.10638897 1.16504096
2370 771 0.79143524 1.28258733
2380 771 0.47786919 1.40040638
2390 771 0.16291546 1.51795275
2400 771 -0.15772228 1.59474753
2410 771 -0.48399556 1.64521284
2420 771 -0.80943866 1.69512066
2430 771 -1.13543925 1.74419830
2440 771 -1.49664073 1.63502646
2450 771 -1.85784221 1.52585462
2460 771 -2.21821351 1.41612529
2470 771 -2.52704087 1.29346452
2480 771 -2.83060233 1.16967664
2490 771 -3.13389111 1.04450109
2500 771 -3.43649513 0.87550168
