2820 420 0.00000000 0.00000000
2830 420 -0.00000000 0.24396106
2840 420 -0.04511786 0.50387139
2850 420 -0.10079887 0.76882351
2860 420 -0.15647989 1.03377563
2870 420 -0.21192726 1.32559678
2880 420 -0.26577602 1.71993840
2890 420 -0.31961248 2.11569418
2900 420 -0.39139033 2.48119923
2910 420 -0.48110956 2.81645355
2920 420 -0.57081650 3.15312203
2930 420 -0.65703108 3.48481020
2940 420 -0.73697416 3.80583684
2950 420 -0.81620402 4.12756441
2960 420 -0.89614711 4.44859105
2970 420 -0.99958984 4.75072943
2980 420 -1.10728736 5.05149054
2990 420 -1.21428394 5.35153843
3000 420 -1.17311344 5.61352695
3010 420 -1.06915422 5.85870542
2660 368 0.07641383 2.52592358
2670 368 0.08441921 2.55201791
2680 368 0.09242459 2.57811223
2690 368 0.10113089 2.60349333
2700 368 0.10913627 2.62958766
2710 368 0.11784258 2.65496876
2720 368 0.12513472 2.68036216
2730 368 0.13314010 2.70645649
2740 368 0.14184641 2.73183759
2750 368 0.18170113 2.84251099
2760 368 0.22445795 2.96164475
2770 368 0.26862893 3.08076622
2780 368 0.31138576 3.19989998
2790 368 0.35485581 3.31973468
2800 368 0.37662158 3.38318743
2810 368 0.39622307 3.44170906
2820 368 0.41582455 3.50023070
2830 368 0.43471281 3.55805140
2840 368 0.45431430 3.61657303
2850 368 0.47391579 3.67509467
2670 254 1.11344818 1.43074881
2680 254 1.11801038 1.71144114
2690 254 1.12257258 1.99213348
2700 254 1.10573793 2.33311822
2710 254 1.07923780 2.70105808
2720 254 1.05273767 3.06899795
2730 254 0.95471793 3.34421810
2740 254 0.85741142 3.62013918
2750 254 0.71491327 3.90352456
2760 254 0.46722620 4.20691724
2770 254 0.21882590 4.50960899
2780 254 -0.05349214 4.82665138
2790 254 -0.34127987 5.15372817
2800 254 -0.62836667 5.48009173
2810 254 -0.84157282 5.84541232
2820 254 -1.00437339 6.23363001
2830 254 -1.16787489 6.62256093
2840 254 -1.32314967 6.98172070
2850 254 -1.47642003 7.32742751
2860 254 -1.64163082 7.68243088
2680 216 -0.58629848 2.02325730
2690 216 -0.59051637 2.02612251
2700 216 -0.59332009 2.02897542
2710 216 -0.59612382 2.03182834
2720 216 -0.60034170 2.03469355
2730 216 -0.60314543 2.03754646
2740 216 -0.60594916 2.04039938
2750 216 -0.61016704 2.04326459
2760 216 -0.61297077 2.04611750
2770 216 -0.61648772 2.04826949
2780 216 -0.61929145 2.05112240
2790 216 -0.62350934 2.05398761
2800 216 -0.62631306 2.05684053
2810 216 -0.62981772 2.06040667
2820 216 -0.63333467 2.06255865
2830 216 -0.63613840 2.06541157
2840 216 -0.64035629 2.06827678
2850 216 -0.64316001 2.07112969
2860 216 -0.64596374 2.07398261
2870 216 -0.64948069 2.07613459
2680 350 0.13573478 1.86635931
2690 350 0.15015921 1.89876202
2700 350 0.16388271 1.93187796
2710 350 0.17760621 1.96499390
2720 350 0.20526226 2.05526650
2730 350 0.24174759 2.18506181
2740 350 0.27751970 2.31415618
2750 350 0.31399273 2.44253732
2760 350 0.35960247 2.56447481
2770 350 0.41434891 2.67996865
2780 350 0.46978398 2.79333510
2790 350 0.52381720 2.90812801
2800 350 0.57637476 3.01586242
2810 350 0.60583848 3.07005549
2820 350 0.63458897 3.12354764
2830 350 0.66405269 3.17774071
2840 350 0.69280318 3.23123285
2850 350 0.72226690 3.28542593
2860 350 0.75101739 3.33891807
2870 350 0.78046881 3.39169698
2690 260 1.65443205 1.10854166
2700 260 1.67996071 1.44208669
2710 260 1.72035650 1.77762384
2720 260 1.75366919 2.11180831
2730 260 1.71553606 2.44307839
2740 260 1.67668970 2.77364754
2750 260 1.63137509 3.09225166
2760 260 1.57024648 3.38129369
2770 260 1.50911787 3.67033571
2780 260 1.44869020 3.95866451
2790 260 1.28903767 4.22098506
2800 260 1.12867192 4.48260468
2810 260 0.96830616 4.74422430
2820 260 0.76721260 5.03872621
2830 260 0.56191344 5.33750750
2840 260 0.37327678 5.60078722
2850 260 0.19648217 5.84345709
2860 260 0.03380457 6.08317567
2870 260 -0.10767292 6.32129564
2880 260 -0.24844948 6.55870238
2780 411 0.56952531 -0.86199821
2790 411 0.61546707 -0.70187840
2800 411 0.66212205 -0.54105765
2810 411 0.65250577 -0.34580518
2820 411 0.55636747 -0.09817960
2830 411 0.45952825 0.15015921
2840 411 0.38546315 0.41527119
2850 411 0.31495190 0.68247366
2860 411 0.24799449 0.95176664
2870 411 0.22079343 1.23909937
2880 411 0.19360467 1.52784627
2890 411 0.16078385 1.81947068
2900 411 0.06737551 2.13707874
2910 411 -0.02533191 2.45397357
2920 411 -0.11940430 2.77653734
2930 411 -0.21484166 3.10477005
2940 411 -0.30957809 3.43228953
2950 411 -0.34296457 3.74018292
2960 411 -0.34884255 4.04005865
2970 411 -0.35401961 4.33922114
2780 415 1.05036434 -0.78203053
2790 415 1.02961922 -0.56546729
2800 415 1.00886181 -0.35031820
2810 415 0.97766421 -0.11598572
2820 415 0.94229791 0.12686861
2830 415 0.90691932 0.36830877
2840 415 0.86049797 0.64095884
2850 415 0.79750022 0.95900960
2860 415 0.73449016 1.27564619
2870 415 0.67077917 1.59299601
2880 415 0.59619760 1.88003362
2890 415 0.52087820 2.16354198
2900 415 0.44484558 2.44634940
2910 415 0.36691921 2.75533724
2920 415 0.28632438 3.08273375
2930 415 0.20571725 3.40871609
2940 415 0.12927883 3.72617659
2950 415 0.05836177 4.02803214
2960 415 -0.01114112 4.32987539
2970 415 -0.05726734 4.63646530
