2710 637 0.00000000 0.00000000
2720 637 -0.00000000 0.40286971
2730 637 0.00000000 0.80573941
2740 637 -0.00556011 1.16261906
2750 637 -0.01362227 1.48999041
2760 637 -0.02168443 1.81736177
2770 637 -0.05246361 2.16617926
2780 637 -0.10595982 2.53644289
2790 637 -0.15945602 2.90670652
2800 637 -0.22470789 3.25743033
2810 637 -0.29222351 3.60183945
2820 637 -0.37070050 3.93687581
2830 637 -0.53524005 4.17496768
2840 637 -0.69878672 4.41317869
2850 637 -0.92079398 4.61818790
2860 637 -1.15483491 4.82276024
2870 637 -1.37767619 5.11025766
2880 637 -1.59940544 5.39688134
2890 637 -1.82860113 5.67858036
2900 637 -2.05867055 5.95916735
2520 616 -0.71518904 0.22740851
2530 616 -0.72658727 0.60775977
2540 616 -0.73798550 0.98811103
2550 616 -0.74938372 1.36846229
2560 616 -0.73893866 1.70107603
2570 616 -0.72678585 2.02785165
2580 616 -0.72241719 2.33556404
2590 616 -0.78254581 2.46733866
2600 616 -0.84366731 2.59899413
2610 616 -0.90478881 2.73064960
2620 616 -1.05578551 2.87267070
2630 616 -1.21694928 3.01548610
2640 616 -1.37823220 3.15929438
2650 616 -1.52565455 3.39742597
2660 616 -1.67140887 3.64683663
2670 616 -1.81196052 3.92003662
2680 616 -1.93035115 4.28553444
2690 616 -2.04886093 4.65202514
2700 616 -2.17559173 5.01148627
2710 616 -2.31987659 5.35776200
2520 618 -0.39933506 0.21394510
2530 618 -0.41109073 0.62245435
2540 618 -0.42296553 1.03195647
2550 618 -0.43102769 1.43486589
2560 618 -0.42868450 1.80981590
2570 618 -0.42534844 2.18488506
2580 618 -0.44190962 2.52432979
2590 618 -0.53754352 2.72536749
2600 618 -0.63206540 2.92553146
2610 618 -0.73361684 3.08355774
2620 618 -0.84219785 3.19944632
2630 618 -0.95077886 3.31533491
2640 618 -1.05773155 3.53515784
2650 618 -1.16408852 3.80037510
2660 618 -1.27044549 4.06559236
2670 618 -1.40809793 4.37338418
2680 618 -1.55301824 4.69138278
2690 618 -1.69793854 5.00938137
2700 618 -1.84385172 5.32726082
2710 618 -1.99337897 5.64168506
2580 620 1.35360885 0.30243029
2590 620 1.29300365 0.74032869
2600 620 1.23239845 1.17822709
2610 620 1.17179324 1.61612549
2620 620 1.17540732 1.97209169
2630 620 1.17902139 2.32805790
2640 620 1.18362834 2.68414325
2650 620 1.18168230 3.09483682
2660 620 1.18001427 3.51160680
2670 620 1.17846538 3.92738391
2680 620 1.19812434 4.26714636
2690 620 1.21984848 4.59809207
2700 620 1.24256551 4.92915692
2710 620 1.21154803 5.17924274
2720 620 1.16591541 5.40843843
2730 620 1.12226855 5.63787241
2740 620 1.02178941 5.76178344
2750 620 0.92119113 5.88668735
2760 620 0.82059285 6.01159125
2770 620 0.66085882 6.16767149
2610 580 -0.76777180 1.84063480
2620 580 -0.91451900 1.98920889
2630 580 -1.00641968 2.09199150
2640 580 -1.08374493 2.18242272
2650 580 -1.16107017 2.27285394
2660 580 -1.22632204 2.34660484
2670 580 -1.23859400 2.34815372
2680 580 -1.25086596 2.34970261
2690 580 -1.26313791 2.35125150
2700 580 -1.27552902 2.35379326
2710 580 -1.28780097 2.35534215
2720 580 -1.30106581 2.35677189
2730 580 -1.31345691 2.35931366
2740 580 -1.32572887 2.36086255
2750 580 -1.33800083 2.36241143
2760 580 -1.35039193 2.36495320
2770 580 -1.36266389 2.36650209
2780 580 -1.37592872 2.36793183
2790 580 -1.38831983 2.37047359
2800 580 -1.40059178 2.37202248
2660 629 1.26071529 0.35473504
2670 629 1.07254528 0.75617500
2680 629 0.88437526 1.15761496
2690 629 0.71070124 1.55575858
2700 629 0.54211075 1.95350504
2710 629 0.37451314 2.35137064
2720 629 0.19793993 2.74010178
2730 629 0.00377293 3.10758536
2740 629 -0.19039406 3.47506893
2750 629 -0.38094699 3.84600772
2760 629 -0.54131645 4.25078375
2770 629 -0.70267880 4.65544064
2780 629 -0.86737721 5.06271871
2790 629 -1.06889149 5.49982281
2800 629 -1.27028663 5.93593404
2810 629 -1.47041088 6.37824081
2820 629 -1.66509417 6.84235116
2830 629 -1.85890373 7.30757353
2840 629 -2.05271329 7.77279590
2850 629 -2.25684877 8.23174329
2660 630 0.98576784 0.16160063
2670 630 0.82293604 0.51975117
2680 630 0.65899222 0.87877543
2690 630 0.49604127 1.23791884
2700 630 0.30465433 1.61580777
2710 630 0.11314824 1.99468957
2720 630 -0.07807983 2.37964778
2730 630 -0.27288227 2.79439229
2740 630 -0.46681097 3.21024882
2750 630 -0.65430584 3.62284872
2760 630 -0.81467530 4.02762475
2770 630 -0.97492563 4.43140791
2780 630 -1.14581959 4.83995687
2790 630 -1.35337056 5.26022178
2800 630 -1.56104068 5.68147956
2810 630 -1.75560483 6.11941768
2820 630 -1.91772176 6.59750773
2830 630 -2.07995783 7.07659066
2840 630 -2.27460141 7.49840446
2850 630 -2.46924498 7.92021826
2710 634 0.30266858 0.33142229
2720 634 0.27780694 0.72325120
2730 634 0.25016525 1.10467477
2740 634 0.21632801 1.46218986
2750 634 0.18260991 1.81871208
2760 634 0.14233882 2.17948381
2770 634 0.09896996 2.54089097
2780 634 0.05548196 2.90329102
2790 634 0.03113662 3.22367252
2800 634 0.01918238 3.51633290
2810 634 0.00722814 3.80899327
2820 634 -0.03737188 4.07154962
2830 634 -0.11449856 4.30300907
2840 634 -0.19273725 4.53534225
2850 634 -0.36192347 4.76179760
2860 634 -0.59425665 4.98571119
2870 634 -0.82547780 5.20875104
2880 634 -1.07016237 5.54398598
2890 634 -1.31726956 5.89101629
2900 634 -1.56997657 6.23435310
2710 635 -0.16950393 0.18713743
2720 635 -0.21426282 0.64405935
2730 635 -0.25802883 1.10110041
2740 635 -0.31152504 1.49654340
2750 635 -0.36716585 1.88467881
2760 635 -0.42181380 2.27293337
2770 635 -0.42967738 2.53989810
2780 635 -0.43766011 2.80785570
2790 635 -0.44552369 3.07482042
2800 635 -0.53381030 3.30695503
2810 635 -0.62098489 3.53821590
2820 635 -0.72396608 3.75851541
2830 635 -0.88497098 3.93357946
2840 635 -1.04597589 4.10864350
2850 635 -1.23104813 4.30801317
2860 635 -1.42291165 4.51361811
2870 635 -1.61751552 4.71687985
2880 635 -1.82518563 4.91152343
2890 635 -2.03396778 5.10704074
2900 635 -2.20319370 5.32543393
2740 610 1.46846484 1.48554233
2750 610 1.44876617 1.51540806
2760 610 1.42906749 1.54527380
2770 610 1.38974957 1.64630894
2780 610 1.33093154 1.81752063
2790 610 1.27199438 1.98972518
2800 610 1.21416923 2.16105601
2810 610 1.13136330 2.32233893
2820 610 1.03700029 2.47921347
2830 610 0.94363015 2.63620715
2840 610 0.82178430 2.80388419
2850 610 0.69151886 2.97457958
2860 610 0.56224630 3.14539411
2870 610 0.40839010 3.33642361
2880 610 0.23082401 3.54878011
2890 610 0.05337706 3.76014373
2900 610 -0.12851798 3.97500228
2910 610 -0.31585398 4.19323661
2920 610 -0.50207796 4.41059721
2930 610 -0.66812668 4.64447928
2740 646 1.26464709 0.19607332
2750 646 1.14085520 0.44711230
2760 646 1.01793705 0.69926330
2770 646 0.89501890 0.95141430
2780 646 0.80847975 1.28649038
2790 646 0.73897837 1.65584056
2800 646 0.66836497 2.02606448
2810 646 0.65208179 2.47230304
2820 646 0.64191473 2.92632576
2830 646 0.66149426 3.35068132
2840 646 0.79819355 3.65513708
2850 646 0.93489283 3.95959283
2860 646 1.05598409 4.29339802
2870 646 1.17167410 4.63864116
2880 646 1.22711634 4.99075500
2890 646 1.19391454 5.35136787
2900 646 1.15971986 5.71186159
2910 646 1.00824657 6.00893034
2920 646 0.84458075 6.29849294
2930 646 0.67154218 6.62419626
2750 647 0.63953183 0.10091600
2760 647 0.50732035 0.32979397
2770 647 0.37510887 0.55867194
2780 647 0.24178537 0.78842364
2790 647 0.11970123 1.00844515
2800 647 0.00675156 1.21949105
2810 647 -0.10631725 1.43152983
2820 647 -0.20667724 1.65516540
2830 647 -0.25604308 1.93225747
2840 647 -0.30528977 2.20835666
2850 647 -0.36085116 2.48671961
2860 647 -0.44405424 2.76881578
2870 647 -0.52825019 3.05079280
2880 647 -0.62523440 3.33022806
2890 647 -0.75164748 3.60311033
2900 647 -0.87905344 3.87587346
2910 647 -1.03132103 4.13759579
2920 647 -1.20868855 4.39026309
2930 647 -1.38692980 4.64181837
2940 647 -1.57398779 4.86612910
2770 614 1.53566275 2.10898955
2780 614 1.51683780 2.11478795
2790 614 1.49701998 2.12046721
2800 614 1.47708302 2.12713934
2810 614 1.45726519 2.13281859
2820 614 1.41218858 2.24827031
2830 614 1.32823092 2.52826158
2840 614 1.23907058 2.78446352
2850 614 1.14657417 3.01810730
2860 614 1.05407777 3.25175108
2870 614 0.86209510 3.45834889
2880 614 0.66042196 3.66176950
2890 614 0.46113172 3.87051192
2900 614 0.27633748 4.10113735
2910 614 0.09154324 4.33176279
2920 614 -0.06509301 4.58792501
2930 614 -0.20155400 4.86060871
2940 614 -0.33813414 5.13428528
2950 614 -0.50263397 5.40561866
2960 614 -0.68425100 5.67691233
2780 648 -0.03729245 0.23523238
2790 648 -0.12859741 0.50930610
2800 648 -0.21890949 0.78349897
2810 648 -0.33102514 1.08831216
2820 648 -0.45580990 1.41477006
2830 648 -0.58047551 1.74023509
2840 648 -0.64119986 2.00287087
2850 648 -0.68576017 2.24831003
2860 648 -0.73043963 2.49474206
2870 648 -0.84529563 2.69649463
2880 648 -1.00669768 2.86647515
2890 648 -1.16821889 3.03744854
2900 648 -1.34769131 3.21533235
2910 648 -1.53669534 3.39710825
2920 648 -1.72554052 3.56077406
2930 648 -1.92185212 3.56843907
2940 648 -2.11915661 3.57598494
2950 648 -2.32964650 3.55072615
2960 648 -2.56134424 3.47558523
2970 648 -2.79216825 3.40155633
2780 649 0.57352538 0.12220328
2790 649 0.56300088 0.55402528
2800 649 0.55346926 0.98596642
2810 649 0.46951160 1.41703382
2820 649 0.31212076 1.84734665
2830 649 0.15472993 2.27765947
2840 649 -0.14158424 2.65705757
2850 649 -0.43877213 3.03534364
2860 649 -0.80609685 3.37701242
2870 649 -1.19034018 3.70859357
2880 649 -1.54535323 4.00641690
2890 649 -1.86926937 4.27171359
2900 649 -2.17539315 4.54820994
2910 649 -2.40649517 4.87097434
2920 649 -2.60511025 5.19159413
2930 649 -2.67536621 5.50848070
2940 649 -2.92227483 5.79510439
2950 649 -3.24615125 6.06846324
2960 649 -3.65017269 6.46414451
2970 649 -4.07389281 6.88969153
2820 650 0.13129803 0.24035563
2830 650 -0.08769088 0.47896379
2840 650 -0.30667980 0.71757195
2850 650 -0.37773006 0.97393275
2860 650 -0.44878033 1.23029355
2870 650 -0.50700263 1.37136149
2880 650 -0.55680533 1.43387302
2890 650 -0.60561516 1.49650369
2900 650 -0.65553700 1.56000809
2910 650 -0.67249534 1.59221701
2920 650 -0.66872241 1.60274151
2930 650 -0.66407574 1.61437802
2940 650 -0.66042196 1.62589540
2950 650 -0.65577529 1.63753191
2960 650 -0.65212151 1.64904928
2970 650 -0.64735570 1.65969292
2980 650 -0.64370191 1.67121029
2990 650 -0.63905525 1.68284681
3000 650 -0.63528232 1.69337131
3010 650 -0.63063565 1.70500782
