3160 280 0.00000000 0.00000000
3170 280 0.00000000 0.45985432
3180 280 -0.00091551 0.92011095
3190 280 -0.01069469 1.38753941
3200 280 -0.03534380 1.86587133
3210 280 -0.05999291 2.34420324
3220 280 -0.06903708 2.80584727
3230 280 -0.05676145 3.24392295
3240 280 -0.04316802 3.68251185
3250 280 -0.07518468 4.10182073
3260 280 -0.15109133 4.50327830
3270 280 -0.22699797 4.90473587
3280 280 -0.31953815 5.25342673
3290 280 -0.42871185 5.54935088
3300 280 -0.53880107 5.84567733
3310 280 -0.72056297 6.18769868
3320 280 -0.90324039 6.53012234
3330 280 -1.07756734 6.86669197
3340 280 -1.18296811 7.15877360
3350 280 -1.28836888 7.45085523
3190 282 -0.28927857 0.38817510
3200 282 -0.22890727 0.93072953
3210 282 -0.16122715 1.42528832
3220 282 -0.08752772 1.88880250
3230 282 -0.01423059 2.35140118
3240 282 0.03393249 2.85125947
3250 282 0.08341337 3.35163098
3260 282 0.10104504 3.84415217
3270 282 0.06998738 4.32530019
3280 282 0.03892972 4.80644822
3290 282 -0.04350943 5.24026821
3300 282 -0.17721917 5.62452686
3310 282 -0.31052660 6.00970101
3320 282 -0.44491699 6.36258233
3330 282 -0.58041859 6.66570658
3340 282 -0.71551790 6.96974635
3350 282 -0.85164362 7.27642173
3360 282 -0.98883706 7.59558150
3370 282 -1.12511500 7.91433896
3380 282 -1.26230845 8.23349873
