3670 705 0.00000000 0.00000000
3680 705 -0.00000000 0.19937151
3690 705 0.00096804 0.39849224
3700 705 0.07900828 0.64789096
3710 705 0.17583254 0.90998457
3720 705 0.24512028 1.18541008
3730 705 0.24968963 1.49413021
3740 705 0.25304016 1.80213309
3750 705 0.23427118 2.10450327
3760 705 0.20481863 2.40550916
3770 705 0.17281807 2.72060433
3780 705 0.13661932 3.05538134
3790 705 0.09970331 3.39137719
3800 705 0.09426121 3.74917655
3810 705 0.08785107 4.10722670
3820 705 0.05656274 4.44899569
3830 705 0.00039625 4.77448352
3840 705 -0.05577025 5.09997134
3850 705 -0.11176120 5.44607395
3860 705 -0.16864997 5.80067325
3480 694 0.14349593 -0.09605685
3490 694 0.09574086 0.10638932
3500 694 0.04823658 0.30980354
3510 694 0.00048151 0.51224971
3520 694 0.04166593 0.76293247
3530 694 0.12038330 1.03488205
3540 694 0.19910066 1.30683164
3550 694 0.29150604 1.61965466
3560 694 0.38763813 1.94287536
3570 694 0.36217311 2.19946167
3580 694 0.30577087 2.44030350
3590 694 0.25384770 2.69444713
3600 694 0.20898171 2.97981889
3610 694 0.16411572 3.26519066
3620 694 0.14624456 3.55906414
3630 694 0.14708721 3.85738660
3640 694 0.14721261 4.15692789
3650 694 0.14274858 4.45869116
3660 694 0.13007375 4.76464761
3670 694 0.11764971 5.07157210
3490 696 0.79876507 -0.13462304
3500 696 1.00430095 0.27595216
3510 696 1.07295670 0.67653597
3520 696 1.03373846 1.05548179
3530 696 0.92006625 1.37830624
3540 696 0.80004910 1.69657639
3550 696 0.65389984 1.99372516
3560 696 0.50201254 2.30062457
3570 696 0.30489812 2.70807997
3580 696 0.10753292 3.11456733
3590 696 -0.09572581 3.39861995
3600 696 -0.30522415 3.69048712
3610 696 -0.56548701 4.17318397
3620 696 -0.82646712 4.65709964
3630 696 -0.99010635 5.12199555
3640 696 -1.13026178 5.58184058
3650 696 -1.22569166 6.13856506
3660 696 -1.30951005 6.72017272
3670 696 -1.26888238 7.27573855
3680 696 -1.17426004 7.82041517
3500 697 -0.25519192 -0.00413299
3510 697 -0.21583324 0.23152756
3520 697 -0.17647456 0.46718811
3530 697 -0.13310828 0.74622998
3540 697 -0.08337199 1.08973442
3550 697 -0.03363570 1.43323886
3560 697 -0.03713168 1.73475135
3570 697 -0.04625535 2.03049069
3580 697 -0.10703636 2.29829224
3590 697 -0.17294346 2.56225673
3600 697 -0.22179197 2.86415543
3610 697 -0.26225412 3.18247573
3620 697 -0.27840487 3.47900255
3630 697 -0.23678909 3.72337547
3640 697 -0.19420528 3.96749761
3650 697 -0.25498628 4.23529916
3660 697 -0.31232647 4.50840739
3670 697 -0.34468816 4.83805830
3680 697 -0.37704986 5.16770920
3690 697 -0.41409126 5.60290678
3540 434 0.81822121 2.71971654
3550 434 0.81938988 2.60061728
3560 434 0.83531492 2.56240219
3570 434 0.86187840 2.57721373
3580 434 0.88869266 2.59299332
3590 434 0.91453888 2.60902369
3600 434 0.94135314 2.62480328
3610 434 0.96791662 2.63961482
3620 434 0.99376284 2.65564520
3630 434 1.02057710 2.67142479
3640 434 1.04714057 2.68623633
3650 434 1.07395484 2.70201592
3660 434 1.09980106 2.71804629
3670 434 1.12636453 2.73285783
3680 434 1.15221075 2.74888821
3690 434 1.17902501 2.76466780
3700 434 1.20558849 2.77947934
3710 434 1.23240275 2.79525893
3720 434 1.27075828 2.82767579
3730 434 1.42119602 3.00563502
3540 698 -0.01852822 -0.03961950
3550 698 -0.01312625 0.22446537
3560 698 -0.00966036 0.48905181
3570 698 0.01380839 0.76705041
3580 698 0.11026149 1.09948506
3590 698 0.20549576 1.43120246
3600 698 0.29312613 1.78141799
3610 698 0.37670377 2.13991455
3620 698 0.46150024 2.49912835
3630 698 0.54034299 2.87124772
3640 698 0.61871929 3.24555395
3650 698 0.68834809 3.61799432
3660 698 0.71811162 3.98010222
3670 698 0.74812594 4.34317817
3680 698 0.76967867 4.70947924
3690 698 0.78423942 5.08069075
3700 698 0.71268958 5.42256006
3710 698 0.60611468 5.75284295
3720 698 0.48222536 6.07211625
3730 698 0.33539395 6.37460680
3580 699 0.53030144 -0.30163286
3590 699 0.59445303 0.02574089
3600 699 0.65860462 0.35311464
3610 699 0.72049912 0.67177601
3620 699 0.77590824 0.96939125
3630 699 0.83131736 1.26700649
3640 699 0.77380162 1.51949993
3650 699 0.71603510 1.77102534
3660 699 0.62639340 2.03907266
3670 699 0.52879169 2.31228120
3680 699 0.44753134 2.62464278
3690 699 0.37766679 2.96504246
3700 699 0.31948897 3.31067860
3710 699 0.36587975 3.71703054
3720 699 0.41201975 4.12241443
3730 699 0.40970748 4.42052121
3740 699 0.37621724 4.64613017
3750 699 0.30326298 4.82308123
3760 699 0.07237744 4.82504741
3770 699 -0.16847442 5.02380198
3640 701 0.37335825 -0.18969611
3650 701 0.37737588 -0.00272857
3660 701 0.38042546 0.18448975
3670 701 0.40753064 0.37683919
3680 701 0.46987656 0.57762014
3690 701 0.53247326 0.77936912
3700 701 0.58187350 0.99796605
3710 701 0.63030570 1.21681376
3720 701 0.67873789 1.43566148
3730 701 0.68001189 1.72767411
3740 701 0.67504629 2.02750130
3750 701 0.68886973 2.31213073
3760 701 0.72001259 2.57987710
3770 701 0.75212350 2.84737269
3780 701 0.74803064 3.07879492
3790 701 0.74099854 3.30684656
3800 701 0.71815175 3.55758950
3810 701 0.66256206 3.86536667
3820 701 0.60575354 4.17242659
3830 701 0.53176604 4.51286138
3660 703 0.67218229 -0.18860267
3670 703 0.69515448 0.05956719
3680 703 0.71884392 0.30651821
3690 703 0.74174589 0.54644216
3700 703 0.76279704 0.71143564
3710 703 0.78359741 0.87546108
3720 703 0.81056214 1.05131870
3730 703 0.83802845 1.22911241
3740 703 0.86757129 1.42289636
3750 703 0.90856009 1.76453494
3760 703 0.95051694 2.10592273
3770 703 0.95507627 2.47042817
3780 703 0.95963559 2.83493360
3790 703 0.98969505 3.14634720
3800 703 1.02570822 3.44485524
3810 703 1.02676153 3.76791544
3820 703 0.97428162 4.12757063
3830 703 0.91710695 4.47707894
3840 703 0.84334014 4.78646617
3850 703 0.76932255 5.09488536
3680 707 -0.86228468 0.28020553
3690 707 -0.72476252 0.50799635
3700 707 -0.58602154 0.73650442
3710 707 -0.47588042 0.91044100
3720 707 -0.40620146 1.00395487
3730 707 -0.33677329 1.09650068
3740 707 -0.26709433 1.19001455
3750 707 -0.19766615 1.28256037
3760 707 -0.03980007 1.42140668
3770 707 0.20818922 1.60508388
3780 707 0.44119142 1.79470976
3790 707 0.65314748 1.99082103
3800 707 0.86485275 2.18596426
3810 707 1.04596187 2.46237787
3820 707 1.21849906 2.75754040
3830 707 1.38484178 3.00885514
3840 707 1.54499003 3.21632209
3850 707 1.70391946 3.42307179
3860 707 1.79521134 3.54817492
3870 707 1.85829457 3.63616643
3690 710 -0.38178975 0.22493685
3700 710 -0.30361910 0.34724118
3710 710 -0.22544846 0.46954552
3720 710 -0.12687871 0.59482921
3730 710 0.05228430 0.72815819
3740 710 0.23144731 0.86148717
3750 710 0.43315617 1.02203167
3760 710 0.69142777 1.24539859
3770 710 0.91822045 1.47485464
3780 710 1.02515649 1.72813054
3790 710 1.13209253 1.98140645
3800 710 1.26248729 2.16972322
3810 710 1.40027026 2.34269678
3820 710 1.53216975 2.53682180
3830 710 1.65707225 2.76374991
3840 710 1.78294279 2.99042723
3850 710 1.96690086 3.17416461
3860 710 2.16556014 3.34686231
3870 710 2.36421941 3.51956000
3880 710 2.48721090 3.60752643
3700 479 -2.45974961 0.58559018
3710 479 -2.15832741 0.69241086
3720 479 -1.85568638 0.79994879
3730 479 -1.55426418 0.90676947
3740 479 -1.38172197 0.97466783
3750 479 -1.20917977 1.04256620
3760 479 -1.05719216 1.17467133
3770 479 -0.95560292 1.45515774
3780 479 -0.83085090 1.72137933
3790 479 -0.68992806 1.97824652
3800 479 -0.53436421 2.16004280
3810 479 -0.36929047 2.29082377
3820 479 -0.20396595 2.42257278
3830 479 -0.02615720 2.51080003
3840 479 0.15893444 2.57131520
3850 479 0.34427687 2.63279840
3860 479 0.56321487 2.68041303
3870 479 0.83292241 2.70867685
3880 479 1.10262995 2.73694066
3890 479 1.37065219 2.76667410
3790 717 -1.43057048 0.27970897
3800 717 -1.27028680 0.53156040
3810 717 -1.11025390 0.78244378
3820 717 -0.95247810 1.02461479
3830 717 -0.79609668 1.24545376
3840 717 -0.64093410 1.46557548
3850 717 -0.51729557 1.74344868
3860 717 -0.40251488 2.03497980
3870 717 -0.26858401 2.29675742
3880 717 -0.09161790 2.48540523
3890 717 0.08534820 2.67405304
3900 717 0.26046349 2.78777039
3910 717 0.43468597 2.88209179
3920 717 0.60915924 2.97738123
3930 717 0.88126432 3.03084925
3940 717 1.15336939 3.08431727
3950 717 1.36696059 3.15914241
3960 717 1.57474353 3.23547227
3970 717 1.76129977 3.32556538
3980 717 1.91917087 3.43651905
3860 721 -0.62294757 0.13142800
3870 721 -0.56409764 0.43434992
3880 721 -0.50427967 0.73702104
3890 721 -0.45378599 1.05553696
3900 721 -0.41236583 1.39086571
3910 721 -0.37191372 1.72644525
3920 721 -0.33255002 2.13358466
3930 721 -0.29473117 2.55868551
3940 721 -0.26735013 3.01128277
3950 721 -0.25829668 3.50478356
3960 721 -0.24852598 3.99706553
3970 721 -0.25606968 4.47833790
3980 721 -0.26436575 4.95670614
3990 721 -0.28664577 5.44489524
4000 721 -0.34245113 5.95519884
4010 721 -0.39728845 6.46525165
4020 721 -0.47202330 6.97426118
4030 721 -0.55159836 7.48452465
4040 721 -0.63020538 7.99453733
4050 721 -0.70767884 8.58069931
