2510 605 0.00000000 0.00000000
2520 605 -0.00000000 0.38008420
2530 605 -0.03046693 0.78581535
2540 605 -0.09144290 1.21519389
2550 605 -0.15339759 1.64559326
2560 605 -0.27843304 2.12033017
2570 605 -0.41821259 2.60738015
2580 605 -0.55293011 3.09732421
2590 605 -0.64090009 3.62229210
2600 605 -0.72789134 4.14623916
2610 605 -0.79984382 4.67187006
2620 605 -0.80668441 5.20213151
2630 605 -0.81252522 5.73237191
2640 605 -0.87965772 6.20188893
2650 605 -1.00808189 6.61068256
2660 605 -1.13550629 7.01945514
2670 605 -1.24136704 7.45477973
2680 605 -1.33799826 7.90091246
2690 605 -1.43462948 8.34704518
2700 605 -1.27256013 8.82373955
2490 607 0.35754183 -1.07076274
2500 607 0.32248644 -0.69294119
2510 607 0.30661627 -0.30652155
2520 607 0.29074610 0.07989809
2530 607 0.26311012 0.47756786
2540 607 0.21681512 0.89163401
2550 607 0.17052011 1.30570015
2560 607 0.15195580 1.75419025
2570 607 0.14060042 2.21253080
2580 607 0.09175862 2.69566585
2590 607 0.00543038 3.20359540
2600 607 -0.08087682 3.71252474
2610 607 -0.15820705 4.22026486
2620 607 -0.23355877 4.72696312
2630 607 -0.30631107 5.21460243
2640 607 -0.37401186 5.65712543
2650 607 -0.44171265 6.09964843
2660 607 -0.52861971 6.53257355
2670 607 -0.69243604 6.92310807
2680 607 -0.85625238 7.31364259
