450 497 0.00000000 0.00000000
460 497 -0.00000000 0.21786234
470 497 0.00000000 0.43572468
480 497 -0.00123013 0.65428471
490 497 -0.02730164 0.79751277
500 497 -0.06546336 0.90939076
510 497 -0.10362507 1.02126874
520 497 -0.15132491 1.12636263
530 497 -0.22152521 1.21901747
540 497 -0.29172550 1.31167230
550 497 -0.36096188 1.40459337
560 497 -0.40976334 1.52494459
570 497 -0.42413939 1.68592698
580 497 -0.43878166 1.84787328
590 497 -0.45129415 2.00210829
600 497 -0.45308427 2.09498345
610 497 -0.45364426 2.18716092
620 497 -0.45420424 2.27933839
630 497 -0.46015295 2.38351427
640 497 -0.50931244 2.58779923
310 168 0.05270300 0.05709110
320 168 -0.18777913 0.21787152
330 168 -0.42729734 0.37891817
340 168 -0.63843067 0.54987934
350 168 -0.81925127 0.73128747
360 168 -1.00103578 0.91242937
370 168 -1.18684119 1.08934843
380 168 -1.41980481 1.23041916
390 168 -1.65153829 1.37079221
400 168 -1.88423569 1.51089903
410 168 -2.08579416 1.67724260
420 168 -2.28499334 1.84631266
430 168 -2.48419252 2.01538272
440 168 -2.68339170 2.18445279
450 168 -2.80290754 2.33922024
460 168 -2.92268960 2.49495161
470 168 -3.04390375 2.65962440
480 168 -3.17189283 2.91268328
490 168 -3.30014813 3.16670607
500 168 -3.42813721 3.41976495
310 486 1.73976832 0.67243379
320 486 1.64480927 0.74580122
330 486 1.54985023 0.81916865
340 486 1.45126504 0.90190897
350 486 1.32300056 1.07708380
360 486 1.19473608 1.25225864
370 486 1.07819460 1.46386933
380 486 0.98479617 1.76071733
390 486 0.89236166 2.05783155
400 486 0.88305302 2.38827874
410 486 0.87470831 2.71899216
420 486 0.84976595 2.97457557
430 486 0.82283151 3.22234671
440 486 0.82620979 3.48056481
450 486 0.86006603 3.75238783
460 486 0.89392227 4.02421085
470 486 0.86717144 4.32390468
480 486 0.84015438 4.62456243
490 486 0.91878201 4.80189459
500 486 1.02241626 4.94878551
340 488 1.63363708 0.53833994
350 488 1.51808705 0.65996720
360 488 1.40157311 0.78132824
370 488 1.30990972 0.94793803
380 488 1.27605348 1.22077087
390 488 1.24219724 1.49360370
400 488 1.18640972 1.74066797
410 488 1.12826291 1.98500574
420 488 1.07364126 2.22409250
430 488 1.02756630 2.45101561
440 488 0.98122511 2.67890263
450 488 0.96287407 2.90310842
460 488 1.00927952 3.11822591
470 488 1.05638266 3.33457354
480 488 1.15212201 3.53634315
490 488 1.29815918 3.72503110
500 488 1.44419635 3.91371906
510 488 1.60466466 3.97878767
520 488 1.76443527 4.04262615
530 488 1.92490357 4.10769476
370 490 1.09940065 0.27148336
380 490 0.99819913 0.54024022
390 490 0.89796152 0.80926331
400 490 0.79702623 1.07705626
410 490 0.73456477 1.40838475
420 490 0.68143948 1.75474108
430 490 0.62804796 2.10206131
440 490 0.58122941 2.36923920
450 490 0.53584295 2.62747566
460 490 0.49045649 2.88571212
470 490 0.41480322 3.09201670
480 490 0.33941616 3.29735738
490 490 0.28499648 3.52820039
500 490 0.27696388 3.81646499
510 490 0.26962898 4.10595972
520 490 0.37333666 4.33897842
530 490 0.49453246 4.56126557
540 490 0.65888395 4.75501177
550 490 0.82323544 4.94875797
560 490 1.01798226 5.10006452
400 20 -0.47964232 2.41651676
410 20 -0.31392300 2.15831702
420 20 -0.12889791 1.92412326
430 20 0.05709110 1.69019573
440 20 0.24211619 1.45600197
450 20 0.36073237 1.30824812
460 20 0.46182373 1.18262752
470 20 0.56387900 1.05727313
480 20 0.65545977 0.94354994
490 20 0.66357498 0.92919225
500 20 0.67142398 0.91579847
510 20 0.67830906 0.90213847
520 20 0.68615805 0.88874469
530 20 0.69427327 0.87438700
540 20 0.70115835 0.86072700
550 20 0.70900734 0.84733322
560 20 0.71712256 0.83297553
570 20 0.72400764 0.81931553
580 20 0.73185663 0.80592175
590 20 0.73970563 0.79252797
400 23 -1.38017428 4.36613318
410 23 -1.33227247 4.14386439
420 23 -1.27881670 3.91275515
430 23 -1.20640400 3.65057124
440 23 -1.13399130 3.38838734
450 23 -1.06157860 3.12620343
460 23 -0.98374964 2.87070264
470 23 -0.84839811 2.67362406
480 23 -0.71278037 2.47558158
490 23 -0.57839275 2.27823678
500 23 -0.44640115 2.08956718
510 23 -0.33929682 1.97598170
520 23 -0.23245871 1.86336012
530 23 -0.12658452 1.75047232
540 23 -0.01974641 1.63785075
550 23 0.07573590 1.48370754
560 23 0.15986241 1.28804270
570 23 0.24372271 1.09334178
580 23 0.31993597 0.90379089
590 23 0.36492768 0.74088986
440 494 -0.03161629 0.01305411
450 494 -0.07981187 0.21760530
460 494 -0.12827366 0.42312039
470 494 -0.17646923 0.62767158
480 494 -0.20536821 0.77738079
490 494 -0.21976262 0.88959844
500 494 -0.23415703 1.00181609
510 494 -0.30624843 1.08253679
520 494 -0.41616187 1.14243700
530 494 -0.52703923 1.20207099
540 494 -0.58714140 1.31826362
550 494 -0.62574376 1.45803078
560 494 -0.66407989 1.59683402
570 494 -0.70015772 1.74248563
580 494 -0.73344479 1.89305777
590 494 -0.76673187 2.04362992
600 494 -0.79299616 2.16501850
610 494 -0.81100753 2.25652582
620 494 -0.82901890 2.34803315
630 494 -0.84949055 2.44093585
470 500 -0.37030723 0.00354352
480 500 -0.40034454 0.17991177
490 500 -0.43038186 0.35628002
500 500 -0.44866864 0.47883447
510 500 -0.45520487 0.54757513
520 500 -0.46200734 0.61727970
530 500 -0.46854357 0.68602035
540 500 -0.48496679 0.80182742
550 500 -0.51127698 0.96470091
560 500 -0.53855108 1.12730818
570 500 -0.56511832 1.26106236
580 500 -0.59297995 1.38823441
590 500 -0.62084158 1.51540646
600 500 -0.64946516 1.63406855
610 500 -0.67821726 1.73817098
620 500 -0.70696936 1.84227341
630 500 -0.73572146 1.94637585
640 500 -0.73594178 2.12371719
650 500 -0.73320611 2.30913703
660 500 -0.73020421 2.49359295
480 503 -0.78453210 0.02711804
490 503 -0.85991915 0.23245871
500 503 -0.93460852 0.43902952
510 503 -0.95787091 0.52701169
520 503 -0.96902474 0.58617749
530 503 -0.97948089 0.64657342
540 503 -0.98967081 0.70600545
550 503 -1.02248052 0.81728673
560 503 -1.06926235 0.96413175
570 503 -1.11674187 1.10974663
580 503 -1.16352371 1.25659165
590 503 -1.20601843 1.40669561
600 503 -1.24754924 1.55706579
610 503 -1.28908006 1.70743597
620 503 -1.28774894 1.81154759
630 503 -1.27524563 1.90525814
640 503 -1.26397246 1.99966638
650 503 -1.25216684 2.09214679
660 503 -1.25163439 2.19915014
670 503 -1.29556121 2.35819553
600 48 0.63910081 1.61129270
610 48 0.65339424 1.61212809
620 48 0.66795390 1.61199956
630 48 0.68251355 1.61187104
640 48 0.69610929 1.61147630
650 48 0.71066894 1.61134778
660 48 0.72522859 1.61121925
670 48 0.73952202 1.61205464
680 48 0.75408168 1.61192612
690 48 0.76767742 1.61153138
700 48 0.78223707 1.61140286
710 48 0.79679672 1.61127434
720 48 0.81109015 1.61210972
730 48 0.82564980 1.61198120
740 48 0.83924555 1.61158646
750 48 0.85380520 1.61145794
760 48 0.86809863 1.61229333
770 48 0.88265828 1.61216481
780 48 0.89721793 1.61203628
790 48 0.91081367 1.61164154
600 55 0.91213561 1.52797403
610 55 0.94736887 1.53563024
620 55 0.95766895 1.55092430
630 55 0.96823525 1.56525445
640 55 0.97949925 1.58081473
650 55 0.98979933 1.59610880
660 55 1.00036564 1.61043895
670 55 1.01066572 1.62573301
680 55 1.02123202 1.64006316
690 55 1.03153210 1.65535722
700 55 1.04209841 1.66968737
710 55 1.05239849 1.68498143
720 55 1.06296480 1.69931158
730 55 1.07326488 1.71460564
740 55 1.08383118 1.72893579
750 55 1.09509518 1.74449607
760 55 1.10566148 1.75882622
770 55 1.11596157 1.77412028
780 55 1.12626165 1.78941435
790 55 1.13682795 1.80374450
