1920 570 0.00000000 0.00000000
1930 570 -0.00000000 0.20415680
1940 570 0.00199846 0.40823523
1950 570 0.00719055 0.61719227
1960 570 0.01545871 0.82803021
1970 570 0.02368768 1.03786892
1980 570 0.04817865 1.25407528
1990 570 0.08389630 1.47584600
2000 570 0.11857552 1.69665667
2010 570 0.15425398 1.91742815
2020 570 0.16401119 2.16623691
2030 570 0.17376840 2.41504566
2040 570 0.18356479 2.66485365
2050 570 0.18738538 2.88987677
2060 570 0.16941880 3.01867972
2070 570 0.15145222 3.14748268
2080 570 0.13252559 3.27732406
2090 570 0.10776031 3.41139747
2100 570 0.02464772 3.58879053
2110 570 -0.05946410 3.76622278
1750 335 -1.26775105 2.50660274
1760 335 -1.26867191 2.50864039
1770 335 -1.26859354 2.51063885
1780 335 -1.26955358 2.51167727
1790 335 -1.26947521 2.51367573
1800 335 -1.27039607 2.51571338
1810 335 -1.27131693 2.51775103
1820 335 -1.27227698 2.51878945
1830 335 -1.27219861 2.52078791
1840 335 -1.27311947 2.52282556
1850 335 -1.27407952 2.52386398
1860 335 -1.27400114 2.52586244
1870 335 -1.27492201 2.52790009
1880 335 -1.27584287 2.52993774
1890 335 -1.27680291 2.53097616
1900 335 -1.27672454 2.53297462
1910 335 -1.27764540 2.53501227
1920 335 -1.27856626 2.53704992
1930 335 -1.27852708 2.53804915
1940 335 -1.27944794 2.54008680
1880 212 -1.01729650 2.33465647
1890 212 -1.01661075 2.32662343
1900 212 -1.01592500 2.31859039
1910 212 -1.01623849 2.31059653
1920 212 -1.01555274 2.30256349
1930 212 -1.01486699 2.29453045
1940 212 -1.01518048 2.28653660
1950 212 -1.01449473 2.27850355
1960 212 -1.01480821 2.27050970
1970 212 -1.01412247 2.26247666
1980 212 -1.01443595 2.25448280
1990 212 -1.01375020 2.24644976
2000 212 -1.01306446 2.23841672
2010 212 -1.01337794 2.23042286
2020 212 -1.01269219 2.22238982
2030 212 -1.01200645 2.21435678
2040 212 -1.01231993 2.20636293
2050 212 -1.01163418 2.19832988
2060 212 -1.01194767 2.19033603
2070 212 -1.01126192 2.18230299
1920 573 -0.47153952 -0.10660433
1930 573 -0.45169203 0.11879105
1940 573 -0.41266320 0.34843806
1950 573 -0.37463361 0.57812426
1960 573 -0.33660402 0.80781046
1970 573 -0.30588253 1.02977710
1980 573 -0.28566278 1.23914558
1990 573 -0.26440461 1.44947411
2000 573 -0.24418486 1.65884259
2010 573 -0.23764087 1.87675353
2020 573 -0.24581106 2.10224687
2030 573 -0.25398125 2.32774022
2040 573 -0.26111302 2.55419361
2050 573 -0.27059593 2.77173228
2060 573 -0.28532970 2.95745228
2070 573 -0.29906425 3.14313308
2080 573 -0.31379802 3.32885308
2090 573 -0.33348877 3.41368983
2100 573 -0.35361055 3.48753503
2110 573 -0.37377153 3.56038100
1950 336 -1.28036880 2.54212445
1960 336 -1.28132885 2.54316287
1970 336 -1.28125047 2.54516134
1980 336 -1.28217134 2.54719898
1990 336 -1.28309220 2.54923663
2000 336 -1.28305301 2.55023587
2010 336 -1.28397387 2.55227352
2020 336 -1.28489473 2.55431117
2030 336 -1.28585478 2.55534958
2040 336 -1.28577641 2.55734805
2050 336 -1.28669727 2.55938570
2060 336 -1.28761813 2.56142335
2070 336 -1.28757894 2.56242258
2080 336 -1.28849980 2.56446023
2090 336 -1.28942066 2.56649788
2100 336 -1.29038071 2.56753629
2110 336 -1.29030234 2.56953476
2120 336 -1.29122320 2.57157241
2130 336 -1.29214406 2.57361006
2140 336 -1.29210488 2.57460929
2040 590 0.09430007 -0.22386714
2050 590 0.10319519 0.00295851
2060 590 0.11205113 0.22878493
2070 590 0.17180912 0.42559444
2080 590 0.25404003 0.60851267
2090 590 0.33631013 0.79243012
2100 590 0.42095095 0.96024231
2110 590 0.51722989 1.06755199
2120 590 0.61254878 1.17590008
2130 590 0.70782848 1.28324894
2140 590 0.73065408 1.32938994
2150 590 0.73586576 1.36020939
2160 590 0.74007821 1.39106802
2170 590 0.74525070 1.42088824
2180 590 0.74946315 1.45174687
2190 590 0.75467483 1.48256632
2200 590 0.75888728 1.51342496
2210 590 0.76405977 1.54324517
2220 590 0.76827222 1.57410381
2230 590 0.77348390 1.60492326
2060 365 -2.24605790 2.36482936
2070 365 -2.15091535 2.23900450
2080 365 -2.05577279 2.11317965
2090 365 -1.93950922 2.06658801
2100 365 -1.81946423 2.03986345
2110 365 -1.69838083 2.01409894
2120 365 -1.57733662 1.98733520
2130 365 -1.45625322 1.96157069
2140 365 -1.36277605 1.92087648
2150 365 -1.27137571 1.87826218
2160 365 -1.18093542 1.83668629
2170 365 -1.08953509 1.79407199
2180 365 -0.99913399 1.75149687
2190 365 -0.99082665 1.75917724
2200 365 -0.98355772 1.76589756
2210 365 -0.97528957 1.77257870
2220 365 -0.96702141 1.77925984
2230 365 -0.95975249 1.78598017
2240 365 -0.95148434 1.79266131
2250 365 -0.94417623 1.80038086
2060 376 -1.48513298 1.27617594
2070 376 -1.44363546 1.26253937
2080 376 -1.40209876 1.24990202
2090 376 -1.35960201 1.23622626
2100 376 -1.31806531 1.22358891
2110 376 -1.27556857 1.20991315
2120 376 -1.23403187 1.19727580
2130 376 -1.19153512 1.18360004
2140 376 -1.14999842 1.17096270
2150 376 -1.03400914 1.16841563
2160 376 -0.89983776 1.17015939
2170 376 -0.76470633 1.17086473
2180 376 -0.70755419 1.17362732
2190 376 -0.70040282 1.17734994
2200 376 -0.69428987 1.18011253
2210 376 -0.68817692 1.18287511
2220 376 -0.68202479 1.18663692
2230 376 -0.67491261 1.18936032
2240 376 -0.66876047 1.19312213
2250 376 -0.66264753 1.19588472
2080 213 -1.01057617 2.17426995
2090 213 -1.01088966 2.16627609
2100 213 -1.01020391 2.15824305
2110 213 -1.01051739 2.15024919
2120 213 -1.00983165 2.14221615
2130 213 -1.00914590 2.13418311
2140 213 -1.00945938 2.12618926
2150 213 -1.00877364 2.11815621
2160 213 -1.00908712 2.11016236
2170 213 -1.03418548 2.10814430
2180 213 -1.05932302 2.10512701
2190 213 -1.08542060 2.10314814
2200 213 -1.11055815 2.10013085
2210 213 -1.13665573 2.09815198
2220 213 -1.16175409 2.09613393
2230 213 -1.18789086 2.09315582
2240 213 -1.21298922 2.09113777
2250 213 -1.23812676 2.08812048
2260 213 -1.26422435 2.08614161
2270 213 -1.28936189 2.08312432
2110 593 0.15795702 0.09788555
2120 593 0.21264048 0.29289252
2130 593 0.26632470 0.48793868
2140 593 0.27104656 0.68490493
2150 593 0.22884371 0.88471213
2160 593 0.18560244 1.08355929
2170 593 0.16193435 1.29665040
2180 593 0.21344378 1.56383719
2190 593 0.26491402 1.83002474
2200 593 0.32371197 2.07891187
2210 593 0.39693020 2.28720275
2220 593 0.47010924 2.49449440
2230 593 0.54332748 2.70278528
2240 593 0.65988494 2.94440348
2250 593 0.77648160 3.18702092
2260 593 0.89703599 3.42848238
2270 593 1.05520853 3.65946170
2280 593 1.21338107 3.89044103
2290 593 1.37717674 4.03513373
2300 593 1.54359784 4.14469657
