1110 520 0.00000000 0.00000000
1120 520 0.00000000 0.17839282
1130 520 0.03975496 0.19090454
1140 520 0.07950992 0.20341625
1150 520 0.11919762 0.21734058
1160 520 0.15895258 0.22985229
1170 520 0.19870754 0.24236401
1180 520 0.23839524 0.25628833
1190 520 0.27815020 0.26880005
1200 520 0.34427394 0.27761206
1210 520 0.51681451 0.26671476
1220 520 0.68861514 0.25649014
1230 520 0.86115571 0.24559284
1240 520 1.05690349 0.20819223
1250 520 1.30787771 0.11112555
1260 520 1.55959187 0.01338619
1270 520 1.80989342 -0.08442044
1280 520 2.03900577 -0.21296821
1290 520 2.25136857 -0.36142709
1300 520 2.46514399 -0.50981871
1150 332 -0.06309671 1.02770949
1160 332 0.06417298 0.97147405
1170 332 0.19003006 0.91517134
1180 332 0.31729976 0.85893589
1190 332 0.46104993 0.84312808
1200 332 0.60930702 0.83673769
1210 332 0.75823677 0.83108724
1220 332 0.90716653 0.82543679
1230 332 1.10076176 0.80350765
1240 332 1.36196061 0.75931305
1250 332 1.62248678 0.71437851
1260 332 1.89021055 0.65208901
1270 332 2.17199318 0.54728659
1280 332 2.45303588 0.44315684
1290 332 2.72519929 0.33223309
1300 332 2.97489543 0.20254178
1310 332 3.22526425 0.07359040
1320 332 3.46164147 -0.04399280
1330 332 3.68093280 -0.14469192
1340 332 3.89948419 -0.24471836
