2120 574 0.00000000 0.00000000
2130 574 -0.00000000 0.07653757
2140 574 -0.03638736 0.23059263
2150 574 -0.08820504 0.41886617
2160 574 -0.14002273 0.60713972
2170 574 -0.28058115 0.80659731
2180 574 -0.42209335 1.00635541
2190 574 -0.54553599 1.20356574
2200 574 -0.62837112 1.39322422
2210 574 -0.71216003 1.58318321
2220 574 -0.79469466 1.77379548
2230 574 -0.90964474 2.03123767
2240 574 -1.03278687 2.30593935
2250 574 -1.15592901 2.58064103
2260 574 -1.27781685 2.85599599
2270 574 -1.37341696 3.14823154
2280 574 -1.43992024 3.45960803
2290 574 -1.50642353 3.77098451
2300 574 -1.57227354 4.08110670
2310 574 -1.60757646 4.41830057
2040 516 -0.50124401 0.24599683
2050 516 -0.50571241 0.24845314
2060 516 -0.51113458 0.25120995
2070 516 -0.51530247 0.25462004
2080 516 -0.51977086 0.25707635
2090 516 -0.52489253 0.26078695
2100 516 -0.52936092 0.26324326
2110 516 -0.53352881 0.26665335
2120 516 -0.53895098 0.26941016
2130 516 -0.54341938 0.27186647
2140 516 -0.54758727 0.27527656
2150 516 -0.55300944 0.27803338
2160 516 -0.55717733 0.28144347
2170 516 -0.56164572 0.28389978
2180 516 -0.56676739 0.28761038
2190 516 -0.57123578 0.29006669
2200 516 -0.57570417 0.29252300
2210 516 -0.58082584 0.29623359
2220 516 -0.58529424 0.29868990
2230 516 -0.58976263 0.30114621
2120 571 0.32141077 0.22480462
2130 571 0.27483234 0.38311902
2140 571 0.22890718 0.54017914
2150 571 0.18298203 0.69723925
2160 571 0.12244966 0.85785318
2170 571 0.05810218 1.01966913
2180 571 -0.00624530 1.18148508
2190 571 -0.07089329 1.34234725
2200 571 -0.13428699 1.50386269
2210 571 -0.25868341 1.70137353
2220 571 -0.39809206 1.90780809
2230 571 -0.53654694 2.11394214
2240 571 -0.67595559 2.32037670
2250 571 -0.77527936 2.62741544
2260 571 -0.87364934 2.93415368
2270 571 -0.97297311 3.24119242
2280 571 -1.02356264 3.54650652
2290 571 -1.06275908 3.85137640
2300 571 -1.10225602 4.15529249
2310 571 -1.13954490 4.45956135
2240 517 -0.59393052 0.30455630
2250 517 -0.59935269 0.30731312
2260 517 -0.60352058 0.31072321
2270 517 -0.60798897 0.31317952
2280 517 -0.61341115 0.31593633
2290 517 -0.61757903 0.31934642
2300 517 -0.62204743 0.32180273
2310 517 -0.62716909 0.32551333
2320 517 -0.63163749 0.32796964
2330 517 -0.63580538 0.33137973
2340 517 -0.64122755 0.33413654
2350 517 -0.64569594 0.33659285
2360 517 -0.64986383 0.34000294
2370 517 -0.65528600 0.34275976
2380 517 -0.65945389 0.34616985
2390 517 -0.66392228 0.34862616
2400 517 -0.66934446 0.35138298
2410 517 -0.67351235 0.35479307
2420 517 -0.67798074 0.35724938
2430 517 -0.68310241 0.36095997
2240 766 2.21803481 1.83529469
2250 766 2.09917815 2.08033773
2260 766 1.98187629 2.32698783
2270 766 1.84306865 2.53532995
2280 766 1.69107793 2.71846876
2290 766 1.53908722 2.90160757
2300 766 1.34791314 2.98700354
2310 766 1.11785620 2.97561044
2320 766 0.88293890 3.02865629
2330 766 0.64168484 3.17806003
2340 766 0.40043078 3.32746378
2350 766 0.16168530 3.47817407
2360 766 -0.06462186 3.64174079
2370 766 -0.29218329 3.80465424
2380 766 -0.51849044 3.96822097
2390 766 -0.79666755 4.17014794
2400 766 -1.12576082 4.41013464
2410 766 -1.45550736 4.65137564
2420 766 -1.78460063 4.89136235
2430 766 -2.13696352 5.10408140
2310 771 2.16296382 1.24453908
2320 771 1.95115935 1.33433811
2330 771 1.73910663 1.42002152
2340 771 1.52735443 1.50665871
2350 771 1.31464844 1.59359640
2360 771 1.05397908 1.65475590
2370 771 0.71865357 1.67862653
2380 771 0.38458236 1.70315044
2390 771 0.04925685 1.72702107
2400 771 -0.28001933 1.71019273
2410 771 -0.60727037 1.66651484
2420 771 -0.93356763 1.62253644
2430 771 -1.26016539 1.57760425
2440 771 -1.57586655 1.37092145
2450 771 -1.89156770 1.16423865
2460 771 -2.20631508 0.95725534
2470 771 -2.46796435 0.75241477
2480 771 -2.72424370 0.54797923
2490 771 -2.97986979 0.34228940
2500 771 -3.22246959 0.09475085
