3580 461 0.00000000 0.00000000
3590 461 -0.00000000 0.35137018
3600 461 0.02774567 0.71781277
3610 461 0.08198192 1.09997953
3620 461 0.12657591 1.49273056
3630 461 0.16217939 1.89732097
3640 461 0.21671731 2.27853431
3650 461 0.35075828 2.56428423
3660 461 0.48479926 2.85003415
3670 461 0.65569595 3.10549124
3680 461 0.91501505 3.29033333
3690 461 1.18943220 3.49044138
3700 461 1.46675796 3.69461637
3710 461 1.65259331 3.89291720
3720 461 1.82924461 4.09040978
3730 461 2.00464083 4.28855408
3740 461 2.18033873 4.48574498
3750 461 2.29095142 4.66653722
3760 461 2.37266011 4.83923258
3770 461 2.45436881 5.01192795
3550 453 0.42922254 -1.42280147
3560 453 0.44988451 -1.04391615
3570 453 0.47149989 -0.66472916
3580 453 0.47151412 -0.25042251
3590 453 0.45796431 0.18686276
3600 453 0.44536791 0.62444970
3610 453 0.53568861 1.00859443
3620 453 0.62445254 1.39434430
3630 453 0.71900809 1.74521642
3640 453 0.81850999 2.04730808
3650 453 0.91736016 2.34814466
3660 453 1.04800870 2.59820857
3670 453 1.19191960 2.82624727
3680 453 1.33487710 3.05398430
3690 453 1.54092760 3.27126797
3700 453 1.76148417 3.48579955
3710 453 1.97050304 3.69038721
3720 453 2.13121105 3.85871111
3730 453 2.29126732 4.02577993
3740 453 2.45227700 4.19315043
3570 457 0.83522171 -0.84961679
3580 457 0.83130277 -0.40299095
3590 457 0.81124700 0.00181859
3600 457 0.78983938 0.40095606
3610 457 0.76873343 0.79914011
3620 457 0.82698539 1.09237501
3630 457 0.90412341 1.35907096
3640 457 0.98030802 1.62546522
3650 457 1.09269661 1.86031156
3660 457 1.21974781 2.08196669
3670 457 1.34584559 2.30332014
3680 457 1.45184776 2.47216486
3690 457 1.55459125 2.63473415
3700 457 1.65733475 2.79730344
3710 457 1.76564217 2.97212192
3720 457 1.87921186 3.16014300
3730 457 1.99182813 3.34786241
3740 457 2.11296534 3.55505984
3750 457 2.23966647 3.77450647
3760 457 2.36541419 3.99365142
