200 46 0.00000000 0.00000000
210 46 -0.00000000 0.13064838
220 46 -0.10845905 0.31234217
230 46 -0.21681860 0.49503100
240 46 -0.32527766 0.67672479
250 46 -0.47105061 0.85712504
260 46 -0.65423695 1.03523669
270 46 -0.83742330 1.21334835
280 46 -1.01961461 1.39136050
290 46 -1.23643321 1.55474561
300 46 -1.47633668 1.70837935
310 46 -1.71633965 1.86101806
320 46 -1.95524808 2.01455230
330 46 -2.20540043 2.18629571
340 46 -2.45883640 2.36540241
350 46 -2.71316791 2.54560364
360 46 -2.96759892 2.72480984
370 46 -3.21864680 2.83734855
380 46 -3.46641106 2.88222473
390 46 -3.71427482 2.92610587
200 53 0.04607022 0.49085185
210 53 -0.00019901 0.63115209
220 53 -0.08617022 0.77642752
230 53 -0.17204193 0.92269799
240 53 -0.25801314 1.06797342
250 53 -0.37721860 1.22260220
260 53 -0.57085284 1.39673370
270 53 -0.76548211 1.57096472
280 53 -0.95901684 1.74609126
290 53 -1.17016374 1.95614361
300 53 -1.38379822 2.17146966
310 53 -1.59753221 2.38580067
320 53 -1.82927637 2.58082796
330 53 -2.10460316 2.73197411
340 53 -2.37992995 2.88312026
350 53 -2.65436121 3.03317187
360 53 -2.91506095 3.13964085
370 53 -3.17098452 3.23357236
380 53 -3.42790312 3.32760337
390 53 -3.69079195 3.40213166
200 66 -1.86032153 -0.52348907
210 66 -1.83932625 -0.35373572
220 66 -1.87226198 -0.18059925
230 66 -1.90509820 -0.00646774
240 66 -1.93793443 0.16766377
250 66 -1.95962624 0.34269081
260 66 -1.97007413 0.51960842
270 66 -1.98052202 0.69652603
280 66 -1.91912823 0.87831933
290 66 -1.78589275 1.06498830
300 66 -1.65235876 1.25464239
310 66 -1.51494412 1.47305306
320 66 -1.37742998 1.69245876
330 66 -1.24101038 1.91096892
340 66 -1.21046274 2.14609621
350 66 -1.20658210 2.38590017
360 66 -1.20369649 2.62580364
370 66 -1.25115976 2.86471207
380 66 -1.32061336 3.10481454
390 66 -1.38907192 3.34481751
200 103 -2.07465254 0.31801389
210 103 -2.05932897 0.47124961
220 103 -2.04400540 0.62448534
230 103 -2.08261284 0.73085482
240 103 -2.14440465 0.81642801
250 103 -2.20709199 0.90309575
260 103 -2.24480390 0.95812131
270 103 -2.24798802 0.96647962
280 103 -2.25007760 0.97573347
290 103 -2.25326172 0.98409178
300 103 -2.25634633 0.99344513
310 103 -2.25953045 1.00180344
320 103 -2.26162003 1.01105729
330 103 -2.26480415 1.01941560
340 103 -2.26798827 1.02777391
350 103 -2.27107288 1.03712726
360 103 -2.27326196 1.04538607
370 103 -2.27634658 1.05473942
380 103 -2.27953070 1.06309773
390 103 -2.28171978 1.07135654
200 106 -1.69186173 0.19632084
210 106 -1.64658754 0.36766624
220 106 -1.61454734 0.45692108
230 106 -1.58141261 0.54707145
240 106 -1.54927291 0.63732132
250 106 -1.55225802 0.68786921
260 106 -1.60927365 0.68050593
270 106 -1.66539375 0.67204812
280 106 -1.72240938 0.66468484
290 106 -1.77952451 0.65632653
300 106 -1.83425156 0.65174936
310 106 -1.87305801 0.67572976
320 106 -1.91186446 0.69971015
330 106 -1.95067091 0.72369055
340 106 -1.97106917 0.74080519
350 106 -1.97405428 0.75115357
360 106 -1.97693989 0.76249700
370 106 -1.97982550 0.77384042
380 106 -1.98281061 0.78418881
390 106 -1.98569622 0.79553223
250 119 1.41524140 0.07253821
260 119 1.31633470 0.35980545
270 119 1.21742800 0.64707268
280 119 1.11762577 0.93543446
290 119 0.92896672 1.22966696
300 119 0.65164986 1.53176025
310 119 0.37333795 1.83395305
320 119 0.09502605 2.13614584
330 119 -0.23433126 2.44042821
340 119 -0.56259403 2.74560612
350 119 -0.89195134 3.04988849
360 119 -1.26777688 3.34173290
370 119 -1.64260739 3.63347780
380 119 -2.01753741 3.92422767
390 119 -2.37206916 4.28831178
400 119 -2.71376493 4.70035668
410 119 -3.05436616 5.11329711
420 119 -3.38810163 5.58484524
430 119 -3.72173760 6.05738840
440 119 -4.05547308 6.52893652
