1200 327 0.00000000 0.00000000
1210 327 0.00000000 0.27601630
1220 327 0.06184417 0.56670565
1230 327 0.18614118 0.87127462
1240 327 0.31787253 1.17272420
1250 327 0.47873259 1.46248969
1260 327 0.64038608 1.75286385
1270 327 0.77546506 2.00394684
1280 327 0.84872160 2.16475256
1290 327 0.92118471 2.32494962
1300 327 1.07349093 2.55521862
1310 327 1.22598193 2.78688972
1320 327 1.38609203 3.01684353
1330 327 1.61686101 3.24176502
1340 327 1.84762999 3.46668652
1350 327 2.04377057 3.60202635
1360 327 2.21696687 3.67691323
1370 327 2.39016316 3.75180011
1380 327 2.59350984 3.84981606
1390 327 2.82420273 3.97133062
1280 312 2.13825412 2.15956808
1290 312 2.01607656 2.21204324
1300 312 1.89389899 2.26451840
1310 312 1.77251486 2.31760223
1320 312 1.66771670 2.37206640
1330 312 1.59090602 2.42783484
1340 312 1.51409534 2.48360329
1350 312 1.43667600 2.54016516
1360 312 1.35986532 2.59593361
1370 312 1.22394944 2.67946128
1380 312 1.06371977 2.77332530
1390 312 0.90349011 2.86718933
1400 312 0.74294524 2.95324946
1410 312 0.59059555 2.96619435
1420 312 0.43745242 2.97853057
1430 312 0.28430929 2.99086680
1440 312 0.13293780 3.00582244
1450 312 -0.01666206 3.02339749
1460 312 -0.16626192 3.04097254
1470 312 -0.31525312 3.05775416
1280 315 1.46979361 2.08789840
1290 315 1.36472373 2.16736110
1300 315 1.29295623 2.25598630
1310 315 1.22478635 2.34485062
1320 315 1.15600780 2.43450836
1330 315 1.04955757 2.53055704
1340 315 0.90281623 2.63476827
1350 315 0.75668356 2.73818608
1360 315 0.58883478 2.83376739
1370 315 0.36901081 2.90838254
1380 315 0.14979550 2.98220427
1390 315 -0.04423652 3.05769981
1400 315 -0.13650281 3.13690165
1410 315 -0.22937775 3.21689693
1420 315 -0.32164404 3.29609877
1430 315 -0.27840747 3.44017722
1440 315 -0.20112942 3.59902653
1450 315 -0.15209971 3.74376798
1460 315 -0.14345892 3.86886928
1470 315 -0.13481812 3.99397059
1280 318 2.00221868 1.83087011
1290 318 1.81493627 1.89263820
1300 318 1.68541131 1.92183213
1310 318 1.55649501 1.95023262
1320 318 1.42697005 1.97942655
1330 318 1.29805376 2.00782705
1340 318 1.19028838 2.07765988
1350 318 1.10446737 2.18953370
1360 318 1.01925501 2.30061410
1370 318 0.93147758 2.40846642
1380 318 0.81408235 2.48099475
1390 318 0.69729577 2.55272964
1400 318 0.58069396 2.62586662
1410 318 0.45346234 2.68328715
1420 318 0.28566791 2.68186332
1430 318 0.11787347 2.68043949
1440 318 -0.05052962 2.67980909
1450 318 -0.19661882 2.72402387
1460 318 -0.34056684 2.77366224
1470 318 -0.48512352 2.82409404
