400 82 0.00000000 0.00000000
410 82 0.00000000 0.11627553
420 82 -0.00089443 0.23210386
430 82 0.00983870 0.36492629
440 82 0.06350433 0.56840848
450 82 0.11716996 0.77189067
460 82 0.17173002 0.97582007
470 82 0.22584287 1.17840782
480 82 0.24104813 1.39396478
490 82 0.19811562 1.62517421
500 82 0.15607754 1.85683085
510 82 0.11403947 2.08848749
520 82 0.07423746 2.34026875
530 82 0.04114365 2.62111888
540 82 0.00670820 2.90241623
550 82 -0.02772724 3.18371359
560 82 -0.06082105 3.46456372
570 82 -0.06663483 3.74899157
580 82 -0.06887089 4.03297220
590 82 -0.07155418 4.31784726
290 839 1.19674358 1.77007141
300 839 1.25175085 1.83894230
310 839 1.30720534 1.90691877
320 839 1.36131818 1.97534245
330 839 1.41677267 2.04331892
340 839 1.47088552 2.11174260
350 839 1.52634000 2.17971906
360 839 1.58090006 2.24724832
370 839 1.61533551 2.28570869
380 839 1.62875191 2.29241689
390 839 1.64127390 2.29867788
400 839 1.65469030 2.30538608
410 839 1.66810671 2.31209429
420 839 1.68152312 2.31880249
430 839 1.69493953 2.32551070
440 839 1.70835593 2.33221890
450 839 1.71014479 2.32864119
460 839 1.70075330 2.31388314
470 839 1.69046739 2.29867788
480 839 1.68062869 2.28481426
400 6 0.79067364 -1.69985888
410 6 0.77189067 -1.67347327
420 6 0.75355491 -1.64574603
430 6 0.73477194 -1.61936043
440 6 0.70078370 -1.54467576
450 6 0.60373835 -1.27903088
460 6 0.50624579 -1.01472765
470 6 0.41501422 -0.73387751
480 6 0.34703775 -0.39444239
490 6 0.27995571 -0.05456006
500 6 0.21197924 0.28487506
510 6 0.26296159 0.53173697
520 6 0.34569611 0.75534376
530 6 0.42753620 0.97850335
540 6 0.50937629 1.20166293
550 6 0.65561513 1.37428738
560 6 0.81840088 1.53394263
570 6 0.98118663 1.69359789
580 6 1.11579792 1.86488069
590 6 1.22268197 2.04689663
400 79 -0.44631917 0.36045416
410 79 -0.37923713 0.47449362
420 79 -0.31215509 0.58853309
430 79 -0.24552026 0.70123092
440 79 -0.17843822 0.81527038
450 79 -0.15428869 0.93691248
460 79 -0.13416408 1.05989622
470 79 -0.11493389 1.18243275
480 79 -0.09436207 1.30452206
490 79 -0.08944272 1.45344419
500 79 -0.12074767 1.66363458
510 79 -0.15160541 1.87293054
520 79 -0.18291036 2.08312093
530 79 -0.21376810 2.29241689
540 79 -0.20840154 2.54330372
550 79 -0.17933265 2.82281221
560 79 -0.14892213 3.10187350
570 79 -0.11940603 3.38048757
580 79 -0.11851160 3.70292857
590 79 -0.14579163 4.06830208
400 87 0.09346764 0.40115060
410 87 0.20840154 0.49327660
420 87 0.32199379 0.58584981
430 87 0.39131190 0.69988928
440 87 0.41680307 0.83450057
450 87 0.44184703 0.97000629
460 87 0.46689099 1.10551201
470 87 0.49193496 1.24101773
480 87 0.46733821 1.44673598
490 87 0.43692768 1.65960965
500 87 0.40606994 1.87337775
510 87 0.38236762 2.09966783
520 87 0.36716236 2.34697695
530 87 0.35106267 2.59383885
540 87 0.33630462 2.84025355
550 87 0.31260230 3.10232071
560 87 0.28442785 3.37109608
570 87 0.25759503 3.63942424
580 87 0.22807893 3.90417469
590 87 0.19096021 4.15282545
460 164 -2.07820158 -0.36939843
470 164 -1.84654494 -0.19543234
480 164 -1.61444108 -0.02236068
490 164 -1.38144280 0.15115820
500 164 -1.16946355 0.28845277
510 164 -0.95748431 0.42574734
520 164 -0.74550506 0.56304192
530 164 -0.54157566 0.71196404
540 164 -0.37208171 0.90739639
550 164 -0.20348219 1.10238151
560 164 -0.03398823 1.29781385
570 164 0.07736795 1.50219047
580 164 0.17396609 1.70925036
590 164 0.27056423 1.91631026
600 164 0.36716236 2.12337015
610 164 0.42887784 2.33087726
620 164 0.48254347 2.53883158
630 164 0.53620910 2.74678590
640 164 0.58898031 2.95429301
650 164 0.69899485 3.08309053
490 840 1.67123721 2.27005621
500 840 1.66050408 2.25574538
510 840 1.65111259 2.24098733
520 840 1.64127390 2.22712371
530 840 1.63188241 2.21236566
540 840 1.62159650 2.19716039
550 840 1.61175780 2.18329677
560 840 1.60236631 2.16853872
570 840 1.59252761 2.15467510
580 840 1.58313613 2.13991705
590 840 1.57240300 2.12560622
600 840 1.56301152 2.11084817
610 840 1.55362003 2.09609012
620 840 1.52678722 2.08714585
630 840 1.46194124 2.09161799
640 840 1.39709527 2.09609012
650 840 1.33224930 2.10056226
660 840 1.26650890 2.10458718
670 840 1.21552655 2.10592882
680 840 1.21686819 2.09206520
500 167 -1.79019602 -1.50889867
510 167 -1.55675053 -1.13279204
520 167 -1.32151617 -0.78262379
530 167 -1.07510148 -0.54202288
540 167 -0.82868679 -0.30142196
550 167 -0.63146560 -0.03622430
560 167 -0.44721360 0.23478714
570 167 -0.28621670 0.52771204
580 167 -0.18022708 0.87027766
590 167 -0.07513188 1.21239606
600 167 -0.02683282 1.56971972
610 167 -0.00357771 1.93464601
620 167 0.02012461 2.30091395
630 167 0.04740464 2.68462321
640 167 0.07468467 3.06833248
650 167 0.10151749 3.44622797
660 167 0.12745587 3.81249590
670 167 0.15294705 4.17742220
680 167 0.17799101 4.54100685
690 167 0.20079890 4.88446689
