310 168 0.00000000 0.00000000
320 168 0.00000000 0.28927841
330 168 0.00075706 0.57790348
340 168 0.02553250 0.84844216
350 168 0.07584043 1.09958775
360 168 0.12539131 1.35138670
370 168 0.16919686 1.60418123
380 168 0.15699063 1.87625476
390 168 0.14488810 2.14691789
400 168 0.13202852 2.41823437
410 168 0.15828696 2.67824686
420 168 0.18812327 2.93781341
430 168 0.21795958 3.19737996
440 168 0.24779588 3.45694651
450 168 0.31003005 3.64232156
460 168 0.37291756 3.82845367
470 168 0.44244228 4.02074593
480 168 0.58167839 4.26779513
490 168 0.72156784 4.51560138
500 168 0.86080395 4.76265058
130 127 -0.56564539 0.64402663
140 127 -0.45834046 0.91070743
150 127 -0.35103553 1.17738824
160 127 -0.24373060 1.44406904
170 127 -0.13522267 1.71367436
180 127 -0.01450851 2.00048457
190 127 0.10479524 2.28719106
200 127 0.22475234 2.57465461
210 127 0.35051700 2.87956157
220 127 0.48277367 3.21188848
230 127 0.61437699 3.54345833
240 127 0.74739072 3.87513188
250 127 0.87768734 4.20518762
260 127 0.98655823 4.51806959
270 127 1.09467207 4.83160491
280 127 1.20354297 5.14448689
290 127 1.31241387 5.45736886
300 127 1.43369841 5.78463490
310 127 1.55498295 6.11190093
320 127 1.67692084 6.43992403
200 139 0.26804973 -0.18377797
210 139 0.40227682 0.02532508
220 139 0.53791432 0.23453185
230 139 0.67289847 0.44298155
240 139 0.81631394 0.64283400
250 139 0.97766023 0.82060738
260 139 1.13890282 0.99979116
270 139 1.30024912 1.17756454
280 139 1.46025760 1.34460431
290 139 1.60244934 1.40681773
300 139 1.74529442 1.46978821
310 139 1.88824322 1.53134828
320 139 2.02860972 1.59909962
330 139 2.16167530 1.68900263
340 139 2.29474088 1.77890564
350 139 2.42791017 1.86739824
360 139 2.53542251 1.84197983
370 139 2.63654655 1.78773105
380 139 2.73767058 1.73348227
390 139 2.89252486 1.69098342
210 129 -0.89521371 0.95090400
220 129 -0.72318566 1.27268397
230 129 -0.55040056 1.59381060
240 129 -0.37837251 1.91559057
250 129 -0.20689411 2.23520308
260 129 -0.03857875 2.54961991
270 129 0.12973661 2.86403673
280 129 0.29805197 3.17845356
290 129 0.46636733 3.49287038
300 129 0.60874574 3.80325303
310 129 0.71173648 4.10932150
320 129 0.81331682 4.41528626
330 129 0.91630757 4.72135472
340 129 1.02232654 5.02480979
350 129 1.15181426 5.30801101
360 129 1.28336573 5.59207300
370 129 1.41426384 5.87537793
380 129 1.54440491 6.15933620
390 129 1.67271037 6.47790128
400 129 1.79631793 6.85071514
240 143 1.05428883 -1.06044899
250 143 1.13970136 -0.75638205
260 143 1.22576724 -0.45155806
270 143 1.30271733 -0.14811337
280 143 1.30058098 0.15093418
290 143 1.29768757 0.45063508
300 143 1.30569370 0.76602674
310 143 1.35612608 1.15047645
320 143 1.40590512 1.53416909
330 143 1.47759730 1.91876399
340 143 1.58475704 2.30313072
350 143 1.69191678 2.68749746
360 143 1.87960448 3.08558455
370 143 2.12264024 3.49270445
380 143 2.36567601 3.89982436
390 143 2.63762509 4.26085718
400 143 2.95359751 4.55351641
410 143 3.26881288 4.84682900
420 143 3.58742981 5.15173596
430 143 3.90741566 5.47659601
270 145 -0.13249520 -0.04944717
280 145 -0.01571151 0.26188957
290 145 0.10117589 0.57181591
300 145 0.21895516 0.88889799
310 145 0.34407683 1.26040515
320 145 0.46854516 1.63115525
330 145 0.60333227 2.00620916
340 145 0.77980931 2.39283669
350 145 0.95628636 2.77946423
360 145 1.13200635 3.16674512
370 145 1.34229166 3.47928486
380 145 1.55398737 3.79192830
390 145 1.76492603 4.10522510
400 145 1.94690988 4.38803224
410 145 2.12160318 4.66392216
420 145 2.29629648 4.93981209
430 145 2.57633466 5.19083324
440 145 2.88303573 5.43601573
450 145 3.18897975 5.68185156
460 145 3.48255160 5.98988008
320 170 -0.41118519 0.35617936
330 170 -0.43455023 0.56787507
340 170 -0.45791526 0.77957079
350 170 -0.48723304 0.99508289
360 170 -0.55832372 1.23872015
370 170 -0.63017146 1.48301077
380 170 -0.67770007 1.73405266
390 170 -0.63142631 2.01113521
400 170 -0.58298509 2.28766811
410 170 -0.54245665 2.56574624
420 170 -0.51190477 2.84450883
430 170 -0.48069954 3.12402848
440 170 -0.43315019 3.39340565
450 170 -0.36124023 3.64968471
460 170 -0.28791986 3.90606748
470 170 -0.21525284 4.16169319
480 170 -0.13885239 4.36654429
490 170 -0.06169489 4.57074203
500 170 0.01546261 4.77493978
510 170 0.10678640 4.99861357
410 493 0.15432538 0.09004820
420 493 0.24561805 0.40092864
430 493 0.33701443 0.71039867
440 493 0.41139261 1.08739189
450 493 0.48652784 1.46373176
460 493 0.57294631 1.84090128
470 493 0.76349631 2.21934639
480 493 0.95394260 2.59920190
490 493 1.18064461 2.98739540
500 493 1.41711577 3.37772526
510 493 1.64340296 3.77156038
520 493 1.86167366 4.16835114
530 493 2.08059770 4.56589895
540 493 2.32538610 4.97811083
550 493 2.57550501 5.39496876
560 493 2.82638097 5.81117334
570 493 2.97360246 6.23889969
580 493 3.11009035 6.66796386
590 493 3.24657824 7.09702802
600 493 3.39555237 7.52984635
440 494 -0.08347322 0.04562041
450 494 0.05978669 0.19937540
460 494 0.20369996 0.35388745
470 494 0.34695987 0.50764244
480 494 0.45535372 0.61487478
490 494 0.54064179 0.68921147
500 494 0.62592987 0.76354816
510 494 0.65296611 0.86834340
520 494 0.64167249 0.99300877
530 494 0.62962182 1.11832749
540 494 0.69281008 1.23287112
550 494 0.78754580 1.34264426
560 494 0.88162818 1.45166034
570 494 0.98265888 1.56260537
580 494 1.08933120 1.67396521
590 494 1.19600352 1.78532506
600 494 1.28231829 1.87462658
610 494 1.34837922 1.94045935
620 494 1.41444015 2.00629212
630 494 1.48029366 2.07494571
450 497 -0.07675305 0.01208179
460 497 0.10435967 0.13316929
470 497 0.28547239 0.25425679
480 497 0.46648140 0.37675469
490 497 0.57105886 0.47803429
500 497 0.64285474 0.57194036
510 497 0.71465063 0.66584644
520 497 0.77550550 0.76391113
530 497 0.81351387 0.87376724
540 497 0.85152223 0.98362335
550 497 0.89028766 1.09282610
560 497 0.96321394 1.20028659
570 497 1.08905119 1.30171137
580 497 1.21554179 1.40389321
590 497 1.33680559 1.50001860
600 497 1.41301937 1.55312661
610 497 1.48933685 1.60482421
620 497 1.56565433 1.65652181
630 497 1.64895125 1.71936784
640 497 1.79145411 1.87377618
470 500 -0.27962335 0.32189405
480 500 -0.14970007 0.44488975
490 500 -0.01977680 0.56788544
500 500 0.07194108 0.65120310
510 500 0.12545354 0.69484272
520 500 0.17961935 0.73923940
530 500 0.23313181 0.78287902
540 500 0.32027623 0.86089728
550 500 0.44105261 0.97329420
560 500 0.56107194 1.08634446
570 500 0.65749808 1.18277059
580 500 0.74773295 1.27661444
590 500 0.83796782 1.37045829
600 500 0.92070472 1.46020575
610 500 0.99126650 1.54196781
620 500 1.06182828 1.62372987
630 500 1.13239006 1.70549194
640 500 1.27969452 1.80424110
650 500 1.43535771 1.90502290
660 500 1.59036755 2.00504765
480 503 -0.49025089 0.67934900
490 503 -0.36144764 0.85614754
500 503 -0.23123398 1.03304978
510 503 -0.17102209 1.10128854
520 503 -0.12803582 1.14344516
530 503 -0.08363915 1.18570548
540 503 -0.03989582 1.22720875
550 503 0.03437865 1.31633397
560 503 0.13045218 1.43684071
570 503 0.22511531 1.55724375
580 503 0.32118885 1.67775050
590 503 0.42235436 1.79650460
600 503 0.52427694 1.91460536
610 503 0.62619951 2.03270612
620 503 0.71348912 2.08946459
630 503 0.79834163 2.13115453
640 503 0.88309044 2.17425488
650 503 0.96653254 2.21584111
660 503 1.05578220 2.27487075
670 503 1.16358492 2.39978502
