2940 611 0.00000000 0.00000000
2950 611 0.00000000 0.28927668
2960 611 -0.00000000 0.57855337
2970 611 0.00447668 0.92045095
2980 611 0.01027044 1.26286362
2990 611 0.01514813 1.60567728
3000 611 0.03520505 1.97568636
3010 611 0.07725821 2.38846419
3020 611 0.11982646 2.79992493
3030 611 0.16548862 3.22094746
3040 611 0.23016718 3.67294379
3050 611 0.29392967 4.12534112
3060 611 0.35769215 4.57773845
3070 611 0.47407900 5.04312335
3080 611 0.59533315 5.50965248
3090 611 0.71750338 5.97578061
3100 611 0.84385301 6.43898766
3110 611 1.01079353 6.87023569
3120 611 1.17773405 7.30148372
3130 611 1.34467457 7.73273175
2970 615 0.49095903 0.93455510
2980 615 0.48163578 1.27485214
2990 615 0.47735268 1.62167581
3000 615 0.47266858 1.96758339
3010 615 0.48253803 2.36170088
3020 615 0.49899632 2.77585801
3030 615 0.51545461 3.19001513
3040 615 0.57634787 3.61092012
3050 615 0.65630938 4.03548597
3060 615 0.73627088 4.46005181
3070 615 0.81714847 4.88421666
3080 615 0.98677500 5.28918189
3090 615 1.15640153 5.69414713
3100 615 1.32602806 6.09911236
3110 615 1.47728118 6.53941055
3120 615 1.61016088 7.01504169
3130 615 1.74172350 7.49015776
3140 615 1.87470691 7.91116300
3150 615 2.00572681 8.24788215
3160 615 2.13714770 8.58551738
