3250 265 0.00000000 0.00000000
3260 265 0.00000000 0.18122086
3270 265 0.00033109 0.36149812
3280 265 -0.06274112 0.51105044
3290 265 -0.13241853 0.65828515
3300 265 -0.20176485 0.80457625
3310 265 -0.28304689 0.94561962
3320 265 -0.41334646 1.06628453
3330 265 -0.54364602 1.18694945
3340 265 -0.67394559 1.30761437
3350 265 -0.79585209 1.43758285
3360 265 -0.90280998 1.58233440
3370 265 -1.01071146 1.72675486
3380 265 -1.11894403 1.87211892
3390 265 -1.22585226 2.01370858
3400 265 -1.32882054 2.12594731
3410 265 -1.43084522 2.23851714
3420 265 -1.53381349 2.35075587
3430 265 -1.63583817 2.46332569
3440 265 -1.73880645 2.57556443
3060 784 -0.16274617 0.09232381
3070 784 -0.17916812 0.09080081
3080 784 -0.19559007 0.08927780
3090 784 -0.21234310 0.08869840
3100 784 -0.22937757 0.08590071
3110 784 -0.24579952 0.08437770
3120 784 -0.26222147 0.08285470
3130 784 -0.27864342 0.08133170
3140 784 -0.29539646 0.08075229
3150 784 -0.31243092 0.07795460
3160 784 -0.32885287 0.07643160
3170 784 -0.34527482 0.07490860
3180 784 -0.36202786 0.07432919
3190 784 -0.37906232 0.07153150
3200 784 -0.39548427 0.07000850
3210 784 -0.41190622 0.06848549
3220 784 -0.42865926 0.06790609
3230 784 -0.44602481 0.06605200
3240 784 -0.46211568 0.06358540
3250 784 -0.48194783 0.07782217
3130 404 -0.37108311 -0.35593585
3140 404 -0.49555553 -0.20355273
3150 404 -0.59623931 -0.05553996
3160 404 -0.59610687 0.07697789
3170 404 -0.59536193 0.21077044
3180 404 -0.59556058 0.34423190
3190 404 -0.55884295 0.46309238
3200 404 -0.46708199 0.56099502
3210 404 -0.38651180 0.66662856
3220 404 -0.40821460 0.84023440
3230 404 -0.42864271 1.01322773
3240 404 -0.46363868 1.16733250
3250 404 -0.52955824 1.27667422
3260 404 -0.59580889 1.38695954
3270 404 -0.66267206 1.49597017
3280 404 -0.73708402 1.60233210
3290 404 -0.83447347 1.70169152
3300 404 -0.93091932 1.80138203
3310 404 -1.02830877 1.90074145
3320 404 -1.13117773 2.00665641
3250 270 0.10111419 -0.69894272
3260 270 -0.00652243 -0.53111435
3270 270 -0.11321544 -0.36295491
3280 270 -0.07778906 -0.16188534
3290 270 -0.02599039 0.04386912
3300 270 0.01316074 0.24942493
3310 270 0.00294668 0.45673550
3320 270 -0.00821098 0.66371498
3330 270 -0.01842503 0.87102556
3340 270 -0.09157886 1.05837154
3350 270 -0.20535715 1.23464264
3360 270 -0.32007905 1.41058265
3370 270 -0.43620806 1.57543122
3380 270 -0.56084603 1.69808266
3390 270 -0.68548400 1.82073411
3400 270 -0.81012197 1.94338555
3410 270 -0.93277341 2.06037539
3420 270 -1.04481350 2.12598042
3430 270 -1.15590998 2.19191654
3440 270 -1.26761897 2.25657797
3310 641 -0.03852206 -0.40669159
3320 641 -0.14372518 -0.39379573
3330 641 -0.22156390 -0.37129832
3340 641 -0.29973371 -0.34785731
3350 641 -0.37884712 -0.32474738
3360 641 -0.39480554 -0.25510308
3370 641 -0.38609794 -0.16514655
3380 641 -0.37644673 -0.07485893
3390 641 -0.36646444 0.01448509
3400 641 -0.47203175 0.01029683
3410 641 -0.58976654 -0.00451935
3420 641 -0.70717025 -0.02027912
3430 641 -0.71730153 -0.03973053
3440 641 -0.72837641 -0.05951302
3450 641 -0.73850770 -0.07896442
3460 641 -0.74830789 -0.09935942
3470 641 -0.75843918 -0.11881083
3480 641 -0.76951406 -0.13859332
3490 641 -0.77964535 -0.15804472
3500 641 -0.78977663 -0.17749612
3350 827 -0.96603117 2.34544191
3360 827 -0.72044686 2.23449442
3370 827 -0.47519364 2.12449053
3380 827 -0.31117279 1.97114725
3390 827 -0.16786147 1.80735816
3400 827 -0.05762582 1.63514289
3410 827 -0.08124892 1.42761711
3420 827 -0.10425952 1.22136602
3430 827 -0.10517001 0.99743484
3440 827 -0.07373323 0.74776160
3450 827 -0.04135286 0.49841944
3460 827 -0.03814130 0.25367941
3470 827 -0.14816175 0.02961580
3480 827 -0.25851329 -0.19350421
3490 827 -0.42649064 -0.41246907
3500 827 -0.63184779 -0.62759331
3510 827 -0.82780205 -0.85743440
3520 827 -0.99980212 -1.12232113
3530 827 -1.16364088 -1.38328447
3540 827 -1.29139107 -1.62628629
