3920 430 0.00000000 0.00000000
3930 430 -0.00000000 0.14698639
3940 430 -0.00705507 0.27899861
3950 430 -0.01270186 0.41088157
3960 430 -0.01834864 0.54276452
3970 430 -0.02476420 0.67400796
3980 430 0.07919100 0.80861226
3990 430 0.18378572 0.94244778
4000 430 0.36804087 0.95393864
4010 430 0.58643523 0.91188032
4020 430 0.78205198 0.88469413
4030 430 0.95348281 0.87250933
4040 430 1.11173555 0.87147522
4050 430 1.21906522 0.91132925
4060 430 1.32498658 0.95131254
4070 430 1.43167673 0.99193535
4080 430 1.53836688 1.03255816
4090 430 1.64492776 1.07177267
4100 430 1.74853599 1.10202717
4110 430 1.85278374 1.13151289
3730 468 -0.63860333 -2.15328094
3740 468 -0.45985889 -1.85370219
3750 468 -0.34897788 -1.55854562
3760 468 -0.25525492 -1.26465447
3770 468 -0.16076318 -0.97012381
3780 468 -0.06425084 -0.70773217
3790 468 0.03300305 -0.47594201
3800 468 0.13089647 -0.24492063
3810 468 0.25728232 -0.08255186
3820 468 0.42595779 -0.02418591
3830 468 0.59463327 0.03418003
3840 468 0.80447582 0.02273000
3850 468 1.07568460 -0.09376378
3860 468 1.31080840 -0.18564303
3870 468 1.53799950 -0.27111353
3880 468 1.62627297 -0.20678785
3890 468 1.68039363 -0.10453348
3900 468 1.73515380 -0.00304790
3910 468 1.85791346 0.11207840
3920 468 1.98848337 0.22719790
3780 441 0.96539548 1.76043505
3790 441 0.93283464 1.86212474
3800 441 0.90486607 1.94422077
3810 441 0.89565433 1.95216708
3820 441 0.88721137 1.96075291
3830 441 0.87736012 1.96946800
3840 441 0.86814838 1.97741432
3850 441 0.85829713 1.98612941
3860 441 0.84985417 1.99471524
3870 441 0.84000292 2.00343033
3880 441 0.83079118 2.01137665
3890 441 0.82093993 2.02009174
3900 441 0.81172819 2.02803805
3910 441 0.80264572 2.03739266
3920 441 0.79343398 2.04533897
3930 441 0.78358273 2.05405407
3940 441 0.74955237 2.08558079
3950 441 0.70426246 2.12595188
3960 441 0.65974134 2.16696248
3970 441 0.61445143 2.20733356
3910 644 0.48362980 1.95022133
3920 644 0.38507646 1.99051077
3930 644 0.28729190 2.03143973
3940 644 0.26360943 2.03645380
3950 644 0.26027579 2.03107915
3960 644 0.25566312 2.02724206
3970 644 0.25092118 2.02199668
3980 644 0.24694803 2.01739081
3990 644 0.24297487 2.01278494
4000 644 0.23900171 2.00817907
4010 644 0.23425978 2.00293369
4020 644 0.23028662 1.99832782
4030 644 0.22631346 1.99372195
4040 644 0.22234031 1.98911608
4050 644 0.21836715 1.98451021
4060 644 0.21362521 1.97926483
4070 644 0.20901254 1.97542774
4080 644 0.20503939 1.97082187
4090 644 0.20106623 1.96621600
4100 644 0.19709307 1.96161013
3940 436 0.18149979 -0.21193118
3950 436 0.18453409 -0.10924821
3960 436 0.21431916 -0.01683149
3970 436 0.36147563 0.03143828
3980 436 0.50722382 0.07983732
3990 436 0.64312075 0.13695145
4000 436 0.73987120 0.23174254
4010 436 0.83585288 0.32589411
4020 436 0.93260333 0.42068520
4030 436 1.03459236 0.50292410
4040 436 1.14756880 0.55788157
4050 436 1.25977647 0.61219952
4060 436 1.37275291 0.66715699
4070 436 1.48572935 0.72211446
4080 436 1.59971269 0.75709729
4090 436 1.71443760 0.76147864
4100 436 1.82993128 0.76649952
4110 436 1.94542496 0.77152039
4120 436 2.07566831 0.80572083
4130 436 2.22002181 0.86986963
3960 688 0.30596710 -1.22314723
3970 688 0.28277447 -1.09675457
3980 688 0.36473444 -1.07800454
3990 688 0.47125450 -1.08565151
4000 688 0.57777457 -1.09329847
4010 688 0.68583899 -1.09185616
4020 688 0.79429801 -1.07837872
4030 688 0.90288629 -1.06349299
4040 688 1.01147457 -1.04860726
4050 688 1.09261814 -0.93818207
4060 688 1.16674064 -0.80367983
4070 688 1.24163193 -0.66853807
4080 688 1.31445500 -0.55592901
4090 688 1.38612149 -0.44818434
4100 688 1.45855677 -0.33980016
4110 688 1.53163156 -0.23218476
4120 688 1.60815565 -0.13340691
4130 688 1.70641645 -0.06857778
4140 688 1.80467724 -0.00374865
4150 688 1.90293804 0.06108048
4080 709 0.16197418 -0.28540737
4090 709 0.16545749 -0.10820729
4100 709 0.16817203 0.06835327
4110 709 0.12671241 0.24328782
4120 709 0.08461327 0.41899116
4130 709 0.04238488 0.59328621
4140 709 -0.08897422 0.89505563
4150 709 -0.21969380 1.19605628
4160 709 -0.33187426 1.46695211
4170 709 -0.41567113 1.69121776
4180 709 -0.49869922 1.91612293
4190 709 -0.50433239 2.06362638
4200 709 -0.47529569 2.17883432
4210 709 -0.44766729 2.29417153
4220 709 -0.42854987 2.33999210
4230 709 -0.41496358 2.35649702
4240 709 -0.40060851 2.37364147
4250 709 -0.38702222 2.39014640
4260 709 -0.37266715 2.40729084
4270 709 -0.35767256 2.42366651
4090 712 0.29391156 -0.51125140
4100 712 0.23890647 -0.30596029
4110 712 0.12029005 -0.07423816
4120 712 -0.01560689 0.16262049
4130 712 -0.14508826 0.41522211
4140 712 -0.25994243 0.70340524
4150 712 -0.37492586 0.99018008
4160 712 -0.47537053 1.21100324
4170 712 -0.57391026 1.41389958
4180 712 -0.64505971 1.60576087
4190 712 -0.61164165 1.75323030
4200 712 -0.57899237 1.90006022
4210 712 -0.54634309 2.04689014
4220 712 -0.56132406 2.19312136
4230 712 -0.57630504 2.33935258
4240 712 -0.59205480 2.48494429
4250 712 -0.59540885 2.60312529
4260 712 -0.55507178 2.60936397
4270 712 -0.51473472 2.61560264
4280 712 -0.47439765 2.62184131
4110 645 0.19235114 1.95636475
4120 645 0.18837798 1.95175888
4130 645 0.18440482 1.94715301
4140 645 0.18043167 1.94254715
4150 645 0.17645851 1.93794128
4160 645 0.17171657 1.93269589
4170 645 0.16774342 1.92809003
4180 645 0.16377026 1.92348416
4190 645 0.15915759 1.91964707
4200 645 0.15441565 1.91440168
4210 645 0.15044250 1.90979582
4220 645 0.14646934 1.90518995
4230 645 0.14249618 1.90058408
4240 645 0.13852303 1.89597821
4250 645 0.13378109 1.89073283
4260 645 0.12980793 1.88612696
4270 645 0.12583478 1.88152109
4280 645 0.12186162 1.87691522
4290 645 0.11724895 1.87307813
4300 645 0.11314653 1.86706397
