3440 293 0.00000000 0.00000000
3450 293 -0.00000000 0.45113634
3460 293 0.00106841 0.90134614
3470 293 0.01431496 1.33537900
3480 293 0.02984020 1.76556381
3490 293 0.04536544 2.19574861
3500 293 0.03431335 2.61903085
3510 293 0.01143335 3.03946694
3520 293 -0.01044917 3.45997396
3530 293 -0.04930217 3.83716813
3540 293 -0.10505472 4.17005198
3550 293 -0.16087819 4.50393330
3560 293 -0.28234037 4.77399800
3570 293 -0.46944123 4.98024607
3580 293 -0.65554461 5.18656507
3590 293 -0.53200768 5.39485244
3600 293 -0.40106279 5.59765144
3610 293 -0.20679779 5.74179412
3620 293 -0.01153532 5.88600772
3630 293 0.02086731 5.83918818
3420 289 1.38942918 0.35344526
3430 289 1.28349668 0.84216226
3440 289 1.17756418 1.33087925
3450 289 1.07170262 1.81859877
3460 289 0.97852901 2.32526600
3470 289 0.89355248 2.84354391
3480 289 0.80850502 3.36281930
3490 289 0.72103258 3.87390204
3500 289 0.60682320 4.32393450
3510 289 0.49361131 4.77403790
3520 289 0.37940193 5.22407036
3530 289 0.26383598 5.66498363
3540 289 0.14776907 6.09884360
3550 289 0.03269965 6.53277450
3560 289 -0.12305814 6.94676908
3570 289 -0.31850682 7.34089827
3580 289 -0.51395549 7.73502746
3590 289 -0.71717565 8.11156108
3600 289 -0.92716982 8.47057006
3610 289 -1.13716398 8.82957904
3420 291 1.95380402 0.43869221
3430 291 1.85770003 0.91607783
3440 291 1.76159605 1.39346344
3450 291 1.66080169 1.90861147
3460 291 1.55687745 2.43957734
3470 291 1.45295321 2.97054321
3480 291 1.34096490 3.45983210
3490 291 1.22776187 3.93800683
3500 291 1.11356136 4.41611063
3510 291 1.01011592 4.88395146
3520 291 0.95090100 5.30781888
3530 291 0.89061767 5.73261286
3540 291 0.83033435 6.15740683
3550 291 0.59002119 6.61852242
3560 291 0.34970803 7.07963801
3570 291 0.10939487 7.54075359
3580 291 -0.11198388 7.94707422
3590 291 -0.33336263 8.35339484
3600 291 -0.55467045 8.75871798
3610 291 -0.76914663 9.13846127
3450 296 -0.90527400 -0.02828413
3460 296 -0.93972035 0.31513755
3470 296 -0.97324015 0.65962764
3480 296 -0.97733203 1.01322806
3490 296 -0.91195047 1.39081679
3500 296 -0.84763732 1.76933207
3510 296 -0.77193072 2.12860705
3520 296 -0.69166673 2.48018591
3530 296 -0.60228355 2.83040819
3540 296 -0.47913231 3.17100145
3550 296 -0.35605201 3.51259220
3560 296 -0.24490601 3.74004894
3570 296 -0.13927054 3.88991937
3580 296 -0.03370600 4.04078729
3590 296 -0.00430025 4.20528745
3600 296 -0.05005582 4.38349078
3610 296 -0.09588232 4.56269159
3620 296 -0.13153008 4.71153795
3630 296 -0.15977431 4.84086027
3640 296 -0.18894510 4.96911418
3480 299 -0.21663517 -0.13971829
3490 299 -0.30862954 0.26577775
3500 299 -0.39969735 0.67234220
3510 299 -0.41958491 1.09299108
3520 299 -0.36722380 1.52679785
3530 299 -0.31486268 1.96060462
3540 299 -0.24437402 2.26637471
3550 299 -0.17082641 2.55732445
3560 299 -0.09934469 2.84912980
3570 299 -0.04759980 3.13652407
3580 299 0.00507164 3.42498676
3590 299 -0.15472928 3.67026959
3600 299 -0.36682924 3.90381318
3610 299 -0.49804899 4.18421178
3620 299 -0.57532496 4.49551456
3630 299 -0.65260094 4.80681735
3640 299 -0.67527701 4.97062149
3650 299 -0.69688467 5.13349908
3660 299 -0.71962724 5.31233636
3670 299 -0.74179792 5.49722947
3490 302 0.64654955 0.17028998
3500 302 0.57942129 0.57855680
3510 302 0.51122461 0.98775017
3520 302 0.48848647 1.40619130
3530 302 0.47657876 1.82740764
3540 302 0.46680345 2.23273522
3550 302 0.47956677 2.49028928
3560 302 0.49233010 2.74784335
3570 302 0.49622249 2.89047872
3580 302 0.49718451 3.00383248
3590 302 0.45944869 3.08335611
3600 302 0.26521029 3.02342744
3610 302 0.07196937 2.96356971
3620 302 0.17557885 3.01504860
3630 302 0.31239336 3.07891399
3640 302 0.44920788 3.14277939
3650 302 0.58502491 3.20657385
3660 302 0.62569111 3.38190000
3670 302 0.66642824 3.55622868
3680 302 0.72055822 3.72549458
