2310 594 0.00000000 0.00000000
2320 594 0.00000000 0.20227209
2330 594 0.00149798 0.40838555
2340 594 0.00323327 0.61310484
2350 594 0.00857261 0.81772031
2360 594 0.02961852 1.01855375
2370 594 0.05008600 1.21857146
2380 594 0.07113191 1.41940489
2390 594 0.09667176 1.56433838
2400 594 0.12376893 1.69590868
2410 594 0.14947193 1.82724168
2420 594 0.15966117 1.94015394
2430 594 0.12895995 2.01095955
2440 594 0.09825873 2.08176517
2450 594 0.06837325 2.15199236
2460 594 0.03709360 2.22198224
2470 594 0.00145349 2.34287385
2480 594 -0.04051968 2.51361416
2490 594 -0.08167711 2.68377604
2500 594 -0.08755039 2.83627360
2120 774 2.82283625 1.69196350
2130 774 2.60687468 1.71760718
2140 774 2.39033467 1.74243512
2150 774 2.17518883 1.76750037
2160 774 1.97018774 1.68239718
2170 774 1.76674396 1.58393080
2180 774 1.56469434 1.48570173
2190 774 1.36418719 1.41212262
2200 774 1.16391735 1.33714936
2210 774 0.96422594 1.26299182
2220 774 0.76453453 1.18883428
2230 774 0.62001632 1.09394230
2240 774 0.49004783 0.99363682
2250 774 0.36089506 0.89275291
2260 774 0.23034814 0.79163169
2270 774 0.08636387 0.67674684
2280 774 -0.07823620 0.53970371
2290 774 -0.24423043 0.40242328
2300 774 -0.40883049 0.26538016
2310 774 -0.53955540 0.08102452
2180 325 1.33894397 0.30465399
2190 325 1.34067925 0.30710119
2200 325 1.34159881 0.31012681
2210 325 1.34391252 0.31338975
2220 325 1.34564781 0.31583694
2230 325 1.34656736 0.31886257
2240 325 1.34830265 0.32130977
2250 325 1.34922220 0.32433540
2260 325 1.35095749 0.32678260
2270 325 1.35269277 0.32922979
2280 325 1.35419076 0.33307116
2290 325 1.35592604 0.33551835
2300 325 1.35684560 0.33854398
2310 325 1.35858088 0.34099118
2320 325 1.35950044 0.34401681
2330 325 1.36123572 0.34646401
2340 325 1.36354944 0.34972694
2350 325 1.36446899 0.35275257
2360 325 1.36620428 0.35519976
2370 325 1.36712383 0.35822539
2270 790 -2.29634741 0.90381721
2280 790 -2.04849810 0.93524518
2290 790 -1.79983305 0.96609471
2300 790 -1.55198374 0.99752267
2310 790 -1.30413442 1.02895064
2320 790 -1.08962633 1.02027421
2330 790 -0.88923784 0.99341435
2340 790 -0.68966508 0.96713292
2350 790 -0.51048564 0.95531220
2360 790 -0.36532968 0.96639134
2370 790 -0.21877956 0.97770778
2380 790 -0.07626361 0.94530094
2390 790 0.06205503 0.88277130
2400 790 0.19356600 0.80545466
2410 790 0.29624452 0.66154454
2420 790 0.39950148 0.51845016
2430 790 0.51802005 0.36575980
2440 790 0.67321694 0.19564241
2450 790 0.82841383 0.02552502
2460 790 0.98942467 -0.14503731
2340 598 -0.31715695 -0.26055992
2350 598 -0.40309070 -0.08439128
2360 598 -0.47153811 0.11125113
2370 598 -0.51253239 0.33523656
2380 598 -0.55434241 0.55980040
2390 598 -0.59615243 0.78436425
2400 598 -0.56089794 0.97757430
2410 598 -0.50643664 1.16329443
2420 598 -0.45197535 1.34901456
2430 598 -0.37170723 1.46739965
2440 598 -0.28440898 1.56976671
2450 598 -0.19687343 1.67073961
2460 598 -0.16243467 1.79710405
2470 598 -0.20740380 1.96016164
2480 598 -0.25155719 2.12264080
2490 598 -0.30624096 2.30484587
2500 598 -0.36982363 2.50561998
2510 598 -0.43282787 2.70720982
2520 598 -0.47060372 2.90807293
2530 598 -0.48233544 3.10763085
2460 781 0.35396875 3.60933624
2470 781 0.36703531 3.49464420
2480 781 0.37870770 3.37971485
2490 781 0.39119583 3.26420707
2500 781 0.32965991 3.14112040
2510 781 0.25975902 3.01660989
2520 781 0.18985812 2.89209939
2530 781 0.11995723 2.76758889
2540 781 0.06832875 2.60315197
2550 781 0.02675604 2.42177747
2560 781 -0.01621084 2.24016567
2570 781 -0.03884372 2.06129769
2580 781 0.11214103 1.89907066
2590 781 0.26312577 1.73684364
2600 781 0.41468894 1.57543235
2610 781 0.61924508 1.45244949
2620 781 0.83006013 1.33483564
2630 781 1.03761224 1.21953550
2640 781 1.21029547 1.13631592
2650 781 1.38379444 1.05251790
2480 786 0.28150200 3.85809028
2490 786 0.30797625 3.76576415
2500 786 0.33421318 3.67483218
2510 786 0.35269324 3.57468984
2520 786 0.34130264 3.43933751
2530 786 0.32967474 3.30537934
2540 786 0.31828414 3.17002700
2550 786 0.30607781 3.03525310
2560 786 0.20320648 2.93166985
2570 786 0.08904837 2.83118639
2580 786 -0.02510974 2.73070293
2590 786 -0.13868942 2.63103520
2600 786 -0.13904538 2.46456637
2610 786 -0.08943399 2.27002149
2620 786 -0.03982260 2.07547661
2630 786 0.02769042 1.91482173
2640 786 0.12059498 1.80726364
2650 786 0.21349954 1.69970555
2660 786 0.30640411 1.59214746
2670 786 0.37608253 1.54519091
2480 803 2.38361600 1.43214516
2490 803 2.31798658 1.48481184
2500 803 2.25259447 1.53608436
2510 803 2.18696505 1.58875104
2520 803 2.12157293 1.64002356
2530 803 2.05675925 1.69211181
2540 803 1.93603078 1.84514331
2550 803 1.80956252 2.01082607
2560 803 1.68333156 2.17511468
2570 803 1.55288846 2.34729364
2580 803 1.41799590 2.52875713
2590 803 1.28228761 2.71079905
2600 803 1.14681662 2.89144681
2610 803 1.00873529 3.08743034
2620 803 0.86414293 3.31745218
2630 803 0.71978787 3.54607987
2640 803 0.57543281 3.77470755
2650 803 0.49764156 3.98310506
2660 803 0.46302482 4.17805038
2670 803 0.42922382 4.37241729
