2460 781 0.00000000 0.00000000
2470 781 -0.00000000 0.11543396
2480 781 0.00141206 0.23094589
2490 781 0.00207911 0.34712487
2500 781 0.07715234 0.46245488
2510 781 0.16069794 0.57825269
2520 781 0.24424354 0.69405050
2530 781 0.32778914 0.80984831
2540 781 0.39769924 0.96738426
2550 781 0.45953546 1.14288720
2560 781 0.52278375 1.31846811
2570 781 0.56551814 1.49362453
2580 781 0.43386711 1.67189962
2590 781 0.30221608 1.85017471
2600 781 0.16989800 2.02770478
2610 781 -0.01942236 2.17305195
2620 781 -0.21556914 2.31377310
2630 781 -0.40873586 2.45182605
2640 781 -0.57088917 2.55405766
2650 781 -0.73378750 2.65695632
2270 790 2.93953347 2.38812730
2280 790 2.68971964 2.38495665
2290 790 2.43916080 2.38245306
2300 790 2.18934698 2.37928241
2310 790 1.93953315 2.37611177
2320 790 1.72738589 2.40901370
2330 790 1.53132574 2.45838392
2340 790 1.33601061 2.50708709
2350 790 1.15932084 2.53911406
2360 790 1.01384373 2.54453707
2370 790 0.86695455 2.54988212
2380 790 0.72902287 2.59821278
2390 790 0.59867129 2.67599751
2400 790 0.47675743 2.76770362
2410 790 0.39102876 2.92231150
2420 790 0.30463305 3.07617436
2430 790 0.20416002 3.24129907
2440 790 0.06921706 3.42789060
2450 790 -0.06572589 3.61448214
2460 790 -0.20639506 3.80217386
2290 849 -0.95599247 0.56333507
2300 849 -0.95885125 0.57663272
2310 849 -0.96178799 0.59134242
2320 849 -0.96397972 0.60538509
2330 849 -0.96683850 0.61868273
2340 849 -0.96977524 0.63339244
2350 849 -0.97196697 0.64743510
2360 849 -0.97490371 0.66214481
2370 849 -0.97776249 0.67544246
2380 849 -0.98069924 0.69015216
2390 849 -0.98289096 0.70419483
2400 849 -0.98649476 0.71815952
2410 849 -0.98868649 0.73220218
2420 849 -0.98354935 0.72894491
2430 849 -0.97684422 0.72294147
2440 849 -0.97088410 0.71760509
2450 849 -0.96492398 0.71226871
2460 849 -0.95821885 0.70626527
2470 849 -0.95225873 0.70092889
2480 849 -0.94629861 0.69559250
2310 594 0.76025285 3.54607073
2320 594 0.73735664 3.34509868
2330 594 0.71253726 3.14047953
2340 594 0.68763991 2.93727244
2350 594 0.65917341 2.73457646
2360 594 0.61552941 2.53741612
2370 594 0.57255246 2.34100079
2380 594 0.52890846 2.14384044
2390 594 0.48712700 2.00272946
2400 594 0.44531088 1.87507206
2410 594 0.40490683 1.74749262
2420 594 0.38200196 1.63645944
2430 594 0.40449100 1.56263368
2440 594 0.42698005 1.48880792
2450 594 0.44872409 1.41564921
2460 594 0.47188018 1.34256847
2470 594 0.49360689 1.21841957
2480 594 0.51598332 1.04402548
2490 594 0.53761474 0.87029845
2500 594 0.52618829 0.71811620
2310 788 1.42733555 -1.49406634
2320 788 1.21275399 -1.23751273
2330 788 0.99750538 -0.98170414
2340 788 0.78366884 -0.72581758
2350 788 0.62738034 -0.44763255
2360 788 0.47175890 -0.16870251
2370 788 0.31621543 0.10881546
2380 788 0.34814710 0.35136106
2390 788 0.38007878 0.59390666
2400 788 0.44565740 0.81706455
2410 788 0.56021640 1.01247498
2420 788 0.67410836 1.20714039
2430 788 0.79372653 1.40070560
2440 788 0.91840388 1.59242561
2450 788 1.04241417 1.78340060
2460 788 1.16642447 1.97437559
2470 788 1.05258449 2.27898264
2480 788 0.93874451 2.58358970
2490 788 0.82490453 2.88819676
2500 788 0.68611522 3.18292804
2340 598 1.10486546 3.76905536
2350 598 1.17030548 3.58429171
2360 598 1.21616720 3.38215883
2370 598 1.23154395 3.15497266
2380 598 1.24766572 2.92711944
2390 598 1.26378750 2.69926623
2400 598 1.20688916 2.51128862
2410 598 1.13175530 2.33292691
2420 598 1.05662143 2.15456519
2430 598 0.96346860 2.04602694
2440 598 0.86514399 1.95419955
2450 598 0.76674141 1.86378422
2460 598 0.71822016 1.74213025
2470 598 0.74444295 1.57503038
2480 598 0.76992072 1.40859756
2490 598 0.80362830 1.22137364
2500 598 0.84407567 1.01469270
2510 598 0.88385599 0.80726674
2520 598 0.89865233 0.60341859
2530 598 0.88771967 0.40381529
2480 786 0.04384325 -0.25535812
2490 786 0.02799003 -0.16062863
2500 786 0.01221478 -0.06731121
2510 786 0.00518911 0.03427934
2520 786 0.03182772 0.16747237
2530 786 0.05854429 0.29925335
2540 786 0.08518290 0.43244638
2550 786 0.11256652 0.56497237
2560 786 0.22650179 0.65624533
2570 786 0.35130042 0.74316083
2580 786 0.47609905 0.83007632
2590 786 0.60023062 0.91624680
2600 786 0.61942775 1.08160541
2610 786 0.59215674 1.28051567
2620 786 0.56488574 1.47942594
2630 786 0.51599198 1.64669040
2640 786 0.43585959 1.76407353
2650 786 0.35572719 1.88145666
2660 786 0.27559480 1.99883979
2670 786 0.21167947 2.05338180
2490 850 -0.93959348 0.68958907
2500 850 -0.93363336 0.68425269
2510 850 -0.92767325 0.67891630
2520 850 -0.92096811 0.67291287
2530 850 -0.91500800 0.66757649
2540 850 -0.90904788 0.66224010
2550 850 -0.90234275 0.65623667
2560 850 -0.89638263 0.65090029
2570 850 -0.88967750 0.64489685
2580 850 -0.88371738 0.63956047
2590 850 -0.87775726 0.63422408
2600 850 -0.87105213 0.62822065
2610 850 -0.86509201 0.62288427
2620 850 -0.85913189 0.61754788
2630 850 -0.85242676 0.61154445
2640 850 -0.84646664 0.60620807
2650 850 -0.84050653 0.60087168
2660 850 -0.83380139 0.59486825
2670 850 -0.82784128 0.58953187
2680 850 -0.82188116 0.58419548
2610 801 -0.45486613 -1.71484192
2620 801 -0.37702942 -1.54695372
2630 801 -0.29852566 -1.37832051
2640 801 -0.22143396 -1.20976527
2650 801 -0.10594802 -1.05679469
2660 801 0.09362063 -0.93883980
2670 801 0.29318927 -0.82088492
2680 801 0.40317423 -0.69654543
2690 801 0.45346273 -0.56842023
2700 801 0.50441827 -0.43955001
2710 801 0.54576658 -0.30342023
2720 801 0.50421902 -0.10246551
2730 801 0.46333850 0.09923423
2740 801 0.42179094 0.30018895
2750 801 0.42754315 0.49100800
2760 801 0.50208793 0.66721264
2770 801 0.57671068 0.84200522
2780 801 0.65058842 1.01746484
2790 801 0.71235534 1.21987494
2800 801 0.74519662 1.48442447
2630 795 0.19917015 0.09952010
2640 795 0.23177754 0.25287185
2650 795 0.26505197 0.40696861
2660 795 0.30075204 0.54278652
2670 795 0.33809807 0.67444622
2680 795 0.37544409 0.80610591
2690 795 0.41047711 0.94117880
2700 795 0.44214024 1.08598021
2710 795 0.47313631 1.23003660
2720 795 0.45991663 1.34119972
2730 795 0.42696273 1.43781773
2740 795 0.39475384 1.53376869
2750 795 0.36246698 1.63113172
2760 795 0.25239539 1.71357713
2770 795 0.13243936 1.79547677
2780 795 0.00726822 1.88204574
2790 795 -0.12692105 1.97803136
2800 795 -0.25969826 2.07409494
2810 795 -0.33381856 2.10824433
2820 795 -0.38170742 2.11622292
2630 798 0.44428865 -0.32531154
2640 798 0.48646861 -0.16576577
2650 798 0.52790356 -0.00555296
2660 798 0.55152745 0.14376185
2670 798 0.54820088 0.28096583
2680 798 0.54420725 0.41742481
2690 798 0.54162569 0.55396174
2700 798 0.53307534 0.67033997
2710 798 0.52409185 0.78173700
2720 798 0.51436335 0.89380107
2730 798 0.52016753 1.00672277
2740 798 0.53228701 1.12070136
2750 798 0.54581856 1.23475791
2760 798 0.55793804 1.34873650
2770 798 0.47919172 1.50514627
2780 798 0.33934553 1.69075889
2790 798 0.20016639 1.87711652
2800 798 0.06106522 2.06206208
2810 798 -0.06829879 2.16043868
2820 798 -0.19644998 2.24967584
