3580 471 0.00000000 0.00000000
3590 471 -0.00000000 0.25462914
3600 471 -0.00139026 0.50951748
3610 471 -0.00221499 0.76358110
3620 471 -0.00360524 1.01846944
3630 471 -0.00294546 1.22262518
3640 471 -0.00157877 1.41514046
3650 471 -0.00103680 1.60709020
3660 471 0.00032989 1.79960548
3670 471 0.00143738 1.99073050
3680 471 -0.00895420 2.17033288
3690 471 -0.01934578 2.34993526
3700 471 -0.02973737 2.52953764
3710 471 -0.04012895 2.70914002
3720 471 -0.03169315 2.91256529
3730 471 -0.01995844 3.11825266
3740 471 -0.00904845 3.32337451
3750 471 0.00186153 3.52849636
3760 471 0.01484512 3.70230207
3770 471 0.02787584 3.87250254
3590 472 0.51439517 0.37091591
3600 472 0.49453098 0.68103752
3610 472 0.47523233 0.99033441
3620 472 0.45536814 1.30045602
3630 472 0.47577429 1.47935149
3640 472 0.50053972 1.64304838
3650 472 0.52612988 1.80731081
3660 472 0.55089531 1.97100770
3670 472 0.54915160 2.18927808
3680 472 0.54401471 2.41249684
3690 472 0.53913703 2.63710585
3700 472 0.52537584 2.84107308
3710 472 0.47994506 2.96391055
3720 472 0.43312403 3.08700722
3730 472 0.38686852 3.20927916
3740 472 0.38401732 3.36373910
3750 472 0.44518863 3.56452523
3760 472 0.50579442 3.76613608
3770 472 0.56253577 3.96630956
3780 472 0.60320668 4.16516347
3590 473 -1.78975586 0.47754157
3600 473 -1.58366790 0.92320148
3610 473 -1.37757995 1.36886138
3620 473 -1.20808639 1.74941484
3630 473 -1.12674456 1.97736990
3640 473 -1.04514353 2.20671521
3650 473 -0.96380170 2.43467026
3660 473 -0.87171483 2.60451728
3670 473 -0.77731872 2.76746014
3680 473 -0.68431287 2.93066219
3690 473 -0.61015797 3.22037766
3700 473 -0.54085718 3.54192765
3710 473 -0.47030752 3.87403418
3720 473 -0.38166095 4.30706396
3730 473 -0.29218965 4.74065926
3740 473 -0.24970433 5.16143592
3750 473 -0.22545730 5.57698144
3760 473 -0.20260053 5.99278617
3770 473 -0.11524997 6.46130284
3780 473 -0.00098967 6.95069694
3610 477 -0.96738338 -0.81370105
3620 477 -0.99780409 -0.45989237
3630 477 -1.02822481 -0.10608369
3640 477 -1.05807999 0.24690025
3650 477 -1.06960263 0.55546666
3660 477 -1.06658648 0.83398938
3670 477 -1.06439506 1.11194657
3680 477 -1.06220363 1.38990375
3690 477 -1.01941199 1.59627447
3700 477 -0.97579561 1.80321073
3710 477 -0.93300397 2.00958145
3720 477 -0.92023245 2.22082985
3730 477 -0.95277390 2.43980714
3740 477 -0.98588087 2.65960917
3750 477 -1.01842231 2.87858646
3760 477 -1.07233602 3.14110943
3770 477 -1.13621716 3.42347303
3780 477 -1.20035750 3.70444637
3790 477 -1.22747930 3.93320259
3800 477 -1.24581184 4.14737289
3620 478 -0.42134219 -0.33863367
3630 478 -0.37548726 -0.06953642
3640 478 -0.33045707 0.19899529
3650 478 -0.28542687 0.46752700
3660 478 -0.27666118 0.68815375
3670 478 -0.26789549 0.90878050
3680 478 -0.25969533 1.13023198
3690 478 -0.26143905 1.34850236
3700 478 -0.30222778 1.56182437
3710 478 -0.34384124 1.77458085
3720 478 -0.38545470 1.98733733
3730 478 -0.41260006 2.19667708
3740 478 -0.42975442 2.40559268
3750 478 -0.44773351 2.61394275
3760 478 -0.46571260 2.82229282
3770 478 -0.46321485 3.05559683
3780 478 -0.45824291 3.29059743
3790 478 -0.45244625 3.52616355
3800 478 -0.47645764 3.68672648
3810 478 -0.51783546 3.79658036
3740 481 -1.92364470 0.61974839
3750 481 -1.71753318 0.99994839
3760 481 -1.51142166 1.38014839
3770 481 -1.30531014 1.76034839
3780 481 -1.06444218 2.09163019
3790 481 -0.81961553 2.41713888
3800 481 -0.57478888 2.74264758
3810 481 -0.30210996 3.01692883
3820 481 -0.00157877 3.23998264
3830 481 0.29895243 3.46303645
3840 481 0.55113095 3.69294729
3850 481 0.75634705 3.92945596
3860 481 0.96182235 4.16735489
3870 481 1.16703845 4.40386356
3880 481 1.29333979 4.71478634
3890 481 1.40137927 5.04349969
3900 481 1.50885322 5.37303778
3910 481 1.58498747 5.72352398
3920 481 1.62782624 6.09604222
3930 481 1.67066502 6.46856046
