2050 396 0.00000000 0.00000000
2060 396 0.00000000 0.21260762
2070 396 -0.00060675 0.42601013
2080 396 -0.01139188 0.54232299
2090 396 -0.02428888 0.64821760
2100 396 -0.03718587 0.75411220
2110 396 -0.05008287 0.86000681
2120 396 -0.01182460 0.90053216
2130 396 0.02582692 0.94185241
2140 396 0.06488008 0.98298452
2150 396 0.10313835 1.02350988
2160 396 0.14158477 1.06543688
2170 396 0.17984304 1.10596224
2180 396 0.21749456 1.14728249
2190 396 0.34495471 1.18796307
2200 396 0.60362371 1.22815448
2210 396 0.86425877 1.27236268
2220 396 1.12803107 1.32399770
2230 396 1.39161522 1.37423108
2240 396 1.65459263 1.42525936
1880 566 -3.08409925 0.87272037
1890 566 -3.05596291 0.88035885
1900 566 -3.02721982 0.88720244
1910 566 -2.99908348 0.89484093
1920 566 -2.78409589 0.94446286
1930 566 -2.48746024 1.01237670
1940 566 -2.14618366 1.09926916
1950 566 -1.79434303 1.19045122
1960 566 -1.51474345 1.33342352
1970 566 -1.28104534 1.51180847
1980 566 -1.04814211 1.68958667
1990 566 -0.85736814 1.83520704
2000 566 -0.67692776 1.97293964
2010 566 -0.52238485 2.09845254
2020 566 -0.43141445 2.19682625
2030 566 -0.34063219 2.29379831
2040 566 -0.26177331 2.38166911
2050 566 -0.29060106 2.38482516
2060 566 -0.31942881 2.38798120
2070 566 -0.34886332 2.39193214
1940 219 -0.76339221 -0.76009035
1950 219 -0.75964822 -0.75345841
1960 219 -0.75651099 -0.74603159
1970 219 -0.75337375 -0.73860476
1980 219 -0.74883487 -0.73136607
1990 219 -0.74649253 -0.72454600
2000 219 -0.74256040 -0.71651242
2010 219 -0.73881642 -0.70988048
2020 219 -0.73567918 -0.70245366
2030 219 -0.73193520 -0.69582172
2040 219 -0.72879796 -0.68839489
2050 219 -0.72566073 -0.68096807
2060 219 -0.72191674 -0.67433613
2070 219 -0.71877951 -0.66690931
2080 219 -0.71564227 -0.65948248
2090 219 -0.71189829 -0.65285054
2100 219 -0.70876105 -0.64542372
2110 219 -0.70562382 -0.63799689
2120 219 -0.70108494 -0.63075820
2130 219 -0.69794770 -0.62333138
1950 599 1.53397136 1.40363737
1960 599 1.54521273 1.32792983
1970 599 1.55724898 1.25282904
1980 599 1.56769546 1.17651475
1990 599 1.57973172 1.10141396
2000 599 1.59097308 1.02570642
2010 599 1.60221445 0.94999888
2020 599 1.62417979 0.95418499
2030 599 1.64675189 0.95757622
2040 599 1.66871724 0.96176233
2050 599 1.69128934 0.96515355
2060 599 1.71325468 0.96933967
2070 599 1.73601492 0.97413254
2080 599 1.75858702 0.97752376
2090 599 1.78055236 0.98170988
2100 599 1.80251771 0.98589599
2110 599 1.82508981 0.98928721
2120 599 1.84705515 0.99347333
2130 599 1.85523924 0.94814099
2140 599 1.84842858 0.85487999
2010 577 0.52934133 2.25336232
2020 577 0.52639223 2.24733714
2030 577 0.52264825 2.24070520
2040 577 0.51829751 2.23486816
2050 577 0.51534842 2.22884298
2060 577 0.51160443 2.22221104
2070 577 0.50725369 2.21637400
2080 577 0.50350971 2.20974206
2090 577 0.50056061 2.20371688
2100 577 0.49620987 2.19787983
2110 577 0.49246589 2.19124790
2120 577 0.48951679 2.18522271
2130 577 0.48516605 2.17938567
2140 577 0.48142207 2.17275373
2150 577 0.47847297 2.16672855
2160 577 0.47412224 2.16089151
2170 577 0.47037825 2.15425957
2180 577 0.46742915 2.14823439
2190 577 0.46307842 2.14239734
2200 577 0.45933443 2.13576541
2020 198 0.55184287 -2.12880423
2030 198 0.62915431 -1.83453914
2040 198 0.73146955 -1.58786407
2050 198 0.83238315 -1.34100086
2060 198 0.93390350 -1.09493253
2070 198 0.96017255 -0.81950026
2080 198 0.96897280 -0.53601560
2090 198 0.96691737 -0.26962345
2100 198 0.92802883 -0.07034555
2110 198 0.89328407 0.11196682
2120 198 0.88579139 0.14650463
2130 198 0.87829872 0.18104243
2140 198 0.87080604 0.21558023
2150 198 0.86331337 0.25011803
2160 198 0.85582069 0.28465584
2170 198 0.84832801 0.31919364
2180 198 0.84083534 0.35373144
2190 198 0.83334266 0.38826924
2200 198 0.82584999 0.42280705
2210 198 0.81835731 0.45734485
2030 586 0.97258038 0.85686487
2040 586 0.97046851 0.84644661
2050 586 0.96835664 0.83602836
2060 586 0.96563802 0.82640500
2070 586 0.96352614 0.81598675
2080 586 0.96141427 0.80556849
2090 586 0.95930240 0.79515024
2100 586 1.00177501 0.73950783
2110 586 1.14854303 0.57854465
2120 586 1.29148240 0.42094916
2130 586 1.40523656 0.28510737
2140 586 1.51899071 0.14926558
2150 586 1.55714080 0.01358371
2160 586 1.48048316 -0.12167015
2170 586 1.40443226 -0.25771889
2180 586 1.35164017 -0.35336927
2190 586 1.34986225 -0.35598442
2200 586 1.34808433 -0.35859957
2210 586 1.34710130 -0.36060796
2220 586 1.34593012 -0.36401800
2050 203 0.23365108 -1.04445927
2060 203 0.28657487 -0.79900241
2070 203 0.29071395 -0.55555864
2080 203 0.29564792 -0.31150812
2090 203 0.28107177 -0.14902570
2100 203 0.26517864 0.00364521
2110 203 0.24788387 0.15650427
2120 203 0.22777641 0.19273533
2130 203 0.20766894 0.22896639
2140 203 0.18756148 0.26519746
2150 203 0.16745402 0.30142852
2160 203 0.14795330 0.33686469
2170 203 0.12784584 0.37309575
2180 203 0.10773838 0.40932682
2190 203 0.13823587 0.44518630
2200 203 0.16854523 0.47964414
2210 203 0.19964948 0.51470874
2220 203 0.22935208 0.54996147
2230 203 0.25966144 0.58441932
2240 203 0.34728765 0.65256363
2060 193 0.83475371 -0.13273748
2070 193 0.72906606 0.08977571
2080 193 0.63449278 0.25158082
2090 193 0.54052625 0.41259104
2100 193 0.44674786 0.57500291
2110 193 0.39967053 0.65480720
2120 193 0.38245102 0.68066234
2130 193 0.36663314 0.70632934
2140 193 0.35002038 0.73138959
2150 193 0.33340762 0.75644984
2160 193 0.31758975 0.78211684
2170 193 0.30097698 0.80717709
2180 193 0.28455236 0.83363898
2190 193 0.26793960 0.85869923
2200 193 0.36389100 0.93571435
2210 193 0.47120136 1.01762580
2220 193 0.57930661 1.10014401
2230 193 0.74561768 1.11135245
2240 193 0.92747381 1.10549189
2250 193 1.11265532 1.10845980
2140 220 -0.69481047 -0.61590455
2150 220 -0.69106648 -0.60927261
2160 220 -0.68792925 -0.60184579
2170 220 -0.68479201 -0.59441896
2180 220 -0.68104803 -0.58778702
2190 220 -0.67791079 -0.58036020
2200 220 -0.67416681 -0.57372826
2210 220 -0.67102957 -0.56630143
2220 220 -0.66789234 -0.55887461
2230 220 -0.66335346 -0.55163592
2240 220 -0.66101112 -0.54481584
2250 220 -0.65707899 -0.53678227
2260 220 -0.58346921 -0.46675655
2270 220 -0.40566749 -0.30084529
2280 220 -0.24828837 -0.08510513
2290 220 -0.11972290 0.20299367
2300 220 0.03290098 0.48429591
2310 220 0.28460410 0.73303582
2320 220 0.54026286 0.96340856
2330 220 0.83754759 1.02552768
2150 600 1.84222466 0.76082410
2160 600 1.83541399 0.66756309
2170 600 1.82186791 0.56664479
2180 600 1.74443889 0.40438344
2190 600 1.66700987 0.24212208
2200 600 1.60451446 0.11138829
2210 600 1.59712996 0.10952571
2220 600 1.59054036 0.10826987
2230 600 1.58254911 0.10720218
2240 600 1.57577137 0.10454470
2250 600 1.56838687 0.10268211
2260 600 1.56039563 0.10161442
2270 600 1.55301113 0.09975183
2280 600 1.54562664 0.09788925
2290 600 1.53824214 0.09602666
2300 600 1.53085764 0.09416408
2310 600 1.52347315 0.09230149
2320 600 1.51688354 0.09104565
2330 600 1.50949905 0.08918307
2340 600 1.50211455 0.08732048
2160 226 -1.30823157 -0.92310897
2170 226 -1.31013649 -0.91072465
2180 226 -1.31185326 -0.89693869
2190 226 -1.31296329 -0.88394762
2200 226 -1.31486821 -0.87156331
2210 226 -1.31658499 -0.85777735
2220 226 -1.31769501 -0.84478628
2230 226 -1.31941179 -0.83100032
2240 226 -1.32131671 -0.81861600
2250 226 -1.32242673 -0.80562494
2260 226 -1.21961762 -0.68815031
2270 226 -1.09122618 -0.54485818
2280 226 -0.99951733 -0.29747288
2290 226 -0.91643000 -0.02395963
2300 226 -0.68815972 0.25218287
2310 226 -0.42330091 0.52983520
2320 226 -0.18255696 0.75008130
2330 226 0.05251928 0.95467886
2340 226 0.27803801 1.13059447
2350 226 0.49581948 1.27544347
2210 578 0.45559044 2.12913347
2220 578 0.45203460 2.12390318
2230 578 0.44829061 2.11727125
2240 578 0.44454663 2.11063931
2250 578 0.44159753 2.10461413
2260 578 0.43724679 2.09877708
2270 578 0.43350281 2.09214515
2280 578 0.42994696 2.08691485
2290 578 0.42620297 2.08028292
2300 578 0.42245899 2.07365098
2310 578 0.41950989 2.06762580
2320 578 0.41515916 2.06178876
2330 578 0.41141517 2.05515682
2340 578 0.40846608 2.04913164
2350 578 0.40411534 2.04329459
2360 578 0.40037135 2.03666266
2370 578 0.39742226 2.03063747
2380 578 0.39307152 2.02480043
2390 578 0.38932753 2.01816849
2400 578 0.38637844 2.01214331
2230 587 1.34415220 -0.36663314
2240 587 1.34316917 -0.36864154
2250 587 1.34199800 -0.37205158
2260 587 1.34022007 -0.37466672
2270 587 1.33844215 -0.37728187
2280 587 1.33806587 -0.38008515
2290 587 1.33628795 -0.38270030
2300 587 1.33451002 -0.38531545
2310 587 1.33352699 -0.38732384
2320 587 1.33235582 -0.39073388
2330 587 1.33057790 -0.39334903
2340 587 1.32940673 -0.39675906
2350 587 1.32842370 -0.39876746
2360 587 1.32664577 -0.40138260
2370 587 1.32486785 -0.40399775
2380 587 1.32449157 -0.40680104
2390 587 1.32271365 -0.40941618
2400 587 1.32093572 -0.41203133
2410 587 1.31976455 -0.41544137
2420 587 1.31878152 -0.41744976
2230 779 -2.11617063 3.93262481
2240 779 -1.91444691 3.77712709
2250 779 -1.71253505 3.62303101
2260 779 -1.51081133 3.46753329
2270 779 -1.34010719 3.26697134
2280 779 -1.16800141 3.06622124
2290 779 -1.00056150 2.87323192
2300 779 -0.86222686 2.73979832
2310 779 -0.72449896 2.60715961
2320 779 -0.59854863 2.47182110
2330 779 -0.52012717 2.32787988
2340 779 -0.44189385 2.18253702
2350 779 -0.37996286 2.09645826
2360 779 -0.32464500 2.03552441
2370 779 -0.26932713 1.97459056
2380 779 -0.15386560 1.92056616
2390 779 0.02393611 1.87386981
2400 779 0.20173783 1.82717346
2410 779 0.40652353 1.80610648
2420 779 0.62360888 1.79694406
