3620 288 0.00000000 0.00000000
3630 288 0.00000000 0.18543193
3640 288 -0.00000000 0.37086386
3650 288 0.00086824 0.55579965
3660 288 0.00124035 0.73986719
3670 288 -0.00210859 0.90532953
3680 288 -0.00756612 1.05702401
3690 288 -0.01302365 1.20871849
3700 288 -0.01848118 1.36041297
3710 288 -0.02393870 1.51210745
3720 288 -0.02331853 1.64420444
3730 288 -0.01835714 1.76575848
3740 288 -0.01389189 1.88644428
3750 288 -0.00942664 2.00713008
3760 288 -0.00496139 2.12781587
3770 288 -0.01165927 2.22493507
3780 288 -0.02431081 2.31163535
3790 288 -0.03559797 2.39870773
3800 288 -0.04824951 2.48540801
3810 288 -0.05953667 2.57248040
3460 372 -0.20540152 0.88213503
3470 372 -0.20540152 0.98694438
3480 372 -0.20006803 1.11519630
3490 372 -0.19560278 1.24394435
3500 372 -0.19026928 1.37219627
3510 372 -0.18493579 1.50044818
3520 372 -0.18133878 1.62969238
3530 372 -0.17947826 1.75992885
3540 372 -0.17674950 1.88966918
3550 372 -0.17402073 2.01940951
3560 372 -0.17278039 2.13848286
3570 372 -0.17538511 2.21253160
3580 372 -0.17885809 2.28707647
3590 372 -0.18233106 2.36162135
3600 372 -0.18580403 2.43616622
3610 372 -0.18840876 2.51021496
3620 372 -0.18505982 2.57855810
3630 372 -0.18133878 2.64553685
3640 372 -0.17712160 2.71338385
3650 372 -0.17426880 2.78085875
3480 354 0.17885809 0.84914179
3490 354 0.18468772 1.02663550
3500 354 0.19138560 1.20363306
3510 354 0.19808347 1.38063063
3520 354 0.22102990 1.49536276
3530 354 0.24670509 1.59471458
3540 354 0.27374466 1.69443851
3550 354 0.30028809 1.79329419
3560 354 0.32645942 1.89351426
3570 354 0.35114233 1.95081831
3580 354 0.37532911 2.00725411
3590 354 0.40001202 2.06455816
3600 354 0.42333055 2.12149010
3610 354 0.44801346 2.17879415
3620 354 0.46872726 2.23721451
3630 354 0.47356462 2.30010012
3640 354 0.47927021 2.36248959
3650 354 0.48410757 2.42537520
3660 354 0.48844878 2.48739257
3670 354 0.49328614 2.55027818
3490 855 0.33985517 0.18357141
3500 855 0.28317130 0.19523067
3510 855 0.22599129 0.20602169
3520 855 0.16930741 0.21768096
3530 855 0.11212740 0.22847198
3540 855 0.05544353 0.24013125
3550 855 -0.02741168 0.34506463
3560 855 -0.12229825 0.49142562
3570 855 -0.21681272 0.63642222
3580 855 -0.33228905 0.75884451
3590 855 -0.45595168 0.87097191
3600 855 -0.57961431 0.98309931
3610 855 -0.70327695 1.09522671
3620 855 -0.87494102 1.14955392
3630 855 -1.06669872 1.18081067
3640 855 -1.25895256 1.21119918
3650 855 -1.45033815 1.24109155
3660 855 -1.64259199 1.27148006
3670 855 -1.83434969 1.30273682
3680 855 -2.01878934 1.32866008
3790 677 0.23591407 -1.15525952
3800 677 0.09984796 -1.01646465
3810 677 -0.03621814 -0.87766978
3820 677 -0.17786581 -0.73453370
3830 677 -0.32596328 -0.58656026
3840 677 -0.47406076 -0.43858682
3850 677 -0.59511866 -0.33601010
3860 677 -0.70960272 -0.24410036
3870 677 -0.82458292 -0.15305886
3880 677 -0.86613455 -0.11088705
3890 677 -0.85980878 -0.10183252
3900 677 -0.85298687 -0.09190974
3910 677 -0.84616496 -0.08198696
3920 677 -0.83983919 -0.07293242
3930 677 -0.83301728 -0.06300965
3940 677 -0.82619537 -0.05308687
3950 677 -0.81986960 -0.04403233
3960 677 -0.81304769 -0.03410955
3970 677 -0.80622577 -0.02418677
3980 677 -0.79990000 -0.01513224
