1000 326 0.00000000 0.00000000
1010 326 -0.00000000 0.52729688
1020 326 -0.00088944 1.05413671
1030 326 -0.00088944 1.58143359
1040 326 -0.18234699 2.05708594
1050 326 -0.38253213 2.52761215
1060 326 -0.58360671 2.99768130
1070 326 -0.72510385 3.37806474
1080 326 -0.86614394 3.75755874
1090 326 -1.00718404 4.13705273
1100 326 -1.16819959 4.50290925
1110 326 -1.34873356 4.85423885
1120 326 -1.52972458 5.20645788
1130 326 -1.70549084 5.53100560
1140 326 -1.86981952 5.79172401
1150 326 -2.03506230 6.05422129
1160 326 -2.19263387 6.31054179
1170 326 -2.32134884 6.54571292
1180 326 -2.44963141 6.78223053
1190 326 -2.57834638 7.01740165
980 319 0.31333772 0.46232399
990 319 -0.13602584 0.85764968
1000 319 -0.58627883 1.25251831
1010 319 -0.86210258 1.72802464
1020 319 -1.13792632 2.20353096
1030 319 -1.41375007 2.67903728
1040 319 -1.66506580 3.12216526
1050 319 -1.91638153 3.56529323
1060 319 -2.16769725 4.00842121
1070 319 -2.33649401 4.43099151
1080 319 -2.50394427 4.85312941
1090 319 -2.66913394 5.27305604
1100 319 -2.80854307 5.66687972
1110 319 -2.94749515 6.05981397
1120 319 -3.08322325 6.44428618
1130 319 -3.18495721 6.74728816
1140 319 -3.28758061 7.04983310
1150 319 -3.38885752 7.35194564
1160 319 -3.41948733 7.61503273
1170 319 -3.44877064 7.87768742
