800 142 0.00000000 0.00000000
810 142 0.00000000 0.28600000
820 142 0.05100000 0.57700000
830 142 0.15200000 0.87300000
840 142 0.25300000 1.16900000
850 142 0.24400000 1.45500000
860 142 0.23600000 1.74200000
870 142 0.20400000 1.99200000
880 142 0.14800000 2.20700000
890 142 0.09100000 2.42200000
900 142 0.07500000 2.59600000
910 142 0.09900000 2.72800000
920 142 0.12200000 2.86100000
930 142 0.14500000 2.99300000
940 142 0.09400000 3.08900000
950 142 0.03500000 3.18100000
960 142 -0.02500000 3.27300000
970 142 -0.08400000 3.36500000
980 142 -0.28100000 3.55900000
990 142 -0.47900000 3.75300000
790 150 0.83200000 0.74500000
800 150 0.88700000 1.02300000
810 150 0.94300000 1.31700000
820 150 0.99900000 1.61100000
830 150 0.95600000 1.87800000
840 150 0.88800000 2.13800000
850 150 0.82000000 2.39700000
860 150 0.72400000 2.64500000
870 150 0.58600000 2.87600000
880 150 0.44800000 3.10600000
890 150 0.33100000 3.31700000
900 150 0.23500000 3.50800000
910 150 0.13900000 3.69900000
920 150 0.04200000 3.89000000
930 150 -0.08800000 4.06500000
940 150 -0.21800000 4.24100000
950 150 -0.34800000 4.41600000
960 150 -0.38400000 4.56900000
970 150 -0.35700000 4.70600000
980 150 -0.33100000 4.84300000
800 154 0.45000000 0.50300000
810 154 0.48700000 0.80400000
820 154 0.51900000 1.10400000
830 154 0.54600000 1.40500000
840 154 0.57300000 1.70500000
850 154 0.56900000 1.98600000
860 154 0.51600000 2.23800000
870 154 0.46300000 2.49000000
880 154 0.41100000 2.74200000
890 154 0.40000000 2.89000000
900 154 0.40000000 3.01200000
910 154 0.40000000 3.13400000
920 154 0.40000000 3.25600000
930 154 0.36400000 3.37500000
940 154 0.29200000 3.49100000
950 154 0.22000000 3.60700000
960 154 0.14800000 3.72300000
970 154 0.06000000 3.89500000
980 154 -0.02800000 4.06700000
990 154 -0.11500000 4.24000000
840 496 3.49100000 0.03700000
850 496 3.13100000 0.16000000
860 496 2.77200000 0.28300000
870 496 2.42000000 0.41500000
880 496 2.10100000 0.58500000
890 496 1.78200000 0.75400000
900 496 1.47400000 0.92800000
910 496 1.27000000 1.14500000
920 496 1.06600000 1.36200000
930 496 0.86200000 1.57900000
940 496 0.70700000 1.79500000
950 496 0.56500000 2.01100000
960 496 0.42200000 2.22600000
970 496 0.33300000 2.42300000
980 496 0.26600000 2.61100000
990 496 0.20000000 2.80000000
1000 496 0.13300000 2.98800000
1010 496 0.00000000 3.14400000
1020 496 -0.14000000 3.29600000
1030 496 -0.28000000 3.44900000
850 499 3.05400000 0.65400000
860 499 2.81500000 0.80600000
870 499 2.57600000 0.95700000
880 499 2.35200000 1.12900000
890 499 2.13500000 1.31000000
900 499 1.91700000 1.49100000
910 499 1.71700000 1.66900000
920 499 1.52300000 1.84500000
930 499 1.33400000 2.01800000
940 499 1.19900000 2.15000000
950 499 1.06500000 2.28300000
960 499 0.93000000 2.41500000
970 499 0.78700000 2.54800000
980 499 0.63500000 2.67900000
990 499 0.48200000 2.81100000
1000 499 0.33700000 2.97500000
1010 499 0.19700000 3.16000000
1020 499 0.05600000 3.34600000
1030 499 -0.08400000 3.53200000
1040 499 -0.21400000 3.67200000
870 502 2.84000000 1.24300000
880 502 2.60500000 1.40400000
890 502 2.37000000 1.56600000
900 502 2.15000000 1.73300000
910 502 1.94600000 1.90700000
920 502 1.74200000 2.08000000
930 502 1.54300000 2.24500000
940 502 1.36500000 2.37500000
950 502 1.18600000 2.50600000
960 502 1.00700000 2.63600000
970 502 0.81400000 2.81700000
980 502 0.61800000 3.00500000
990 502 0.43200000 3.19000000
1000 502 0.33000000 3.34600000
1010 502 0.22800000 3.50300000
1020 502 0.12500000 3.66000000
1030 502 0.01600000 3.80000000
1040 502 -0.09800000 3.92900000
1050 502 -0.21100000 4.05800000
1060 502 -0.32500000 4.18700000
880 505 3.15300000 0.21700000
890 505 2.90500000 0.39700000
900 505 2.65600000 0.57800000
910 505 2.41500000 0.75100000
920 505 2.17600000 0.92400000
930 505 1.93600000 1.09600000
940 505 1.71600000 1.27800000
950 505 1.54300000 1.48000000
960 505 1.36900000 1.68300000
970 505 1.19500000 1.88600000
980 505 1.02700000 2.08300000
990 505 0.87000000 2.26800000
1000 505 0.71400000 2.45200000
1010 505 0.55800000 2.63600000
1020 505 0.44900000 2.82200000
1030 505 0.35200000 3.00900000
1040 505 0.25600000 3.19600000
1050 505 0.15200000 3.37800000
1060 505 -0.00900000 3.51300000
1070 505 -0.17000000 3.64900000
