2930 665 0.00000000 0.00000000
2940 665 0.00000000 0.26340273
2950 665 -0.00079726 0.52740911
2960 665 -0.06925896 0.73352314
2970 665 -0.20598875 0.88094758
2980 665 -0.37610088 1.03232414
2990 665 -0.56060922 1.18456629
3000 665 -0.77822655 1.31295904
3010 665 -1.01791654 1.42545218
3020 665 -1.24848363 1.56490403
3030 665 -1.45657942 1.76385413
3040 665 -1.66486883 1.96420513
3050 665 -1.87852265 2.17238064
3060 665 -2.09377098 2.38176344
3070 665 -2.30841568 2.59194349
3080 665 -2.61206856 2.80052902
3090 665 -2.91492419 3.00851092
3100 665 -3.21857708 3.21709645
3110 665 -3.54311813 3.40637695
3120 665 -3.91547190 3.54907479
2820 650 -0.28860748 0.48191983
2830 650 -0.28053240 0.80568640
2840 650 -0.27245731 1.12945297
2850 650 -0.14559074 1.36327742
2860 650 -0.01872418 1.59710188
2870 650 0.03732308 1.73904801
2880 650 0.04488564 1.81861438
2890 650 0.05324546 1.89757712
2900 650 0.06141166 1.97794075
2910 650 0.07157101 2.01289483
2920 650 0.08159369 2.01784922
2930 650 0.09301726 2.02299723
2940 650 0.10364357 2.02874888
2950 650 0.11506714 2.03389689
2960 650 0.12569346 2.03964854
2970 650 0.13651339 2.04399929
2980 650 0.14713970 2.04975094
2990 650 0.15856327 2.05489895
3000 650 0.16858595 2.05985334
3010 650 0.18000952 2.06500135
2850 658 -0.53797847 0.66445780
2860 658 -0.48612252 0.94002441
2870 658 -0.42879965 1.18636582
2880 658 -0.35817396 1.36744595
2890 658 -0.32419937 1.49349247
2900 658 -0.32547498 1.56469902
2910 658 -0.32735423 1.63510832
2920 658 -0.32923349 1.70551761
2930 658 -0.32315154 1.72349009
2940 658 -0.31438170 1.71685006
2950 658 -0.30580548 1.71161094
2960 658 -0.29643200 1.70576818
2970 658 -0.28785578 1.70052905
2980 658 -0.27848230 1.69468629
2990 658 -0.26971246 1.68804626
3000 658 -0.26113624 1.68280714
3010 658 -0.25176276 1.67696437
3020 658 -0.24318654 1.67172525
3030 658 -0.23441670 1.66508523
3040 658 -0.22584048 1.65984610
2990 672 0.40254708 0.03136642
3000 672 0.42729625 0.32745674
3010 672 0.42984748 0.62404819
3020 672 0.38261562 0.92446649
3030 672 0.33478012 1.22408752
3040 672 0.44491566 1.51698881
3050 672 0.57145193 1.81001538
3060 672 0.60928753 2.21284720
3070 672 0.63610957 2.61272915
3080 672 0.57663411 2.99140404
3090 672 0.51370765 3.35889453
3100 672 0.44096353 3.67862925
3110 672 0.34336774 3.98707707
3120 672 0.19145587 4.27017209
3130 672 -0.00110477 4.54265217
3140 672 -0.54573466 4.71293515
3150 672 -1.10802950 4.91289890
3160 672 -1.67290975 5.11607447
3170 672 -2.27993078 5.28844170
3180 672 -2.88648485 5.43160650
3050 659 -0.21646700 1.65400334
3060 659 -0.20789078 1.64876421
3070 659 -0.19912094 1.64212419
3080 659 -0.19054472 1.63688506
3090 659 -0.18117124 1.63104230
3100 659 -0.17259502 1.62580317
3110 659 -0.16322154 1.61996041
3120 659 -0.15524896 1.61392403
3130 659 -0.14587548 1.60808126
3140 659 -0.13729926 1.60284214
3150 659 -0.12792578 1.59699937
3160 659 -0.11915594 1.59035935
3170 659 -0.11057972 1.58512022
3180 659 -0.10120624 1.57927746
3190 659 -0.09263002 1.57403833
3200 659 -0.02948717 1.64915145
3210 659 0.08942960 1.80621132
3220 659 0.37542891 2.02491065
3230 659 0.66063096 2.24421361
3240 659 0.96043422 2.50765051
