880 505 0.00000000 0.00000000
890 505 -0.00000000 0.30643760
900 505 0.00022190 0.61427189
910 505 -0.00133143 0.91093261
920 505 -0.00170997 1.20597474
930 505 -0.00348521 1.50123877
940 505 0.01458046 1.78619075
950 505 0.07643971 2.04485353
960 505 0.13852086 2.30491301
970 505 0.20060202 2.56497248
980 505 0.26135174 2.81665178
990 505 0.31885122 3.05238004
1000 505 0.37612878 3.28671160
1010 505 0.43340635 3.52104316
1020 505 0.51991010 3.71851240
1030 505 0.61427189 3.90685744
1040 505 0.70922107 4.09439317
1050 505 0.79542459 4.28546634
1060 505 0.81010948 4.49506203
1070 505 0.82560366 4.70524512
790 150 -0.93603397 2.18853042
800 150 -0.67874178 2.30731480
810 150 -0.40791340 2.43468821
820 150 -0.13708501 2.56206161
830 150 0.05374014 2.75369606
840 150 0.22421531 2.96145125
850 150 0.39388117 3.16861904
860 150 0.53819767 3.39198589
870 150 0.64408546 3.63935762
880 150 0.74916395 3.88614197
890 150 0.85120104 4.10477049
900 150 0.94938743 4.29465581
910 150 1.04757381 4.48454113
920 150 1.14517280 4.67523574
930 150 1.21043895 4.88323894
940 150 1.27651439 5.09182954
950 150 1.34178053 5.29983273
960 150 1.44445723 5.41883902
970 150 1.57119103 5.47746107
980 150 1.69733743 5.53689242
800 142 -2.02767548 2.42425868
810 142 -1.79621563 2.59225373
820 142 -1.53075212 2.72191145
830 142 -1.23187235 2.81404114
840 142 -0.93299257 2.90617082
850 142 -0.70681928 3.08144958
860 142 -0.47924929 3.25650643
870 142 -0.29572089 3.42925286
880 142 -0.15461549 3.60086365
890 142 -0.01409749 3.77328375
900 142 0.11732242 3.88843933
910 142 0.23824753 3.94655231
920 142 0.35939454 4.00606198
930 142 0.47973226 4.06498425
940 142 0.52746792 4.16264851
950 142 0.56726721 4.26443758
960 142 0.60647911 4.36703596
970 142 0.64627840 4.46882504
980 142 0.68756577 4.74221186
990 142 0.72826573 5.01640798
800 154 -1.35626962 2.35553343
810 154 -1.09093664 2.50239530
820 154 -0.82934994 2.65271628
830 154 -0.56989091 2.80767116
840 154 -0.31124118 2.96203864
850 154 -0.08617742 3.13033392
860 154 0.08663428 3.32125044
870 154 0.25944597 3.51216696
880 154 0.43284506 3.70227419
890 154 0.54616014 3.79811099
900 154 0.64489476 3.86977322
910 154 0.74362938 3.94143544
920 154 0.84236400 4.01309767
930 154 0.91752449 4.11213251
940 154 0.96911085 4.23853998
950 154 1.02069721 4.36494745
960 154 1.07228357 4.49135491
970 154 1.15979242 4.66360532
980 154 1.24730126 4.83585572
990 154 1.33620680 5.00788422
840 496 0.05286558 -0.37927461
850 496 -0.05905281 -0.01567693
860 496 -0.17038379 0.34711146
870 496 -0.27031931 0.70952130
880 496 -0.32011738 1.06754525
890 496 -0.37072475 1.42498181
900 496 -0.41082427 1.77645305
910 496 -0.35503477 2.06901506
920 496 -0.29924527 2.36157707
930 496 -0.24345577 2.65413909
940 496 -0.15969320 2.90645800
950 496 -0.06829449 3.14825600
960 496 0.02170752 3.39027592
970 496 0.12886147 3.57802050
980 496 0.24165442 3.74267393
990 496 0.35584407 3.90710545
1000 496 0.46863701 4.07175888
1010 496 0.51676427 4.27102946
1020 496 0.55754255 4.47361557
1030 496 0.59913014 4.67678908
850 499 0.29551204 0.33681246
860 499 0.27813820 0.61951928
870 499 0.25995505 0.90163872
880 499 0.26757813 1.18395394
890 499 0.28659669 1.46589063
900 499 0.30502785 1.74863662
910 499 0.33160422 2.01505301
920 499 0.36008637 2.27543882
930 499 0.38907759 2.53001594
940 499 0.41660685 2.71680764
950 499 0.44553280 2.90337743
960 499 0.47306206 3.09016914
970 499 0.49670146 3.28402263
980 499 0.51343570 3.48398504
990 499 0.53039184 3.68534415
1000 499 0.57794475 3.89902550
1010 499 0.64542994 4.12099565
1020 499 0.71313704 4.34436250
1030 499 0.78143153 4.56692005
1040 499 0.81837217 4.75436442
870 502 0.64648725 0.85597852
880 502 0.63874669 1.14073470
890 502 0.63181543 1.42607828
900 502 0.63774159 1.70221933
910 502 0.65873118 1.96952335
920 502 0.67891147 2.23623997
930 502 0.69555434 2.49421093
940 502 0.69620700 2.71462775
950 502 0.69708157 2.93644126
960 502 0.69714684 3.15766738
970 502 0.73026288 3.42018086
980 502 0.76728183 3.68923401
990 502 0.80774684 3.94843197
1000 502 0.87408335 4.12261426
1010 502 0.94122916 4.29738393
1020 502 1.00778757 4.47296291
1030 502 1.05706351 4.64341197
1040 502 1.09450017 4.81144618
1050 502 1.13252422 4.97867110
1060 502 1.16996088 5.14670531
970 178 -0.76448844 1.51976130
980 178 -0.51359233 1.48562711
990 178 -0.26269623 1.45149292
1000 178 -0.02602814 1.45398609
1010 178 0.19941417 1.48045803
1020 178 0.42647509 1.50810477
1030 178 0.65191740 1.53457672
1040 178 0.70415642 1.65157281
1050 178 0.75499874 1.76879080
1060 178 0.78837585 1.84367717
1070 178 0.79456308 1.85558172
1080 178 0.80214701 1.86726436
1090 178 0.80833424 1.87916890
1100 178 0.81591816 1.89085154
1110 178 0.82291469 1.90334348
1120 178 0.82968932 1.91443873
1130 178 0.83668585 1.92693067
1140 178 0.84287308 1.93883521
1150 178 0.85045701 1.95051785
1160 178 0.85664424 1.96242239
