200 34 0.00000000 0.00000000
210 34 -0.00000000 0.28485084
220 34 0.01120586 0.55452180
230 34 0.02924338 0.81368902
240 34 0.04728089 1.07285624
250 34 0.06432138 1.33194623
260 34 0.12872702 1.65287911
270 34 0.21321334 1.99943944
280 34 0.29769967 2.34599977
290 34 0.38218599 2.69256010
300 34 0.55849581 3.00611368
310 34 0.74615894 3.31553176
320 34 0.93274783 3.62586962
330 34 1.13922782 3.88659555
340 34 1.34716823 4.14141664
350 34 1.52298657 4.37068049
360 34 1.64874361 4.55995850
370 34 1.77450066 4.74923651
380 34 1.74904172 4.74124636
390 34 1.72358278 4.73325621
200 28 -0.12856553 0.61089517
210 28 -0.12264665 0.87112961
220 28 -0.07762659 1.15746193
230 28 -0.03368079 1.44471402
240 28 0.01133927 1.73104634
250 28 0.16816521 2.05011157
260 28 0.35451537 2.37647888
270 28 0.53986852 2.70276895
280 28 0.73122481 2.99040721
290 28 0.92866148 3.23839665
300 28 1.12602091 3.48738310
310 28 1.32238333 3.73629232
320 28 1.51386600 3.93166475
330 28 1.69839767 4.07434294
340 28 1.88392635 4.21709835
350 28 1.92904470 4.17846761
360 28 1.91499524 4.06203474
370 28 1.89994877 3.94552464
380 28 1.87517089 3.95463818
390 28 1.85039301 3.96375172
200 40 0.37471541 0.47134845
210 40 0.36183148 0.75419824
220 40 0.38037452 1.07157838
230 40 0.39983733 1.39003277
240 40 0.41830314 1.70840993
250 40 0.59110937 1.97655729
260 40 0.80395761 2.23276155
270 40 1.01481183 2.48881135
280 40 1.22773730 2.74401861
290 40 1.49958485 2.96367041
300 40 1.79767068 3.16830382
310 40 2.09583375 3.37194023
320 40 2.39292257 3.57649641
330 40 2.67599704 3.74185313
340 40 2.95907151 3.90720985
350 40 3.24107173 4.07348635
360 40 3.50568040 4.20531675
370 40 3.77028906 4.33714715
380 40 4.03382348 4.46989733
390 40 4.10725139 4.55783107
