2710 424 0.00000000 0.00000000
2720 424 0.00000000 0.30453900
2730 424 0.00062389 0.60985950
2740 424 0.00124779 0.91518001
2750 424 0.07153764 1.20839040
2760 424 0.15854127 1.49849447
2770 424 0.24554491 1.78859853
2780 424 0.42127281 1.90934497
2790 424 0.59637683 2.02930990
2800 424 0.77210473 2.15005634
2810 424 0.97246659 2.31127708
2820 424 1.19107242 2.50015929
2830 424 1.40827285 2.68888389
2840 424 1.62578851 2.87479768
2850 424 1.84080859 3.05758544
2860 424 2.05582867 3.24037320
2870 424 2.25493618 3.40643403
2880 424 2.41582198 3.53263134
2890 424 2.57670778 3.65882864
2900 424 2.73759358 3.78502594
2580 414 0.12067420 0.35151492
2590 414 0.08774574 0.78470739
2600 414 0.05481728 1.21789986
2610 414 0.00549027 1.65138786
2620 414 -0.04867685 2.08362150
2630 414 -0.10284397 2.51585515
2640 414 -0.08396954 2.84243401
2650 414 -0.05743107 3.15777622
2660 414 -0.03073498 3.47171303
2670 414 -0.09388617 3.67951565
2680 414 -0.16639577 3.87559562
2690 414 -0.11680606 4.09959978
2700 414 -0.05347755 4.32799089
2710 414 0.00922706 4.55560049
2720 414 0.03473447 4.81034620
2730 414 0.02101537 5.09128887
2740 414 0.00651477 5.37285544
2750 414 -0.01542660 5.60022205
2760 414 -0.03736139 5.82118554
2770 414 -0.06491779 6.04151857
2710 422 -0.94345881 0.62138512
2720 422 -0.82273864 0.92807819
2730 422 -0.70279998 1.23539516
2740 422 -0.57972215 1.52741030
2750 422 -0.43838064 1.67560807
2760 422 -0.29641524 1.82458735
2770 422 -0.15507374 1.97278512
2780 422 -0.05969022 2.16279035
2790 422 0.00286991 2.37899911
2800 422 0.06683545 2.59536549
2810 422 0.13380881 2.77222297
2820 422 0.20474882 2.88833290
2830 422 0.27631273 3.00522433
2840 422 0.34725274 3.12133426
2850 422 0.30878804 3.31838620
2860 422 0.22390564 3.54865556
2870 422 0.13824174 3.77954881
2880 422 0.09074043 4.10793369
2890 422 0.05834392 4.47928186
2900 422 0.09299958 4.79838057
