1410 341 0.00000000 0.00000000
1420 341 0.00000000 0.30210760
1430 341 0.00298900 0.60705524
1440 341 0.00682207 0.91146665
1450 341 0.01034731 1.21725837
1460 341 0.01387254 1.52305008
1470 341 0.01908592 1.82776933
1480 341 0.02399145 2.13386888
1490 341 0.02683150 2.43298748
1500 341 0.00731858 2.67640738
1510 341 -0.01135026 2.91929104
1520 341 -0.03086318 3.16271094
1530 341 -0.12177449 3.39817671
1540 341 -0.23040136 3.63186498
1550 341 -0.33956445 3.86470917
1560 341 -0.49688919 4.09260811
1570 341 -0.67576255 4.31642572
1580 341 -0.85325560 4.54055116
1590 341 -0.92050317 4.72188722
1600 341 -0.97486129 4.89740416
1280 312 0.11635259 1.40463201
1290 312 0.12369103 1.53739927
1300 312 0.13102948 1.67016654
1310 312 0.13921199 1.80239758
1320 312 0.15438539 1.91952472
1330 312 0.18039268 2.01081339
1340 312 0.20639997 2.10210206
1350 312 0.23294350 2.19423479
1360 312 0.25895079 2.28552346
1370 312 0.29073748 2.44185518
1380 312 0.32388461 2.62457154
1390 312 0.35703174 2.80728790
1400 312 0.38274112 2.98762100
1410 312 0.34259317 3.13515453
1420 312 0.30160115 3.28322429
1430 312 0.26060914 3.43129405
1440 312 0.22268556 3.57859919
1450 312 0.18783043 3.72513969
1460 312 0.15297530 3.87168020
1470 312 0.11758393 4.01737663
1280 315 -0.18046219 2.00785418
1290 315 -0.14190309 2.13381923
1300 315 -0.08330476 2.23165193
1310 315 -0.02324668 2.32618778
1320 315 0.03734762 2.42156771
1330 315 0.09101062 2.55452365
1340 315 0.13850694 2.72812405
1350 315 0.18546703 2.90088038
1360 315 0.21761121 3.09134232
1370 315 0.21221909 3.32342189
1380 315 0.20629074 3.55465739
1390 315 0.21058060 3.76281501
1400 315 0.25329055 3.87666518
1410 315 0.29653673 3.99135941
1420 315 0.33924668 4.10520958
1430 315 0.48941172 4.11406735
1440 315 0.66513720 4.09602411
1450 315 0.81791389 4.09966851
1460 315 0.93837759 4.13450378
1470 315 1.05884130 4.16933905
1280 318 -0.23907045 1.41954722
1290 318 -0.24535629 1.61665249
1300 318 -0.26240651 1.74832744
1310 318 -0.27999296 1.87915831
1320 318 -0.29704318 2.01083325
1330 318 -0.31462963 2.14166412
1340 318 -0.28604047 2.26685462
1350 318 -0.21043165 2.38586850
1360 318 -0.13535906 2.50403832
1370 318 -0.06419898 2.62350900
1380 318 -0.03638439 2.75866946
1390 318 -0.00910603 2.89298584
1400 318 0.01955264 3.02761006
1410 318 0.02980064 3.16682205
1420 318 -0.02914525 3.32392833
1430 318 -0.08809113 3.48103461
1440 318 -0.14650078 3.63898496
1450 318 -0.15513016 3.79137437
1460 318 -0.15793049 3.94361483
1470 318 -0.16019458 4.09669937
1380 321 -1.35082998 4.09487220
1390 321 -1.33334284 4.09442534
1400 321 -1.32098962 4.08776215
1410 321 -1.30725610 4.08140680
1420 321 -1.29490289 4.07474361
1430 321 -1.28170560 4.06754419
1440 321 -1.26881616 4.06172507
1450 321 -1.25561887 4.05452565
1460 321 -1.24326566 4.04786246
1470 321 -1.23037621 4.04204334
1480 321 -1.21717893 4.03484392
1490 321 -1.20428948 4.02902480
1500 321 -1.19109219 4.02182538
1510 321 -1.17873898 4.01516219
1520 321 -1.16500546 4.00880684
1530 321 -1.15265225 4.00214365
1540 321 -1.14029903 3.99548046
1550 321 -1.12656551 3.98912511
1560 321 -1.11505637 3.98299815
1570 321 -1.11429174 3.98606660
1580 322 -1.11214681 3.98944288
1590 322 -1.11053811 3.99197509
1600 322 -1.10977348 3.99504353
1610 322 -1.10816479 3.99757574
1620 322 -1.10740016 4.00064418
1630 322 -1.10579146 4.00317640
1640 322 -1.10449060 4.00708891
1650 322 -1.10288190 4.00962112
1660 322 -1.10127320 4.01215333
1670 322 -1.10050857 4.01522177
1680 322 -1.09889987 4.01775398
1690 322 -1.09813525 4.02082243
1700 322 -1.09652655 4.02335464
1710 322 -1.09576192 4.02642308
1720 322 -1.09361699 4.02979936
1730 322 -1.09285236 4.03286780
1740 322 -1.09124366 4.03540001
1750 322 -1.08963496 4.03793222
1760 322 -1.08887033 4.04100067
1770 322 -1.08726164 4.04353288
