3170 278 0.00000000 0.00000000
3180 278 -0.00000000 0.36046220
3190 278 0.00290460 0.73054539
3200 278 0.01337450 1.12672007
3210 278 0.02384439 1.52289476
3220 278 0.03393144 1.91814563
3230 278 0.06525788 2.22882175
3240 278 0.11054141 2.48175535
3250 278 0.15582494 2.73468894
3260 278 0.20561934 2.96193884
3270 278 0.25410709 3.18864777
3280 278 0.34779513 3.39121270
3290 278 0.46119953 3.58127701
3300 278 0.57519484 3.74403471
3310 278 0.69219463 3.86441349
3320 278 0.79759264 3.97769305
3330 278 0.79816690 4.03915580
3340 278 0.79874116 4.10061856
3350 278 0.79931543 4.16208131
3360 278 0.80043066 4.22223741
3120 426 1.66551998 3.77605193
3130 426 1.57598493 3.77418766
3140 426 1.37067353 3.73587019
3150 426 1.16666878 3.69809369
3160 426 0.96561025 3.68832290
3170 426 0.76880460 3.70709880
3180 426 0.57107513 3.72625753
3190 426 0.41770538 3.75842457
3200 426 0.29247449 3.79841489
3210 426 0.16670264 3.83971187
3220 426 0.04147175 3.87970219
3230 426 -0.01287514 3.90005939
3240 426 -0.02004094 3.90627641
3250 426 -0.02682389 3.91341724
3260 426 -0.03398969 3.91963426
3270 426 -0.04169647 3.92715793
3280 426 -0.04886227 3.93337495
3290 426 -0.05564522 3.94051578
3300 426 -0.06281102 3.94673280
3310 426 -0.06959398 3.95387363
3140 432 1.23076149 4.09044828
3150 432 1.05669331 4.08572934
3160 432 0.92923196 4.12556153
3170 432 0.80138777 4.16446991
3180 432 0.67647314 4.19999930
3190 432 0.58633054 4.19405693
3200 432 0.49618795 4.18811455
3210 432 0.40566250 4.18124837
3220 432 0.31459609 4.17568884
3230 432 0.25721143 4.17565555
3240 432 0.24788175 4.18709919
3250 432 0.23816922 4.19761902
3260 432 0.22845668 4.20813885
3270 432 0.21874415 4.21865867
3280 432 0.21033828 4.22971947
3290 432 0.20062575 4.24023930
3300 432 0.19091322 4.25075913
3310 432 0.18120069 4.26127895
3320 432 0.17187100 4.27272259
3330 432 0.16308229 4.28285958
3170 276 0.65550839 0.05633600
3180 276 0.67161272 0.44259842
3190 276 0.69195327 0.82602280
3200 276 0.71321763 1.20906435
3210 276 0.73355819 1.59248874
3220 276 0.73475665 1.92972243
3230 276 0.71773683 2.22038259
3240 276 0.70071702 2.51104274
3250 276 0.68369720 2.80170290
3260 276 0.66575357 3.09274590
3270 276 0.75215098 3.36652772
3280 276 0.83724173 3.63976857
3290 276 0.91161292 3.88714264
3300 276 0.94288110 4.02789526
3310 276 0.97322548 4.16903072
3320 276 1.00395269 4.31109000
3330 276 1.01386497 4.43687850
3340 276 1.00188035 4.54900954
3350 276 0.98989574 4.66114057
3360 276 0.97883494 4.77288876
3320 427 -0.07768360 3.96047349
3330 427 -0.08446655 3.96761432
3340 427 -0.09163235 3.97383134
3350 427 -0.09841531 3.98097217
3360 427 -0.10558111 3.98718919
3370 427 -0.11328788 3.99471286
3380 427 -0.12045368 4.00092988
3390 427 -0.12723664 4.00807071
3400 427 -0.13440244 4.01428773
3410 427 -0.17664820 4.02205276
3420 427 -0.27197581 4.03233123
3430 427 -0.36730342 4.04260970
3440 427 -0.46263103 4.05288817
3450 427 -0.56747142 4.08984073
3460 427 -0.68182461 4.15346737
3470 427 -0.79671876 4.21840067
3480 427 -0.91237860 4.28148634
3490 427 -1.01468059 4.35852077
3500 427 -1.09042501 4.46568318
3510 427 -1.16524561 4.57246276
