2980 412 0.00000000 0.00000000
2990 412 -0.00000000 0.31626729
3000 412 0.00063238 0.63175992
3010 412 0.03323138 0.90493076
3020 412 0.08023277 1.15887735
3030 412 0.12645949 1.41219156
3040 412 0.17711285 1.66008314
3050 412 0.23682500 1.89213370
3060 412 0.29731181 2.12481662
3070 412 0.35702396 2.35686718
3080 412 0.42895678 2.56920339
3090 412 0.50931602 2.76647324
3100 412 0.58967527 2.96374309
3110 412 0.66940213 3.16178759
3120 412 0.73735099 3.33472675
3130 412 0.80360823 3.50499412
3140 412 0.86986548 3.67526149
3150 412 0.93549035 3.84630352
3160 412 0.98830960 4.01721908
3170 412 1.03535841 4.18729674
2790 554 -0.03742088 2.53960817
2800 554 -0.06404393 2.57854676
2810 554 -0.08105486 2.59305980
2820 554 -0.08963937 2.59250647
2830 554 -0.09899854 2.59132076
2840 554 -0.10835771 2.59013506
2850 554 -0.11771688 2.58894935
2860 554 -0.12707606 2.58776364
2870 554 -0.13643523 2.58657794
2880 554 -0.14579440 2.58539223
2890 554 -0.15515357 2.58420653
2900 554 -0.16310571 2.58287854
2910 554 -0.17309725 2.58246749
2920 554 -0.18245643 2.58128178
2930 554 -0.19118322 2.57932142
2940 554 -0.20054239 2.57813571
2950 554 -0.20990157 2.57695001
2960 554 -0.21926074 2.57576430
2970 554 -0.22861991 2.57457859
2980 554 -0.23720442 2.57402526
2790 882 2.93893812 1.14697286
2800 882 2.87342391 1.26517983
2810 882 2.80790971 1.38338681
2820 882 2.71210467 1.53237471
2830 882 2.58741584 1.71200125
2840 882 2.46350166 1.89226017
2850 882 2.40058020 2.00096569
2860 882 2.36513550 2.07917485
2870 882 2.33046546 2.15801639
2880 882 2.29502076 2.23622555
2890 882 2.21257467 2.31350196
2900 882 2.05892299 2.38945038
2910 882 1.90527132 2.46539879
2920 882 1.72841142 2.55080124
2930 882 1.54198683 2.64001375
2940 882 1.35478758 2.72859389
2950 882 1.24666701 2.81202016
2960 882 1.13854644 2.89544642
2970 882 1.02965121 2.97824032
2980 882 0.94616170 3.06628293
2810 623 2.27253977 -1.97105428
2820 623 2.10164003 -1.58775508
2830 623 1.93551472 -1.21346725
2840 623 1.81109465 -0.91873237
2850 623 1.68589991 -0.62462988
2860 623 1.53346556 -0.27660148
2870 623 1.36846272 0.09473000
2880 623 1.20345989 0.46606147
2890 623 1.09083364 0.86336781
2900 623 0.99298918 1.26628649
2910 623 0.89451235 1.66997983
2920 623 0.81916470 2.05640930
2930 623 0.75907312 2.43205674
2940 623 0.71360525 2.79769683
2950 623 0.79061290 3.08130188
2960 623 0.86684588 3.36427455
2970 623 0.94385353 3.64787959
2980 623 1.03603821 3.91289277
2990 623 1.12871299 4.17572425
3000 623 1.22279480 4.43841344
2980 416 0.35998032 0.27062552
2990 416 0.40170136 0.58480597
3000 416 0.44481362 0.88463147
3010 416 0.49398090 1.12485549
3020 416 0.54237351 1.36444713
3030 416 0.59217315 1.60389649
3040 416 0.65139521 1.83812874
3050 416 0.71392144 2.06989473
3060 416 0.77644766 2.30166071
3070 416 0.83170156 2.51070857
3080 416 0.87876618 2.69499889
3090 416 0.92519842 2.88006387
3100 416 0.97226304 3.06435419
3110 416 1.04892288 3.22504105
3120 416 1.14681476 3.37078802
3130 416 1.24470665 3.51653499
3140 416 1.34119149 3.66242425
3150 416 1.38120511 3.83321333
3160 416 1.41369345 4.00689553
3170 416 1.44695646 4.18121011
2990 555 -0.24656359 2.57283956
3000 555 -0.25592277 2.57165385
3010 555 -0.26528194 2.57046815
3020 555 -0.27815080 2.57674448
3030 555 -0.29691657 2.59498855
3040 555 -0.31645700 2.61260023
3050 555 -0.33522278 2.63084429
3060 555 -0.35398855 2.64908835
3070 555 -0.37212195 2.66655775
3080 555 -0.39166238 2.68416944
3090 555 -0.41042815 2.70241350
3100 555 -0.42919392 2.72065756
3110 555 -0.44732732 2.73812696
3120 555 -0.46686775 2.75573865
3130 555 -0.48563353 2.77398271
3140 555 -0.50439930 2.79222677
3150 555 -0.52316507 2.81047083
3160 555 -0.54207313 2.82730786
3170 555 -0.55121097 2.83533904
3180 555 -0.55655455 2.83872225
3020 421 -0.45010978 1.50176769
3030 421 -0.35858909 1.67587675
3040 421 -0.29026081 1.81039903
3050 421 -0.22193253 1.94492132
3060 421 -0.15282959 2.08007599
3070 421 -0.07814592 2.23527699
3080 421 -0.00226075 2.39533148
3090 421 0.07376672 2.55679301
3100 421 0.14965190 2.71684749
3110 421 0.22631174 2.87753436
3120 421 0.30219692 3.03758885
3130 421 0.41009615 3.13470607
3140 421 0.51722073 3.23119091
3150 421 0.62511997 3.32830813
3160 421 0.73301921 3.42542535
3170 421 0.84091845 3.52254257
3180 421 0.94804302 3.61902741
3190 421 1.01652940 3.76916940
3200 421 1.07981448 3.92410164
3210 421 1.14246718 4.07980854
3060 370 1.06210793 0.46685194
3070 370 1.06010014 0.49619421
3080 370 1.05809234 0.52553648
3090 370 1.05749159 0.55473647
3100 370 1.05548379 0.58407874
3110 370 1.05425066 0.61405338
3120 370 1.05224286 0.64339565
3130 370 1.05086744 0.67196326
3140 370 1.04135018 0.78166477
3150 370 1.02354878 0.97109315
3160 370 1.00574738 1.16052152
3170 370 0.98794598 1.34994990
3180 370 0.96559147 1.49435307
3190 370 0.94203545 1.63390276
3200 370 0.91784705 1.77422710
3210 370 0.89351636 1.91314440
3220 370 0.85231703 2.00472833
3230 370 0.80702307 2.08393348
3240 370 0.76095444 2.16250626
3250 370 0.71566047 2.24171142
3060 381 1.74695586 0.05645541
3070 381 1.71389838 0.19341235
3080 381 1.67775807 0.34205244
3090 381 1.64161775 0.49069254
3100 381 1.59793634 0.69126655
3110 381 1.55284790 0.89198285
3120 381 1.50839183 1.09192449
3130 381 1.44845835 1.29343125
3140 381 1.38775021 1.49430565
3150 381 1.33538943 1.67230382
3160 381 1.32612512 1.75639408
3170 381 1.31622843 1.84125901
3180 381 1.30633173 1.92612393
3190 381 1.29629276 2.00958182
3200 381 1.30168377 2.11209005
3210 381 1.32081316 2.23097683
3220 381 1.34071721 2.35049598
3230 381 1.35998888 2.47078980
3240 381 1.35062971 2.59611101
3250 381 1.27085541 2.73494927
3080 352 1.51433617 0.17379287
3090 352 1.52507076 0.20966443
3100 352 1.53643773 0.24476132
3110 352 1.54780470 0.27985822
3120 352 1.55994633 0.31558749
3130 352 1.57068092 0.35145904
3140 352 1.53186881 0.56504420
3150 352 1.49164966 0.77877165
3160 352 1.45143052 0.99249909
3170 352 1.38164777 1.13174839
3180 352 1.30283785 1.25201059
3190 352 1.22466031 1.37149813
3200 352 1.21496914 1.51462074
3210 352 1.23610632 1.66741871
3220 352 1.25646885 1.81958430
3230 352 1.28109991 1.95070757
3240 352 1.31622843 2.03101938
3250 352 1.35135694 2.11133120
3260 352 1.38726012 2.19227539
3270 352 1.42238863 2.27258720
3130 821 -1.71018317 4.28512538
3140 821 -1.53242214 4.12429623
3150 821 -1.35529348 3.96424174
3160 821 -1.17753245 3.80341259
3170 821 -0.94201964 3.63034695
3180 821 -0.64720572 3.44630959
3190 821 -0.35239180 3.26227222
3200 821 -0.06820180 3.07859847
3210 821 0.19304873 2.89298016
3220 821 0.45444156 2.70876889
3230 821 0.65781383 2.54819268
3240 821 0.80471489 2.41251631
3250 821 0.95161595 2.27683993
3260 821 1.09514961 2.15003264
3270 821 1.19866964 2.10545009
3280 821 1.30282204 2.06009289
3290 821 1.42376405 1.99100576
3300 821 1.54899040 1.91508896
3310 821 1.67421676 1.83917216
3320 821 1.85015971 1.81498376
3160 823 -1.19204549 4.16592241
3170 823 -0.91160233 3.96628115
3180 823 -0.63038450 3.76727227
3190 823 -0.35261313 3.56932262
3200 823 -0.07624880 3.37151526
3210 823 0.19870850 3.17385017
3220 823 0.44040280 2.99163089
3230 823 0.67471410 2.81371176
3240 823 0.90761836 2.63593492
3250 823 0.98287116 2.54375024
3260 823 1.05749159 2.45234022
3270 823 1.13211201 2.36093020
3280 823 1.25311725 2.28544025
3290 823 1.38672260 2.21507256
3300 823 1.51892090 2.14484715
3310 823 1.65175158 2.07384708
3320 823 1.77941259 1.90955567
3330 823 1.90576141 1.70417559
3340 823 2.03225252 1.50020256
3350 823 2.23834401 1.31731928
