1280 318 0.00000000 0.00000000
1290 318 -0.00000000 0.19720548
1300 318 -0.01284447 0.32935698
1310 318 -0.02625181 0.46068193
1320 318 -0.03909628 0.59283343
1330 318 -0.05250361 0.72415839
1340 318 -0.01993859 0.84837401
1350 318 0.05942533 0.96491742
1360 318 0.13822638 1.08063429
1370 318 0.21315838 1.19777607
1380 318 0.24526702 1.33198126
1390 318 0.27681280 1.46535991
1400 318 0.30974799 1.59900225
1410 318 0.32442811 1.73781685
1420 318 0.27051987 1.89672217
1430 318 0.21661163 2.05562750
1440 318 0.16326626 2.21535937
1450 318 0.15949861 2.36794641
1460 318 0.16155231 2.52019877
1470 318 0.16416887 2.67327769
1140 524 -0.12185767 0.83550925
1150 524 -0.23636260 1.09375259
1160 524 -0.35060385 1.35060651
1170 524 -0.41855836 1.57594001
1180 524 -0.45510399 1.77988465
1190 524 -0.49164963 1.98382929
1200 524 -0.51302328 2.12299885
1210 524 -0.52608072 2.23351809
1220 524 -0.54052758 2.34377365
1230 524 -0.55441158 2.45485576
1240 524 -0.55897535 2.55475157
1250 524 -0.55940637 2.65183305
1260 524 -0.55983739 2.74891453
1270 524 -0.56165783 2.84573233
1280 524 -0.60965853 2.98488668
1290 524 -0.70744486 3.16641308
1300 524 -0.80384177 3.34820316
1310 524 -0.94401537 3.50657097
1320 524 -1.12601335 3.64260675
1330 524 -1.30940076 3.77837884
1200 327 -2.36587243 1.32801079
1210 327 -2.10374482 1.41446376
1220 327 -1.80831185 1.44678031
1230 327 -1.48013638 1.42413388
1240 327 -1.15259477 1.39345015
1250 327 -0.82702571 1.33144375
1260 327 -0.50063011 1.26887450
1270 327 -0.21987219 1.21923592
1280 327 -0.04421277 1.20003260
1290 327 0.13062010 1.18139214
1300 327 0.39700723 1.10887387
1310 327 0.66478377 1.03661928
1320 327 0.93331587 0.95659108
1330 327 1.21920042 0.80788324
1340 327 1.50508498 0.65917541
1350 327 1.69504927 0.51529502
1360 327 1.82041598 0.37426952
1370 327 1.94578268 0.23324403
1380 327 2.10255824 0.07082968
1390 327 2.29021530 -0.11019471
1280 312 0.35476702 -0.02623659
1290 312 0.36633364 0.10622930
1300 312 0.37790026 0.23869520
1310 312 0.39029342 0.37059823
1320 312 0.40919249 0.48718221
1330 312 0.43809635 0.57759552
1340 312 0.46700022 0.66800883
1350 312 0.49646694 0.75924869
1360 312 0.52537081 0.84966200
1370 312 0.56212435 1.00490110
1380 312 0.60107864 1.18646806
1390 312 0.64003294 1.36803503
1400 312 0.67147730 1.54745702
1410 312 0.63605232 1.69619529
1420 312 0.59980079 1.84549641
1430 312 0.56354926 1.99479754
1440 312 0.53034024 2.14323662
1450 312 0.50017374 2.29081366
1460 312 0.47000723 2.43839070
1470 312 0.43927786 2.58514119
1280 315 0.07733051 0.58613991
1290 315 0.11988511 0.71081190
1300 315 0.18157204 0.80672709
1310 315 0.24461288 0.89930058
1320 315 0.30821659 0.99270063
1330 315 0.36609024 1.12387852
1340 315 0.41909587 1.29587679
1350 315 0.47153863 1.46704851
1360 315 0.50973736 1.65638909
1370 315 0.51174542 1.88852260
1380 315 0.51319062 2.11982957
1390 315 0.52411323 2.32774468
1400 315 0.57043041 2.44017564
1410 315 0.61731044 2.55343314
1420 315 0.66362761 2.66586410
1430 315 0.81399869 2.66993092
1440 315 0.98905975 2.64629568
1450 315 1.14187498 2.64506853
1460 315 1.26338783 2.67604637
1470 315 1.38490069 2.70702421
1380 321 -1.02591978 2.70940244
1390 321 -1.00845577 2.70839841
1400 321 -0.99632121 2.70134486
1410 321 -0.98279725 2.69455498
1420 321 -0.97066270 2.68750143
1430 321 -0.95770160 2.67988501
1440 321 -0.94500418 2.67365800
1450 321 -0.93204308 2.66604158
1460 321 -0.91990853 2.65898802
1470 321 -0.90721111 2.65276101
1480 321 -0.89425001 2.64514459
1490 321 -0.88155260 2.63891758
1500 321 -0.86859150 2.63130116
1510 321 -0.85645694 2.62424761
1520 321 -0.84293298 2.61745773
1530 321 -0.83079843 2.61040418
1540 321 -0.81866388 2.60335062
1550 321 -0.80513991 2.59656075
1560 321 -0.79383191 2.59007006
1570 321 -0.79296986 2.59311257
1410 341 0.19370152 -1.42644619
1420 341 0.20333107 -1.12449210
1430 341 0.21603862 -0.81979468
1440 341 0.22957273 -0.51566012
1450 341 0.24284315 -0.21013615
1460 341 0.25611358 0.09538782
1470 341 0.27103710 0.39978606
1480 341 0.28569693 0.70557371
1490 341 0.29806982 1.00444979
1500 341 0.28632572 1.24836797
1510 341 0.27540817 1.49172328
1520 341 0.26366408 1.73564145
1530 341 0.18030432 1.97388534
1540 341 0.07918137 2.21091730
1550 341 -0.02250445 2.44712271
1560 341 -0.17248507 2.67992050
1570 341 -0.34413344 2.90932590
1580 341 -0.51439241 3.13899497
1590 341 -0.57582579 3.32238238
1600 341 -0.62456176 3.49954277
