400 79 0.00000000 0.00000000
410 79 0.00000000 0.13230646
420 79 -0.00000000 0.26461292
430 79 0.00029477 0.39553623
440 79 0.00029477 0.52784270
450 79 -0.04056491 0.64493448
460 79 -0.08557405 0.76114196
470 79 -0.13112738 0.87651047
480 79 -0.17529756 0.99217376
490 79 -0.24656392 1.12302904
500 79 -0.38011749 1.28832709
510 79 -0.51283209 1.45308095
520 79 -0.64638566 1.61837900
530 79 -0.77910027 1.78313285
540 79 -0.90167931 2.00210175
550 79 -1.01834028 2.25775820
560 79 -1.13361810 2.51370941
570 79 -1.24944010 2.76882167
580 79 -1.41215324 3.04719809
590 79 -1.62091856 3.34829450
400 6 2.11082660 -1.14867405
410 6 2.08125888 -1.13545474
420 6 2.05139639 -1.12085228
430 6 2.02182868 -1.10763297
440 6 1.95466643 -1.06049242
450 6 1.73633242 -0.88072795
460 6 1.51829318 -0.70234665
470 6 1.29726090 -0.50652855
480 6 1.06656922 -0.24842324
490 6 0.83642173 0.01052103
500 6 0.60573005 0.26862633
510 6 0.52450953 0.50725413
520 6 0.48244809 0.74193655
530 6 0.43984246 0.97578000
540 6 0.39723683 1.20962345
550 6 0.43576103 1.43256041
560 6 0.49512321 1.65270839
570 6 0.55448539 1.87285636
580 6 0.58366763 2.08874151
590 6 0.58350891 2.29981963
400 82 0.56745527 -0.08439497
410 82 0.50850124 0.01582689
420 82 0.44900301 0.11520979
430 82 0.39091061 0.23513591
440 82 0.33399729 0.43773372
450 82 0.27708397 0.64033153
460 82 0.22071484 0.84376831
470 82 0.16464048 1.04582193
480 82 0.06845471 1.23932722
490 82 -0.08577812 1.41684689
500 82 -0.23946676 1.59520553
510 82 -0.39315540 1.77356416
520 82 -0.55512028 1.97040262
530 82 -0.72604163 2.19569774
540 82 -0.89834614 2.42069808
550 82 -1.07065065 2.64569843
560 82 -1.24157201 2.87099355
570 82 -1.39079374 3.11320394
580 82 -1.53670498 3.35684283
590 82 -1.68345518 3.60102592
400 87 0.44462681 0.30876043
410 87 0.49698253 0.44644078
420 87 0.54795509 0.58382636
430 87 0.54988244 0.71726655
440 87 0.50360352 0.84621717
450 87 0.45648564 0.97571198
460 87 0.40936776 1.10520679
470 87 0.36224988 1.23470159
480 87 0.23674581 1.39954615
490 87 0.10260270 1.56761050
500 87 -0.03237937 1.73621905
510 87 -0.16754284 1.91924865
520 87 -0.30603947 2.12470347
530 87 -0.44508030 2.32931933
540 87 -0.58273798 2.53422995
550 87 -0.73604114 2.74809706
560 87 -0.89660019 2.96547873
570 87 -1.05577609 3.18315517
580 87 -1.21545083 3.39638739
590 87 -1.37351567 3.59188804
460 164 -1.03652533 -1.45648214
470 164 -0.92505685 -1.18908024
480 164 -0.81274942 -0.92222253
490 164 -0.69989779 -0.65452585
500 164 -0.58679673 -0.42870922
510 164 -0.47369568 -0.20289258
520 164 -0.36059463 0.02292405
530 164 -0.26032742 0.25468144
540 164 -0.21332291 0.50906810
550 164 -0.16686260 0.76261581
560 164 -0.11985809 1.01700248
570 164 -0.12749944 1.24962150
580 164 -0.14922174 1.47707071
590 164 -0.17094403 1.70451991
600 164 -0.19266633 1.93196912
610 164 -0.24468193 2.14211759
620 164 -0.30386271 2.34857009
630 164 -0.36304349 2.55502259
640 164 -0.42276846 2.76063613
650 164 -0.39324610 2.92743070
500 167 -0.21053393 -2.29263178
510 167 -0.20001291 -1.85009103
520 167 -0.17479872 -1.42900049
530 167 -0.08439497 -1.09668112
540 167 0.00600878 -0.76436176
550 167 0.04153992 -0.43578370
560 167 0.06294477 -0.10877020
570 167 0.05319468 0.22534047
580 167 -0.02913690 0.57434836
590 167 -0.11201267 0.92251730
600 167 -0.25155234 1.25499539
610 167 -0.41653294 1.58132865
620 167 -0.58180832 1.90904507
630 167 -0.75284304 2.25360874
640 167 -0.92387777 2.59817241
650 167 -1.09235027 2.93749824
660 167 -1.25569830 3.26634839
670 167 -1.41875156 3.59381538
680 167 -1.58151005 3.91989923
690 167 -1.73599230 4.22750325
