3760 713 0.00000000 0.00000000
3770 713 -0.00000000 0.46591094
3780 713 0.00129853 0.93126168
3790 713 0.00523061 1.33309814
3800 713 0.01044835 1.72898925
3810 713 0.04405348 2.03716403
3820 713 0.07821881 2.34663734
3830 713 0.05200136 2.64288495
3840 713 0.00107317 2.93362077
3850 713 -0.01549438 3.22724556
3860 713 0.05132526 3.52494195
3870 713 0.11777573 3.82356769
3880 713 0.25489206 4.00930705
3890 713 0.40883780 4.16622331
3900 713 0.57553918 4.29915429
3910 713 0.78621035 4.33764663
3920 713 0.99688152 4.37613897
3930 713 1.17586637 4.44293285
3940 713 1.34021108 4.52220336
3950 713 1.50585433 4.60091368
3690 710 -1.21082369 -0.19152802
3700 710 -1.21994775 -0.04666342
3710 710 -1.22907182 0.09820117
3720 710 -1.22349135 0.25751488
3730 710 -1.15761610 0.47090760
3740 710 -1.09174085 0.68430031
3750 710 -1.02373858 0.93297016
3760 710 -0.94717888 1.26573977
3770 710 -0.89962044 1.58483724
3780 710 -0.96285999 1.85239052
3790 710 -1.02609955 2.11994380
3800 710 -1.03205133 2.34892104
3810 710 -1.02298093 2.56987743
3820 710 -1.03114772 2.80443085
3830 710 -1.06433003 3.06132759
3840 710 -1.09658298 3.31859349
3850 710 -1.05660108 3.57550096
3860 710 -0.99823585 3.83217878
3870 710 -0.93987062 4.08885659
3880 710 -0.89254612 4.23247202
3770 714 0.36946976 0.28341683
3780 714 0.36821630 0.53578051
3790 714 0.36696284 0.78814420
3800 714 0.36505904 1.00151330
3810 714 0.36275817 1.12649212
3820 714 0.36138667 1.25184012
3830 714 0.30791937 1.33497403
3840 714 0.22281512 1.38940074
3850 714 0.13641234 1.44438765
3860 714 0.07612184 1.54740734
3870 714 0.02236264 1.66378151
3880 714 -0.03139656 1.78015568
3890 714 -0.05978396 1.86787202
3900 714 -0.06223936 1.92822905
3910 714 -0.06469477 1.98858608
3920 714 -0.06715017 2.04894311
3930 714 -0.06960558 2.10930014
3940 714 -0.06656208 2.13956128
3950 714 -0.06094727 2.15793175
3960 714 -0.05496329 2.17537285
3900 480 -1.10607406 3.07702587
3910 480 -0.91399872 3.25984836
3920 480 -0.72192339 3.44267086
3930 480 -0.53682363 3.65930668
3940 480 -0.35283138 3.87873059
3950 480 -0.16790977 4.09852367
3960 480 0.03819400 4.24603041
3970 480 0.26418139 4.32181099
3980 480 0.49146732 4.39703137
3990 480 0.70739700 4.46020868
4000 480 0.90638139 4.50374275
4010 480 1.10629513 4.54764599
4020 480 1.29787037 4.59899701
4030 480 1.46296630 4.68179395
4040 480 1.62713287 4.76422172
4050 480 1.79185964 4.84794802
4060 480 1.96445486 4.96062407
4070 480 2.15560083 5.14307739
4080 480 2.34730700 5.32682925
4090 480 2.53845297 5.50928258
