2340 407 0.00000000 0.00000000
2350 407 0.00000000 0.58417977
2360 407 -0.00072067 1.16766625
2370 407 -0.01905749 1.68147727
2380 407 -0.04268549 2.17770979
2390 407 -0.07063750 2.66978264
2400 407 -0.13534361 3.12649822
2410 407 -0.20007711 3.58179985
2420 407 -0.26478322 4.03851543
2430 407 -0.23958036 4.49985458
2440 407 -0.21507078 4.96191440
2450 407 -0.16962758 5.29980183
2460 407 -0.11094017 5.55468570
2470 407 -0.05851966 5.81464164
2480 407 -0.06554832 6.10898939
2490 407 -0.07327025 6.40405781
2500 407 -0.08088264 6.70478202
2510 407 -0.09377593 7.06148045
2520 407 -0.09779353 7.40174043
2530 407 -0.06841558 7.67699474
2310 604 1.80632583 1.86394850
2320 604 1.67792528 2.13589390
2330 604 1.55227047 2.40354268
2340 604 1.44605488 2.65242668
2350 604 1.33911861 2.90061741
2360 604 1.22304133 3.11503770
2370 604 1.10087003 3.30694439
2380 604 0.97800546 3.49957173
2390 604 0.84236913 3.65354831
2400 604 0.68653525 3.75062973
2410 604 0.53139465 3.84699048
2420 604 0.35493526 3.93810627
2430 604 0.09669455 4.00605282
2440 604 -0.16154616 4.07399937
2450 604 -0.39624104 4.22565132
2460 604 -0.62628324 4.39843032
2470 604 -0.87221610 4.59061260
2480 604 -1.18520538 4.86259737
2490 604 -1.49750137 5.13386148
2500 604 -1.78434629 5.40463258
2480 256 -3.09545983 5.41022675
2490 256 -2.77306592 5.11259919
2500 256 -2.43618503 4.86914844
2510 256 -2.08340321 4.67984712
2520 256 -1.73131467 4.49126647
2530 256 -1.42814772 4.36940672
2540 256 -1.20085809 4.34661579
2550 256 -0.97356847 4.32382486
2560 256 -0.80032727 4.35866003
2570 256 -0.68182779 4.45184196
2580 256 -0.56191436 4.54499651
2590 256 -0.46683062 4.70723424
2600 256 -0.37704661 4.88796285
2610 256 -0.28795588 5.06941214
2620 256 -0.22410567 5.29873538
2630 256 -0.19914247 5.60165755
2640 256 -0.17767305 5.90676911
2650 256 -0.17780486 6.22856560
2660 256 -0.17865733 6.54966881
2670 256 -0.17313335 6.87135575
2490 259 -3.78125386 4.72829454
2500 259 -3.46594681 4.50294267
2510 259 -3.15063976 4.27759081
2520 259 -2.75600439 4.13132761
2530 259 -2.30798476 4.03919501
2540 259 -1.88276120 3.97508632
2550 259 -1.55008107 4.02592855
2560 259 -1.21740094 4.07677077
2570 259 -0.99696024 4.17505045
2580 259 -0.85299086 4.30522271
2590 259 -0.70832820 4.43467430
2600 259 -0.57983008 4.56938968
2610 259 -0.47520475 4.71305436
2620 259 -0.37130009 4.85602577
2630 259 -0.26667476 4.99969045
2640 259 -0.16128255 5.18294568
2650 259 -0.05333461 5.46162873
2660 259 0.05319938 5.74033917
2670 259 0.09488346 6.03020714
2680 259 -0.01705982 6.34851155
2520 616 1.93985151 2.07565559
2530 616 1.70160121 2.37236049
2540 616 1.46335092 2.66906539
2550 616 1.22510063 2.96577030
2560 616 1.03304502 3.23753424
2570 616 0.84586976 3.50566746
2580 616 0.66396685 3.75389585
2590 616 0.53658483 3.82284380
2600 616 0.40848214 3.89109848
2610 616 0.28037945 3.95935315
2620 616 0.07429905 3.98173325
2630 616 -0.14037460 3.99862188
2640 616 -0.35574152 4.01623119
2650 616 -0.61687347 4.11747400
2660 616 -0.88346949 4.22872400
2670 616 -1.16024559 4.36209562
2680 616 -1.47494153 4.58248497
2690 616 -1.79033075 4.80359499
2700 616 -2.10804631 5.01414148
2710 616 -2.43182849 5.20358830
2520 618 2.20005737 2.25520478
2530 618 1.94455725 2.57416824
2540 618 1.68836385 2.89385237
2550 618 1.43918541 3.21057165
2560 618 1.21515677 3.51124451
2570 618 0.99184880 3.81261065
2580 618 0.77412301 4.07355601
2590 618 0.57667352 4.17639422
2600 618 0.38063797 4.27920504
2610 618 0.20437887 4.34414909
2620 618 0.04789622 4.37122637
2630 618 -0.10858644 4.39830365
2640 618 -0.32638755 4.50931571
2650 618 -0.57106223 4.65691754
2660 618 -0.81573691 4.80451936
2670 618 -1.11103985 4.96724667
2680 618 -1.41829287 5.13374165
2690 618 -1.72554590 5.30023663
2700 618 -2.03351959 5.46603833
2710 618 -2.34229612 5.62690491
