3280 353 0.00000000 0.00000000
3290 353 -0.00000000 0.09315042
3300 353 -0.04769705 0.20751383
3310 353 -0.09576984 0.32051387
3320 353 -0.14384262 0.43351390
3330 353 -0.19104585 0.54700776
3340 353 -0.20771781 0.66749031
3350 353 -0.19397659 0.79719451
3360 353 -0.18061111 0.92553532
3370 353 -0.16550651 1.05486378
3380 353 -0.14743896 1.17897487
3390 353 -0.08408980 1.25980114
3400 353 -0.02210403 1.34100314
3410 353 0.04124512 1.42182940
3420 353 0.10323089 1.50303140
3430 353 0.17701478 1.58978356
3440 353 0.27650977 1.68998709
3450 353 0.37513520 1.78969678
3460 353 0.47463019 1.88990031
3470 353 0.57276180 1.99047957
3100 815 1.57895162 3.53365035
3110 815 1.49120107 3.37226621
3120 815 1.40345052 3.21088206
3130 815 1.32631721 3.07737756
3140 815 1.26529762 2.98637421
3150 815 1.20390230 2.89400747
3160 815 1.14288271 2.80300412
3170 815 1.08666181 2.69747588
3180 815 1.03044092 2.59194763
3190 815 0.97335046 2.48592556
3200 815 0.92300178 2.39638221
3210 815 0.87415605 2.31229241
3220 815 0.82617989 2.22869643
3230 815 0.77820372 2.14510046
3240 815 0.73842934 2.06731229
3250 815 0.71108646 2.00003401
3260 815 0.68423742 1.93188617
3270 815 0.65738837 1.86373832
3280 815 0.63053932 1.79559048
3290 815 0.57045371 1.72926764
3160 823 -2.30929726 2.23171306
3170 823 -2.06621729 1.98795677
3180 823 -1.82226776 1.74469430
3190 823 -1.58153883 1.50305287
3200 823 -1.34217329 1.26178717
3210 823 -1.10417113 1.02089721
3220 823 -0.89637818 0.80080158
3230 823 -0.69514451 0.58618096
3240 823 -0.49527422 0.37193607
3250 823 -0.43650905 0.26845828
3260 823 -0.37823771 0.16585004
3270 823 -0.31996636 0.06324180
3280 823 -0.21330017 -0.03143303
3290 823 -0.09335439 -0.12316639
3300 823 0.02522801 -0.21452400
3310 823 0.14430424 -0.30675118
3320 823 0.24267202 -0.49008906
3330 823 0.33287023 -0.71371662
3340 823 0.42344416 -0.93598079
3350 823 0.59602525 -1.15077318
3180 825 -0.64378671 1.89300282
3190 825 -0.51676634 1.80298712
3200 825 -0.39110936 1.71334715
3210 825 -0.26357370 1.63052412
3220 825 -0.11466401 1.60928965
3230 825 0.03462142 1.58941856
3240 825 0.17739051 1.59114695
3250 825 0.26734180 1.78713104
3260 825 0.35729309 1.98311514
3270 825 0.44538717 2.18034453
3280 825 0.52259563 2.38864204
3290 825 0.59893452 2.59644573
3300 825 0.67576725 2.80337986
3310 825 0.74360376 2.98565494
3320 825 0.81057072 3.16743620
3330 825 0.87753768 3.34921746
3340 825 0.94782185 3.51908251
3350 825 1.02460090 3.65928586
3360 825 1.10187377 3.79861964
3370 825 1.17778325 3.93832916
3260 371 -0.78276623 0.10056853
3270 371 -0.72409768 0.19368674
3280 371 -0.65464013 0.28603200
3290 371 -0.58480684 0.37974066
3300 371 -0.52350813 0.48240257
3310 371 -0.48050242 0.60917602
3320 371 -0.43700288 0.73507992
3330 371 -0.39286996 0.86594353
3340 371 -0.34533394 1.01713985
3350 371 -0.29779792 1.16833617
3360 371 -0.24939234 1.32002631
3370 371 -0.18850157 1.45580670
3380 371 -0.11289268 1.57579543
3390 371 -0.03728378 1.69578416
3400 371 0.03745555 1.81527906
3410 371 0.11057385 1.93155337
3420 371 0.15979531 2.01700656
3430 371 0.20901678 2.10245975
3440 371 0.25823825 2.18791293
3450 371 0.30745971 2.27336612
3260 382 -0.17513609 0.55949294
3270 382 -0.22968228 0.71021690
3280 382 -0.24657968 0.88577167
3290 382 -0.24620395 1.07343589
3300 382 -0.24669777 1.26060629
3310 382 -0.21415900 1.41593571
3320 382 -0.15984899 1.54912888
3330 382 -0.10516324 1.68368545
3340 382 -0.05085324 1.81687863
3350 382 -0.00290927 1.93495647
3360 382 0.04153497 2.04299678
3370 382 0.08560348 2.14967371
3380 382 0.12917817 2.25722019
3390 382 0.17362241 2.36526051
3400 382 0.21353635 2.44887795
3410 382 0.25220499 2.53063819
3420 382 0.29087363 2.61239842
3430 382 0.33041184 2.69465249
3440 382 0.36957430 2.77554316
3450 382 0.40911250 2.85779722
3280 810 0.65625042 1.43644018
3290 810 0.59438275 1.35300523
3300 810 0.52147915 1.31735322
3310 810 0.44819982 1.28033781
3320 810 0.37529623 1.24468580
3330 810 0.30288646 1.20816422
3340 810 0.23713260 1.15587245
3350 810 0.19038026 1.06607146
3360 810 0.14362791 0.97627047
3370 810 0.09600601 0.88597565
3380 810 0.04951132 0.79977099
3390 810 -0.00037574 0.74383994
3400 810 -0.04939323 0.68840272
3410 810 -0.09928029 0.63247168
3420 810 -0.14829778 0.57703446
3430 810 -0.28223170 0.49292319
3440 810 -0.45179616 0.39662732
3450 810 -0.62223018 0.29983763
3460 810 -0.78074799 0.20636515
3470 810 -0.92436517 0.11905476
3290 854 1.16686543 3.05237499
3300 854 1.13157841 2.98288523
3310 854 1.09629140 2.91339547
3320 854 1.06051056 2.84477527
3330 854 1.02609311 2.77577934
3340 854 0.99264184 2.69698205
3350 854 0.96728500 2.58368143
3360 854 0.94230390 2.47174420
3370 854 0.91694706 2.35844357
3380 854 0.89159022 2.24514295
3390 854 0.87046310 2.13654440
3400 854 0.86040410 2.03883147
3410 854 0.84947554 1.94062472
3420 854 0.83941654 1.84291179
3430 854 0.82935754 1.74519886
3440 854 0.80035069 1.65857552
3450 854 0.72688886 1.59960638
3460 854 0.65305130 1.53927386
3470 854 0.57958947 1.48030471
3480 854 0.51225751 1.44091681
3300 816 0.50230586 1.66296627
3310 816 0.43328846 1.59617108
3320 816 0.36514061 1.52986971
3330 816 0.30693368 1.47036380
3340 816 0.26475459 1.42111013
3350 816 0.22306932 1.37098690
3360 816 0.18175979 1.32222705
3370 816 0.14007452 1.27210382
3380 816 0.09152938 1.20773481
3390 816 0.04072982 1.13518548
3400 816 -0.01056356 1.06350572
3410 816 -0.06049356 0.99145022
3420 816 -0.12295168 0.91918001
3430 816 -0.22919919 0.84504185
3440 816 -0.33631627 0.77040987
3450 816 -0.44256378 0.69627172
3460 816 -0.62959461 0.60845676
3470 816 -0.85124687 0.51478031
3480 816 -1.07289913 0.42110386
3490 816 -1.26850749 0.32611771
3320 829 -2.60483002 1.50267713
3330 829 -2.35686548 1.46294569
3340 829 -2.10840712 1.42234469
3350 829 -1.85994875 1.38174370
3360 829 -1.67091041 1.33844813
3370 829 -1.48819518 1.29616168
3380 829 -1.30585568 1.25251185
3390 829 -1.22802457 1.22886193
3400 829 -1.22024146 1.21718190
3410 829 -1.21158879 1.20599569
3420 829 -1.20342995 1.19567904
3430 829 -1.19564683 1.18399901
3440 829 -1.18699416 1.17281280
3450 829 -1.17921105 1.16113276
3460 829 -1.17055838 1.14994656
3470 829 -1.16326909 1.13913608
3480 829 -1.15461642 1.12794987
3490 829 -1.14683331 1.11626984
3500 829 -1.13867446 1.10595319
3510 829 -1.13002179 1.09476698
3390 447 -1.29177094 0.39340672
3400 447 -1.04717729 0.57831196
3410 447 -0.81842898 0.77491871
3420 447 -0.58881111 0.97201928
3430 447 -0.40762029 1.19566830
3440 447 -0.22555992 1.41981116
3450 447 -0.11062753 1.63458207
3460 447 -0.03924835 1.84301914
3470 447 0.03349421 2.05108048
3480 447 0.04188924 2.40889960
3490 447 0.05077809 2.76584916
3500 447 0.07570551 3.09050686
3510 447 0.10507736 3.40733851
3520 447 0.13766981 3.72254913
3530 447 0.17658536 4.03675063
3540 447 0.21550092 4.35095212
3550 447 0.26273635 4.66872848
3560 447 0.32139416 4.99069161
3570 447 0.38054580 5.31178519
3580 447 0.43920362 5.63374832
3410 285 -2.74136189 -1.79257385
3420 285 -2.47385905 -1.66825879
3430 285 -2.20722578 -1.54443755
3440 285 -1.95911095 -1.43458297
3450 285 -1.71186568 -1.32522221
3460 285 -1.46325702 -1.21623719
3470 285 -1.29019284 -1.10990379
3480 285 -1.12519090 -1.00354893
3490 285 -0.96018895 -0.89719406
3500 285 -0.79605656 -0.79133302
3510 285 -0.65131217 -0.60678205
3520 285 -0.50656779 -0.42223107
3530 285 -0.36231722 -0.23681054
3540 285 -0.24972513 -0.06246886
3550 285 -0.15128220 0.10843752
3560 285 -0.05370883 0.27885007
3570 285 0.04522792 0.44888688
3580 285 0.15005837 0.64297083
3590 285 0.25650986 0.84027537
3600 285 0.36296134 1.03757991
3420 287 -2.70274692 -1.31179232
3430 287 -2.48625835 -1.24749845
3440 287 -2.27063935 -1.18369842
3450 287 -2.05502034 -1.11989838
3460 287 -1.84690533 -1.03275975
3470 287 -1.64532813 -0.93208387
3480 287 -1.44337520 -0.83004460
3490 287 -1.24092844 -0.72887490
3500 287 -1.12122956 -0.58729743
3510 287 -1.01069865 -0.44172642
3520 287 -0.89967392 -0.29702498
3530 287 -0.78914301 -0.15145397
3540 287 -0.68362550 0.02117006
3550 287 -0.58175800 0.22047137
3560 287 -0.48076006 0.41927886
3570 287 -0.37976213 0.61808634
3580 287 -0.28226390 0.80685630
3590 287 -0.19063790 0.97964136
3600 287 -0.10037529 1.15280215
3610 287 -0.00874929 1.32558721
