0 110 0.00000000 0.00000000
10 110 0.00000000 0.11047624
20 110 0.00000000 0.22095248
30 110 0.01216551 0.35354208
40 110 0.07295686 0.57682085
50 110 0.13197408 0.79917635
60 110 0.19065638 0.95935559
70 110 0.24644213 1.07744433
80 110 0.30222788 1.19553307
90 110 0.36865845 1.31916146
100 110 0.44839505 1.44971441
110 110 0.52813165 1.58026737
120 110 0.60786825 1.71082033
130 110 0.65278289 1.86496206
140 110 0.64434668 2.05446887
150 110 0.63502341 2.24351404
160 110 0.63017169 2.43263163
170 110 0.66751909 2.61214534
180 110 0.70486648 2.79165905
190 110 0.74221388 2.97117276
0 45 0.67907813 1.53932644
10 45 0.68621089 1.43030753
20 45 0.69469235 1.32086318
30 45 0.70271217 1.21230590
40 45 0.70984493 1.10328699
50 45 0.69132511 0.97640903
60 45 0.65552556 0.83941125
70 45 0.61883894 0.70195183
80 45 0.58303938 0.56495405
90 45 0.56495405 0.41124679
100 45 0.55911569 0.24700333
110 45 0.55373897 0.08187281
120 45 0.54790061 -0.08237065
130 45 0.54206225 -0.24661411
140 45 0.49429632 -0.36278388
150 45 0.41827093 -0.44631315
160 45 0.34313260 -0.52938079
170 45 0.26710720 -0.61291006
180 45 0.18117923 -0.69257425
190 45 0.07186160 -0.76411904
0 52 0.63757600 1.25732011
10 52 0.59928722 1.13593654
20 52 0.56142388 1.01590168
30 52 0.52267346 0.89540519
40 52 0.48527176 0.77448326
50 52 0.47729719 0.63167428
60 52 0.46886099 0.48975236
70 52 0.46088642 0.34694337
80 52 0.44357954 0.20040508
90 52 0.41246877 0.05006506
100 52 0.38224508 -0.09981332
110 52 0.35159596 -0.25104040
120 52 0.28636926 -0.36615112
130 52 0.20701283 -0.46494159
140 52 0.12723098 -0.56508077
150 52 0.04698748 -0.66433288
160 52 -0.03868705 -0.75964749
170 52 -0.14658355 -0.83608927
180 52 -0.25536712 -0.91299268
190 52 -0.36415069 -0.98989609
0 58 -1.02918056 -2.62336947
10 58 -1.05056977 -2.32449073
20 58 -1.07107192 -2.02515035
30 58 -1.09199949 -1.72715868
40 58 -1.12631456 -1.40344202
50 58 -1.17913135 -1.04200684
60 58 -1.23283520 -0.68103330
70 58 -1.28653906 -0.32005977
80 58 -1.23981408 -0.05675428
90 58 -1.16852273 0.18100724
100 58 -1.09680596 0.42011748
110 58 -0.95870387 0.59231740
120 58 -0.75379103 0.69895571
130 58 -0.54887819 0.80559402
140 58 -0.36969035 0.89884484
150 58 -0.21622749 0.97870817
160 58 -0.06276463 1.05857149
170 58 0.09069823 1.13843482
180 58 0.19008612 1.29837871
190 58 0.23674773 1.53797773
0 83 -0.72511518 -0.51939674
10 83 -0.71629881 -0.45618858
20 83 -0.70883114 -0.39255499
30 83 -0.70047640 -0.32845976
40 83 -0.69166002 -0.26525160
50 83 -0.68419235 -0.20161801
60 83 -0.63132126 -0.17974000
70 83 -0.56932603 -0.16889604
80 83 -0.50644373 -0.15759044
90 83 -0.44356143 -0.14628485
100 83 -0.38156620 -0.13544089
110 83 -0.30630115 -0.11543658
120 83 -0.20364560 -0.07441419
130 83 -0.10099004 -0.03339179
140 83 0.00120388 0.00851767
150 83 0.11853227 -0.00031681
160 83 0.25497790 -0.08487798
170 83 0.39142353 -0.16943915
180 83 0.50966614 -0.26234600
190 83 0.60970575 -0.36359854
0 84 -0.93296077 -0.22398481
10 84 -0.87609787 -0.14479131
20 84 -0.81969660 -0.06471075
30 84 -0.76283370 0.01448275
40 84 -0.72902552 0.05349566
50 84 -0.70344536 0.07582626
60 84 -0.67875227 0.09769521
70 84 -0.65271047 0.11913874
80 84 -0.62713031 0.14146933
90 84 -0.60243722 0.16333829
100 84 -0.57639542 0.18478181
110 84 -0.55170233 0.20665077
120 84 -0.52566053 0.22809429
130 84 -0.50096744 0.24996325
140 84 -0.47538728 0.27229384
150 84 -0.40086447 0.28289340
160 84 -0.30479857 0.28892185
170 84 -0.20919430 0.29583736
180 84 -0.11312840 0.30186581
190 84 0.05330558 0.21600119
0 109 -0.28313780 0.80184661
10 109 -0.19985292 0.93424612
20 109 -0.11745512 1.06618399
30 109 -0.03505731 1.19812186
40 109 0.01403922 1.25974597
50 109 0.05313360 1.30376448
60 109 0.09311504 1.34824463
70 109 0.13263485 1.39361185
80 109 0.17172923 1.43763037
90 109 0.21171068 1.48211052
100 109 0.26241841 1.60995701
110 109 0.31634856 1.75977203
120 109 0.36939164 1.90912541
130 109 0.42289636 2.05759172
140 109 0.44633126 2.24001103
150 109 0.45567263 2.43651482
160 109 0.46547565 2.63213154
170 109 0.47392995 2.82817369
180 109 0.49444115 3.05303651
190 109 0.52090838 3.29678123
0 111 0.33279554 -0.27773392
10 111 0.23716411 -0.20011542
20 111 0.14107106 -0.12160986
30 111 0.04543963 -0.04399136
40 111 -0.03646033 0.04190041
50 111 0.00895215 0.19291931
60 111 0.05436463 0.34393820
70 111 0.10066418 0.49541874
80 111 0.14845726 0.63753074
90 111 0.21209085 0.74053931
100 111 0.27437573 0.84397331
110 111 0.33712226 0.94652025
120 111 0.39379508 1.06507063
130 111 0.44574290 1.19919901
140 111 0.49726529 1.33197869
150 111 0.54832604 1.46564544
160 111 0.60034627 1.59530228
170 111 0.65201349 1.71913886
180 111 0.70368071 1.84297544
190 111 0.75534793 1.96681202
0 113 0.77376818 -1.02111547
10 113 0.62761911 -0.88974786
20 113 0.48104460 -0.75972896
30 113 0.33535717 -0.62924841
40 113 0.25714126 -0.52227519
50 113 0.18613052 -0.41831619
60 113 0.11511977 -0.31435718
70 113 0.10541633 -0.15707450
80 113 0.12260555 0.02434913
90 113 0.14025640 0.20488568
100 113 0.19447620 0.33681450
110 113 0.25739471 0.45636056
120 113 0.32073864 0.57725534
130 113 0.38081491 0.70659536
140 113 0.43950626 0.83859659
150 113 0.49862304 0.97194653
160 113 0.55820146 1.10440940
170 113 0.61519109 1.23101581
180 113 0.67179150 1.35403773
190 113 0.72839190 1.47705966
50 118 2.25615025 2.89326460
60 118 2.04723655 2.75748881
70 118 1.83874828 2.62306171
80 118 1.66716388 2.50220315
90 118 1.50579887 2.38553553
100 118 1.34354679 2.26840627
110 118 1.22632702 2.16005719
120 118 1.11446586 2.05224215
130 118 1.04392581 1.90618360
140 118 1.01470686 1.72188153
150 118 0.98594954 1.53669239
160 118 0.92936724 1.35731446
170 118 0.86114443 1.17864256
180 118 0.79245998 1.00085772
190 118 0.62228764 0.90328018
200 118 0.40948171 0.84213582
210 118 0.19625034 0.77964274
220 118 -0.03908533 0.70113717
230 118 -0.32788950 0.58240576
240 118 -0.61580661 0.46413599
170 120 2.17604252 2.81324740
180 120 2.00111804 2.70530564
190 120 1.82619355 2.59736388
200 120 1.67547336 2.48623591
210 120 1.56063419 2.36897993
220 120 1.44579502 2.25172395
230 120 1.33100111 2.10405420
240 120 1.21802659 1.92689393
250 120 1.10505207 1.74973367
260 120 0.99207756 1.57257341
270 120 0.87569054 1.41280150
280 120 0.75919491 1.25973691
290 120 0.65661176 1.10376673
300 120 0.68520615 0.91235001
310 120 0.71468760 0.72139492
320 120 0.71634406 0.64672729
330 120 0.71128415 0.60012903
340 120 0.70711131 0.55399242
350 120 0.70205140 0.50739416
360 120 0.69699149 0.46079591
