3870 706 0.00000000 0.00000000
3880 706 -0.00000000 0.41615862
3890 706 -0.02364483 0.85668776
3900 706 -0.04760204 1.29859618
3910 706 -0.13906717 1.74406575
3920 706 -0.23774108 2.18935269
3930 706 -0.30984339 2.62615728
3940 706 -0.31958968 3.04373363
3950 706 -0.32849013 3.46077654
3960 706 -0.34549807 3.89120856
3970 706 -0.37484265 4.33769697
3980 706 -0.40365378 4.78503120
3990 706 -0.42547719 5.23032295
4000 706 -0.43915466 5.67165947
4010 706 -0.45314452 6.11437528
4020 706 -0.43246491 6.48084131
4030 706 -0.40274066 6.82978037
4040 706 -0.37354987 7.17787361
4050 706 -0.34382563 7.52681267
4060 706 -0.44130288 7.77154147
3780 700 -0.37115175 -0.79094841
3790 700 -0.36051638 -0.44415756
3800 700 -0.28043634 -0.06786355
3810 700 -0.15257644 0.32795187
3820 700 -0.01368228 0.72626634
3830 700 0.15342227 1.12806986
3840 700 0.31968099 1.53040683
3850 700 0.43923636 1.96929236
3860 700 0.53893392 2.42543094
3870 700 0.64414861 2.88281903
3880 700 0.76591468 3.34395570
3890 700 0.88714730 3.80424653
3900 700 1.02053394 4.25568978
3910 700 1.15761629 4.70361994
3920 700 1.29523208 5.15239593
3930 700 1.44575642 5.59539528
3940 700 1.59650182 6.04061975
3950 700 1.74603615 6.50079524
3960 700 1.89507547 6.96955881
3970 700 2.04442718 7.43694309
3840 702 0.24279204 -1.39214224
3850 702 0.26531710 -0.98900750
3860 702 0.27984041 -0.59856023
3870 702 0.29018743 -0.21848400
3880 702 0.30022206 0.16297151
3890 702 0.35636892 0.59692143
3900 702 0.41678339 1.03763800
3910 702 0.45807053 1.46677244
3920 702 0.45251495 1.87224764
3930 702 0.44780521 2.27718938
3940 702 0.47886548 2.69385743
3950 702 0.52616475 3.11565333
3960 702 0.57261820 3.53798267
3970 702 0.59900717 3.95286774
3980 702 0.62539615 4.36775282
3990 702 0.65178512 4.78263789
4000 702 0.59019803 5.19862350
4010 702 0.52914439 5.61545494
4020 702 0.48298891 6.04653576
4030 702 0.47120975 6.51150270
3860 704 0.62736655 -0.92296057
3870 704 0.62585751 -0.51294383
3880 704 0.62866894 -0.10919875
3890 704 0.64234642 0.28178198
3900 704 0.65655734 0.67360853
3910 704 0.77143181 1.05633279
3920 704 0.88577283 1.43821122
3930 704 0.99557230 1.82413618
3940 704 1.06085510 2.23695473
3950 704 1.12751719 2.65008566
3960 704 1.20138806 3.06339921
3970 704 1.30622789 3.48082658
3980 704 1.41191355 3.89772050
3990 704 1.51706576 4.31376859
4000 704 1.55951112 4.74099031
4010 704 1.58638068 5.16975951
4020 704 1.61462952 5.59884109
4030 704 1.56426892 6.06449526
4040 704 1.50491655 6.53463811
4050 704 1.43171850 7.01469544
