2450 266 0.00000000 0.00000000
2460 266 0.00000000 0.19859507
2470 266 0.00000000 0.39719013
2480 266 -0.00016113 0.59677213
2490 266 -0.14195720 0.81983910
2500 266 -0.30034986 1.04526263
2510 266 -0.44947743 1.28841066
2520 266 -0.52589424 1.69440262
2530 266 -0.60116297 2.09956878
2540 266 -0.66698535 2.47790648
2550 266 -0.72595963 2.83912392
2560 266 -0.78477277 3.19935442
2570 266 -0.83929578 3.56433831
2580 266 -0.87369744 3.94881916
2590 266 -0.90908603 4.33313888
2600 266 -0.94431349 4.71647167
2610 266 -0.91442353 5.10435643
2620 266 -0.85724184 5.49264403
2630 266 -0.79907323 5.88109275
2640 266 -0.74761173 6.27959208
2450 261 -0.82650593 0.12850269
2460 261 -0.82108787 0.37459138
2470 261 -0.81649561 0.61953201
2480 261 -0.87019282 0.83671767
2490 261 -0.96340762 1.03529259
2500 261 -1.05646130 1.23288058
2510 261 -1.13021942 1.49846624
2520 261 -1.19849906 1.78014494
2530 261 -1.26693984 2.06281057
2540 261 -1.35056729 2.42608244
2550 261 -1.44420507 2.84446141
2560 261 -1.53701704 3.26398845
2570 261 -1.57782370 3.70011208
2580 261 -1.59558849 4.14405060
2590 261 -1.61351441 4.58897606
2600 261 -1.60430975 4.93599374
2610 261 -1.57740072 5.21801485
2620 261 -1.55049170 5.50003595
2630 261 -1.56376494 5.71166256
2640 261 -1.67130034 5.75591341
2610 271 -1.31229847 0.18091084
2620 271 -1.45395355 0.69480075
2630 271 -1.59659556 1.20852952
2640 271 -1.59971749 1.65587196
2650 271 -1.60169136 2.10238859
2660 271 -1.60465216 2.54874409
2670 271 -1.59393689 2.95477634
2680 271 -1.58142902 3.35603505
2690 271 -1.56876003 3.75630683
2700 271 -1.50029911 4.17480665
2710 271 -1.41818227 4.59654926
2720 271 -1.28335515 4.99954013
2730 271 -1.06987553 5.37382939
2740 271 -0.91549103 5.77494712
2750 271 -0.99831282 6.28223062
2760 271 -1.15239520 6.76673409
2770 271 -1.41510062 7.21526488
2780 271 -1.67963891 7.65640373
2790 271 -1.96429856 8.02839686
2800 271 -2.24895820 8.40038999
