790 734 0.00000000 0.00000000
800 734 -0.00000000 0.41861677
810 734 0.00014811 0.83624457
820 734 0.02175259 1.23888491
830 734 0.13467210 1.58543099
840 734 0.24773972 1.93098810
850 734 0.37026228 2.32144068
860 734 0.49278484 2.71189327
870 734 0.64349548 3.11667877
880 734 0.81195983 3.53120110
890 734 0.93680910 3.93312480
900 734 0.96127539 4.30990378
910 734 0.98588979 4.68569379
920 734 1.05555733 5.09148738
930 734 1.13086248 5.50014755
940 734 1.20682217 5.95845217
950 734 1.28412438 6.44830354
960 734 1.35155598 6.80826046
970 734 1.40731581 7.15838021
980 734 1.44254613 7.47003519
790 733 0.15979771 0.77622786
800 733 0.27787229 1.17612584
810 733 0.39510601 1.57488674
820 733 0.51318059 1.97478472
830 733 0.64942453 2.26011012
840 733 0.78645679 2.53341977
850 733 0.92567242 2.83941324
860 733 1.06907327 3.27950550
870 733 1.21247412 3.71959776
880 733 1.32901508 4.11623261
890 733 1.34222048 4.33864128
900 733 1.35527776 4.56203893
910 733 1.40670428 4.77904887
920 733 1.48290285 4.99269057
930 733 1.55987062 5.32272991
940 733 1.63646096 5.72956024
950 733 1.71404027 6.13653868
960 733 1.77333555 6.59133651
970 733 1.82956837 7.05983184
980 733 1.87278212 7.46671950
840 736 -0.10130507 0.67645642
850 736 -0.00845164 1.06246580
860 736 0.08440178 1.44847518
870 736 0.20914595 1.82409319
880 736 0.38081131 2.18348157
890 736 0.55148770 2.54272183
900 736 0.71444821 2.89271737
910 736 0.86321434 3.22946451
920 736 1.00683974 3.57353099
930 736 1.10558399 3.98772367
940 736 1.20531722 4.40206445
950 736 1.28246176 4.85245730
960 736 1.35016569 5.31862591
970 736 1.40991007 5.79068058
980 736 1.46396906 6.26693957
990 736 1.52247604 6.73375317
1000 736 1.61888880 7.11625098
1010 736 1.71544967 7.49775983
1020 736 1.78534654 7.82775139
1030 736 1.85103908 8.15205755
