1560 221 0.00000000 0.00000000
1570 221 0.00000000 0.62304093
1580 221 0.02190225 1.24721822
1590 221 0.06506154 1.87176788
1600 221 0.07607847 2.45670858
1610 221 0.05289861 3.00115757
1620 221 0.00472521 3.52221162
1630 221 -0.10387761 3.98566110
1640 221 -0.23127534 4.45320342
1650 221 -0.40636496 4.93091843
1660 221 -0.57233800 5.39308068
1670 221 -0.71819359 5.81861934
1680 221 -0.87001026 6.21385180
1690 221 -1.04003440 6.48833457
1700 221 -1.21790394 6.73802924
1710 221 -1.47325795 6.77043802
1720 221 -1.72861196 6.80284681
1730 221 -2.02023325 6.81091048
1740 221 -2.31185454 6.81897416
1750 221 -2.56058298 6.92432197
1570 222 0.14347693 -0.76777299
1580 222 0.24112060 -0.13295435
1590 222 0.32978251 0.49897845
1600 222 0.33477415 1.12173048
1610 222 0.29913605 1.73821967
1620 222 0.16697458 2.33805827
1630 222 0.02642523 2.92796494
1640 222 -0.18691549 3.43013099
1650 222 -0.40166543 3.93217826
1660 222 -0.53413826 4.42625816
1670 222 -0.63155080 4.91690651
1680 222 -0.73288604 5.39516080
1690 222 -0.84503919 5.82495921
1700 222 -0.95719233 6.25475762
1710 222 -1.13665727 6.51496203
1720 222 -1.32367869 6.75536999
1730 222 -1.58003424 6.79124243
1740 222 -1.84370873 6.80449999
1750 222 -2.11020165 6.81752000
1760 222 -2.38144868 6.82801048
1610 232 0.86010401 -0.74995073
1620 232 1.00275595 -0.14398091
1630 232 1.14279169 0.43409347
1640 232 1.27754368 0.94856689
1650 232 1.41229566 1.46304032
1660 232 1.45801336 1.98987890
1670 232 1.48211772 2.52057277
1680 232 1.50622207 3.05126663
1690 232 1.44653097 3.45639251
1700 232 1.38695864 3.86010916
1710 232 1.29821648 4.24788465
1720 232 1.09761649 4.56520569
1730 232 0.89701651 4.88252674
1740 232 0.69549845 5.17706277
1750 232 0.49224695 5.44164892
1760 232 0.28835024 5.70547107
1770 232 0.08710182 5.96312991
1780 232 -0.09155097 6.17160096
1790 232 -0.27161297 6.37995324
1800 232 -0.46466610 6.54037609
