240 143 0.00000000 0.00000000
250 143 0.00000000 0.31583540
260 143 0.00042427 0.63257634
270 143 -0.00755457 0.94552416
280 143 -0.09048384 1.23285104
290 143 -0.17431865 1.52060219
300 143 -0.25190336 1.82640705
310 143 -0.30731831 2.21017023
320 143 -0.36315752 2.59302789
330 143 -0.39814410 2.98268022
340 143 -0.39892298 3.38170452
350 143 -0.39970187 3.78072882
360 143 -0.32666383 4.21473970
370 143 -0.20278284 4.67241481
380 143 -0.07890186 5.13008991
390 143 0.08527860 5.55121433
400 143 0.31033253 5.91841826
410 143 0.53448094 6.28604646
420 143 0.75876865 6.66575691
430 143 0.97897829 7.06504717
120 131 -0.22797318 0.44915168
130 131 -0.08230236 0.57857352
140 131 0.06469826 0.70847663
150 131 0.21424451 0.84381295
160 131 0.39968920 1.02748457
170 131 0.58465264 1.21248600
180 131 0.69064456 1.38921096
190 131 0.76225781 1.56326998
200 131 0.83477660 1.73690473
210 131 0.90769432 1.89489209
220 131 0.98066904 2.05064410
230 131 1.05364376 2.20639612
240 131 1.04333460 2.41773405
250 131 0.97798410 2.66479945
260 131 0.91130380 2.91138359
270 131 0.86408300 3.20185767
280 131 0.82444210 3.51086673
290 131 0.88182642 3.82190217
300 131 0.97992815 4.13263364
310 131 1.07802988 4.44336512
130 127 -2.02052081 1.20287973
140 127 -1.98933368 1.48864250
150 127 -1.95814655 1.77440527
160 127 -1.92695942 2.06016805
170 127 -1.89540501 2.34907170
180 127 -1.85675197 2.65784013
190 127 -1.81942873 2.96612729
200 127 -1.78168122 3.27531999
210 127 -1.74305983 3.60287669
220 127 -1.70560361 3.95858729
230 127 -1.66857167 4.31339235
240 127 -1.63020991 4.66867868
250 127 -1.59402651 5.02167268
260 127 -1.57382611 5.35233859
270 127 -1.55453125 5.68342877
280 127 -1.53433086 6.01409468
290 127 -1.51413046 6.34476059
300 127 -1.48586890 6.69263166
310 127 -1.45760735 7.04050274
320 127 -1.42892152 7.38927935
140 135 -0.12203825 0.15435888
150 135 0.01118304 0.28077917
160 135 0.14440433 0.40719945
170 135 0.27762562 0.53361973
180 135 0.38260436 0.67989845
190 135 0.44292692 0.85814320
200 135 0.50282521 1.03548241
210 135 0.56405330 1.21330288
220 135 0.61851838 1.39318772
230 135 0.67165365 1.57259129
240 135 0.72521320 1.75290040
250 135 0.73171658 1.93648337
260 135 0.69158809 2.12424573
270 135 0.65145959 2.31200809
280 135 0.62604129 2.51938193
290 135 0.65408754 2.80551198
300 135 0.68261506 3.09031223
310 135 0.71066131 3.37644228
320 135 0.78787875 3.69916735
330 135 0.88572085 4.03762846
190 147 0.17080416 0.09114241
200 147 0.24971235 0.29491311
210 147 0.32819627 0.49777827
220 147 0.40577465 0.70106771
230 147 0.53146037 0.87740006
240 147 0.67579505 1.04168184
250 147 0.82055400 1.20686915
260 147 0.95390827 1.38071286
270 147 1.03748345 1.59444445
280 147 1.12286970 1.80732749
290 147 1.20735041 2.02063480
300 147 1.32892640 2.23533524
310 147 1.45986802 2.45116918
320 147 1.59213945 2.66748439
330 147 1.72525942 2.88561067
340 147 1.85795512 3.10283141
350 147 1.99107510 3.32095769
360 147 2.09875777 3.53664599
370 147 2.20015869 3.75306884
380 147 2.30113534 3.96858617
200 139 -0.99402410 0.63137951
210 139 -0.92134700 0.86899062
220 139 -0.84734010 1.10708299
230 139 -0.77375747 1.34426983
240 139 -0.68973269 1.57545987
250 139 -0.58247429 1.79024264
260 139 -0.47569715 2.00635521
270 139 -0.36843875 2.22113797
280 139 -0.25956558 2.42522529
290 139 -0.13949671 2.52357399
300 139 -0.01900357 2.62282822
310 139 0.10197084 2.72075264
320 139 0.21878485 2.82393930
330 139 0.32257942 2.94647782
340 139 0.42637399 3.06901633
350 139 0.53064983 3.19022503
360 139 0.64103011 3.19482870
370 139 0.75305681 3.16994865
380 139 0.86508352 3.14506860
390 139 1.02566083 3.14603113
200 151 -0.11177974 0.22575050
210 151 -0.05618750 0.43161090
220 151 -0.00017098 0.63837683
230 151 0.05451574 0.84466149
240 151 0.13014374 1.03671723
250 151 0.21035641 1.22441626
260 151 0.29056907 1.41211530
270 151 0.37884924 1.58167830
280 151 0.47856573 1.72379663
290 151 0.57828223 1.86591497
300 151 0.68393853 2.02071079
310 151 0.81165696 2.22259443
320 151 0.94070519 2.42495933
330 151 1.07385682 2.62429734
340 151 1.24707997 2.79602603
350 151 1.42120864 2.96733045
360 151 1.59443178 3.13905914
370 151 1.74955056 3.28393207
380 151 1.89691846 3.41697606
390 151 2.04428636 3.55002004
270 145 -1.41597174 0.65238412
280 145 -1.38773551 0.98370227
290 145 -1.35901802 1.31369061
300 145 -1.33137704 1.65080925
310 145 -1.31138561 2.04231065
320 145 -1.29181846 2.43290651
330 145 -1.26348091 2.83043636
340 145 -1.19813675 3.25038295
350 145 -1.13279259 3.67032954
360 145 -1.06835396 4.09070041
370 145 -0.95042544 4.44846271
380 145 -0.83116712 4.80670628
390 145 -0.71281433 5.16537411
400 145 -0.61409202 5.48685803
410 145 -0.52051797 5.79971086
420 145 -0.42694391 6.11256369
430 145 -0.22522491 6.42996320
440 145 0.00374246 6.74895214
450 145 0.23180429 7.06836535
460 145 0.43113596 7.44430801
310 168 -1.30178568 0.73581999
320 168 -1.38001630 1.01431948
330 168 -1.45734139 1.29239471
340 168 -1.50665188 1.55955285
350 168 -1.52613671 1.81494538
360 168 -1.54652708 2.07076217
370 168 -1.57271794 2.32598372
380 168 -1.65804720 2.58461844
390 168 -1.74289519 2.84192335
400 168 -1.82864872 3.09965254
410 168 -1.87368484 3.35707777
420 168 -1.91515580 3.61504125
430 168 -1.95662677 3.87300473
440 168 -1.99809774 4.13096822
450 168 -1.98831417 4.32626615
460 168 -1.97810632 4.52246961
470 168 -1.96317449 4.72639862
480 168 -1.89593693 5.00189655
490 168 -1.82827511 5.27830002
500 168 -1.76103755 5.55379796
310 486 0.38021704 0.10677081
320 486 0.35574860 0.22424972
330 486 0.33128015 0.34172863
340 486 0.31014889 0.46868717
350 486 0.32654984 0.68517969
360 486 0.34295079 0.90167220
370 486 0.39194466 1.13823213
380 486 0.51393226 1.42452049
390 486 0.63682538 1.71038459
400 486 0.84455384 1.96754385
410 486 1.05318783 2.22427885
420 486 1.20037209 2.43471124
430 486 1.34096431 2.64050198
440 486 1.51138219 2.83452710
450 486 1.71380409 3.01907892
460 486 1.91622598 3.20363075
470 486 2.09070927 3.44875843
480 486 2.26561684 3.69479165
490 486 2.44063838 3.77843649
500 486 2.61487471 3.82269372
330 172 -0.89300946 0.63484967
340 172 -0.82121257 1.04735568
350 172 -0.74899140 1.46076722
360 172 -0.69607143 1.89426518
370 172 -0.65642420 2.33950342
380 172 -0.61544716 2.78522293
390 172 -0.57356458 3.23051817
400 172 -0.53077647 3.67538914
410 172 -0.47712194 4.11516885
420 172 -0.40626225 4.54688740
430 172 -0.33540255 4.97860594
440 172 -0.24816091 5.41700518
450 172 -0.14985654 5.86016007
460 172 -0.05197644 6.30240942
470 172 0.03027526 6.79615394
480 172 0.10392122 7.31159965
490 172 0.17847271 7.82662108
500 172 0.20859600 8.36466716
510 172 0.22012732 8.91252848
520 172 0.23165864 9.46038981
370 490 -0.36703295 0.21834791
380 490 -0.26923518 0.48836198
390 490 -0.17053187 0.75795177
400 490 -0.07315836 1.02706030
410 490 0.09475189 1.31944044
420 490 0.27952535 1.61717148
430 490 0.46472308 1.91580804
440 490 0.60282033 2.14927142
450 490 0.73619360 2.37500926
460 490 0.86956687 2.60074710
470 490 0.94618273 2.80669614
480 490 1.02237431 3.01173966
490 490 1.13107650 3.22253300
500 490 1.31235447 3.44680805
510 490 1.49496225 3.67156436
520 490 1.72524042 3.78122275
530 490 1.96183202 3.87135831
540 490 2.21266520 3.91175277
550 490 2.46349839 3.95214722
560 490 2.70984190 3.94053358
410 492 -0.85715534 0.77265563
420 492 -0.85208308 1.20538103
430 492 -0.84658654 1.63901197
440 492 -0.85445773 1.98283030
450 492 -0.86323446 2.32707290
460 492 -0.85248835 2.67762892
470 492 -0.76764036 3.05199480
480 492 -0.68279237 3.42636069
490 492 -0.59836864 3.79982104
500 492 -0.48028182 4.22155971
510 492 -0.36171373 4.64196857
520 492 -0.24683110 5.10165105
530 492 -0.13146721 5.56000372
540 492 -0.01743313 6.01787513
550 492 0.08805853 6.45987118
560 492 0.19445572 6.90144296
570 492 0.28019658 7.34606697
580 492 0.34618665 7.79331892
590 492 0.41308226 8.24014660
600 492 0.47907233 8.68739856
410 493 -1.17756274 0.86424764
420 493 -1.17374430 1.18823286
430 493 -1.16944459 1.51088827
440 493 -1.19978951 1.89394856
450 493 -1.22922890 2.27658457
460 493 -1.24802983 2.66307070
470 493 -1.16692429 3.07894555
480 493 -1.08630002 3.49615021
490 493 -0.97302582 3.93118694
500 493 -0.85092425 4.37092232
510 493 -0.73957511 4.81127828
520 493 -0.63674306 5.25231180
530 493 -0.53348675 5.69425086
540 493 -0.40929547 6.15730219
550 493 -0.28122877 6.62626798
560 493 -0.15225652 7.09480951
570 493 -0.12619231 7.54641183
580 493 -0.11082355 7.99639939
590 493 -0.09545478 8.44638694
600 493 -0.06908029 8.90336548
