2710 634 0.00000000 0.00000000
2720 634 -0.00000000 0.39261686
2730 634 -0.00343337 0.77502530
2740 634 -0.01456382 1.13396556
2750 634 -0.02563823 1.49190740
2760 634 -0.04298338 1.85450517
2770 634 -0.06337986 2.21793327
2780 634 -0.08383236 2.58235980
2790 634 -0.08784136 2.90363994
2800 634 -0.08123951 3.19646995
2810 634 -0.07463765 3.48929996
2820 634 -0.10252234 3.75415359
2830 634 -0.16483755 3.99003240
2840 634 -0.22820721 4.22685361
2850 634 -0.38271408 4.46356785
2860 634 -0.60040213 4.70174407
2870 634 -0.81703572 4.93897789
2880 634 -1.04000118 5.28903418
2890 634 -1.26463748 5.65101558
2900 634 -1.49509626 6.00966548
2520 616 -1.02240133 -0.03935134
2530 616 -1.00969173 0.34095836
2540 616 -0.99698214 0.72126805
2550 616 -0.98427255 1.10157775
2560 616 -0.95278638 1.43286256
2570 616 -0.91996558 1.75821282
2580 616 -0.89612045 2.06503102
2590 616 -0.94778405 2.20034870
2600 616 -1.00044608 2.33561034
2610 616 -1.05310811 2.47087197
2620 616 -1.19480859 2.62216960
2630 616 -1.34660544 2.77490375
2640 616 -1.49845831 2.92863632
2650 616 -1.63050562 3.17562520
2660 616 -1.76017402 3.43376490
2670 616 -1.88314378 3.71531674
2680 616 -1.97815243 4.08757788
2690 616 -2.07321712 4.46083745
2700 616 -2.17693147 4.82760214
2710 616 -2.29899958 5.18231945
2520 618 -0.70803378 -0.07278852
2530 618 -0.69389786 0.33564529
2540 618 -0.67981798 0.74507753
2550 618 -0.66235056 1.14768886
2560 618 -0.63626916 1.52173801
2570 618 -0.60918932 1.89584318
2580 618 -0.60422265 2.23565538
2590 618 -0.68693433 2.44234544
2600 618 -0.76859154 2.64809309
2610 618 -0.85993250 2.81223276
2620 618 -0.96095720 2.93476443
2630 618 -1.06198190 3.05729610
2640 618 -1.15480012 3.28345042
2650 618 -1.24414932 3.55487025
2660 618 -1.33349851 3.82629007
2670 618 -1.45138443 4.14218073
2680 618 -1.57587730 4.46871791
2690 618 -1.70037017 4.79525508
2700 618 -1.82586147 5.12173622
2710 618 -1.95517838 5.44499793
2580 620 1.04699528 -0.09548240
2590 620 1.01424070 0.34537488
2600 620 0.98148612 0.78623215
2610 620 0.94873154 1.22708943
2620 620 0.97487917 1.58211239
2630 620 1.00102680 1.93713535
2640 620 1.02817286 2.29221434
2650 620 1.05223703 2.70220692
2660 620 1.07696343 3.11824611
2670 620 1.10174586 3.53328686
2680 620 1.14288011 3.87112258
2690 620 1.18551709 4.20002848
2700 620 1.22915251 4.52899041
2710 620 1.21403344 4.78053844
2720 620 1.18300574 5.01216375
2730 620 1.15397489 5.24390112
2740 620 1.06154381 5.37392610
2750 620 0.96905670 5.50494951
2760 620 0.87656959 5.63597292
2770 620 0.72703958 5.80185474
2660 629 0.95760024 -0.03740033
2670 629 0.79522820 0.37514945
2680 629 0.63285616 0.78769923
2690 629 0.48474230 1.19604135
2700 629 0.34167661 1.60366521
2710 629 0.19960936 2.01134510
2720 629 0.04800609 2.41047722
2730 629 -0.12250111 2.78951850
2740 629 -0.29300830 3.16855979
2750 629 -0.45968989 3.55082050
2760 629 -0.59410592 3.96493924
2770 629 -0.72952037 4.37900194
2780 629 -0.86809822 4.79589183
2790 629 -1.04152939 5.24487917
2800 629 -1.21490452 5.69286808
2810 629 -1.38661900 6.14695963
2820 629 -1.55152277 6.62246647
2830 629 -1.71548414 7.09902776
2840 629 -1.87944552 7.57558906
2850 629 -2.05410944 8.04654183
2660 630 0.67097475 -0.21273666
2670 630 0.53114886 0.15500608
2680 630 0.39026852 0.52369121
2690 630 0.25038660 0.89243238
2700 630 0.08331277 1.28168209
2710 630 -0.08381708 1.67193023
2720 630 -0.25028472 2.06822498
2730 630 -0.41843338 2.49447259
2740 630 -0.58563965 2.92177467
2750 630 -0.74663120 3.34541923
2760 630 -0.88104723 3.75953797
2770 630 -1.01540723 4.17265828
2780 630 -1.16008772 4.59120883
2790 630 -1.34060977 5.02377303
2800 630 -1.52118785 5.45733566
2810 630 -1.68763001 5.90671524
2820 630 -1.81914755 6.39411153
2830 630 -1.95072111 6.88250624
2840 630 -2.11826358 7.31579889
2850 630 -2.28580606 7.74909154
2710 635 -0.48036144 -0.11409597
2720 635 -0.49609688 0.34474322
2730 635 -0.51083389 0.80363843
2740 635 -0.53918214 1.20167534
2750 635 -0.57013344 1.59255514
2760 635 -0.60008630 1.98349097
2770 635 -0.59102912 2.25041787
2780 635 -0.58202798 2.51834319
2790 635 -0.57297081 2.78527009
2800 635 -0.64638080 3.02252938
2810 635 -0.71873632 3.25884628
2820 635 -0.80756083 3.48522474
2830 635 -0.95715706 3.67013275
2840 635 -1.10675328 3.85504075
2850 635 -1.27882944 4.06572961
2860 635 -1.45728841 4.28307127
2870 635 -1.63863059 4.49824797
2880 635 -1.83355854 4.70565119
2890 635 -2.02954095 4.91399680
2900 635 -2.18459797 5.14266757
2710 637 -0.32304777 -0.31159130
2720 637 -0.29753689 0.09046988
2730 637 -0.27202601 0.49253106
2740 637 -0.25497631 0.84904657
2750 637 -0.24229219 1.17627144
2760 637 -0.22960807 1.50349630
2770 637 -0.23823735 1.85356278
2780 637 -0.26818003 2.22647086
2790 637 -0.29812270 2.59937894
2800 637 -0.34103477 2.95353082
2810 637 -0.38660591 3.30152402
2820 637 -0.44370993 3.64085739
2830 637 -0.59284260 3.88889054
2840 637 -0.74097684 4.13697974
2850 637 -0.94955677 4.35563565
2860 637 -1.17017389 4.57461759
2870 637 -1.37436278 4.87564898
2880 637 -1.57749720 5.17573797
2890 637 -1.78839492 5.47138498
2900 637 -2.00023503 5.76597753
2740 610 1.23653884 1.07798223
2750 610 1.21877089 1.10903540
2760 610 1.20100293 1.14008858
2770 610 1.16816175 1.24341068
2780 610 1.12030339 1.41800329
2790 610 1.07238899 1.59359432
2800 610 1.02552906 1.76824296
2810 610 0.95310221 1.93444570
2820 610 0.86886233 2.09698075
2830 610 0.78562087 2.25957183
2840 610 0.67463735 2.43462799
2850 610 0.55544227 2.61322959
2860 610 0.43724561 2.79188722
2870 610 0.29579473 2.99227597
2880 610 0.13203203 3.21545029
2890 610 -0.03167465 3.43762617
2900 610 -0.19959917 3.66357164
2910 610 -0.37273998 3.89323065
2920 610 -0.54482632 4.12194727
2930 610 -0.69573171 4.36587464
2740 646 0.95147722 -0.19599260
2750 646 0.84383029 0.06238143
2760 646 0.73712575 0.32180992
2770 646 0.63042122 0.58123841
2780 646 0.56527374 0.92112193
2790 646 0.51930016 1.29413189
2800 646 0.47227213 1.66808424
2810 646 0.48427874 2.11445835
2820 646 0.50288212 2.56821369
2830 646 0.54929378 2.99047778
2840 646 0.70499774 3.28566632
2850 646 0.86070170 3.58085487
2860 646 1.00268745 3.90632230
2870 646 1.14000708 4.24354673
2880 646 1.21763492 4.59144315
2890 646 1.20733480 4.95343474
2900 646 1.19603625 5.31537029
2910 646 1.06367821 5.62143457
2920 646 0.91867679 5.92077984
2930 646 0.76660997 6.25678681
2750 647 0.32159087 -0.25137484
2760 647 0.20413795 -0.01458419
2770 647 0.08668502 0.22220645
2780 647 -0.03182237 0.45993949
2790 647 -0.13972910 0.68725016
2800 647 -0.23908805 0.90502481
2810 647 -0.33850304 1.12379789
2820 647 -0.42450036 1.35333974
2830 647 -0.45622085 1.63300169
2840 647 -0.48788531 1.91166522
2850 647 -0.52570845 2.19298783
2860 647 -0.59088140 2.47978652
2870 647 -0.65705278 2.76652917
2880 647 -0.73614770 3.05154495
2890 647 -0.84502739 3.33188441
2900 647 -0.95490550 3.61216784
2910 647 -1.09029449 3.88300694
2920 647 -1.25130642 4.14639859
2930 647 -1.41326075 4.40873577
2940 647 -1.58573933 4.64444138
2770 614 1.34308037 1.69592309
2780 614 1.32466038 1.70290190
2790 614 1.30524196 1.70982468
2800 614 1.28576750 1.71774589
2810 614 1.26634908 1.72466867
2820 614 1.22867367 1.84274307
2830 614 1.16261436 2.12748886
2840 614 1.08985640 2.38882252
2850 614 1.01234063 2.62785453
2860 614 0.93482485 2.86688655
2870 614 0.75630985 3.08522664
2880 614 0.56792263 3.30100953
2890 614 0.38225052 3.52195266
2900 614 0.21243102 3.76381695
2910 614 0.04261152 4.00568125
2920 614 -0.09748945 4.27124804
2930 614 -0.21640945 4.55202559
2940 614 -0.33538549 4.83380157
2950 614 -0.48237358 5.11500701
2960 614 -0.64644702 5.39725673
2780 648 -0.34536978 -0.07446955
2790 648 -0.41913635 0.20483583
2800 648 -0.49190450 0.48419724
2810 648 -0.58449349 0.79549818
2820 648 -0.68835556 1.12920265
2830 648 -0.79216160 1.46190869
2840 648 -0.83613322 1.72786262
2850 648 -0.86506218 1.97563089
2860 648 -0.89404719 2.22439759
2870 648 -0.99589712 2.43301828
2880 648 -1.14621160 2.61287810
2890 648 -1.29658211 2.79373636
2900 648 -1.46443023 2.98262789
2910 648 -1.64154437 3.17600725
2920 648 -1.81964676 3.35130283
2930 648 -2.01507902 3.37138348
2940 648 -2.21150971 3.39140809
2950 648 -2.42317662 3.37952882
2960 648 -2.65916750 3.31921048
2970 648 -2.89421599 3.25994659
2780 649 0.25706486 -0.22595056
2790 649 0.27390571 0.20567125
2800 649 0.29174498 0.63734909
2810 649 0.23525225 1.07286783
2820 649 0.10542594 1.51228350
2830 649 -0.02440038 1.95169916
2840 649 -0.29609528 2.34909931
2850 649 -0.56873258 2.74544500
2860 649 -0.91368465 3.10968815
2870 649 -1.27616017 3.46493524
2880 649 -1.61160170 3.78464133
2890 649 -1.91806841 4.06991690
2900 649 -2.20606929 4.36524298
2910 649 -2.41626912 4.70199368
2920 649 -2.59418303 5.03454689
2930 649 -2.64423182 5.35524631
2940 649 -2.87249507 5.65692974
2950 649 -3.17841163 5.95024878
2960 649 -3.55656656 6.37071976
2970 649 -3.95248944 6.82224393
