3680 300 0.00000000 0.00000000
3690 300 0.00000000 0.24894377
3700 300 -0.00000000 0.49788754
3710 300 -0.10345710 0.73288036
3720 300 -0.23198813 0.96436638
3730 300 -0.37007956 1.19292000
3740 300 -0.54678211 1.40753875
3750 300 -0.72444071 1.62186425
3760 300 -0.82769294 1.83913822
3770 300 -0.85815765 2.05781813
3780 300 -0.88795956 2.27774731
3790 300 -0.89545925 2.36017155
3800 300 -0.89776901 2.40862426
3810 300 -0.89912273 2.45737020
3820 300 -0.90172572 2.50677895
3830 300 -0.90403548 2.55523166
3840 300 -0.90538920 2.60397761
3850 300 -0.94722596 2.84950294
3860 300 -0.98781344 3.09436546
3870 300 -1.03096374 3.35099370
3650 297 0.65776300 -0.45303403
3660 297 0.59965349 -0.31814414
3670 297 0.54125074 -0.18229820
3680 297 0.48255476 -0.04549622
3690 297 0.49333631 0.00801787
3700 297 0.51183045 0.05343777
3710 297 0.52936854 0.09856443
3720 297 0.54786268 0.14398432
3730 297 0.56569401 0.18815494
3740 297 0.58418815 0.23357484
3750 297 0.60268229 0.27899473
3760 297 0.60914158 0.35001077
3770 297 0.51677132 0.65116312
3780 297 0.42410782 0.95327150
3790 297 0.31900377 1.23796631
3800 297 0.20801083 1.51457898
3810 297 0.09768069 1.79244093
3820 297 -0.04804298 1.95380267
3830 297 -0.20298158 2.08723441
3840 297 -0.35667091 2.22000335
