2980 416 0.00000000 0.00000000
2990 416 0.00000000 0.31693848
3000 416 0.00326877 0.61983007
3010 416 0.02038566 0.86443590
3020 416 0.03681787 1.10831288
3030 416 0.05466361 1.35223404
3040 416 0.08253652 1.59222383
3050 416 0.11400951 1.83020377
3060 416 0.14548249 2.06818371
3070 416 0.17273699 2.28268590
3080 416 0.19513251 2.47156799
3090 416 0.21679917 2.66113474
3100 416 0.23919469 2.85001682
3110 416 0.29403498 3.01939670
3120 416 0.37188921 3.17676162
3130 416 0.44974343 3.33412655
3140 416 0.52618414 3.49144730
3150 416 0.54336728 3.66601746
3160 416 0.55270979 3.84246495
3170 416 0.56273697 4.01964129
2790 554 -0.69262653 2.19692478
2800 554 -0.72414369 2.23201992
2810 554 -0.74291705 2.24416739
2820 554 -0.75135402 2.24248883
2830 554 -0.76047566 2.24008142
2840 554 -0.76959731 2.23767401
2850 554 -0.77871895 2.23526661
2860 554 -0.78784059 2.23285920
2870 554 -0.79696224 2.23045179
2880 554 -0.80608388 2.22804438
2890 554 -0.81520553 2.22563698
2900 554 -0.82291365 2.22327374
2910 554 -0.83276414 2.22155101
2920 554 -0.84188578 2.21914360
2930 554 -0.85027858 2.21605152
2940 554 -0.85940022 2.21364411
2950 554 -0.86852187 2.21123671
2960 554 -0.87764351 2.20882930
2970 554 -0.88676515 2.20642189
2980 554 -0.89520212 2.20474333
2790 882 2.44115514 1.20820924
2800 882 2.36065056 1.31676343
2810 882 2.28014598 1.42531762
2820 882 2.16556223 1.56039746
2830 882 2.01831283 1.72204713
2840 882 1.87174811 1.88442565
2850 882 1.79506446 1.98390237
2860 882 1.74963293 2.05676509
2870 882 1.70488607 2.13035666
2880 882 1.65945454 2.20321938
2890 882 1.56755343 2.26897031
2900 882 1.40524117 2.32403147
2910 882 1.24292891 2.37909263
2920 882 1.05636589 2.44047047
2930 882 0.85981986 2.50436615
2940 882 0.66258916 2.56753298
2950 882 0.54442742 2.63600053
2960 882 0.42626569 2.70446807
2970 882 0.30741928 2.77220677
2980 882 0.21306659 2.84849287
2810 623 2.19100565 -1.97040763
2820 623 1.97113648 -1.61294078
2830 623 1.75718644 -1.26377838
2840 623 1.59505088 -0.98798669
2850 623 1.43223063 -0.71292385
2860 623 1.23530914 -0.38799012
2870 623 1.02286097 -0.04161060
2880 623 0.81041280 0.30476893
2890 623 0.64646615 0.68379201
2900 623 0.49643388 1.07032444
2910 623 0.34567276 1.45754154
2920 623 0.22011212 1.83068967
2930 623 0.11109412 2.19515788
2940 623 0.01788991 2.55163084
2950 623 0.05689432 2.84290503
2960 623 0.09521406 3.13345038
2970 623 0.13421848 3.42472457
2980 623 0.19071525 3.69956656
2990 623 0.24798503 3.97231034
3000 623 0.30666835 4.24509829
2980 412 -0.32122322 -0.31565747
2990 412 -0.36285591 -0.00214237
3000 412 -0.40375975 0.31068806
3010 412 -0.40740399 0.58577299
3020 412 -0.39424055 0.84369686
3030 412 -0.38176179 1.10089188
3040 412 -0.36418109 1.35329418
3050 412 -0.33553515 1.59118577
3060 412 -0.30620454 1.82980621
3070 412 -0.27755860 2.06769781
3080 412 -0.23420318 2.28765532
3090 412 -0.18051137 2.49378681
3100 412 -0.12681956 2.69991829
3110 412 -0.07385660 2.90673446
3120 412 -0.02926435 3.08711331
3130 412 0.01400272 3.26462095
3140 412 0.05726979 3.44212858
3150 412 0.09980801 3.62032089
3160 412 0.12966870 3.79670213
3170 412 0.15391946 3.97149314
2990 555 -0.90432377 2.20233592
3000 555 -0.91344541 2.19992852
3010 555 -0.92256706 2.19752111
3020 555 -0.93615013 2.20204880
3030 555 -0.95715421 2.21766382
3040 555 -0.97884296 2.23254999
3050 555 -0.99984704 2.24816501
3060 555 -1.02085111 2.26378003
3070 555 -1.04112634 2.27871037
3080 555 -1.06281509 2.29359654
3090 555 -1.08381917 2.30921156
3100 555 -1.10482325 2.32482657
3110 555 -1.12509847 2.33975692
3120 555 -1.14678723 2.35464309
3130 555 -1.16779130 2.37025810
3140 555 -1.18879538 2.38587312
3150 555 -1.20979945 2.40148814
3160 555 -1.23075936 2.41568963
3170 555 -1.24087489 2.42244804
3180 555 -1.24661733 2.42509840
3020 421 -0.96510528 1.11379029
3030 421 -0.89730032 1.29843180
3040 421 -0.84727484 1.44077803
3050 421 -0.79724936 1.58312427
3060 421 -0.74653920 1.72619936
3070 421 -0.69293574 1.88988096
3080 421 -0.63878012 2.05853199
3090 421 -0.58466867 2.22859654
3100 421 -0.53051305 2.39724757
3110 421 -0.47567276 2.56662744
3120 421 -0.42151714 2.73527847
3130 421 -0.32734113 2.84575417
3140 421 -0.23384980 2.95550102
3150 421 -0.13967379 3.06597672
3160 421 -0.04549779 3.17645242
3170 421 0.04867822 3.28692811
3180 421 0.14216955 3.39667497
3190 421 0.19029561 3.55452579
3200 421 0.23263505 3.71644049
3210 421 0.27424565 3.87903987
3060 370 0.67018685 0.28694528
3070 370 0.66433397 0.31576791
3080 370 0.65848110 0.34459053
3090 370 0.65404176 0.37345733
3100 370 0.64818889 0.40227996
3110 370 0.64302069 0.43183144
3120 370 0.63716782 0.46065407
3130 370 0.63204380 0.48879202
3140 370 0.60816850 0.59628607
3150 370 0.56558610 0.78172269
3160 370 0.52300371 0.96715931
3170 370 0.48042131 1.15259592
3180 370 0.43925244 1.29279979
3190 370 0.39753141 1.42803424
3200 370 0.35508153 1.56395336
3210 370 0.31267582 1.69845896
3220 370 0.25977912 1.78382253
3230 370 0.20445293 1.85637604
3240 370 0.14844206 1.92820070
3250 370 0.09311586 2.00075422
3060 381 1.40309880 -0.02972817
3070 381 1.35230030 0.10168535
3080 381 1.29690784 0.24427454
3090 381 1.24151539 0.38686372
3100 381 1.17181101 0.57994220
3110 381 1.10069311 0.77297651
3120 381 1.03030405 0.96532614
3130 381 0.94436624 1.15718988
3140 381 0.85774375 1.34832476
3150 381 0.78240736 1.51788133
3160 381 0.76215422 1.60002029
3170 381 0.74117223 1.68284394
3180 381 0.72019024 1.76566758
3190 381 0.69925242 1.84707771
3200 381 0.69110258 1.94940356
3210 381 0.69441552 2.06977392
3220 381 0.69841314 2.19087313
3230 381 0.70168192 2.31265702
3240 381 0.67590720 2.43565565
3250 381 0.57855077 2.56278443
3080 352 1.15705736 0.05596670
3090 352 1.16297649 0.09293917
3100 352 1.16962447 0.12922697
3110 352 1.17627244 0.16551477
3120 352 1.18360510 0.20253142
3130 352 1.18952423 0.23950389
3140 352 1.12293402 0.44612128
3150 352 1.05493028 0.65269449
3160 352 0.98692655 0.85926770
3170 352 0.89942061 0.98811921
3180 352 0.80546546 1.09696052
3190 352 0.71223917 1.20511716
3200 352 0.68379201 1.34571858
3210 352 0.68463129 1.49996933
3220 352 0.68478589 1.65349124
3230 352 0.69194186 1.78671583
3240 352 0.71619262 1.87095300
3250 352 0.74044338 1.95519017
3260 352 0.76537882 2.04015619
3270 352 0.78962958 2.12439335
3130 821 -2.58060807 3.70705381
3140 821 -2.38322276 3.57102426
3150 821 -2.18656630 3.43567938
3160 821 -1.98918099 3.29964983
3170 821 -1.73293568 3.15909258
3180 821 -1.41646101 3.01546534
3190 821 -1.09998634 2.87183809
3200 821 -0.79409102 2.72717280
3210 821 -0.51067955 2.57756016
3220 821 -0.22731225 2.42936106
3230 821 -0.00457187 2.29695366
3240 821 0.15891097 2.18179566
3250 821 0.32239380 2.06663767
3260 821 0.48137102 1.95982829
3270 821 0.58985895 1.92926085
3280 821 0.69907573 1.89800872
3290 821 0.82805976 1.84544332
3300 821 0.96218989 1.78667166
3310 821 1.09632002 1.72790000
3320 821 1.27391600 1.72708281
3160 823 -2.05128768 3.65709459
3170 823 -1.74700466 3.49610751
3180 823 -1.44203695 3.33584928
3190 823 -1.14062515 3.17618738
3200 823 -0.84062686 3.01648131
3210 823 -0.54204210 2.85673106
3220 823 -0.27846414 2.70791354
3230 823 -0.02277098 2.56238687
3240 823 0.23150865 2.41681603
3250 823 0.31824157 2.33533965
3260 823 0.40424564 2.25454795
3270 823 0.49024972 2.17375625
3280 823 0.62013928 2.11485207
3290 823 0.76184501 2.06268422
3300 823 0.90213722 2.01047219
3310 823 1.04315828 1.95757549
3320 823 1.19133530 1.81151875
3330 823 1.34362038 1.62455818
3340 823 1.49586128 1.43901113
3350 823 1.72423368 1.28484872
