2940 431 0.00000000 0.00000000
2950 431 0.00000000 0.33544001
2960 431 -0.00128786 0.67029571
2970 431 -0.00163964 1.00479964
2980 431 0.07262103 1.25357736
2990 431 0.15600405 1.49251725
3000 431 0.23973884 1.73239323
3010 431 0.19195087 2.01742184
3020 431 0.05769139 2.33387783
3030 431 -0.06792273 2.62785588
3040 431 -0.16070832 2.83578575
3050 431 -0.25314213 3.04465171
3060 431 -0.32790364 3.25221789
3070 431 -0.39447292 3.45884202
3080 431 -0.46162651 3.66675401
3090 431 -0.52307416 3.83299536
3100 431 -0.58499283 3.99514060
3110 431 -0.64691150 4.15728583
3120 431 -0.70471021 4.35313606
3130 431 -0.76038634 4.57169078
2920 425 0.60356545 -0.35821606
2930 425 0.51700452 0.04821130
2940 425 0.43079536 0.45557475
2950 425 0.34517051 0.86165035
2960 425 0.25052468 1.25509178
2970 425 0.14240400 1.62689001
2980 425 0.03521941 1.99833646
2990 425 -0.07254949 2.37107076
3000 425 -0.17660386 2.69967796
3010 425 -0.27707488 2.96391000
3020 425 -0.37754590 3.22814205
3030 425 -0.47317552 3.38586325
3040 425 -0.56614594 3.49664908
3050 425 -0.65970067 3.60872277
3060 425 -0.75267110 3.71950860
3070 425 -0.89770448 3.85947401
3080 425 -1.06473286 4.01197818
3090 425 -1.11569279 4.11231803
3100 425 -1.11563913 4.18921405
3110 425 -1.11616978 4.26739792
