1320 544 0.00000000 0.00000000
1330 544 -0.00000000 0.16844287
1340 544 0.00013061 0.33589430
1350 544 0.00026122 0.50334574
1360 544 0.00026122 0.67178861
1370 544 -0.00490374 0.83349922
1380 544 -0.01119074 0.99607066
1390 544 -0.01635569 1.15778128
1400 544 -0.02251208 1.31936129
1410 544 -0.02509456 1.48443803
1420 544 -0.01549487 1.66423193
1430 544 -0.00576457 1.84303439
1440 544 0.00495717 2.02196746
1450 544 0.01468747 2.20076993
1460 544 0.00929098 2.34126860
1470 544 0.00157323 2.47641829
1480 544 -0.00528369 2.61269001
1490 544 -0.01214061 2.74896173
1500 544 -0.02646001 2.88828494
1510 544 -0.05061657 3.03337270
1240 537 0.60471542 -0.04238232
1250 537 0.48933505 0.16734457
1260 537 0.37395469 0.37707147
1270 537 0.25943514 0.58792041
1280 537 0.13967347 0.78496645
1290 537 0.01519209 0.96424385
1300 537 -0.11028072 1.14339064
1310 537 -0.23476209 1.32266805
1320 537 -0.31557287 1.53795766
1330 537 -0.36740053 1.77824685
1340 537 -0.41810615 2.01767521
1350 537 -0.46993382 2.25796439
1360 537 -0.52077004 2.49838419
1370 537 -0.57455683 2.75354489
1380 537 -0.62998808 3.01353215
1390 537 -0.72995076 3.23638516
1400 537 -0.89839363 3.40482803
1410 537 -1.06571446 3.57241007
1420 537 -1.23402672 3.73986150
1430 537 -1.46411660 3.87093265
1330 542 -0.34975063 0.01343482
1340 542 -0.33822150 0.20155202
1350 542 -0.32570094 0.38979982
1360 542 -0.32105841 0.56894068
1370 542 -0.33960476 0.70972432
1380 542 -0.35815111 0.85050796
1390 542 -0.37682806 0.99228303
1400 542 -0.38014076 1.15524630
1410 542 -0.38027137 1.32468060
1420 542 -0.38126280 1.49299286
1430 542 -0.38126280 1.66143573
1440 542 -0.37881093 1.83423616
1450 542 -0.37080228 2.01079454
1460 542 -0.36391567 2.18821374
1470 542 -0.35702907 2.36563295
1480 542 -0.34902042 2.54219133
1490 542 -0.37910183 2.70162818
1500 542 -0.42439315 2.85401812
1510 542 -0.46968447 3.00640807
1520 542 -0.51596723 3.15866741
1390 547 0.35893476 -0.01424222
1400 547 0.24733609 0.20506063
1410 547 0.13461538 0.42522429
1420 547 0.02301671 0.64452714
1430 547 -0.07320583 0.80836310
1440 547 -0.16475616 0.95970225
1450 547 -0.25716731 1.10991935
1460 547 -0.33326433 1.21286227
1470 547 -0.40581118 1.30416919
1480 547 -0.47736660 1.39560672
1490 547 -0.54991346 1.48691365
1500 547 -0.54777030 1.63143149
1510 547 -0.52835719 1.79032809
1520 547 -0.50782203 1.94836387
1530 547 -0.48715627 2.10540822
1540 547 -0.49524210 2.25866493
1550 547 -0.51522514 2.41035434
1560 547 -0.53520817 2.56204376
1570 547 -0.55506060 2.71274174
1580 547 -0.55755997 2.84656159
1400 559 -0.22662877 -0.14786616
1410 559 -0.37504111 0.06759562
1420 559 -0.52345345 0.28305740
1430 559 -0.64446777 0.48195570
1440 559 -0.65390717 0.61486129
1450 559 -0.66334657 0.74776689
1460 559 -0.67095746 0.86679241
1470 559 -0.66801878 0.92870658
1480 559 -0.66508010 0.99062074
1490 559 -0.66300224 1.05141287
1500 559 -0.66006356 1.11332704
1510 559 -0.64877784 1.18844450
1520 559 -0.63404881 1.26805012
1530 559 -0.61945039 1.34864718
1540 559 -0.60472136 1.42825281
1550 559 -0.59012293 1.50884987
1560 559 -0.57552451 1.58944693
1570 559 -0.55063180 1.74503084
1580 559 -0.52573909 1.90061475
1590 559 -0.50183781 2.05606805
1480 564 1.06341100 -0.15544143
1490 564 1.09219821 0.29215247
1500 564 1.12098542 0.73974637
1510 564 1.10424978 1.15007540
1520 564 1.02088620 1.50724695
1530 564 0.93666180 1.86329645
1540 564 0.90242467 2.23803479
1550 564 0.88167579 2.61757594
1560 564 0.84425658 2.98584324
1570 564 0.76867012 3.32991835
1580 564 0.69407509 3.67412408
1590 564 0.58223302 3.94887005
1600 564 0.48357049 4.20013626
1610 564 0.54168515 4.30260423
1620 564 0.59993041 4.40408078
1630 564 0.64171906 4.46203515
1640 564 0.65914931 4.45222767
1650 564 0.67644894 4.44341162
1660 564 0.69387918 4.43360414
1670 564 0.71230086 4.42392727
