2520 616 0.00000000 0.00000000
2530 616 0.00000000 0.38052201
2540 616 -0.00000000 0.76104402
2550 616 -0.00000000 1.14156603
2560 616 0.02040355 1.47371764
2570 616 0.04233921 1.79998261
2580 616 0.05592318 2.10742606
2590 616 -0.00023126 2.24094265
2600 616 -0.05738170 2.37436988
2610 616 -0.11453214 2.50779712
2620 616 -0.26120697 2.65427748
2630 616 -0.41802050 2.80185632
2640 616 -0.57492338 2.95043117
2650 616 -0.71514654 3.19287181
2660 616 -0.85336457 3.44653651
2670 616 -0.98566966 3.72382402
2680 616 -1.09305898 4.09270413
2690 616 -1.20053765 4.46258023
2700 616 -1.31644422 4.82567618
2710 616 -1.45029193 5.17611846
2340 407 -2.81216059 -0.40388465
2350 407 -2.44639725 0.05161856
2360 407 -2.08162992 0.50703243
2370 407 -1.77422326 0.91914788
2380 407 -1.48194844 1.32086972
2390 407 -1.19564963 1.72205545
2400 407 -0.96014683 2.11868428
2410 407 -0.72555067 2.51422776
2420 407 -0.49004787 2.91085659
2430 407 -0.18154535 3.25479727
2440 407 0.12686783 3.59973396
2450 407 0.37385748 3.83474270
2460 407 0.57920434 3.99673859
2470 407 0.78284039 4.16661312
2480 407 0.96165528 4.40052601
2490 407 1.14038082 4.63543489
2500 407 1.32273295 4.87468517
2510 407 1.53601365 5.16088675
2520 407 1.74592266 5.42871357
2530 407 1.94117024 5.62494401
2520 618 0.31530896 -0.02291852
2530 618 0.31579514 0.38575955
2540 618 0.31619196 0.79543362
2550 618 0.32020224 1.19840374
2560 618 0.33377570 1.57311531
2570 618 0.34834516 1.94791623
2580 618 0.34195919 2.28770473
2590 618 0.25239013 2.49151685
2600 618 0.16390642 2.69442233
2610 618 0.06713409 2.85541959
2620 618 -0.03792685 2.97450862
2630 618 -0.14298779 3.09359766
2640 618 -0.24330787 3.31652563
2650 618 -0.34167275 3.58480972
2660 618 -0.44003762 3.85309381
2670 618 -0.56840864 4.16487078
2680 618 -0.70373853 4.48706765
2690 618 -0.83906842 4.80926452
2700 618 -0.97539430 5.13137203
2710 618 -1.11543614 5.45013415
2610 580 -0.00423629 1.61407746
2620 580 -0.14646722 1.76698058
2630 580 -0.23524789 1.87246987
2640 580 -0.30982965 1.96517673
2650 580 -0.38441140 2.05788359
2660 580 -0.44742484 2.13355595
2670 580 -0.45964490 2.13547174
2680 580 -0.47186495 2.13738753
2690 580 -0.48408501 2.13930332
2700 580 -0.49639441 2.14221511
2710 580 -0.50861447 2.14413090
2720 580 -0.52183052 2.14595734
2730 580 -0.53413993 2.14886913
2740 580 -0.54635999 2.15078492
2750 580 -0.55858004 2.15270071
2760 580 -0.57088945 2.15561250
2770 580 -0.58310950 2.15752829
2780 580 -0.59632556 2.15935473
2790 580 -0.60863496 2.16226651
2800 580 -0.62085502 2.16418230
2660 629 1.97883166 0.06808279
2670 629 1.80277088 0.47497910
2680 629 1.62671011 0.88187540
2690 629 1.46504009 1.28504262
2700 629 1.30843943 1.68766059
2710 629 1.15283476 2.09036791
2720 629 0.98798490 2.48421373
2730 629 0.80491270 2.85734852
2740 629 0.62184051 3.23048330
2750 629 0.44248426 3.60696350
2760 629 0.29431149 4.01636163
2770 629 0.14514272 4.42567041
2780 629 -0.00728210 4.83769914
2790 629 -0.19561286 5.28064329
2800 629 -0.38385427 5.72259145
2810 629 -0.57063979 6.17069431
2820 629 -0.75133367 6.64042798
2830 629 -0.93112091 7.11124700
2840 629 -1.11090814 7.58206602
2850 629 -1.30120463 8.04692218
2660 630 1.69822240 -0.11672912
2670 630 1.54619177 0.24613819
2680 630 1.39307579 0.60991216
2690 630 1.24095581 0.97377547
2700 630 1.06097411 1.35722767
2710 630 0.88090305 1.74167586
2720 630 0.70129189 2.13218941
2730 630 0.51900020 2.55258296
2740 630 0.33761516 2.97406187
2750 630 0.16256353 3.39209288
2760 630 0.01439076 3.80149101
2770 630 -0.13369266 4.20989314
2780 630 -0.29227219 4.62337777
2790 630 -0.48714134 5.04967111
2800 630 -0.68209983 5.47696045
2810 630 -0.86345859 5.92053007
2820 630 -1.01118198 6.40326167
2830 630 -1.15899472 6.88698927
2840 630 -1.34091586 7.31444418
2850 630 -1.52283701 7.74189908
2710 634 1.02051653 0.07347801
2720 634 1.00740296 0.46587581
2730 634 0.99119891 0.84795621
2740 634 0.96808592 1.20632444
2750 634 0.94506228 1.56369667
2760 634 0.91561589 1.92551280
2770 634 0.88309215 2.28805687
2780 634 0.85047906 2.65159695
2790 634 0.83574141 2.97256393
2800 634 0.83255894 3.26545106
2810 634 0.82937647 3.55833819
2820 634 0.79266111 3.82211268
2830 634 0.72250223 4.05577854
2840 634 0.65125799 4.29035104
2850 634 0.48893098 4.52177261
2860 634 0.26340920 4.75254506
2870 634 0.03897278 4.98241087
2880 634 -0.19556030 5.32482471
2890 634 -0.43216160 5.67910119
2900 634 -0.67447084 6.02985357
2710 635 0.54423396 -0.05659857
2720 635 0.51318188 0.40145904
2730 635 0.48312580 0.85960599
2740 635 0.44149877 1.25647397
2750 635 0.39750920 1.64610189
2760 635 0.35451563 2.03581916
2770 635 0.35465228 2.30289964
2780 635 0.35469959 2.57097612
2790 635 0.35483624 2.83805660
2800 635 0.27354265 3.07273159
2810 635 0.19333441 3.30649993
2820 635 0.09699833 3.52978531
2830 635 -0.05869043 3.70959357
2840 635 -0.21437919 3.88940183
2850 635 -0.39339643 4.09422572
2860 635 -0.57901513 4.30548551
2870 635 -0.76744312 4.51448525
2880 635 -0.96918967 4.71526207
2890 635 -1.17202156 4.91694554
2900 635 -1.33462976 5.14030976
2710 637 0.70805628 -0.24872937
2720 637 0.72012392 0.15395956
2730 637 0.73219155 0.55664848
2740 637 0.73732397 0.91353454
2750 637 0.73907157 1.24100049
2760 637 0.74081917 1.56846643
2770 637 0.72050234 1.91804937
2780 637 0.67812109 2.28974928
2790 637 0.63573984 2.66144920
2800 637 0.58102290 3.01397020
2810 637 0.52385406 3.36024715
2820 637 0.45544803 3.69748389
2830 637 0.29811416 3.94039756
2840 637 0.14177629 4.18340059
2850 637 -0.07399046 4.39496785
2860 637 -0.30179857 4.60645890
2870 637 -0.51592811 4.90050234
2880 637 -0.72897229 5.19363913
2890 637 -0.94962707 5.48207711
2900 637 -1.17118849 5.76942974
