2720 884 0.00000000 0.00000000
2730 884 -0.00000000 0.09436631
2740 884 0.00064642 0.18796963
2750 884 0.00064642 0.28233594
2760 884 0.00064642 0.37670225
2770 884 -0.00152597 0.47053870
2780 884 -0.01949848 0.57064859
2790 884 -0.03888040 0.67087504
2800 884 -0.05826232 0.77110149
2810 884 -0.09432392 0.87554554
2820 884 -0.17208472 0.99053362
2830 884 -0.24984553 1.10552169
2840 884 -0.32261515 1.22080648
2850 884 -0.34388333 1.33254128
2860 884 -0.36515151 1.44427607
2870 884 -0.38641970 1.55601087
2880 884 -0.43598188 1.74600453
2890 884 -0.49695703 1.96958008
2900 884 -0.62180032 2.15870479
2910 884 -0.80910234 2.31326207
2540 249 -0.88093942 0.74122854
2550 249 -0.83890111 0.84630841
2560 249 -0.79697937 0.94997889
2570 249 -0.77521312 0.98152617
2580 249 -0.76176553 0.98112348
2590 249 -0.74831793 0.98072079
2600 249 -0.73627974 0.98043467
2610 249 -0.72283214 0.98003199
2620 249 -0.70938454 0.97962930
2630 249 -0.69658336 0.97998960
2640 249 -0.68313577 0.97958691
2650 249 -0.66968817 0.97918423
2660 249 -0.65624058 0.97878154
2670 249 -0.64343940 0.97914184
2680 249 -0.62999180 0.97873915
2690 249 -0.61730719 0.97769005
2700 249 -0.60309661 0.97793378
2710 249 -0.59105841 0.97764766
2720 249 -0.57761082 0.97724498
2730 249 -0.56416322 0.97684229
2660 782 -1.42395102 0.84999617
2670 782 -1.41060940 0.83115470
2680 782 -1.39650478 0.81295965
2690 782 -1.38316316 0.79411818
2700 782 -1.36982153 0.77527671
2710 782 -1.35583349 0.75567225
2720 782 -1.34249186 0.73683078
2730 782 -1.32838725 0.71863573
2740 782 -1.31504563 0.69979426
2750 782 -1.30105758 0.68018980
2760 782 -1.28695297 0.66199475
2770 782 -1.27361135 0.64315328
2780 782 -1.26026972 0.62431181
2790 782 -1.24692809 0.60547034
2800 782 -1.23691393 0.55497562
2810 782 -1.23011065 0.47423706
2820 782 -1.22407036 0.39285208
2830 782 -1.21803007 0.31146710
2840 782 -1.13912479 0.24463180
2850 782 -1.06098249 0.17715009
2680 787 -2.35583023 1.63588047
2690 787 -2.30071522 1.58165561
2700 787 -2.24495379 1.52666777
2710 787 -2.18220894 1.47890708
2720 787 -2.11870110 1.43179280
2730 787 -2.05595625 1.38403211
2740 787 -1.99244842 1.33691784
2750 787 -1.89780659 1.27161911
2760 787 -1.80251834 1.20555740
2770 787 -1.70799308 1.13884927
2780 787 -1.65188195 1.08808962
2790 787 -1.60540350 1.04096475
2800 787 -1.55892504 0.99383988
2810 787 -1.51309301 0.94747800
2820 787 -1.46661455 0.90035313
2830 787 -1.38554748 0.85107706
2840 787 -1.30512683 0.80256399
2850 787 -1.22470618 0.75405091
2860 787 -1.14440209 0.70412843
2870 787 -1.08676500 0.65466162
2720 878 0.84568319 1.93800102
2730 878 0.83553126 1.92677879
2740 878 0.82526277 1.91414716
2750 878 0.81511084 1.90292494
2760 878 0.80495891 1.89170271
2770 878 0.79480698 1.88048049
2780 878 0.78453849 1.86784886
2790 878 0.77438656 1.85662663
2800 878 0.76488105 1.84464142
2810 878 0.75472912 1.83341920
2820 878 0.74381420 1.82155056
2830 878 0.73430869 1.80956535
2840 878 0.72415677 1.79834312
2850 878 0.71400484 1.78712089
2860 878 0.70373634 1.77448927
2870 878 0.69358441 1.76326704
2880 878 0.68343248 1.75204482
2890 878 0.67392697 1.74005961
2900 878 0.66301206 1.72819096
2910 878 0.65286013 1.71696874
2720 883 0.07689185 0.24339195
2730 883 0.03676100 0.37584389
2740 883 -0.00325328 0.50970522
2750 883 -0.04338413 0.64215716
2760 883 -0.08275199 0.77525551
2770 883 -0.13361760 0.88943821
2780 883 -0.19468813 0.98317930
2790 883 -0.25564209 1.07832978
2800 883 -0.31659605 1.17348027
2810 883 -0.37766657 1.26722135
2820 883 -0.39958117 1.37971913
2830 883 -0.39572387 1.50356630
2840 883 -0.39122014 1.62665049
2850 883 -0.38671641 1.74973467
2860 883 -0.38285910 1.87358184
2870 883 -0.46894915 2.06801564
2880 883 -0.55580219 2.26180303
2890 883 -0.64189223 2.45623683
2900 883 -0.72006632 2.57480669
2910 883 -0.79758340 2.67558418
2740 250 -0.55136204 0.97720259
2750 250 -0.53791445 0.97679990
2760 250 -0.53009386 0.95983410
2770 250 -0.53130192 0.91949131
2780 250 -0.53186356 0.87838554
2790 250 -0.53166221 0.83792618
2800 250 -0.53222386 0.79682041
2810 250 -0.53343191 0.75647762
2820 250 -0.53399355 0.71537185
2830 250 -0.53379221 0.67491249
2840 250 -0.53435385 0.63380672
2850 250 -0.57008695 0.49343883
2860 250 -0.63946552 0.25510164
2870 250 -0.70561201 0.01294954
2880 250 -0.75947657 -0.24369927
2890 250 -0.81269472 -0.50111106
2900 250 -0.84469767 -0.78511072
2910 250 -0.78990057 -1.17775086
2920 250 -0.73510347 -1.57039100
2930 250 -0.66700713 -2.00812138
2740 409 -0.84680647 0.52767774
2750 409 -0.85567616 0.62632524
2760 409 -0.86272317 0.72127438
2770 409 -0.87053316 0.81557711
2780 409 -0.75346807 0.76403329
2790 409 -0.61401152 0.68296622
2800 409 -0.43734889 0.54560787
2810 409 -0.26068626 0.40824952
2820 409 -0.03938906 0.35588973
2830 409 0.21129363 0.35857077
2840 409 0.43218815 0.38712970
2850 409 0.62135524 0.44385545
2860 409 0.81116875 0.49981822
2870 409 0.96704006 0.55716920
2880 409 1.09818857 0.61585540
2890 409 1.23074647 0.67442503
2900 409 1.37025601 0.69694366
2910 409 1.51824315 0.68470412
2920 409 1.66546731 0.67181817
2930 409 1.82995398 0.66176161
2790 882 -0.72879825 0.56474606
2800 882 -0.79646011 0.68173696
2810 882 -0.86412197 0.79872787
2820 882 -0.96263171 0.94594143
2830 882 -1.09057992 1.12326107
2840 882 -1.21776514 1.30122713
2850 882 -1.28266119 1.40876552
2860 882 -1.31952816 1.48631438
2870 882 -1.35563215 1.56450966
2880 882 -1.39249912 1.64205853
2890 882 -1.47634260 1.71781650
2900 882 -1.63135555 1.79094641
2910 882 -1.78636851 1.86407633
2920 882 -1.96475845 1.94623489
2930 882 -2.15278106 2.03202822
2940 882 -2.34156666 2.11717514
2950 882 -2.45119266 2.19861310
2960 882 -2.56081865 2.28005106
2970 882 -2.67120762 2.36084261
2980 882 -2.75629096 2.44734594
2830 796 -1.78534060 1.53335448
2840 796 -1.73835349 1.51811599
2850 796 -1.69800010 1.49987854
2860 796 -1.70601144 1.44590801
2870 796 -1.71402277 1.39193748
2880 796 -1.72127112 1.33861336
2890 796 -1.72928246 1.28464283
2900 796 -1.61490901 1.21771216
2910 796 -1.50053556 1.15078149
2920 796 -1.37983570 1.10887034
2930 796 -1.24331452 1.12099332
2940 796 -1.10679333 1.13311629
2950 796 -0.97702244 1.14083090
2960 796 -0.90536551 1.11503780
2970 796 -0.83382514 1.08783529
2980 796 -0.76216821 1.06204219
2990 796 -0.68986486 1.03548610
3000 796 -0.61897092 1.00904658
3010 796 -0.57915798 1.01001091
3020 796 -0.58834558 1.05334205
2860 783 -0.98560601 0.11912091
2870 783 -0.93799368 0.13717820
2880 783 -0.88961836 0.15588191
2890 783 -0.84124305 0.17458562
2900 783 -0.79222131 0.19252634
2910 783 -0.73591944 0.21270303
2920 783 -0.64356656 0.23983136
2930 783 -0.55121368 0.26695969
2940 783 -0.45950722 0.29485100
2950 783 -0.40731699 0.31678679
2960 783 -0.41460772 0.33158021
2970 783 -0.42189846 0.34637362
2980 783 -0.42918920 0.36116704
2990 783 -0.43712635 0.37672344
3000 783 -0.44441709 0.39151686
3010 783 -0.45170783 0.40631027
3020 783 -0.45964498 0.42186667
3030 783 -0.46693572 0.43666009
3040 783 -0.47422646 0.45145350
3050 783 -0.48151720 0.46624692
