3900 819 0.00000000 0.00000000
3910 819 0.00000000 0.21444113
3920 819 0.00017254 0.43028592
3930 819 -0.00044301 0.64551515
3940 819 -0.07894474 0.90522745
3950 819 -0.19221592 1.18346231
3960 819 -0.30610265 1.46248527
3970 819 -0.42029250 1.67528959
3980 819 -0.53478546 1.82187527
3990 819 -0.64927842 1.96846096
4000 819 -0.69642889 2.03695061
4010 819 -0.73680827 2.09677123
4020 819 -0.77639955 2.15720739
4030 819 -0.81616338 2.21623991
4040 819 -0.84514103 2.27608384
4050 819 -0.86271694 2.33595109
4060 819 -0.87967731 2.39503024
4070 819 -0.89646513 2.45551303
4080 819 -0.91482915 2.51476473
4090 819 -0.93161697 2.57524753
3790 474 -0.98360327 3.63603281
3800 474 -1.03073508 3.22363059
3810 474 -1.05560438 2.81846579
3820 474 -0.98827121 2.44471287
3830 474 -0.92155360 2.07174804
3840 474 -0.84447884 1.82361002
3850 474 -0.75660391 1.69810704
3860 474 -0.66934453 1.57339216
3870 474 -0.67051501 1.45954740
3880 474 -0.73046620 1.35435303
3890 474 -0.79041738 1.24915866
3900 474 -0.83137035 1.03191489
3910 474 -0.84557471 0.64396227
3920 474 -0.87041603 0.26800362
3930 474 -0.93876579 -0.06199837
3940 474 -1.00649999 -0.39278845
3950 474 -1.06964553 -0.65147482
3960 474 -1.12973195 -0.86209206
3970 474 -1.18981837 -1.07270931
3980 474 -1.24093729 -1.25094470
3820 655 -1.35304265 1.88826179
3830 655 -1.35183486 1.89808733
3840 655 -1.34922342 1.90774033
3850 655 -1.34818817 1.91616222
3860 655 -1.34636482 1.92519967
3870 655 -1.34375339 1.93485267
3880 655 -1.34271814 1.94327456
3890 655 -1.34151035 1.95310010
3900 655 -1.33889891 1.96275310
3910 655 -1.33786366 1.97117499
3920 655 -1.33604031 1.98021243
3930 655 -1.33342887 1.98986543
3940 655 -1.33300918 1.99907542
3950 655 -1.33118583 2.00811286
3960 655 -1.32936249 2.01715031
3970 655 -1.32884487 2.02136126
3980 655 -1.33120915 2.01951459
3990 655 -1.33374598 2.01626429
4000 655 -1.33689836 2.01380207
4010 655 -1.33864709 2.01116732
3850 663 -1.79753759 2.10319723
3860 663 -1.79999981 2.10634961
3870 663 -1.80105837 2.10932945
3880 663 -1.80290503 2.11169374
3890 663 -1.80475169 2.11405802
3900 663 -1.80581026 2.11703786
3910 663 -1.80827247 2.12019024
3920 663 -1.81011913 2.12255453
3930 663 -1.81196579 2.12491881
3940 663 -1.81302436 2.12789865
3950 663 -1.81487102 2.13026294
3960 663 -1.81733324 2.13341532
3970 663 -1.81839180 2.13639516
3980 663 -1.82023846 2.13875944
3990 663 -1.82208512 2.14112373
4000 663 -1.82393178 2.14348801
4010 663 -1.82560590 2.14725594
4020 663 -1.82745256 2.14962023
4030 663 -1.82929922 2.15198452
4040 663 -1.83035779 2.15496435
3880 813 -1.24602027 1.02019140
3890 813 -1.23664241 1.19500860
3900 813 -1.21857218 1.36519517
3910 813 -1.11946339 1.49336088
3920 813 -1.02052715 1.62012294
3930 813 -0.92141837 1.74828865
3940 813 -0.91333690 1.99949511
3950 813 -0.91493174 2.26471475
3960 813 -0.91714214 2.53072249
3970 813 -0.93316518 2.60322257
3980 813 -0.95163179 2.62686542
3990 813 -0.97071395 2.65129637
4000 813 -0.98979611 2.67572731
4010 813 -1.00826271 2.69937017
4020 813 -1.02734487 2.72380111
4030 813 -1.04642703 2.74823206
4040 813 -1.06550919 2.77266301
4050 813 -1.08397580 2.79630586
4060 813 -1.08934324 2.80480236
4070 813 -1.09207593 2.81155014
4020 656 -1.34179947 2.00870510
4030 656 -1.34433630 2.00545479
4040 656 -1.34670058 2.00360813
4050 656 -1.34923741 2.00035782
4060 656 -1.35177423 1.99710751
4070 656 -1.35413852 1.99526085
4080 656 -1.35667535 1.99201054
4090 656 -1.35982773 1.98954833
4100 656 -1.36157646 1.98691357
4110 656 -1.36472884 1.98445136
4120 656 -1.36647757 1.98181660
4130 656 -1.36962995 1.97935439
4140 656 -1.37216678 1.97610408
4150 656 -1.37453106 1.97425742
4160 656 -1.37706789 1.97100711
4170 656 -1.38022027 1.96854490
4180 656 -1.38196900 1.96591014
4190 656 -1.38512138 1.96344793
4200 656 -1.38765821 1.96019762
4210 656 -1.38940694 1.95756286
4050 664 -1.83220445 2.15732864
4060 664 -1.83405111 2.15969292
4070 664 -1.83572523 2.16346086
4080 664 -1.83757189 2.16582514
4090 664 -1.83941855 2.16818943
4100 664 -1.84126521 2.17055371
4110 664 -1.84232378 2.17353355
4120 664 -1.84478599 2.17668593
4130 664 -1.84663265 2.17905022
4140 664 -1.84769122 2.18203006
4150 664 -1.84953788 2.18439434
4160 664 -1.85138454 2.18675863
4170 664 -1.85305866 2.19052656
4180 664 -1.85490532 2.19289085
4190 664 -1.85675198 2.19525513
4200 664 -1.85359960 2.19771735
4210 664 -1.84483262 2.19948939
4220 664 -1.83606565 2.20126144
4230 664 -1.82729867 2.20303349
4240 664 -1.81931979 2.20418998
4080 814 -1.09621226 2.81847045
4090 814 -1.09894494 2.82521822
4100 814 -1.10246572 2.83135044
4110 814 -1.10519841 2.83809822
4120 814 -1.10933474 2.84501853
4130 814 -1.11206743 2.85176630
4140 814 -1.11558821 2.85789852
4150 814 -1.11893644 2.86543439
4160 814 -1.12245722 2.87156661
4170 814 -1.12518991 2.87831438
4180 814 -1.12871069 2.88444660
4190 814 -1.13205893 2.89198247
4200 814 -1.13557971 2.89811469
4210 814 -1.13831239 2.90486246
4220 814 -1.14244872 2.91178277
4230 814 -1.14518141 2.91853054
4240 814 -1.14870219 2.92466276
4250 814 -1.15143487 2.93141054
4260 814 -1.15557121 2.93833085
4270 814 -1.15830389 2.94507862
