3320 681 0.00000000 0.00000000
3330 681 -0.00000000 0.45200111
3340 681 0.00244690 0.90025886
3350 681 0.02354861 1.32651667
3360 681 0.04564369 1.75288952
3370 681 0.05302642 2.18460527
3380 681 0.03950654 2.62296039
3390 681 0.02499330 3.06120047
3400 681 0.00546016 3.53409312
3410 681 -0.01610173 4.01581097
3420 681 -0.03766362 4.49752882
3430 681 -0.07888255 4.93166935
3440 681 -0.12109484 5.36569483
3450 681 -0.17106595 5.80586853
3460 681 -0.25295071 6.26952669
3470 681 -0.33495051 6.73417821
3480 681 -0.41683526 7.19783637
3490 681 -0.55558271 7.68309624
3500 681 -0.70816420 8.17480743
3510 681 -0.86162400 8.66541021
3370 445 -1.17995065 1.01801300
3380 445 -1.20683333 1.43267348
3390 445 -1.24055449 1.84553531
3400 445 -1.27339733 2.25950553
3410 445 -1.29565833 2.67772132
3420 445 -1.31031759 3.09983755
3430 445 -1.32497685 3.52195377
3440 445 -1.29980655 3.90438867
3450 445 -1.26530885 4.27582361
3460 445 -1.23081115 4.64725854
3470 445 -1.19741079 4.99339928
3480 445 -1.16460556 5.30121711
3490 445 -1.13290873 5.60991326
3500 445 -1.10109686 5.91761605
3510 445 -1.05089123 6.18818840
3520 445 -0.98252193 6.42361702
3530 445 -0.91503095 6.65793725
3540 445 -0.84753996 6.89225747
3550 445 -0.79598478 7.13379228
3560 445 -0.81279447 7.40063012
