0 17 0.00000000 0.00000000
10 17 -0.00000000 0.20651634
20 17 0.00000000 0.41303269
30 17 0.00032927 0.62049326
40 17 0.00032927 0.82700961
50 17 -0.03445248 1.03400533
60 17 -0.07810520 1.23985829
70 17 -0.12142865 1.44665548
80 17 -0.17779707 1.67071039
90 17 -0.26427448 1.93597753
100 17 -0.34947839 2.20185963
110 17 -0.43562654 2.46807101
120 17 -0.47096999 2.79493618
130 17 -0.50117583 3.12742319
140 17 -0.53105240 3.46085442
150 17 -0.56507876 3.79149654
160 17 -0.63107354 4.09727863
170 17 -0.69706832 4.40306073
180 17 -0.76306310 4.70884282
190 17 -0.82905787 5.01462492
0 12 2.15535484 -0.70713048
10 12 1.84433829 -0.48747232
20 12 1.53426598 -0.26814343
30 12 1.22324943 -0.04848527
40 12 0.92367508 0.15235598
50 12 0.62561635 0.34843247
60 12 0.32850185 0.54417969
70 12 0.06579140 0.78088251
80 12 -0.19211070 1.02226292
90 12 -0.45095705 1.26397260
100 12 -0.64270942 1.60089993
110 12 -0.81863255 1.96196095
120 12 -1.00110237 2.35284042
130 12 -1.20942970 2.86393799
140 12 -1.41870128 3.37536482
150 12 -1.62940131 3.89788037
160 12 -1.84520021 4.46347725
170 12 -2.06099911 5.02907414
180 12 -2.24845159 5.60914445
190 12 -2.32568034 6.24715207
0 13 0.84903208 0.84029669
10 13 0.80144262 1.10471160
20 13 0.75290893 1.36945578
30 13 0.70531948 1.63387069
40 13 0.65766708 1.87077204
50 13 0.61133660 2.06590914
60 13 0.56533540 2.26199047
70 13 0.50343715 2.45196575
80 13 0.40342086 2.62981608
90 13 0.30434879 2.80733714
100 13 0.27507750 3.02406091
110 13 0.26429385 3.25128263
120 13 0.25318093 3.47756012
130 13 0.19390717 3.76617166
140 13 0.13619261 4.05318043
150 13 0.07691885 4.34179197
160 13 -0.01531114 4.60271078
170 13 -0.14144159 4.83626615
180 13 -0.26818701 5.07109502
190 13 -0.39132980 5.29195890
0 14 0.30533177 0.58403126
10 14 0.26834680 0.86063407
20 14 0.23230607 1.13690760
30 14 0.19565038 1.41445464
40 14 0.15267073 1.69208884
50 14 0.08575592 1.97701060
60 14 0.01884112 2.26193236
70 14 -0.04745871 2.54558062
80 14 -0.11142944 2.81464891
90 14 -0.17265462 3.07640543
100 14 -0.23387979 3.33816196
110 14 -0.29604921 3.60024775
120 14 -0.35363303 3.89674244
130 14 -0.41117327 4.19639912
140 14 -0.46838424 4.49700002
150 14 -0.52592448 4.79665669
160 14 -0.56881212 5.03507366
170 14 -0.61297328 5.27287566
180 14 -0.65586093 5.51129263
190 14 -0.69907784 5.74876536
0 15 -0.16483925 0.61454700
10 15 -0.20247792 0.84372015
20 15 -0.24106082 1.07322257
30 15 -0.27997300 1.30178075
40 15 -0.32932018 1.57634013
50 15 -0.38104006 1.86231750
60 15 -0.43308921 2.14735063
70 15 -0.48575332 2.43365727
80 15 -0.53688245 2.73955074
90 15 -0.58886865 3.05209743
100 15 -0.64023989 3.36337061
110 15 -0.69161112 3.67464380
120 15 -0.76179927 3.97447479
130 15 -0.84028701 4.26872753
140 15 -0.91750124 4.56359524
150 15 -0.99475904 4.85530096
160 15 -1.07120336 5.13719149
170 15 -1.14797694 5.41813777
180 15 -1.22442125 5.70002830
190 15 -1.30119484 5.98097459
0 16 -0.60280943 1.16865811
10 16 -0.64011883 1.39877549
20 16 -0.67709895 1.62983711
30 16 -0.71440835 1.85995449
40 16 -0.75138847 2.09101611
50 16 -0.80833312 2.36504769
60 16 -0.87166951 2.65719406
70 16 -0.93627941 2.94872546
80 16 -1.00056004 3.24120111
90 16 -1.08391906 3.50326269
100 16 -1.16859516 3.76154733
110 16 -1.25327127 4.01983198
120 16 -1.33889161 4.27844589
130 16 -1.37131036 4.56510601
140 16 -1.40339983 4.85271037
150 16 -1.43487433 5.13904122
160 16 -1.46790804 5.42697485
170 16 -1.52196187 5.77307336
180 16 -1.58372454 6.13350973
190 16 -1.64421370 6.49456106
