860 183 0.00000000 0.00000000
870 183 0.00000000 0.49304158
880 183 -0.02353554 0.98636306
890 183 -0.13611428 1.48082845
900 183 -0.24869302 1.97529385
910 183 -0.34828705 2.46119201
920 183 -0.44788109 2.94709018
930 183 -0.54513861 3.43652963
940 183 -0.63166883 3.93837574
950 183 -0.71917869 4.44002106
960 183 -0.80096287 4.93365285
970 183 -0.83063785 5.35732300
980 183 -0.86031284 5.78099315
990 183 -0.89568916 6.20757786
1000 183 -0.97436407 6.66611931
1010 183 -1.05381781 7.12348033
1020 183 -1.13425119 7.58064056
1030 183 -1.16050658 8.02746900
1040 183 -1.16516136 8.46851699
1050 183 -1.16981614 8.90956498
870 184 0.49120401 0.13845080
880 184 0.36209928 0.64381994
890 184 0.25145547 1.14378588
900 184 0.21681538 1.62156100
910 184 0.18217530 2.09933612
920 184 0.11978300 2.59796344
930 184 0.03081890 3.11666411
940 184 -0.05834599 3.63634442
950 184 -0.15218392 4.14894216
960 184 -0.24855916 4.65897825
970 184 -0.34493440 5.16901434
980 184 -0.40438780 5.66824404
990 184 -0.44676151 6.16382902
1000 184 -0.48893442 6.65843436
1010 184 -0.52666552 7.12638881
1020 184 -0.56221222 7.58866625
1030 184 -0.59755812 8.04996406
1040 184 -0.62140398 8.48503689
1050 184 -0.63354900 8.89290513
1060 184 -0.64471439 9.30097416
1010 185 -0.45807901 -0.01120798
1020 185 -0.45517662 0.24356364
1030 185 -0.45232291 0.50853317
1040 185 -0.45603456 0.87525681
1050 185 -0.46052505 1.24080001
1060 185 -0.42120585 1.63165549
1070 185 -0.36447839 2.03220385
1080 185 -0.27962145 2.41503972
1090 185 -0.17627925 2.78737343
1100 185 -0.05057586 3.20001814
1110 185 0.08387122 3.62976688
1120 185 0.21842174 4.07893184
1130 185 0.35099474 4.57260623
1140 185 0.48396932 5.06432135
1150 185 0.52927585 5.51560986
1160 185 0.56440879 5.96175073
1170 185 0.58091652 6.32445239
1180 185 0.58357553 6.63021362
1190 185 0.58603374 6.93695448
1200 185 0.87792190 7.21114839
1040 186 1.12858635 0.22111725
1050 186 0.91873793 0.79670360
1060 186 0.72335887 1.38138045
1070 186 0.58505410 2.00633788
1080 186 0.44654854 2.63227495
1090 186 0.25632929 3.28640233
1100 186 0.06020790 3.94442391
1110 186 -0.18020387 4.55457732
1120 186 -0.42548947 5.15862779
1130 186 -0.72269564 5.75203616
1140 186 -1.04047411 6.34122785
1150 186 -1.36172693 6.87764711
1160 186 -1.68574829 7.37777126
1170 186 -1.98955025 7.87387343
1180 186 -2.26253331 8.36404304
1190 186 -2.53551637 8.85421265
1200 186 -2.81191294 9.36103603
1210 186 -3.08830951 9.86785941
1220 186 -3.36375078 10.37998255
1230 186 -3.63743358 10.89348691
