1610 232 0.00000000 0.00000000
1620 232 0.00000000 0.62253434
1630 232 0.00384557 1.21731599
1640 232 0.01712195 1.74897823
1650 232 0.03039832 2.28064047
1660 232 -0.04582398 2.80393690
1670 232 -0.14396796 3.32603341
1680 232 -0.24211195 3.84812991
1690 232 -0.39304820 4.22879807
1700 232 -0.54354592 4.60812172
1710 232 -0.71878445 4.96524419
1720 232 -0.98676003 5.22815499
1730 232 -1.25473561 5.49106579
1740 232 -1.51838372 5.73158747
1750 232 -1.77685621 5.94255896
1760 232 -2.03578168 6.15263894
1770 232 -2.29071702 6.35732645
1780 232 -2.51238672 6.51931269
1790 232 -2.73540093 6.68086041
1800 232 -2.96007769 6.79277713
1560 221 -1.00906723 0.53290555
1570 221 -1.15183526 1.13936848
1580 221 -1.27354421 1.75195638
1590 221 -1.37464707 2.36977772
1600 221 -1.49796075 2.94167870
1610 221 -1.64528274 3.46632928
1620 221 -1.81157236 3.96248023
1630 221 -2.02348357 4.38871214
1640 221 -2.25462744 4.81462118
1650 221 -2.53452526 5.23950377
1660 221 -2.80198520 5.65133647
1670 221 -3.04147079 6.03212993
1680 221 -3.27981427 6.38205761
1690 221 -3.50821131 6.61027635
1700 221 -3.73856487 6.81256880
1710 221 -3.99455075 6.78560162
1720 221 -4.25053663 6.75863443
1730 221 -4.53624617 6.69965937
1740 221 -4.82195571 6.64068431
1750 221 -5.08820609 6.68623360
1570 222 -0.69347500 -0.18156107
1580 222 -0.74389632 0.45874096
1590 222 -0.80239911 1.09417579
1600 222 -0.94024211 1.70150133
1610 222 -1.11619867 2.29342049
1620 222 -1.38229484 2.84701405
1630 222 -1.65427984 3.38901788
1640 222 -1.97701384 3.82893579
1650 222 -2.30109235 4.26841516
1660 222 -2.54325731 4.71899272
1670 222 -2.75050853 5.17426399
1680 222 -2.95873800 5.61657212
1690 222 -3.16639402 6.00923480
1700 222 -3.37405004 6.40189748
1710 222 -3.60836482 6.61405445
1720 222 -3.84549873 6.80521017
1730 222 -4.10325319 6.78138498
1740 222 -4.36294971 6.73386953
1750 222 -4.62533523 6.68547702
1760 222 -4.89176873 6.63353290
1600 230 0.72771890 -0.47071139
1610 230 0.76800101 0.08760963
1620 230 0.80873611 0.64682215
1630 230 0.83516357 1.20657441
1640 230 0.86069951 1.76677965
1650 230 0.85086873 2.32139967
1660 230 0.69555200 2.85459917
1670 230 0.54068825 3.38869019
1680 230 0.36999887 3.89605016
1690 230 0.18528135 4.37800912
1700 230 -0.00032769 4.86042106
1710 230 -0.21052815 5.27456689
1720 230 -0.43208219 5.66195275
1730 230 -0.65608911 6.01581275
1740 230 -0.88984971 6.24451339
1750 230 -1.12406330 6.47232251
1760 230 -1.42627314 6.62812115
1770 230 -1.77261548 6.73679949
1780 230 -2.11895782 6.84547783
1790 230 -2.37473166 6.92047611
