400 104 0.00000000 0.00000000
410 104 -0.00000000 0.00894427
420 104 0.00134164 0.01833576
430 104 0.00134164 0.02728003
440 104 0.00134164 0.03622430
450 104 0.00178885 0.04606300
460 104 0.00268328 0.05456006
470 104 0.00313050 0.06439876
480 104 0.00313050 0.07334303
490 104 0.00536656 0.20303497
500 104 0.00849706 0.38594533
510 104 0.01073313 0.56706684
520 104 0.00313050 0.81348153
530 104 -0.01654690 1.12518941
540 104 -0.03577709 1.43555564
550 104 -0.05724334 1.76381042
560 104 -0.08273452 2.11755637
570 104 -0.10822569 2.47130233
580 104 -0.13461129 2.82549550
590 104 -0.12924473 3.19623557
230 124 -1.95655948 1.83804788
240 124 -1.71819463 1.69315067
250 124 -1.47893536 1.54780625
260 124 -1.26695612 1.41945595
270 124 -1.07286542 1.30228599
280 124 -0.87877472 1.18511603
290 124 -0.68378959 1.06749885
300 124 -0.48656839 0.92752100
310 124 -0.28666391 0.77054903
320 124 -0.08631222 0.61447148
330 124 0.10822569 0.44005818
340 124 0.29024162 0.22271237
350 124 0.47270477 0.00626099
360 124 0.65516792 -0.21019039
370 124 0.74863556 -0.46599657
380 124 0.83181729 -0.72672209
390 124 0.91634066 -0.98700041
400 124 0.89487440 -1.21105442
410 124 0.80498447 -1.41095889
420 124 0.70480863 -1.60460238
390 148 -1.90468270 1.48340750
400 148 -1.66318736 1.49682390
410 148 -1.42124481 1.50889867
420 148 -1.27724203 1.43689728
430 148 -1.13234482 1.36444868
440 148 -0.98834205 1.29244729
450 148 -0.81213989 1.22223476
460 148 -0.63638495 1.15336386
470 148 -0.46018279 1.08091526
480 148 -0.28621670 0.98610598
490 148 -0.11225061 0.89129670
500 148 0.06171548 0.79648741
510 148 0.32557150 0.71375290
520 148 0.62788789 0.63638495
530 148 0.93020428 0.55901699
540 148 1.24951479 0.44408310
550 148 1.57419186 0.31975772
560 148 1.89886893 0.19543234
570 148 2.13857541 0.14489720
580 148 2.37872911 0.09302043
400 61 -0.27861407 -0.36045416
410 61 -0.27324751 -0.35419317
420 61 -0.26743373 -0.34703775
430 61 -0.26206717 -0.34077676
440 61 -0.25670060 -0.33451577
450 61 -0.25088683 -0.32736035
460 61 -0.24552026 -0.32109936
470 61 -0.23970649 -0.31394394
480 61 -0.24909797 -0.20974318
490 61 -0.27369472 -0.00626099
500 61 -0.29873868 0.19632677
510 61 -0.35374595 0.45079130
520 61 -0.42172242 0.72627488
530 61 -0.48969889 1.00175845
540 61 -0.54157566 1.31838568
550 61 -0.57645832 1.67570934
560 61 -0.61134099 2.03303301
570 61 -0.64622365 2.39259274
580 61 -0.68021188 2.76064953
590 61 -0.71375290 3.12960074
400 64 -0.57153898 -0.07423746
410 64 -0.57332783 -0.06663483
420 64 -0.57377504 -0.05858498
430 64 -0.57466947 -0.05142956
440 64 -0.57511668 -0.04337972
450 64 -0.57556390 -0.03532987
460 64 -0.57645832 -0.02817446
470 64 -0.57779997 -0.01967740
480 64 -0.57869439 -0.01252198
490 64 -0.58361374 0.02906888
500 64 -0.60463278 0.20840154
510 64 -0.62654625 0.38818140
520 64 -0.64845971 0.56796127
530 64 -0.69944206 0.81929531
540 64 -0.79425135 1.17751340
550 64 -0.88995506 1.53617870
560 64 -0.98521155 1.89573843
570 64 -1.05184638 2.29912509
580 64 -1.11222021 2.71503374
590 64 -1.17259405 3.13094238
400 107 0.17888544 -0.36224301
410 107 0.18022708 -0.35061546
420 107 0.18156872 -0.33898791
430 107 0.18246315 -0.32825478
440 107 0.18380479 -0.31662723
450 107 0.18469921 -0.30589410
460 107 0.18604086 -0.29426655
470 107 0.18693528 -0.28353342
480 107 0.18827692 -0.27190587
490 107 0.18961856 -0.26027831
500 107 0.19543234 -0.13908343
510 107 0.20437661 0.02862167
520 107 0.21197924 0.19587955
530 107 0.16054968 0.44631917
540 107 0.07065975 0.74952999
550 107 -0.01967740 1.05408244
560 107 -0.10375355 1.38233722
570 107 -0.17173002 1.76515206
580 107 -0.23925927 2.14886133
590 107 -0.21600417 2.52183747
400 152 -2.34742416 1.73831925
410 152 -2.13186721 1.64172111
420 152 -1.91407419 1.58090006
430 152 -1.69091460 1.66274015
440 152 -1.46730781 1.74547466
450 152 -1.22491804 1.77856847
460 152 -0.98297548 1.81076785
470 152 -0.74639949 1.78527667
480 152 -0.51921498 1.67168442
490 152 -0.29113605 1.55764495
500 152 -0.05858498 1.41230053
510 152 0.18067429 1.23565116
520 152 0.41993357 1.05900179
530 152 0.69049779 0.96285087
540 152 0.97268957 0.90113539
550 152 1.25622299 0.83986713
560 152 1.51247638 0.77546837
570 152 1.75799664 0.70972798
580 152 2.00306969 0.64309315
590 152 2.25440373 0.58003603
400 157 -0.50266808 0.56885569
410 157 -0.34927382 0.54917830
420 157 -0.19498513 0.52905368
430 157 -0.04114365 0.50803464
440 157 0.14892213 0.44989688
450 157 0.35464038 0.37387057
460 157 0.56080585 0.29873868
470 157 0.68692008 0.18648807
480 157 0.79425135 0.06350433
490 157 0.90113539 -0.05813777
500 157 1.00220567 -0.18693528
510 157 1.08851789 -0.33406856
520 157 1.17438290 -0.47986019
530 157 1.26293119 -0.62699346
540 157 1.36176540 -0.77367952
550 157 1.46059960 -0.92036558
560 157 1.55898659 -1.06794607
570 157 1.65558473 -1.21463213
580 157 1.73474154 -1.36042376
590 157 1.81255670 -1.50666260
430 832 -0.87117208 -1.31749125
440 832 -0.85194190 -1.14486680
450 832 -0.83315893 -0.97090072
460 832 -0.81348153 -0.79738184
470 832 -0.87832750 -0.62520461
480 832 -0.98073941 -0.45213295
490 832 -1.08225690 -0.27950850
500 832 -1.17661897 -0.09257321
510 832 -1.24101773 0.14981655
520 832 -1.30541649 0.39220632
530 832 -1.36892082 0.63414888
540 832 -1.43153072 0.88682456
550 832 -1.49279898 1.13994745
560 832 -1.55406724 1.39307035
570 832 -1.61175780 1.59073876
580 832 -1.66676507 1.78259339
590 832 -1.72311398 1.97400081
600 832 -1.71864185 2.15065018
610 832 -1.69807002 2.32372184
620 832 -1.67705098 2.49768793
480 730 -1.34342964 -0.74818835
490 730 -1.27008661 -0.66634826
500 730 -1.19540194 -0.58406096
510 730 -1.12205891 -0.50222087
520 730 -1.09925102 -0.35598202
530 730 -1.10998414 -0.16725788
540 730 -1.12116448 0.02280789
550 730 -1.14397238 0.25893667
560 730 -1.17304126 0.51608449
570 730 -1.20121572 0.77278509
580 730 -1.27590039 1.02590799
590 730 -1.41990317 1.27232268
600 730 -1.56480037 1.51918458
610 730 -1.69851724 1.73921367
620 730 -1.82328983 1.93017388
630 730 -1.94761521 2.12202851
640 730 -2.01916938 2.24724832
650 730 -2.01111954 2.27229228
660 730 -2.00351691 2.29867788
670 730 -1.99591428 2.32506348
