2430 797 0.00000000 0.00000000
2440 797 0.00000000 0.20066390
2450 797 -0.00085217 0.40080453
2460 797 -0.00085217 0.60146843
2470 797 0.00596520 0.80631843
2480 797 0.01737233 1.01516019
2490 797 0.02963164 1.22452520
2500 797 0.04156204 1.43251478
2510 797 0.01239386 1.61761534
2520 797 -0.02732928 1.79506131
2530 797 -0.06620025 1.97303054
2540 797 -0.10507122 2.15099978
2550 797 -0.14271625 2.30977273
2560 797 -0.17613034 2.44063334
2570 797 -0.20902116 2.57064178
2580 797 -0.24243524 2.70150239
2590 797 -0.23207463 2.84516052
2600 797 -0.20991818 2.99254129
2610 797 -0.18861390 3.13939880
2620 797 -0.14791898 3.28525463
2260 780 -0.49801185 0.54731818
2270 780 -0.56554269 0.76049554
2280 780 -0.63307352 0.97367290
2290 780 -0.70060435 1.18685026
2300 780 -0.74037234 1.38539121
2310 780 -0.75912011 1.57454332
2320 780 -0.77872005 1.76317217
2330 780 -0.80029343 1.94354841
2340 780 -0.82259939 2.11174010
2350 780 -0.84405317 2.28045505
2360 780 -0.86635913 2.44864674
2370 780 -0.85807662 2.61097788
2380 780 -0.83020913 2.77007975
2390 780 -0.80148946 2.92970487
2400 780 -0.77362197 3.08880674
2410 780 -0.71746837 3.23242001
2420 780 -0.64232780 3.36422250
2430 780 -0.56771049 3.49687715
2440 780 -0.49256992 3.62867963
2450 780 -0.42903084 3.75453187
2280 785 -0.25008983 0.43786651
2290 785 -0.31346446 0.61369784
2300 785 -0.37683909 0.78952917
2310 785 -0.44021371 0.96536050
2320 785 -0.47802321 1.15688972
2330 785 -0.50442556 1.35659679
2340 785 -0.53135118 1.55715604
2350 785 -0.53425156 1.73961038
2360 785 -0.51502538 1.90514090
2370 785 -0.49579920 2.07067143
2380 785 -0.47572085 2.23672521
2390 785 -0.48247842 2.42737236
2400 785 -0.49532079 2.62601796
2410 785 -0.50763989 2.82381138
2420 785 -0.51427786 3.00279724
2430 785 -0.49819126 3.10655283
2440 785 -0.48262792 3.21116058
2450 785 -0.46654132 3.31491617
2460 785 -0.44960255 3.41919501
2470 785 -0.43856917 3.51398038
2430 794 -0.20495465 0.16751892
2440 794 -0.24394523 0.35714945
2450 794 -0.28241253 0.54592780
2460 794 -0.32002767 0.73522941
2470 794 -0.34958456 0.92478518
2480 794 -0.34107780 1.11541738
2490 794 -0.33119560 1.30572067
2500 794 -0.32268884 1.49635287
2510 794 -0.31732165 1.69209810
2520 794 -0.32706930 1.90672564
2530 794 -0.33629368 2.12050102
2540 794 -0.34689349 2.33460530
2550 794 -0.35611787 2.54838067
2560 794 -0.36752500 2.74086672
2570 794 -0.38032252 2.91841734
2580 794 -0.39312004 3.09596796
2590 794 -0.38443388 3.26910823
2600 794 -0.34312600 3.43880990
2610 794 -0.30214703 3.60713615
2620 794 -0.25095695 3.76647721
2610 801 -1.32123916 2.35239624
2620 801 -1.19866106 2.49103105
2630 801 -1.07523078 2.63018911
2640 801 -0.95317594 2.76967609
2650 801 -0.79878345 2.88325407
2660 801 -0.57382519 2.93924321
2670 801 -0.34886694 2.99523235
2680 801 -0.20792978 3.08294619
2690 801 -0.12311632 3.19135134
2700 801 -0.03745068 3.30027975
2710 801 0.04108362 3.41891096
2720 801 0.05871011 3.62335730
2730 801 0.07718877 3.82832691
2740 801 0.09481526 4.03277325
2750 801 0.15487091 4.21398671
2760 801 0.27667159 4.36153194
2770 801 0.39814337 4.50770173
2780 801 0.51909188 4.65472369
2790 801 0.63613834 4.83103343
2800 801 0.74322786 5.07515806
