4200 725 0.00000000 0.00000000
4210 725 0.00000000 0.18940961
4220 725 -0.00036957 0.37789001
4230 725 -0.05920502 0.55195721
4240 725 -0.14439605 0.71928769
4250 725 -0.27977461 0.81725526
4260 725 -0.46348229 0.84512080
4270 725 -0.64718997 0.87298633
4280 725 -0.70688072 0.91502221
4290 725 -0.76657146 0.95705810
4300 725 -0.82626220 0.99909398
4310 725 -0.89546671 1.06320899
4320 725 -0.98500810 1.17630780
4330 725 -1.07547870 1.28977617
4340 725 -1.16502009 1.40287497
4350 725 -1.32624739 1.51973282
4360 725 -1.55656306 1.64146899
4370 725 -1.85312668 1.74004900
4380 725 -2.40855785 1.74787331
4390 725 -2.99388190 1.75359635
4210 483 -3.01104048 2.45456396
4220 483 -2.73007269 2.44935831
4230 483 -2.45040366 2.44359303
4240 483 -2.18048072 2.38897067
4250 483 -1.92216225 2.28623037
4260 483 -1.67013702 2.17307877
4270 483 -1.48089636 1.97512683
4280 483 -1.29109606 1.77587611
4290 483 -1.19206201 1.65146848
4300 483 -1.10140135 1.53577214
4310 483 -1.01166990 1.42044536
4320 483 -0.85854145 1.36169438
4330 483 -0.64331477 1.35895957
4340 483 -0.52510536 1.20970631
4350 483 -0.47206686 0.96153517
4360 483 -0.43214281 0.77238954
4370 483 -0.41189040 0.67178218
4380 483 -0.39200757 0.57024562
4390 483 -0.37212473 0.46870906
4400 483 -0.37957948 0.38773112
