30 114 0.00000000 0.00000000
40 114 0.00000000 0.26482447
50 114 -0.00000000 0.52964894
60 114 0.00088360 0.79400518
70 114 -0.08607966 0.95665631
80 114 -0.18224902 1.10834169
90 114 -0.27905276 1.23320175
100 114 -0.37692136 1.29411757
110 114 -0.47478996 1.35503339
120 114 -0.56278787 1.39826958
130 114 -0.64434378 1.43016995
140 114 -0.72454785 1.46248570
150 114 -0.80610376 1.49438607
160 114 -0.89253837 1.54697940
170 114 -1.00394801 1.67844761
180 114 -1.11447405 1.80944759
190 114 -1.22453186 1.94133118
200 114 -1.36364287 2.09313739
210 114 -1.52343928 2.25930028
220 114 -1.68235209 2.42499494
0 59 -1.37859617 1.47974241
10 59 -1.41790523 1.59563805
20 59 -1.45721428 1.71153368
30 59 -1.49517150 1.82784468
40 59 -1.53900431 1.94161061
50 59 -1.58730800 2.05548226
60 59 -1.63519632 2.16800207
70 59 -1.73082193 2.24810041
80 59 -1.87241760 2.29484080
90 59 -2.01401328 2.34158120
100 59 -2.16195278 2.38489291
110 59 -2.35685169 2.39084402
120 59 -2.55310244 2.39637976
130 59 -2.74800134 2.40233087
140 59 -2.90235264 2.40150768
150 59 -3.03882039 2.40026158
160 59 -3.17487277 2.39766363
170 59 -3.24640695 2.39935531
180 59 -3.25253931 2.40486840
190 59 -3.25955528 2.41084972
0 62 -1.06950087 1.55474303
10 62 -1.12278144 1.57165990
20 62 -1.17694562 1.58904500
30 62 -1.23022619 1.60596186
40 62 -1.28350677 1.62287873
50 62 -1.30861774 1.75275344
60 62 -1.32144133 1.92930812
70 62 -1.33338131 2.10539456
80 62 -1.42918062 2.27272804
90 62 -1.53438993 2.43938938
100 62 -1.64537665 2.58874114
110 62 -1.82031517 2.58751013
120 62 -1.99437008 2.58581089
130 62 -2.18158843 2.55713530
140 62 -2.39856989 2.46161542
150 62 -2.61643495 2.36656378
160 62 -2.83294818 2.27192751
170 62 -2.99625635 2.23284502
180 62 -3.15181599 2.19984203
190 62 -3.30825924 2.16730727
0 65 0.48452471 1.32653149
10 65 0.22371044 1.34477754
20 65 -0.03575198 1.36343896
30 65 -0.27051881 1.38598975
40 65 -0.40561962 1.42362977
50 65 -0.53983682 1.46080156
60 65 -0.64733444 1.49286809
70 65 -0.71386908 1.51680847
80 65 -0.77998834 1.53939702
90 65 -0.84652298 1.56333741
100 65 -0.92750492 1.60059227
110 65 -1.04309847 1.66863734
120 65 -1.15780841 1.73621418
130 65 -1.27251836 1.80379102
140 65 -1.37571879 1.92298695
150 65 -1.47787702 2.04842098
160 65 -1.57961989 2.17250317
170 65 -1.68859018 2.29362490
180 65 -1.82704415 2.39755035
190 65 -1.96638173 2.50194402
0 102 -1.53793190 1.23031682
10 102 -1.53292481 1.27180090
20 102 -1.52750235 1.31193314
30 102 -1.52296349 1.35253362
40 102 -1.51754103 1.39266587
50 102 -1.51165034 1.43368171
60 102 -1.50711148 1.47428219
70 102 -1.51711056 1.56219703
80 102 -1.55135966 1.72181219
90 102 -1.58472516 1.88095911
100 102 -1.62911682 2.02784131
110 102 -1.71854965 2.12389739
120 102 -1.80663063 2.22036883
130 102 -1.91618999 2.29766532
140 102 -2.07239912 2.33177848
150 102 -2.22996009 2.36547627
160 102 -2.38616922 2.39958943
170 102 -2.53367825 2.48002007
180 102 -2.67972971 2.56533696
190 102 -2.82666477 2.65112208
0 105 -0.85724707 1.39360234
10 105 -0.90475023 1.42782878
20 105 -0.95313700 1.46252346
30 105 -1.00152376 1.49721814
40 105 -1.04902693 1.53144458
50 105 -1.09741369 1.56613926
60 105 -1.14542285 1.63571742
70 105 -1.19306195 1.72094369
80 105 -1.24070106 1.80616995
90 105 -1.29213135 1.90132732
100 105 -1.34688460 2.00729940
110 105 -1.40163785 2.11327148
120 105 -1.46169272 2.22205297
130 105 -1.56187228 2.35549230
140 105 -1.66252008 2.48804803
150 105 -1.77538730 2.61462998
160 105 -1.99162864 2.68281855
170 105 -2.20786999 2.75100711
180 105 -2.42364310 2.82007928
190 105 -2.56516326 2.92676126
0 856 -1.20381625 2.26874050
10 856 -1.13812745 2.20903302
20 856 -1.07202329 2.14797371
30 856 -1.00633450 2.08826624
40 856 -0.94111394 2.02767516
50 856 -0.86632478 1.97446256
60 856 -0.77187731 1.93912594
70 856 -0.67742985 1.90378933
80 856 -0.58256701 1.86710088
90 856 -0.48811955 1.83176426
100 856 -0.38603683 1.77880088
110 856 -0.26473384 1.68735918
120 856 -0.14343085 1.59591748
130 856 -0.02347970 1.50406041
140 856 0.09735505 1.41173510
150 856 0.23819551 1.42763998
160 856 0.37903597 1.44354485
170 856 0.51852459 1.45903435
180 856 0.65936505 1.47493923
190 856 0.79973727 1.48996050
0 857 -1.17130415 2.58424004
10 857 -1.15714382 2.50204220
20 857 -1.14163166 2.42025973
30 857 -1.12793957 2.33717828
40 857 -1.11289565 2.25451220
50 857 -1.09873532 2.17231436
60 857 -1.02940638 2.11520484
70 857 -0.95555369 2.06022502
80 857 -0.88123276 2.00612881
90 857 -0.80649647 1.95068076
100 857 -0.72339237 1.88966677
110 857 -0.60250475 1.79957690
120 857 -0.48208536 1.70860344
130 857 -0.36208134 1.61898181
140 857 -0.24254556 1.52847658
150 857 -0.14960853 1.48601827
160 857 -0.07049198 1.46446437
170 857 0.00950818 1.44244223
180 857 0.08904011 1.41953649
190 857 0.16904027 1.39751436
