290 173 0.00000000 0.00000000
300 173 -0.00000000 0.24793548
310 173 0.00000000 0.49587095
320 173 0.03118553 0.75582568
330 173 0.11246474 1.03431750
340 173 0.19405049 1.31376117
350 173 0.31767943 1.56390690
360 173 0.48331930 1.78791679
370 173 0.65024983 2.00940990
380 173 0.82234299 2.22083588
390 173 0.99538801 2.43195533
400 173 1.16005989 2.56487701
410 173 1.32192458 2.66298318
420 173 1.48106276 2.74936049
430 173 1.62831075 2.79229101
440 173 1.77555874 2.83522154
450 173 1.92154833 2.87750673
460 173 2.14212185 2.89367223
470 173 2.36143698 2.90919240
480 173 2.56853925 2.91288691
120 131 -0.37027376 0.30519231
130 131 -0.24211138 0.45197243
140 131 -0.11269061 0.59939789
150 131 0.01856935 0.75253450
160 131 0.17933698 0.95815252
170 131 0.33945929 1.16502892
180 131 0.42228729 1.35372318
190 131 0.47134844 1.53543175
200 131 0.52136145 1.71683378
210 131 0.57374605 1.88276405
220 131 0.62646945 2.04648407
230 131 0.67919284 2.21020408
240 131 0.64228001 2.41854861
250 131 0.54625503 2.65538443
260 131 0.44897165 2.89157491
270 131 0.36544992 3.17376123
280 131 0.28710696 3.47529130
290 131 0.30475671 3.79108314
300 131 0.36283634 4.11171495
310 131 0.42091597 4.43234675
140 135 -0.22796254 0.02613583
150 135 -0.11177102 0.16836639
160 135 0.00442050 0.31059694
170 135 0.12061203 0.45282749
180 135 0.20627948 0.61119128
190 135 0.24361177 0.79562636
200 135 0.28063753 0.97910958
210 135 0.31892169 1.16323813
220 135 0.35023629 1.34856055
230 135 0.38029249 1.53323763
240 135 0.41065523 1.71886657
250 135 0.39392507 1.90180126
260 135 0.33040855 2.08299357
270 135 0.26689202 2.26418587
280 135 0.21549155 2.46669017
290 135 0.20718294 2.75407139
300 135 0.19951965 3.04019422
310 135 0.19121104 3.32757544
320 135 0.22705908 3.65746773
330 135 0.28137966 4.00557443
190 147 0.07051835 0.00040333
200 147 0.12306428 0.21250690
210 147 0.17530367 0.42365861
220 147 0.22659121 0.63511686
230 147 0.32900496 0.82590843
240 147 0.45144004 1.00710074
250 147 0.57418165 1.18924490
260 147 0.68451681 1.37853609
270 147 0.74043458 1.60111012
280 147 0.79825608 1.82307110
290 147 0.85512571 2.04533861
300 147 0.94861778 2.27367221
310 147 1.05125739 2.50431286
320 147 1.15515539 2.73559884
330 147 1.25966645 2.96878855
340 147 1.36387098 3.20102639
350 147 1.46838204 3.43421609
360 147 1.54796727 3.66177530
370 147 1.62122826 3.88926997
380 147 1.69418273 4.11581279
200 139 -1.15320327 0.38923030
210 139 -1.11111167 0.63411660
220 139 -1.06776168 0.87964822
230 139 -1.02471822 1.12422798
240 139 -0.97055897 1.36417751
250 139 -0.89128028 1.59078486
260 139 -0.81264692 1.81865060
270 139 -0.73336823 2.04525794
280 139 -0.65113715 2.26145935
290 139 -0.54444811 2.37418223
300 139 -0.43745253 2.48785697
310 139 -0.32981162 2.60027331
320 139 -0.22696228 2.71738443
330 139 -0.13947177 2.85204850
340 139 -0.05198127 2.98671257
350 139 0.03615457 3.12011824
360 139 0.14507000 3.13862306
370 139 0.25934167 3.12808806
380 139 0.37361334 3.11755306
390 139 0.53278378 3.13878439
200 151 -0.22680094 0.09825137
210 151 -0.19764820 0.30948375
220 151 -0.16818892 0.52166799
230 151 -0.13998803 0.73320689
240 151 -0.08921676 0.93327508
250 151 -0.03334739 1.12960035
260 151 0.02252199 1.32592562
270 151 0.08868436 1.50527874
280 151 0.16965704 1.65885095
290 151 0.25062972 1.81242317
300 151 0.33589384 1.97932143
310 151 0.43709759 2.19571644
320 151 0.53955974 2.41275678
330 151 0.64647465 2.62731261
340 151 0.79662662 2.81954004
350 151 0.94773045 3.01146094
360 151 1.09788242 3.20368837
370 151 1.23346608 3.36698892
380 151 1.36285459 3.51757649
390 151 1.49224309 3.66816406
310 486 0.27628156 0.04234973
320 486 0.23717461 0.15579860
330 486 0.19806766 0.26924747
340 486 0.16107417 0.39252148
350 486 0.15000677 0.60935209
360 486 0.13893937 0.82618270
370 486 0.15767005 1.06703569
380 486 0.24253084 1.36643616
390 486 0.32834349 1.66553011
400 486 0.50193705 1.94686137
410 486 0.67648246 2.22788610
420 486 0.79591676 2.45521944
430 486 0.90939790 2.67711589
440 486 1.05395164 2.89110705
450 486 1.23144943 3.09974197
460 486 1.40894722 3.30837690
470 486 1.55108098 3.57357493
480 486 1.69352126 3.83972482
490 486 1.85657982 3.94480055
500 486 2.02383301 4.01070479
340 488 0.11396514 -0.01148686
350 488 0.08413479 0.15360448
360 488 0.05335259 0.31900235
370 488 0.06817903 0.50858394
380 488 0.18962998 0.75522875
390 488 0.31108094 1.00187357
400 488 0.40005570 1.23901591
410 488 0.48556182 1.47517413
420 488 0.57113247 1.70500812
430 488 0.65717098 1.91998341
440 488 0.74351603 2.13591056
450 488 0.85123760 2.33339742
460 488 1.00810100 2.48774403
470 488 1.16622278 2.64273597
480 488 1.35699822 2.75884683
490 488 1.58263758 2.83641540
500 488 1.80827693 2.91398397
510 488 1.97812757 2.88029778
520 488 2.14671982 2.84596627
530 488 2.31657047 2.81228008
370 490 -0.47907626 0.05867656
380 490 -0.41615666 0.33887849
390 490 -0.35228521 0.61877390
400 490 -0.28967214 0.89802397
410 490 -0.16002551 1.20926624
420 490 -0.01432631 1.52794593
430 490 0.13167942 1.84757748
440 490 0.23919126 2.09661001
450 490 0.34299247 2.33738233
460 490 0.44679367 2.57815465
470 490 0.49679055 2.79212968
480 490 0.54648089 3.00515285
490 490 0.62769557 3.22798502
500 490 0.77920273 3.47335531
510 490 0.93196829 3.71937093
520 490 1.14655638 3.85722938
530 490 1.36987254 3.97651848
540 490 1.61359724 4.04826295
550 490 1.85732195 4.12000743
560 490 2.10316010 4.13959317
