480 730 0.00000000 0.00000000
490 730 0.00000000 0.10989540
500 730 0.00070067 0.22101925
510 730 0.00070067 0.33091466
520 730 -0.07991235 0.45504177
530 730 -0.21385790 0.58842315
540 730 -0.34903188 0.72250519
550 730 -0.52360697 0.88313065
560 730 -0.71687256 1.05523065
570 730 -0.90917359 1.22759455
580 730 -1.13372347 1.36625367
590 730 -1.40541818 1.45365496
600 730 -1.67807744 1.54079236
610 730 -1.92450267 1.61540876
620 730 -2.14486675 1.67434662
630 730 -2.36549472 1.73424904
640 730 -2.50235213 1.77974684
650 730 -2.51307141 1.80376969
660 730 -2.52501913 1.82849320
670 730 -2.53696686 1.85321670
400 61 0.53420796 0.99939575
410 61 0.53402597 1.00763995
420 61 0.53358009 1.01684870
430 61 0.53339810 1.02509291
440 61 0.53321611 1.03333711
450 61 0.53277023 1.04254587
460 61 0.53258824 1.05079007
470 61 0.53214236 1.05999883
480 61 0.45560595 1.13133029
490 61 0.30148667 1.26644968
500 61 0.14763129 1.40060451
510 61 -0.06316006 1.55339525
520 61 -0.29763756 1.71318355
530 61 -0.53211506 1.87297185
540 61 -0.78206182 2.07414496
550 61 -1.04651327 2.31696676
560 61 -1.31096473 2.55978856
570 61 -1.57690852 2.80427558
580 61 -1.84785706 3.05568737
590 61 -2.11906950 3.30806370
400 64 0.12504617 1.01704889
410 64 0.11864008 1.02151678
420 64 0.11293466 1.02721310
430 64 0.10749312 1.03194488
440 64 0.10178770 1.03764120
450 64 0.09608227 1.04333753
460 64 0.09064073 1.04806930
470 64 0.08397075 1.05350174
480 64 0.07852922 1.05823351
490 64 0.04710843 1.08592348
500 64 -0.08822935 1.20544622
510 64 -0.22453168 1.32470507
520 64 -0.36083401 1.44396392
530 64 -0.56653870 1.59710955
540 64 -0.87621498 1.80060304
550 64 -1.18685581 2.00383265
560 64 -1.49776053 2.20802681
570 64 -1.81660007 2.46396108
580 64 -2.13913403 2.73339909
590 64 -2.46166799 3.00283711
400 104 0.50113105 1.45377325
410 104 0.49516174 1.46043413
420 104 0.48989310 1.46832345
430 104 0.48392378 1.47498433
440 104 0.47795447 1.48164521
450 104 0.47172127 1.48927064
460 104 0.46671651 1.49619541
470 104 0.46048331 1.50382084
480 104 0.45451400 1.51048172
490 104 0.36962419 1.60855679
500 104 0.24988306 1.74686103
510 104 0.13066970 1.88323616
520 104 -0.03944660 2.06166946
530 104 -0.26213107 2.28066861
540 104 -0.48358710 2.49896709
550 104 -0.71864697 2.72909500
560 104 -0.97371678 2.97552023
570 104 -1.22878659 3.22194545
580 104 -1.48482096 3.46810679
590 104 -1.72825243 3.74778182
400 107 0.87610579 1.30339390
410 107 0.86934481 1.31294844
420 107 0.86258384 1.32250298
430 107 0.85608675 1.33109296
440 107 0.84932578 1.34064750
450 107 0.84282869 1.34923749
460 107 0.83606772 1.35879203
470 107 0.82957063 1.36738201
480 107 0.82280965 1.37693655
490 107 0.81604868 1.38649109
500 107 0.73949407 1.48062606
510 107 0.63423034 1.61148685
520 107 0.52826595 1.74111921
530 107 0.32282515 1.89330027
540 107 0.05352362 2.05911248
550 107 -0.21700634 2.22562536
560 107 -0.49869237 2.41396809
570 107 -0.80480162 2.65368694
580 107 -1.11117476 2.89437034
590 107 -1.34277680 3.18764921
430 832 0.73164115 -0.10878526
440 832 0.63075431 0.03260373
450 832 0.52863903 0.17469338
460 832 0.42748830 0.31704692
470 832 0.26428767 0.40199133
480 832 0.07251441 0.46253071
490 832 -0.11829430 0.52333398
500 832 -0.31332520 0.59957011
510 832 -0.52305190 0.73710088
520 832 -0.73277859 0.87463166
530 832 -0.94154073 1.01242632
540 832 -1.15679996 1.15881096
550 832 -1.37135852 1.30642405
560 832 -1.58591708 1.45403714
570 832 -1.76080156 1.56274050
580 832 -1.92980771 1.66890509
590 832 -2.09951454 1.77384123
600 832 -2.21407802 1.90837825
610 832 -2.31426419 2.05099568
620 832 -2.41471425 2.19457766
