4100 702 0.00000000 0.00000000
4110 702 -0.00000000 0.05434151
4120 702 0.01464810 0.02587341
4130 702 0.02929620 -0.00259470
4140 702 0.04318982 -0.03225895
4150 702 0.05783792 -0.06072705
4160 702 0.07248602 -0.08919516
4170 702 0.08735495 -0.11863858
4180 702 0.10200305 -0.14710669
4190 702 0.11665115 -0.17557480
4200 702 0.13152008 -0.20501822
4210 702 0.14616818 -0.23348632
4220 702 0.15984097 -0.26217526
4230 702 0.18067219 -0.31795214
4240 702 0.24780319 -0.61444738
4250 702 0.38918681 -0.89925726
4260 702 0.70487548 -1.15690559
4270 702 0.98064992 -1.44204672
4280 702 1.19606534 -1.76853745
4290 702 1.48231060 -2.09539622
4050 264 0.85227661 -0.58524319
4060 264 0.82270437 -0.43199018
4070 264 0.79556122 -0.28946563
4080 264 0.76917255 -0.14574493
4090 264 0.74300471 -0.00299955
4100 264 0.74486333 0.04766154
4110 264 0.76551053 0.03798201
4120 264 0.78615773 0.02830249
4130 264 0.80680492 0.01862296
4140 264 0.82745212 0.00894344
4150 264 0.84832015 -0.00171140
4160 264 0.86799203 -0.01161175
4170 264 0.88863923 -0.02129127
4180 264 0.90928643 -0.03097080
4190 264 0.93015445 -0.04162564
4200 264 0.95080165 -0.05130516
4210 264 0.97144885 -0.06098468
4220 264 0.99209605 -0.07066421
4230 264 1.05199501 -0.15860802
4240 264 1.20438311 -0.42862259
4290 629 0.97663825 -3.20854153
4300 629 0.85912220 -3.00650446
4310 629 0.74182698 -2.80544270
4320 629 0.62431092 -2.60340563
4330 629 0.56006906 -2.35136995
4340 629 0.49582720 -2.09933427
4350 629 0.43158534 -1.84729859
4360 629 0.36852121 -1.61857842
4370 629 0.30779416 -1.40470878
4380 629 0.24631261 -1.19203527
4390 629 0.18558556 -0.97816563
4400 629 0.11902503 -0.74305992
4410 629 0.05091872 -0.50112701
4420 629 -0.01696677 -0.26016942
4430 629 -0.08516509 -0.02235860
4440 629 -0.15857122 0.18864031
4450 629 -0.23197735 0.39963922
4460 629 -0.30516265 0.60966282
4470 629 -0.36968054 0.79499075
4480 629 -0.41390088 0.92237035
