190 50 0.00000000 0.00000000
200 50 -0.00000000 0.26223081
210 50 0.00086184 0.52395444
220 50 -0.05834936 0.83147360
230 50 -0.14260338 1.15953192
240 50 -0.22650275 1.48622122
250 50 -0.32698674 1.78670078
260 50 -0.43152823 2.08028565
270 50 -0.56329002 2.40845456
280 50 -0.70214860 2.74428084
290 50 -0.73251117 3.04758616
300 50 -0.65488490 3.31750867
310 50 -0.55880542 3.57541124
320 50 -0.29857284 3.72974855
330 50 -0.03747843 3.88357868
340 50 0.22224696 4.03705416
350 50 0.39164734 4.32490744
360 50 0.56054053 4.61189888
370 50 0.66256515 4.93708187
380 50 0.71962176 5.28640771
150 45 0.43013252 -0.64531699
160 45 0.44539388 -0.38278492
170 45 0.46202427 -0.11989819
180 45 0.49340502 0.12270488
190 45 0.53690105 0.35237659
200 45 0.56082654 0.58428297
210 45 0.51346750 0.82913215
220 45 0.46560127 1.07311950
230 45 0.38909615 1.35716697
240 45 0.29454586 1.66575771
250 45 0.19715837 1.98530063
260 45 0.07403020 2.38729000
270 45 -0.05092460 2.78223214
280 45 -0.19348603 3.10979471
290 45 -0.29067522 3.40601467
300 45 -0.20891138 3.57255497
310 45 0.02116456 3.78408999
320 45 0.39990724 4.03925070
330 45 0.71832138 4.32991448
340 45 0.79232870 4.76325028
