2510 240 0.00000000 0.00000000
2520 240 -0.00000000 0.20491950
2530 240 0.09641835 0.41517767
2540 240 0.19283670 0.62543585
2550 240 0.28740067 0.82872544
2560 240 0.36404540 0.96359792
2570 240 0.44101221 1.09752368
2580 240 0.51797902 1.23144944
2590 240 0.57890051 1.40322422
2600 240 0.61481705 1.62986932
2610 240 0.65073359 1.85651442
2620 240 0.63069646 2.07996802
2630 240 0.55629651 2.29865878
2640 240 0.48157448 2.51829625
2650 240 0.45415884 2.81001081
2660 240 0.47499629 3.17412453
2670 240 0.49488703 3.53791617
2680 240 0.56328462 3.83053840
2690 240 0.65274414 4.09229973
2700 240 0.80244195 4.32913420
2390 216 -0.67073169 1.84424619
2400 216 -0.53767456 1.95922793
2410 216 -0.53574209 1.95354765
2420 216 -0.53380963 1.94786737
2430 216 -0.53187716 1.94218709
2440 216 -0.52994469 1.93650681
2450 216 -0.52801223 1.93082653
2460 216 -0.52607976 1.92514625
2470 216 -0.52414730 1.91946597
2480 216 -0.52221483 1.91378569
2490 216 -0.52028236 1.90810541
2500 216 -0.51834990 1.90242513
2510 216 -0.51641743 1.89674485
2520 216 -0.51448497 1.89106457
2530 216 -0.51255250 1.88538429
2540 216 -0.51062003 1.87970401
2550 216 -0.50868757 1.87402374
2560 216 -0.50675510 1.86834346
2570 216 -0.50482263 1.86266318
2580 216 -0.50256809 1.85603618
2410 219 -1.06253433 1.07401201
2420 219 -0.83100926 1.16967885
2430 219 -0.57870531 1.22910706
2440 219 -0.30563222 1.30510764
2450 219 -0.00173727 1.40849458
2460 219 0.30215768 1.51188152
2470 219 0.50337816 1.75251260
2480 219 0.60192418 2.13038782
2490 219 0.70141691 2.50858512
2500 219 0.82161045 2.86319267
2510 219 0.97364089 3.18321102
2520 219 1.12567132 3.50322938
2530 219 1.29994464 3.75476230
2540 219 1.49805170 3.93623845
2550 219 1.69615877 4.11771459
2560 219 1.88361775 4.33359449
2570 219 2.03069990 4.68678685
2580 219 2.17778205 5.03997920
2590 219 2.32581091 5.39349364
2600 219 2.41772017 5.82192530
2420 221 -0.18779082 1.68215327
2430 221 -0.18402349 1.68660379
2440 221 -0.18057823 1.69200104
2450 221 -0.17775761 1.69612949
2460 221 -0.17431235 1.70152673
2470 221 -0.17054502 1.70597726
2480 221 -0.16709977 1.71137450
2490 221 -0.16427915 1.71550295
2500 221 -0.16083389 1.72090019
2510 221 -0.15706656 1.72535072
2520 221 -0.15362130 1.73074796
2530 221 -0.15112276 1.73582312
2540 221 -0.14735543 1.74027365
2550 221 -0.14358809 1.74472418
2560 221 -0.14014284 1.75012142
2570 221 -0.13637551 1.75457195
2580 221 -0.13387696 1.75964711
2590 221 -0.13043171 1.76504435
2600 221 -0.12666438 1.76949488
2610 221 -0.12321912 1.77489212
2480 228 0.12947524 0.13172002
2490 228 0.22096482 0.37198998
2500 228 0.31277649 0.61131323
2510 228 0.42248786 0.81975606
2520 228 0.54947432 0.99604969
2530 228 0.67646077 1.17234331
2540 228 0.80312514 1.34958364
2550 228 0.78926604 1.75048254
2560 228 0.77413815 2.15200607
2570 228 0.77300600 2.54033418
2580 228 0.89114996 2.81713556
2590 228 1.01024062 3.09425902
2600 228 1.12870666 3.37011369
2610 228 1.28390907 3.53488083
2620 228 1.44297641 3.68828742
2630 228 1.60174120 3.83947850
2640 228 1.76113062 3.99193837
2650 228 1.91151163 4.11809523
2660 228 2.05473860 4.22491766
2670 228 2.19796558 4.33174010
2490 230 -0.64170566 0.42074083
2500 230 -0.53328259 0.63297052
2510 230 -0.42548416 0.84393141
2520 230 -0.29531597 1.01708234
2530 230 -0.14467145 1.15177913
2540 230 0.00691979 1.28679801
2550 230 0.13989884 1.41442862
2560 230 0.23154459 1.52694109
2570 230 0.32351241 1.63850686
2580 230 0.41515815 1.75101933
2590 230 0.40240193 2.02448282
2600 230 0.39059241 2.29826838
2610 230 0.38863066 2.56484136
2620 230 0.42607952 2.79940177
2630 230 0.46447508 3.03428425
2640 230 0.55083095 3.28653941
2650 230 0.83726538 3.60580625
2660 230 1.12243102 3.92569772
2670 230 1.39707546 4.20820866
2680 230 1.67016807 4.48596652
2510 233 -0.67466494 -0.02883083
2520 233 -0.64609763 0.21010202
2530 233 -0.58035473 0.42048708
2540 233 -0.50476407 0.62365955
2550 233 -0.43044221 0.82745665
2560 233 -0.34480858 0.99179436
2570 233 -0.23522408 1.06710198
2580 233 -0.12563958 1.14240960
2590 233 -0.01605509 1.21771722
2600 233 0.09483724 1.28607577
2610 233 0.21128297 1.32569133
2620 233 0.32678199 1.36498481
2630 233 0.44322771 1.40460037
2640 233 0.53633745 1.58732578
2650 233 0.61832086 1.83069940
2660 233 0.70125099 2.07439510
2670 233 0.68670870 2.27859237
2680 233 0.57437190 2.44423790
2690 233 0.46203510 2.60988344
2700 233 0.34969830 2.77552898
2510 236 0.69813757 0.06850495
2520 236 0.77313288 0.31689518
2530 236 0.84845026 0.56433869
2540 236 0.90366219 0.79015420
2550 236 0.92746666 0.98099011
2560 236 0.95127113 1.17182603
2570 236 0.97570023 1.36393074
2580 236 0.99509321 1.55220955
2590 236 1.01543291 1.74081045
2600 236 1.03482589 1.92908926
2610 236 1.02314325 2.13109054
2620 236 0.99909478 2.33839146
2630 236 0.97409960 2.54537030
2640 236 0.96334416 2.75085587
2650 236 0.97285033 2.95267171
2660 236 0.98203443 3.15543426
2670 236 1.01839017 3.36215935
2680 236 1.08318634 3.57222233
2690 236 1.14703581 3.78196323
2700 236 1.18452370 3.90773945
2520 243 1.16402785 0.15834511
2530 243 1.24399095 0.47285886
2540 243 1.32363199 0.78831933
2550 243 1.35561528 0.98616288
2560 243 1.35741110 1.10507787
2570 243 1.35920693 1.22399286
2580 243 1.37716520 1.38854528
2590 243 1.40727459 1.58258246
2600 243 1.43643726 1.77629755
2610 243 1.40692323 1.94688161
2620 243 1.35249210 2.10687615
2630 243 1.29773889 2.26781740
2640 243 1.24332728 2.42464972
2650 243 1.19513274 2.54768340
2660 243 1.14599149 2.67039501
2670 243 1.09652817 2.79405332
2680 243 1.11189030 2.96934167
2690 243 1.17036204 3.17936561
2700 243 1.22756499 3.39001419
2710 243 1.28770568 3.58581791
2540 245 0.13269601 -0.28758611
2550 245 0.22405872 -0.07799160
2560 245 0.31509935 0.13254961
2570 245 0.41534359 0.33777167
2580 245 0.59840085 0.49828348
2590 245 0.78051139 0.65847322
2600 245 0.96356864 0.81898503
2610 245 1.09265348 1.01394940
2620 245 1.19761177 1.22394406
2630 245 1.30351677 1.43426080
2640 245 1.40942177 1.64457753
2650 245 1.63875086 1.83984446
2660 245 1.86870457 2.03638018
2670 245 2.09898037 2.23196918
2680 245 2.32831921 2.47688487
2690 245 2.55873164 2.75279810
2700 245 2.78882200 3.02965804
2710 245 2.85095372 3.31275458
2720 245 2.87133245 3.59749079
2730 245 2.89171119 3.88222699
2590 217 -0.50095770 1.85130262
2600 217 -0.49870316 1.84467562
2610 217 -0.50500807 1.84147437
2620 217 -0.54015358 1.84853080
2630 217 -0.57529909 1.85558723
2640 217 -0.61012252 1.86169694
2650 217 -0.64526803 1.86875337
2660 217 -0.68041354 1.87580980
2670 217 -0.71523697 1.88191952
2680 217 -0.74943577 1.88929803
2690 217 -0.78458128 1.89635446
2700 217 -0.81940471 1.90246417
2710 217 -0.85455022 1.90952060
2720 217 -0.88937365 1.91563032
2730 217 -0.92451916 1.92268675
2740 217 -0.98703151 1.95740282
2750 217 -1.29141446 2.24045056
2760 217 -1.59579740 2.52349830
2770 217 -1.77447245 2.83135578
2780 217 -1.92156436 3.14573289
2590 571 2.20452425 2.34709732
2600 571 2.19474480 2.39447202
2610 571 2.18528743 2.44090001
2620 571 2.17583006 2.48732799
2630 571 2.14669667 2.54501894
2640 571 2.03982543 2.64492159
2650 571 1.93295419 2.74482424
2660 571 1.81824573 2.83361032
2670 571 1.63928765 2.82871084
2680 571 1.45938286 2.82348927
2690 571 1.28074685 2.81764308
2700 571 1.16562847 2.76791623
2710 571 1.05876700 2.71254815
2720 571 0.94976810 2.74729350
2730 571 0.83800713 2.87088350
2740 571 0.69236945 3.00090529
2750 571 0.46252310 3.14558649
2760 571 0.25232348 3.33497794
2770 571 0.11533310 3.70349339
2780 571 -0.02103265 4.07327763
2620 222 -0.12039850 1.77902057
2630 222 -0.11663117 1.78347110
2640 222 -0.11318591 1.78886834
2650 222 -0.10974066 1.79426558
2660 222 -0.10597332 1.79871611
2670 222 -0.10347478 1.80379128
2680 222 -0.09970745 1.80824180
2690 222 -0.09626219 1.81363905
2700 222 -0.09249486 1.81808957
2710 222 -0.08999632 1.82316474
2720 222 -0.11062881 1.88691660
2730 222 -0.13736126 1.96549380
2740 222 -0.16409371 2.04407100
2750 222 -0.19082616 2.12264820
2760 222 -0.37254630 2.30905311
2770 222 -0.71082548 2.60169486
2780 222 -1.00497026 2.91674541
2790 222 -1.28052237 3.24234644
2800 222 -1.54030244 3.57436951
2810 222 -1.66381436 3.96225842
