4780 351 0.00000000 0.00000000
4790 351 0.00000000 0.26122213
4800 351 0.00023352 0.52341661
4810 351 0.00023352 0.78463874
4820 351 -0.00050532 1.04706673
4830 351 0.00813101 1.31855599
4840 351 0.03668525 1.61302951
4850 351 0.06403363 1.90676419
4860 351 0.09258787 2.20123772
4870 351 0.12016976 2.49594476
4880 351 0.17505408 2.77586744
4890 351 0.24113960 3.05104321
4900 351 0.30699160 3.32524663
4910 351 0.37284361 3.59945005
4920 351 0.49980069 3.87543356
4930 351 0.66798706 4.15179989
4940 351 0.83617342 4.42816621
4950 351 1.00435978 4.70453254
4960 351 1.13209782 5.00089717
4970 351 1.21938751 5.31726011
4850 357 -1.31042497 0.54302061
4860 357 -1.32415275 0.81988077
4870 357 -1.33811405 1.09576858
4880 357 -1.35207535 1.37165639
4890 357 -1.36580313 1.64851655
4900 357 -1.38614214 1.93210661
4910 357 -1.42437015 2.23541935
4920 357 -1.46283167 2.53775974
4930 357 -1.50105967 2.84107249
4940 357 -1.52960243 3.14617298
4950 357 -1.46518216 3.47008505
4960 357 -1.40076188 3.79399712
4970 357 -1.33634161 4.11790919
4980 357 -1.26573504 4.45473364
4990 357 -1.18512931 4.81178226
5000 357 -1.10549593 5.16906440
5010 357 -1.02489020 5.52611302
5020 357 -0.95836445 5.88448618
5030 357 -0.94139039 6.25064582
5040 357 -0.92441633 6.61680546
4860 359 -0.72768338 0.34445015
4870 359 -0.76813171 0.62567058
4880 359 -0.80760769 0.90665750
4890 359 -0.84708368 1.18764441
4900 359 -0.88655966 1.46863133
4910 359 -0.92603564 1.74961824
4920 359 -0.92187060 2.03246564
4930 359 -0.87211984 2.31670650
4940 359 -0.82334143 2.60118086
4950 359 -0.77456302 2.88565523
4960 359 -0.72149324 3.25651585
4970 359 -0.66635626 3.66596049
4980 359 -0.61145279 4.07443278
4990 359 -0.55534346 4.48364390
5000 359 -0.48795637 4.87986225
5010 359 -0.41566923 5.27079008
5020 359 -0.34264325 5.66051204
5030 359 -0.27261090 6.05918041
5040 359 -0.21451475 6.48951149
5050 359 -0.15641860 6.91984257
4920 502 -1.31904216 0.66130309
4930 502 -1.30500430 0.89961368
4940 502 -1.29073292 1.13889663
4950 502 -1.27669506 1.37720722
4960 502 -1.23422546 1.60971815
4970 502 -1.17888175 1.84016570
4980 502 -1.12353805 2.07061325
4990 502 -1.06819435 2.30106081
5000 502 -0.98519985 2.50532758
5010 502 -0.88948820 2.69831276
5020 502 -0.79354303 2.89227029
5030 502 -0.70370379 3.09077951
5040 502 -0.63517590 3.31189018
5050 502 -0.56567566 3.53276734
5060 502 -0.47859269 3.76690523
5070 502 -0.22673041 4.12190579
5080 502 0.02633774 4.47764518
5090 502 0.28686314 4.76166017
5100 502 0.55461611 4.99868833
5110 502 0.82139672 5.23595000
4930 503 -0.62211805 0.36434892
4940 503 -0.65559530 0.70457278
4950 503 -0.68930608 1.04382428
4960 503 -0.70147197 1.36144669
4970 503 -0.62990835 1.59519794
4980 503 -0.55857825 1.82797684
4990 503 -0.48822051 2.06098926
5000 503 -0.46532811 2.20769965
5010 503 -0.44340807 2.35464356
5020 503 -0.42148803 2.50158746
5030 503 -0.37222344 2.65533401
5040 503 -0.26076275 2.82396827
5050 503 -0.14930205 2.99260253
5060 503 -0.01111698 3.18258643
5070 503 0.23346031 3.46014715
5080 503 0.47780409 3.73673551
5090 503 0.74376930 3.98344891
5100 503 1.06036576 4.15835370
5110 503 1.37793457 4.33302496
5120 503 1.78533880 4.41927340
