4300 687 0.00000000 0.00000000
4310 687 0.00000000 0.10269372
4320 687 -0.00092508 0.20500767
4330 687 0.00177226 0.33799535
4340 687 0.00778042 0.51558168
4350 687 0.01378857 0.69316800
4360 687 0.01795631 1.03322774
4370 687 0.02156899 1.41413711
4380 687 0.16040903 1.85272285
4390 687 0.35714940 2.31615917
4400 687 0.49588232 2.80766927
4410 687 0.57715311 3.32855799
4420 687 0.66945671 3.84100413
4430 687 0.77877207 4.34097628
4440 687 0.90141832 4.84534013
4450 687 1.15274820 5.39172214
4460 687 1.35165033 5.94468682
4470 687 1.34340251 6.52827655
4480 687 1.35743452 7.09182611
4490 687 1.42646503 7.61093283
4300 686 -0.63844216 0.43081505
4310 686 -0.55314970 0.58906231
4320 686 -0.47355379 0.76118579
4330 686 -0.44811893 1.04944100
4340 686 -0.42360916 1.33731645
4350 686 -0.38930326 1.63029444
4360 686 -0.34095561 1.93119892
4370 686 -0.29130311 2.23155809
4380 686 -0.26982176 2.58737342
4390 686 -0.28844997 3.02509250
4400 686 -0.30707818 3.46281157
4410 686 -0.31927951 3.80588027
4420 686 -0.33055576 4.14932873
4430 686 -0.34275709 4.49239742
4440 686 -0.42294699 4.83782263
4450 686 -0.54882616 5.18394896
4460 686 -0.67470533 5.53007529
4470 686 -0.78835396 5.81744437
4480 686 -0.87984933 6.01661916
4490 686 -0.97264955 6.21633926
