2760 268 0.00000000 0.00000000
2770 268 0.00000000 0.34524919
2780 268 -0.00052426 0.68964681
2790 268 -0.00104852 1.03404444
2800 268 -0.10292276 1.36450720
2810 268 -0.23041329 1.68960283
2820 268 -0.35875537 2.01522271
2830 268 -0.60032292 2.23322757
2840 268 -0.85506067 2.43937723
2850 268 -1.11667172 2.67441905
2860 268 -1.38960791 2.95401131
2870 268 -1.66221681 3.23222776
2880 268 -1.83877624 3.55582591
2890 268 -1.91928621 3.92480578
2900 268 -2.00032043 4.29293410
2910 268 -2.03922277 4.70088582
2920 268 -2.01692583 5.16628011
2930 268 -1.99325307 5.63200170
2940 268 -1.97095613 6.09739599
2950 268 -1.80912230 6.54147235
2720 266 -0.30062055 0.07821307
2730 266 -0.36477132 0.34787338
2740 266 -0.42944634 0.61668212
2750 266 -0.50591285 0.88922730
2760 266 -0.69597268 1.18708173
2770 266 -0.88603250 1.48493616
2780 266 -1.06561005 1.78455743
2790 266 -1.14436186 2.09726201
2800 266 -1.22363793 2.40911503
2810 266 -1.30291401 2.72096804
2820 266 -1.34524865 2.99363777
2830 266 -1.38705903 3.26715905
2840 266 -1.42939367 3.53982877
2850 266 -1.41990197 3.84517924
2860 266 -1.39678244 4.15740590
2870 266 -1.37451447 4.47015682
2880 266 -1.40864923 4.80001712
2890 266 -1.44193244 5.12935316
2900 266 -1.47521565 5.45868920
2910 266 -1.42070140 5.84670750
2730 267 -0.43360276 -0.22744152
2740 267 -0.60597102 0.08770477
2750 267 -0.77833927 0.40285106
2760 267 -1.00003132 0.75423494
2770 267 -1.23344824 1.11518583
2780 267 -1.46738941 1.47528516
2790 267 -1.65671644 1.83727588
2800 267 -1.81669364 2.20116088
2810 267 -1.97667085 2.56504588
2820 267 -1.99788161 2.99028946
2830 267 -2.00238561 3.42168802
2840 267 -2.00774116 3.85361083
2850 267 -2.04480135 4.30270385
2860 267 -2.08611933 4.75441817
2870 267 -2.12796157 5.20528093
2880 267 -2.24303788 5.70122996
2890 267 -2.35811418 6.19717900
2900 267 -2.47319048 6.69312803
2910 267 -2.36819675 7.26614314
2920 267 -2.20790673 7.86030819
2830 615 1.48249155 2.15814847
2840 615 1.16283837 2.05666524
2850 615 0.84351249 1.95380620
2860 615 0.53623877 1.84000434
2870 615 0.25693326 1.69724079
2880 615 -0.02564525 1.56823542
2890 615 -0.34174157 1.56790232
2900 615 -0.65751060 1.56619341
2910 615 -0.91115639 1.65776206
2920 615 -1.13741036 1.79000857
2930 615 -1.36418859 1.92140352
2940 615 -1.55978065 2.06530538
2950 615 -1.73519309 2.21909575
2960 615 -1.91060552 2.37288612
2970 615 -2.14871180 2.53356717
2980 615 -2.39487603 2.69451179
2990 615 -2.60081425 2.86357229
3000 615 -2.71306650 3.05128598
3010 615 -2.82617032 3.23952394
3020 615 -2.90509592 3.32686665
2900 618 0.86340537 1.48827288
2910 618 0.57697457 1.42740091
2920 618 0.29087107 1.36515311
2930 618 0.02704423 1.31620006
2940 618 -0.22918229 1.27196245
2950 618 -0.48403300 1.22805214
2960 618 -0.69227969 1.31515734
2970 618 -0.90052638 1.40226254
2980 618 -1.10792151 1.48884348
2990 618 -1.33031740 1.58348527
3000 618 -1.55166478 1.67983018
3010 618 -1.77320911 1.77394770
3020 618 -1.88088496 1.91187127
3030 618 -1.98908507 2.04894328
3040 618 -2.09643362 2.18549104
3050 618 -2.19283935 2.33409095
3060 618 -2.27797496 2.49336722
3070 618 -2.35190707 2.65748925
3080 618 -2.38357985 2.84256717
3090 618 -2.41492532 3.02626927
