4610 674 0.00000000 0.00000000
4620 674 -0.00000000 0.25241434
4630 674 -0.00000000 0.50482868
4640 674 0.00041202 0.79411890
4650 674 -0.00000000 1.10673981
4660 674 0.00896146 1.42337792
4670 674 0.02884147 1.74640235
4680 674 0.04892749 2.06844823
4690 674 0.04697039 2.39811651
4700 674 0.04382873 2.72855732
4710 674 0.07169165 3.03793356
4720 674 0.17593295 3.30003039
4730 674 0.28038026 3.56114868
4740 674 0.34826072 3.75325345
4750 674 0.39996935 3.91538370
4760 674 0.45167798 4.07751395
4770 674 0.50240806 4.23943819
4780 674 0.50251107 4.48165501
4790 674 0.50282008 4.72289328
4800 674 0.51435667 4.93992533
4500 343 -3.62053120 -1.08310010
4510 343 -3.19996080 -0.76053919
4520 343 -2.78036895 -0.43818429
4530 343 -2.44333581 -0.13627593
4540 343 -2.16048342 0.15116019
4550 343 -1.87881559 0.43936885
4560 343 -1.61218652 0.72134570
4570 343 -1.36842462 0.99544264
4580 343 -1.12543526 1.26835503
4590 343 -0.85489199 1.51232294
4600 343 -0.54309513 1.71081404
4610 343 -0.23248283 1.91007768
4620 343 0.05814646 2.12659469
4630 343 0.32838071 2.36232219
4640 343 0.59882097 2.59707113
4650 343 0.85504650 2.84109054
4660 343 1.10277411 3.09149628
4670 343 1.35029570 3.34288057
4680 343 1.53003984 3.46962852
4690 343 1.71096855 3.59560393
4530 344 -2.11186494 -0.72052166
4540 344 -1.82803400 -0.47171250
4550 344 -1.54497560 -0.22408790
4560 344 -1.29554841 0.05222366
4570 344 -1.06790683 0.34949678
4580 344 -0.84103779 0.64558534
4590 344 -0.59686387 0.91772519
4600 344 -0.32642361 1.15247413
4610 344 -0.05598335 1.38722308
4620 344 0.20317784 1.61244404
4630 344 0.45203850 1.82834302
4640 344 0.70110517 2.04326345
4650 344 0.93178541 2.25329114
4660 344 1.15092906 2.45986815
4670 344 1.37027871 2.66546661
4680 344 1.58942236 2.87204362
4690 344 1.81557037 2.98710047
4700 344 2.04310895 3.06157326
4710 344 2.27142006 3.13723061
4720 344 2.49973118 3.21288796
4580 673 -0.39353152 -0.12576940
4590 673 -0.37632965 0.20997618
4600 673 -0.35835523 0.54690632
4610 673 -0.34800321 0.84237686
4620 673 -0.34882725 1.07928891
4630 673 -0.36968581 1.35796959
4640 673 -0.41902532 1.69912295
4650 673 -0.44554917 2.03383847
4660 673 -0.37905929 2.34419326
4670 673 -0.31138484 2.65377551
4680 673 -0.18365834 2.97906606
4690 673 -0.04145961 3.30842532
4700 673 0.08358875 3.56877107
4710 673 0.19128073 3.76108185
4720 673 0.29917872 3.95241408
4730 673 0.41016687 4.16790105
4740 673 0.52321512 4.39301900
4750 673 0.63626337 4.61813695
4760 673 0.70780051 4.79772659
4770 673 0.73823856 4.92983081
4720 524 -1.45927524 -0.24283485
4730 524 -1.47457152 0.00942498
4740 524 -1.48986780 0.26168481
4750 524 -1.50516408 0.51394465
4760 524 -1.50104387 0.74678799
4770 524 -1.48899225 0.97108191
4780 524 -1.47673463 1.19439727
4790 524 -1.44985026 1.40648506
4800 524 -1.40081977 1.60075294
4810 524 -1.35060471 1.79424828
4820 524 -1.23714444 1.97857616
4830 524 -1.09618177 2.15847482
4840 524 -0.95521910 2.33837347
4850 524 -0.80441943 2.49581698
4860 524 -0.64841799 2.64311447
4870 524 -0.49262256 2.79139052
4880 524 -0.32235490 2.86606931
4890 524 -0.14647345 2.90922851
4900 524 0.02822344 2.95316025
4910 524 0.21383888 3.02289479
