1690 434 0.00000000 0.00000000
1700 434 0.00000000 0.39686900
1710 434 -0.00000000 0.79373799
1720 434 0.04776135 1.17925564
1730 434 0.14345540 1.55440714
1740 434 0.22582767 1.92883044
1750 434 0.19982665 2.29875604
1760 434 0.17365428 2.66769642
1770 434 0.17575321 3.08247057
1780 434 0.19031721 3.51639209
1790 434 0.19498626 3.94594442
1800 434 0.17511068 4.36860026
1810 434 0.15523510 4.79125610
1820 434 0.16611527 5.05225155
1830 434 0.18950334 5.24509604
1840 434 0.22625602 5.42140611
1850 434 0.31385420 5.53406293
1860 434 0.40162371 5.64770497
1870 434 0.46553397 5.89846278
1880 434 0.51967778 6.20978969
1510 385 -0.10400409 2.97379743
1520 385 -0.18363490 3.08204222
1530 385 -0.22612752 3.23457870
1540 385 -0.26862013 3.38711518
1550 385 -0.29102299 3.54427787
1560 385 -0.28147071 3.71009329
1570 385 -0.27290366 3.87608006
1580 385 -0.26335139 4.04189548
1590 385 -0.27855791 4.07702042
1600 385 -0.30335955 4.05697350
1610 385 -0.32833253 4.03594137
1620 385 -0.35330550 4.01490924
1630 385 -0.37827848 3.99387711
1640 385 -0.40325145 3.97284498
1650 385 -0.42805309 3.95279807
1660 385 -0.45302607 3.93176594
1670 385 -0.47799904 3.91073381
1680 385 -0.50280068 3.89068689
1690 385 -0.55343199 3.82133655
1700 385 -0.62873644 3.70349666
1660 436 0.64180121 0.15939013
1670 436 0.81948200 0.48069767
1680 436 0.88613372 0.67718316
1690 436 0.84192770 0.74983182
1700 436 0.79870689 0.82230913
1710 436 0.75432952 0.89397258
1720 436 0.70494043 1.02436321
1730 436 0.63152073 1.38426535
1740 436 0.59840905 1.77166775
1750 436 0.59189809 2.17778917
1760 436 0.59682415 2.64383716
1770 436 0.60654776 3.13747109
1780 436 0.61597152 3.49514579
1790 436 0.62646617 3.81812390
1800 436 0.66150544 4.14799850
1810 436 0.70905262 4.47975785
1820 436 0.76499551 4.71972116
1830 436 0.83147589 4.86853097
1840 436 0.89705672 5.02967735
1850 436 0.96092414 5.29769778
1740 120 -1.08527500 0.27298933
1750 120 -0.94867325 0.62072624
1760 120 -0.81125763 0.96730660
1770 120 -0.72678643 1.17287318
1780 120 -0.64702711 1.36301905
1790 120 -0.52704545 1.59184518
1800 120 -0.39532693 1.82979524
1810 120 -0.27178994 2.07322821
1820 120 -0.21152068 2.36724967
1830 120 -0.15043755 2.66011457
1840 120 -0.13411730 2.96989942
1850 120 -0.16093220 3.29429110
1860 120 -0.18757575 3.61966799
1870 120 -0.20051201 3.95382611
1880 120 -0.18239268 4.30897353
1890 120 -0.16311680 4.66493482
1900 120 -0.12366549 5.03768755
1910 120 -0.06288221 5.42804558
1920 120 -0.00291280 5.81956017
1930 120 0.04009383 6.20691973
1740 122 -0.25812548 0.20830803
1750 122 -0.12208059 0.52366147
1760 122 0.01379296 0.83802969
1770 122 0.12079553 1.09144328
1780 122 0.16101787 1.20015926
1790 122 0.20102603 1.32515265
1800 122 0.22175832 1.58443468
1810 122 0.24266194 1.84470192
1820 122 0.26347989 2.11614918
1830 122 0.28112803 2.49776881
1840 122 0.29877617 2.87938844
1850 122 0.31642431 3.26100807
1860 122 0.31937995 3.61067258
1870 122 0.31184094 3.94084702
1880 122 0.30413059 4.27003625
1890 122 0.29659157 4.60021070
1900 122 0.31753803 4.95994149
1910 122 0.36632743 5.35137041
1920 122 0.41610204 5.74262798
1930 122 0.46587665 6.13388555
1760 543 0.09672209 0.17095566
1770 543 0.22240084 0.46172163
1780 543 0.34709438 0.75265895
1790 543 0.41434580 1.01095577
1800 543 0.45700975 1.25627349
1810 543 0.53368492 1.54541173
1820 543 0.64454266 1.87935568
1830 543 0.74897511 2.21137204
1840 543 0.82804906 2.53764847
1850 543 0.90695167 2.86293969
1860 543 1.02359218 3.15426252
1870 543 1.14006134 3.44460014
1880 543 1.33282016 3.73588014
1890 543 1.54515471 4.02883071
1900 543 1.66059583 4.26656659
1910 543 1.63159634 4.42081649
1920 543 1.60161163 4.57523772
1930 543 1.55907618 4.72169159
1940 543 1.49640815 4.85743663
1950 543 1.43356877 4.99219647
1770 196 -1.95440311 0.44647227
1780 196 -1.99848063 0.77082111
1790 196 -2.04255814 1.09516995
1800 196 -2.08565045 1.41934746
1810 196 -2.09220425 1.74935056
1820 196 -2.08822057 2.08158110
1830 196 -2.07322821 2.41291209
1840 196 -1.96219913 2.74784125
1850 196 -1.85134139 3.08178520
1860 196 -1.74031231 3.41671437
1870 196 -1.59784213 3.68730492
1880 196 -1.45245914 3.95129883
1890 196 -1.30609094 4.21512140
1900 196 -1.18739434 4.49492154
1910 196 -1.09422758 4.79134178
1920 196 -1.00106081 5.08776201
1930 196 -0.90789405 5.38418224
1940 196 -0.79390933 5.69525214
1950 196 -0.64736979 6.03009563
1960 196 -0.50100159 6.36395391
