400 54 0.00000000 0.00000000
410 54 0.00000000 0.38176040
420 54 -0.00066534 0.76426733
430 54 -0.00066534 1.14602773
440 54 -0.02953685 1.50607555
450 54 -0.08736108 1.84299893
460 54 -0.14518531 2.17992230
470 54 -0.22156044 2.47754091
480 54 -0.31010812 2.74823688
490 54 -0.39964596 3.01403187
500 54 -0.50473282 3.23114187
510 54 -0.60981967 3.44825187
520 54 -0.69796397 3.66438744
530 54 -0.71700732 3.87513219
540 54 -0.73538534 4.08513040
550 54 -0.75442870 4.29587515
560 54 -0.74278527 4.47369087
570 54 -0.71027273 4.63259945
580 54 -0.66589673 4.80074156
590 54 -0.57440741 5.01221190
250 130 -0.05076483 3.39060053
260 130 -0.11562488 3.13722694
270 130 -0.20547443 2.94195263
280 130 -0.31940453 2.80826668
290 130 -0.43408117 2.67391539
300 130 -0.40154244 2.68550120
310 130 -0.35391047 2.71321753
320 130 -0.30553195 2.74159921
330 130 -0.25789998 2.76931555
340 130 -0.20952147 2.79769722
350 130 -0.14637453 2.83656191
360 130 -0.02465683 2.92092897
370 130 0.09847276 3.00521482
380 130 0.22019047 3.08958187
390 130 0.30191974 3.14366816
400 130 0.37261330 3.19059811
410 130 0.44397219 3.23678153
420 130 0.51541229 3.28437683
430 130 0.58610585 3.33130679
440 130 0.68012031 3.38964443
330 149 1.45592106 4.79769777
340 149 1.31007041 4.68780423
350 149 1.16488511 4.57716415
360 149 1.01969980 4.46652408
370 149 0.87451450 4.35588400
380 149 0.72866385 4.24599046
390 149 0.58347854 4.13535038
400 149 0.46822039 4.06477732
410 149 0.36672479 4.01182788
420 149 0.26522919 3.95887844
430 149 0.18528638 3.93585352
440 149 0.11454567 3.92504832
450 149 0.04313962 3.91498965
460 149 -0.02685454 3.90484978
470 149 -0.09826059 3.89479112
480 149 -0.15522302 3.88956795
490 149 -0.21002702 3.88492891
500 149 -0.26408449 3.88095522
510 149 -0.32004106 3.86859144
520 149 -0.37856467 3.78696432
540 531 1.22463987 3.46102690
550 531 1.03243554 3.23480909
560 531 0.83956587 3.00933783
570 531 0.65989297 2.85322682
580 531 0.48705419 2.74205237
590 531 0.31496195 2.63154327
600 531 0.15100047 2.52694101
610 531 0.00927283 2.43947515
620 531 -0.13320135 2.35134396
630 531 -0.29347727 2.28619314
640 531 -0.48228156 2.25455550
650 531 -0.67108585 2.22291785
660 531 -0.86006826 2.20049803
670 531 -1.05065639 2.19941882
680 531 -1.24124452 2.19833961
690 531 -1.44332153 2.21916943
700 531 -1.67087526 2.28962723
710 531 -1.89851018 2.35867316
720 531 -2.12466775 2.44109135
730 531 -2.34806441 2.57151347
560 534 0.90919593 2.47129354
570 534 0.77318130 2.39695634
580 534 0.63716667 2.32261913
590 534 0.48886684 2.24403057
600 534 0.31367581 2.15353140
610 534 0.13848477 2.06303223
620 534 -0.04209447 1.96505192
630 534 -0.23651746 1.84803612
640 534 -0.43094046 1.73102031
650 534 -0.61395316 1.65230340
660 534 -0.77208375 1.66139811
670 534 -0.93021435 1.67049282
680 534 -1.09673503 1.68148663
690 534 -1.34275846 1.71405155
700 534 -1.58878188 1.74661648
710 534 -1.82985456 1.80368631
720 534 -2.05928904 1.91533225
730 534 -2.28938887 2.02772474
740 534 -2.52056004 2.13380437
750 534 -2.76453768 2.18962472
