3620 303 0.00000000 0.00000000
3630 303 0.00000000 0.28234730
3640 303 -0.00104835 0.56564379
3650 303 -0.00109794 0.84898987
3660 303 0.01962831 1.13737229
3670 303 0.04330128 1.42690224
3680 303 0.06697425 1.71643219
3690 303 0.08181413 2.02254455
3700 303 0.02344630 2.47220353
3710 303 -0.03497111 2.92286127
3720 303 -0.09338853 3.37351902
3730 303 -0.22380238 3.86265420
3740 303 -0.37169117 4.36093415
3750 303 -0.51858119 4.85926368
3760 303 -0.63545852 5.35808198
3770 303 -0.68227321 5.85737486
3780 303 -0.72813870 6.35771610
3790 303 -0.77395462 6.85705857
3800 303 -0.88583102 7.23497612
3810 303 -1.00505298 7.59951298
3520 500 -0.29212958 -0.12563959
3530 500 -0.24789328 0.27404547
3540 500 -0.20260863 0.67278135
3550 500 -0.16386911 1.06218121
3560 500 -0.13682440 1.42496845
3570 500 -0.11082805 1.78870488
3580 500 -0.08796967 2.17531385
3590 500 -0.10758381 2.77207535
3600 500 -0.12714837 3.36783807
3610 500 -0.18259781 4.02089195
3620 500 -0.25326964 4.69822089
3630 500 -0.33482877 5.37300686
3640 500 -0.52061414 6.02960247
3650 500 -0.70639952 6.68619808
3660 500 -0.86290890 7.37828898
3670 500 -1.00158208 8.09429369
3680 500 -1.13920691 8.80934922
3690 500 -1.17287467 9.48751401
3700 500 -1.18202652 10.15588235
3710 500 -1.19013001 10.82330151
3590 301 0.43109319 -0.05168812
3600 301 0.12967009 0.37288828
3610 301 -0.17175301 0.79746467
3620 301 -0.43944461 1.14762208
3630 301 -0.68463200 1.44783391
3640 301 -0.92882063 1.74809532
3650 301 -1.18214694 2.05090678
3660 301 -1.43652160 2.35466743
3670 301 -1.56970509 2.63741141
3680 301 -1.58274577 2.90008790
3690 301 -1.58749170 3.17719343
3700 301 -1.51524025 3.57726809
3710 301 -1.44303839 3.97834151
3720 301 -1.40065088 4.37493110
3730 301 -1.38712853 4.76808520
3740 301 -1.37360617 5.16123930
3750 301 -1.38219135 5.59634882
3760 301 -1.40514889 6.05877930
3770 301 -1.42810643 6.52120978
3780 301 -1.51068558 6.99469757
3700 305 -1.02618299 -0.32428147
3710 305 -1.16899292 -0.00897476
3720 305 -1.31080409 0.30638153
3730 305 -1.38068257 0.54420920
3740 305 -1.45056104 0.78203686
3750 305 -1.52148788 1.02081371
3760 305 -1.59136636 1.25864138
3770 305 -1.51214477 1.45781452
3780 305 -1.41769372 1.65273758
3790 305 -1.32224390 1.84771022
3800 305 -1.22679408 2.04268287
3810 305 -1.20329111 2.27513417
3820 305 -1.19731265 2.51772902
3830 305 -1.19133420 2.76032386
3840 305 -1.18535575 3.00291870
3850 305 -1.28287395 3.31346532
3860 305 -1.40620433 3.63975142
3870 305 -1.52953470 3.96603752
3880 305 -1.65191590 4.29337197
3890 305 -1.71962683 4.58837744
3790 309 -0.11325059 -0.11876154
3800 309 -0.16070279 0.13119304
3810 309 -0.20920334 0.38209680
3820 309 -0.25765431 0.63200178
3830 309 -0.31610006 0.86138595
3840 309 -0.38344266 1.06830133
3850 309 -0.45083483 1.27621548
3860 309 -0.51817743 1.48313086
3870 309 -0.58656838 1.69099543
3880 309 -0.65630519 1.90580180
3890 309 -0.72838663 2.12750039
3900 309 -0.80046807 2.34919899
3910 309 -0.87254950 2.57089758
3920 309 -0.93448741 2.81012069
3930 309 -0.95570241 3.11644555
3940 309 -0.97696701 3.42376919
3950 309 -0.99818201 3.73009406
3960 309 -1.03602193 4.04860958
3970 309 -1.10925798 4.39440357
3980 309 -1.18349280 4.74014797
3790 311 0.47909790 -0.15143052
3800 311 0.45670704 0.07774114
3810 311 0.43431617 0.30691279
3820 311 0.41197489 0.53508568
3830 311 0.39058280 0.76430693
3840 311 0.35375581 0.98174835
3850 311 0.31008619 1.19584638
3860 311 0.26746492 1.40899521
3870 311 0.22384489 1.62209447
3880 311 0.17478474 1.84393473
3890 311 0.11084930 2.08305867
3900 311 0.04686427 2.32318138
3910 311 -0.01707117 2.56230532
3920 311 -0.08100662 2.80142927
3930 311 -0.14417705 3.08564661
3940 311 -0.20724122 3.38789139
3950 311 -0.26930663 3.69018576
3960 311 -0.33237080 3.99243054
3970 311 -0.38942111 4.35504778
3980 311 -0.44371594 4.74283261
