2920 564 0.00000000 0.00000000
2930 564 0.00000000 0.21213203
2940 564 0.05458864 0.45990225
2950 564 0.10903587 0.70668252
2960 564 0.28468119 0.98160563
2970 564 0.58039325 1.28382307
2980 564 0.83353747 1.62747697
2990 564 1.02205214 2.03491189
3000 564 1.21042539 2.44135687
3010 564 1.41562778 2.56255498
3020 564 1.61969879 2.68290455
3030 564 1.80694067 2.79858722
3040 564 1.95345319 2.90493608
3050 564 2.09911719 3.01241631
3060 564 2.24562972 3.11876517
3070 564 2.40882996 3.28535953
3080 564 2.57514148 3.46666171
3090 564 2.74244294 3.64782246
3100 564 2.84143789 4.01551799
3110 564 2.93237182 4.40456814
2960 568 0.69112617 0.37603939
2970 568 0.77329198 0.67542840
2980 568 0.91796602 0.93861354
2990 568 1.05217489 1.19218203
3000 568 1.17379726 1.43542677
3010 568 1.31875415 1.67937861
3020 568 1.51462273 1.92615887
3030 568 1.71049130 2.17293914
3040 568 1.83890190 2.36470650
3050 568 1.95939289 2.55053416
3060 568 2.03660895 2.82234601
3070 568 2.08327800 3.14902934
3080 568 2.13008847 3.47670262
3090 568 2.20193052 3.76039386
3100 568 2.28112648 4.03192287
3110 568 2.37715158 4.30811878
3120 568 2.49820826 4.58983012
3130 568 2.61841641 4.87267283
3140 568 2.75078680 5.20529586
3150 568 2.88824836 5.55941494
3020 574 -0.26191235 -1.79096006
3030 574 -0.13123902 -1.59749564
3040 574 -0.00042426 -1.40304128
3050 574 0.22853691 -1.08017632
3060 574 0.46768043 -0.74260354
3070 574 0.66948870 -0.38353472
3080 574 0.83565879 -0.00523259
3090 574 1.00197031 0.37405949
3100 574 1.07070109 0.77032213
3110 574 1.09799541 1.17351441
3120 574 1.10803633 1.59028315
3130 574 1.07579226 2.03632611
3140 574 1.04269966 2.48350044
3150 574 0.91188491 2.89008684
3160 574 0.75632141 3.28606663
3170 574 0.60966747 3.65248937
3180 574 0.48535809 3.94904995
3190 574 0.36090730 4.24462059
3200 574 0.23320382 4.61641733
3210 574 0.10309617 5.02088241
