90 33 0.00000000 0.00000000
100 33 0.00000000 0.12778106
110 33 0.00064172 0.25632906
120 33 0.00064172 0.38411013
130 33 0.07578588 0.56897320
140 33 0.16028979 0.76034741
150 33 0.24415198 0.95095468
160 33 0.32801418 1.14156196
170 33 0.49240473 1.32867889
180 33 0.67664173 1.51614015
190 33 0.86100395 1.70219276
200 33 1.10069518 1.89671298
210 33 1.39430676 2.09957559
220 33 1.68804356 2.30102954
230 33 2.00795012 2.52752633
240 33 2.35402644 2.77906595
250 33 2.69946104 3.02983863
260 33 3.06059436 3.25574065
270 33 3.45733546 3.42446674
280 33 3.85343485 3.59242590
0 12 -0.25776903 0.94325401
10 12 0.04096069 1.14444188
20 12 0.33969040 1.34562975
30 12 0.63906183 1.54758456
40 12 0.94879474 1.74478123
50 12 1.25916937 1.94274484
60 12 1.56890227 2.13994151
70 12 1.87871344 2.24840828
80 12 2.18786723 2.34829789
90 12 2.49714624 2.44677884
100 12 2.87452610 2.53782519
110 12 3.29798478 2.62160912
120 12 3.72208518 2.70615999
130 12 4.12685564 2.79254212
140 12 4.52023162 2.87933119
150 12 4.91360759 2.96612027
160 12 5.29241177 3.06510207
170 12 5.63900459 3.19103622
180 12 5.98559742 3.31697038
190 12 6.29673899 3.45040173
50 31 0.35427785 -0.57546868
60 31 0.42184655 -0.40121751
70 31 0.49082390 -0.22684112
80 31 0.55839260 -0.05258995
90 31 0.58539191 0.06694263
100 31 0.58299719 0.14978745
110 31 0.58136940 0.23199056
120 31 0.57974162 0.31419366
130 31 0.59900895 0.40890253
140 31 0.70108980 0.55427619
150 31 0.80393759 0.69900812
160 31 0.90678538 0.84374005
170 31 1.00886624 0.98911370
180 31 1.12683364 1.13944897
190 31 1.30925504 1.31539053
200 31 1.49026777 1.49120688
210 31 1.67204745 1.66638151
220 31 1.87021453 1.84088311
230 31 2.07849265 2.01344389
240 31 2.28677078 2.18600467
150 45 -0.41295634 -0.20992156
160 45 -0.35482566 0.04654837
170 45 -0.29528632 0.30314351
180 45 -0.22452466 0.53730966
190 45 -0.14393369 0.75673185
200 45 -0.08228136 0.98156955
210 45 -0.08882380 1.23087096
220 45 -0.09600797 1.47940544
230 45 -0.12486983 1.77215618
240 45 -0.16750526 2.09207839
250 45 -0.21114240 2.42326988
260 45 -0.26664358 2.84001394
270 45 -0.32510295 3.25010601
280 45 -0.41198593 3.59662058
290 45 -0.45925428 3.90477266
300 45 -0.35127271 4.05564008
310 45 -0.08960639 4.22655743
320 45 0.32586988 4.41611603
330 45 0.68766058 4.65059522
340 45 0.83176644 5.06591498
170 43 -1.86924412 1.07119159
180 43 -1.36763614 1.36992130
190 43 -0.86602817 1.66865101
200 43 -0.45191360 1.94540564
210 43 -0.12670109 2.20005996
220 43 0.19851142 2.45471428
230 43 0.34842409 2.57310428
240 43 0.55300839 2.62749419
250 43 0.97397844 2.42780889
260 43 1.33611348 2.38687951
270 43 1.60973775 2.58299620
280 43 1.89843467 2.82517606
290 43 2.21006144 3.13683414
300 43 2.52181343 3.44708355
310 43 2.87103576 3.73510745
320 43 3.22013287 4.02454001
330 43 3.60929851 4.31043527
340 43 4.05761221 4.59377929
350 43 4.50592590 4.87712331
360 43 4.88901866 5.13550276
180 48 -1.04757307 0.78005299
190 48 -0.59764724 1.10116473
200 48 -0.14772142 1.42227648
210 48 0.25917768 1.67638299
220 48 0.63743405 1.88534979
230 48 0.99000585 2.05582889
240 48 1.28657562 2.13756244
250 48 1.59555724 2.27932053
260 48 1.90738749 2.43694952
270 48 2.19747742 2.60755383
280 48 2.48398310 2.77854944
290 48 2.77080181 2.97796866
300 48 3.05685359 3.24192013
310 48 3.34290536 3.50587161
320 48 3.70153440 3.75994682
330 48 4.06874062 4.01336465
340 48 4.47161722 4.24084750
350 48 4.90786339 4.44432053
360 48 5.34487650 4.64715183
370 48 5.70948452 4.88188145
