1050 163 0.00000000 0.00000000
1060 163 0.00000000 0.36177341
1070 163 0.07233257 0.73575336
1080 163 0.21571514 1.12446075
1090 163 0.35909770 1.51316815
1100 163 0.51764998 1.85802489
1110 163 0.69327373 2.15841181
1120 163 0.86794660 2.45910831
1130 163 1.04261947 2.75980482
1140 163 1.14544626 3.06916973
1150 163 1.19922578 3.38293519
1160 163 1.25426576 3.69734194
1170 163 1.35452741 4.05697036
1180 163 1.45604952 4.41724007
1190 163 1.55631117 4.77686849
1200 163 1.59164821 4.92416510
1210 163 1.61955518 5.04864081
1220 163 1.58572185 5.13853133
1230 163 1.54558623 5.22521542
1240 163 1.50576019 5.31285039
900 547 1.89652413 0.66976730
910 547 1.91894700 0.80970019
920 547 1.94072859 0.95089354
930 547 1.80986215 1.21435127
940 547 1.67930529 1.47875987
950 547 1.71895442 1.64253089
960 547 1.80210038 1.78162348
970 547 1.98068731 2.11049231
980 547 2.18233839 2.48759023
990 547 2.36607771 2.75799153
1000 547 2.54895461 3.01605361
1010 547 2.67347454 3.29837398
1020 547 2.75929621 3.59750044
1030 547 2.92426135 3.92975261
1040 547 3.27022376 4.33663713
1050 547 3.63980316 4.66747404
1060 547 4.06473212 4.81623014
1070 547 4.52592688 4.93424876
1080 547 5.07017915 4.97790040
1090 547 5.58232293 5.09089930
920 159 1.38889146 -0.35965053
930 159 1.27741837 0.06996645
940 159 1.22405901 0.46488768
950 159 1.18593569 0.85169333
960 159 1.14750280 1.23754811
970 159 1.15336282 1.62055028
980 159 1.16397720 2.00200452
990 159 1.17490116 2.38440962
1000 159 1.25618961 2.74390537
1010 159 1.35523504 3.09656810
1020 159 1.45459004 3.45018171
1030 159 1.47035682 3.77316841
1040 159 1.45016739 4.08262177
1050 159 1.43028754 4.39302601
1060 159 1.33900388 4.60363298
1070 159 1.24772022 4.81423994
1080 159 1.07132252 4.94108177
1090 159 0.87325379 5.04658427
1100 159 0.68051436 5.15876499
1110 159 0.53476567 5.33452141
1060 165 0.21246448 -0.40044955
1070 165 0.20702461 -0.11998671
1080 165 0.20158474 0.16047614
1090 165 0.23183572 0.49241872
1100 165 0.29841884 0.87458058
1110 165 0.36626241 1.25738373
1120 165 0.43315511 1.64049647
1130 165 0.54303604 2.02643970
1140 165 0.65322656 2.41333381
1150 165 0.76310749 2.79927704
1160 165 0.80180575 3.18946603
1170 165 0.82214998 3.58142408
1180 165 0.84154333 3.97369171
1190 165 0.85045499 4.32730532
1200 165 0.83121642 4.59122742
1210 165 0.81323832 4.85579081
1220 165 0.85180390 5.03884462
1230 165 0.89642851 5.21466738
1240 165 0.92146076 5.38845572
1250 165 0.94047819 5.56315071
1120 168 -0.09942135 -0.88678712
1130 168 0.02425828 -0.48430314
1140 168 0.14760620 -0.07960784
1150 168 0.26354618 0.34432602
1160 168 0.38043703 0.76795030
1170 168 0.49637700 1.19188417
1180 168 0.57156218 1.61015703
1190 168 0.61704922 2.02442739
1200 168 0.66379671 2.43933903
1210 168 0.70716087 2.84062889
1220 168 0.73920303 3.18776330
1230 168 0.77155477 3.53584859
1240 168 0.80359693 3.88298300
1250 168 0.94096468 4.22737536
1260 168 1.10522219 4.57037459
1270 168 1.30214103 4.90063656
1280 168 1.54788601 5.21289832
1290 168 1.79427228 5.52389962
1300 168 1.99638774 5.97025636
1310 168 2.18720331 6.44973881
