2050 213 0.00000000 0.00000000
2060 213 0.00000000 0.48914619
2070 213 -0.00062967 0.97906925
2080 213 -0.00062967 1.46821545
2090 213 0.07973894 1.86932252
2100 213 0.19469844 2.23410508
2110 213 0.30951074 2.59748111
2120 213 0.41922027 2.95285952
2130 213 0.49129688 3.23396975
2140 213 0.56274382 3.51585685
2150 213 0.63341390 3.79711428
2160 213 0.70557229 4.06541852
2170 213 0.77472953 4.21672707
2180 213 0.84388676 4.36803561
2190 213 0.91367367 4.51856730
2200 213 0.98127718 4.66861651
2210 213 1.03474995 4.80592515
2220 213 1.08759305 4.94401066
2230 213 1.14028895 5.08068963
2240 213 1.19313205 5.21877514
2050 212 -0.61185797 -0.39809775
2060 212 -0.72623687 0.05111764
2070 212 -0.84061576 0.50033303
2080 212 -0.95499465 0.94954843
2090 212 -0.91411526 1.34696744
2100 212 -0.83473613 1.73182580
2110 212 -0.75613386 2.11605449
2120 212 -0.60372135 2.48544916
2130 212 -0.37953479 2.84093389
2140 212 -0.15471857 3.19564175
2150 212 0.06869112 3.55049680
2160 212 0.18115647 3.81671578
2170 212 0.28119201 4.07286006
2180 212 0.37982101 4.32915153
2190 212 0.47342901 4.56463941
2200 212 0.54476965 4.71643043
2210 212 0.61533342 4.86759178
2220 212 0.68667405 5.01938281
2230 212 0.75660815 5.17132102
2240 212 0.86671021 5.36740146
2140 654 2.41430479 2.20657957
2150 654 2.34727370 2.45603464
2160 654 2.28024262 2.70548972
2170 654 2.19760884 2.92813890
2180 654 2.11512225 3.15219461
2190 654 2.05532826 3.36889874
2200 654 2.08252668 3.56085771
2210 654 2.10957789 3.75141015
2220 654 2.13677631 3.94336912
2230 654 2.19372452 4.14785604
2240 654 2.25004306 4.35311983
2250 654 2.29748082 4.55504719
2260 654 2.26757565 4.73805178
2270 654 2.23689361 4.92042670
2280 654 2.20621158 5.10280163
2290 654 2.17630641 5.28580622
2300 654 2.19442778 5.43179121
2310 654 2.28756967 5.52015743
2320 654 2.38071156 5.60852364
2330 654 2.47385345 5.69688986
2150 647 0.43060337 1.39038187
2160 647 0.37010612 1.42372977
2170 647 0.18076395 1.53028278
2180 647 -0.00857821 1.63683579
2190 647 -0.14692540 1.75511536
2200 647 -0.28090579 1.87435987
2210 647 -0.41006963 2.04642295
2220 647 -0.53287954 2.29958244
2230 647 -0.65568945 2.55274193
2240 647 -0.76256956 2.78148336
2250 647 -0.84533418 2.97570750
2260 647 -0.92887567 3.16930197
2270 647 -1.00772326 3.31263744
2280 647 -1.08202416 3.40430738
2290 647 -1.15632505 3.49597731
2300 647 -1.21425456 3.56744879
2310 647 -1.27218408 3.63892026
2320 647 -1.33011359 3.71039174
2330 647 -1.38804310 3.78186321
2340 647 -1.43667478 3.84027520
