4910 640 0.00000000 0.00000000
4920 640 -0.00000000 0.10217632
4930 640 -0.00000000 0.20435264
4940 640 -0.00005872 0.30752723
4950 640 -0.01280140 0.49009400
4960 640 -0.03159245 0.70736548
4970 640 -0.05044222 0.92563523
4980 640 -0.11145440 1.09434360
4990 640 -0.34258428 1.07273390
5000 640 -0.57471243 1.05106547
5010 640 -0.81200812 1.04912764
5020 640 -1.06310349 1.09446105
5030 640 -1.31414013 1.13879617
5040 640 -1.59982277 1.12499650
5050 640 -1.92003395 1.05106547
5060 640 -2.23924686 0.97719317
5070 640 -2.48341303 0.83661265
5080 640 -2.72012150 0.68845699
5090 640 -2.88818393 0.56537563
5100 640 -2.95618403 0.47823215
4730 342 2.17829340 3.12430518
4740 342 1.81574364 2.90163127
4750 342 1.46992965 2.66691935
4760 342 1.19270299 2.39016246
4770 342 0.91447805 2.11334685
4780 342 0.63731010 1.83559168
4790 342 0.37529244 1.64086946
4800 342 0.11579983 1.45430960
4810 342 -0.14474978 1.26868928
4820 342 -0.36501609 1.04536943
4830 342 -0.52679526 0.76438456
4840 342 -0.68863315 0.48439796
4850 342 -0.85041232 0.20341308
4860 342 -1.01119322 -0.07751307
4870 342 -1.17467533 -0.15925412
4880 342 -1.33745277 -0.21891570
4890 342 -1.50023022 -0.27857727
4900 342 -1.65601974 -0.35485718
4910 342 -1.74492488 -0.58046719
4920 342 -1.83488702 -0.80513764
