5150 529 0.00000000 0.00000000
5160 529 -0.00000000 0.41850209
5170 529 0.00000000 0.83700418
5180 529 -0.04299142 1.24790774
5190 529 -0.10319662 1.65460583
5200 529 -0.12752147 2.07518199
5210 529 -0.11409740 2.50840802
5220 529 -0.11127782 2.93201403
5230 529 -0.19829292 3.26535525
5240 529 -0.28530801 3.59869648
5250 529 -0.49034880 3.94218341
5260 529 -0.81355388 4.29804782
5270 529 -1.13625717 4.65304724
5280 529 -1.37337426 5.00798454
5290 529 -1.60019750 5.36311299
5300 529 -1.82972085 5.73286025
5310 529 -2.06455838 6.13767543
5320 529 -2.29889413 6.54162562
5330 529 -2.52236255 6.91488541
5340 529 -2.73774976 7.26624327
5170 530 -0.41528586 -0.18888795
5180 530 -0.68368595 0.20801808
5190 530 -0.95208604 0.60492410
5200 530 -1.16811842 1.01718010
5210 530 -1.38415079 1.42943611
5220 530 -1.60286415 1.83435643
5230 530 -1.82316891 2.23604140
5240 530 -2.03504838 2.63914572
5250 530 -2.22352055 3.04773627
5260 530 -2.41285772 3.45582503
5270 530 -2.61519840 3.78469316
5280 530 -2.81667410 4.11406308
5290 530 -3.05691663 4.39666621
5300 530 -3.32127373 4.64909505
5310 530 -3.64829241 4.88598276
5320 530 -4.03847445 5.10819431
5330 530 -4.29143376 5.40076155
5340 530 -4.45279018 5.74068817
5350 530 -4.60997936 6.10730999
5360 530 -4.75578986 6.53602469
