3380 498 0.00000000 0.00000000
3390 498 0.00000000 0.44107256
3400 498 0.00047838 0.88081427
3410 498 0.04145576 1.31031730
3420 498 0.24857815 1.69359437
3430 498 0.45570054 2.07687145
3440 498 0.66154422 2.45743469
3450 498 0.86450856 2.82719471
3460 498 1.06747290 3.19695474
3470 498 1.27738621 3.51811732
3480 498 1.49971924 3.76710130
3490 498 1.72295689 4.01565904
3500 498 1.83476843 4.20838470
3510 498 1.93332364 4.39409111
3520 498 1.88286029 4.60137220
3530 498 1.73234083 4.82152872
3540 498 1.58182138 5.04168525
3550 498 1.41365404 5.30884764
3560 498 1.24075505 5.58708304
3570 498 1.06918690 5.86579682
3230 417 0.78237015 3.68282038
3240 417 0.78402293 3.68867429
3250 417 0.78610196 3.69543282
3260 417 0.78818098 3.70219134
3270 417 0.79026000 3.70894987
3280 417 0.79100818 3.71523001
3290 417 0.79308720 3.72198854
3300 417 0.79516623 3.72874706
3310 417 0.79681902 3.73460098
3320 417 0.79889804 3.74135950
3330 417 0.80097706 3.74811803
3340 417 0.80215147 3.75530279
3350 417 0.80380426 3.76115670
3360 417 0.80588328 3.76791522
3370 417 0.80796231 3.77467375
3380 417 0.80961510 3.78052766
3390 417 0.81078951 3.78771242
3400 417 0.81286853 3.79447095
3410 417 0.81452132 3.80032486
3420 417 0.87783743 3.86666542
3230 617 0.50861020 2.85781099
3240 617 0.57949196 2.82994029
3250 617 0.65037372 2.80206960
3260 617 0.72035087 2.77462513
3270 617 0.82376470 2.77122206
3280 617 1.00150643 2.82233837
3290 617 1.18057901 2.87393306
3300 617 1.43495439 3.01496201
3310 617 1.69758465 3.16647223
3320 617 1.92597791 3.28989637
3330 617 2.13898368 3.40177818
3340 617 2.41154655 3.51102325
3350 617 2.77277963 3.61607399
3360 617 3.12347023 3.71282678
3370 617 3.43108629 3.77681399
3380 617 3.74902717 3.83925269
3390 617 4.11193799 3.89155701
3400 617 4.47394419 3.94428757
3410 617 4.82584321 4.00841307
3420 617 5.17359325 4.07780982
3240 431 0.98516218 4.57774797
3250 431 0.98149158 4.58168837
3260 431 0.97824722 4.58653337
3270 431 0.97457662 4.59047377
3280 431 0.97090602 4.59441416
3290 431 0.96723542 4.59835456
3300 431 0.96399106 4.60319957
3310 431 0.95941585 4.60756619
3320 431 0.95574525 4.61150659
3330 431 0.95207465 4.61544698
3340 431 0.94883029 4.62029199
3350 431 0.94515969 4.62423239
3360 431 0.94148909 4.62817278
3370 431 0.94729993 4.64754374
3380 431 0.95572031 4.67010692
3390 431 0.96456693 4.69357472
3400 431 0.97208270 4.71656413
3410 431 0.98050308 4.73912732
3420 431 0.98892346 4.76169050
3430 431 0.99686547 4.78558452
3380 496 -0.84484513 1.41176546
3390 496 -0.78037728 1.65885633
3400 496 -0.73347116 1.91090556
3410 496 -0.65597371 2.13638093
3420 496 -0.55836618 2.34353733
3430 496 -0.48752296 2.56662081
3440 496 -0.48026339 2.83071794
3450 496 -0.47252543 3.09348424
3460 496 -0.46436124 3.35715514
3470 496 -0.45514507 3.59490514
3480 496 -0.44539838 3.82908883
3490 496 -0.43613006 4.06460337
3500 496 -0.46119396 4.29529104
3510 496 -0.52282555 4.52109969
3520 496 -0.58403090 4.74781296
3530 496 -0.65710957 4.96574989
3540 496 -0.77815995 5.14991234
3550 496 -0.89963657 5.33317017
3560 496 -1.02068694 5.51733261
3570 496 -1.08309391 5.68049624
