1870 202 0.00000000 0.00000000
1880 202 -0.00000000 0.43008139
1890 202 0.00094633 0.85983958
1900 202 0.00126953 1.29086730
1910 202 0.15178522 1.71920948
1920 202 0.34024723 2.14727265
1930 202 0.52870923 2.57533581
1940 202 0.71717124 3.00339898
1950 202 0.91022539 3.41087302
1960 202 1.10759501 3.80313598
1970 202 1.30496463 4.19539895
1980 202 1.50138792 4.58798510
1990 202 1.68832463 4.98064102
2000 202 1.82907473 5.37110665
2010 202 1.96950164 5.76062594
2020 202 2.11025175 6.15109157
2030 202 2.21827549 6.60662628
2040 202 2.31914477 7.07834165
2050 202 2.41906772 7.55038021
2060 202 2.46622391 7.98549088
1730 697 -1.45225536 2.56713271
1740 697 -1.41769911 2.62190374
1750 697 -1.38408919 2.67699797
1760 697 -1.35047927 2.73209219
1770 697 -1.31592302 2.78686322
1780 697 -1.22818614 2.84883288
1790 697 -1.06070156 2.91843831
1800 697 -0.89321698 2.98804374
1810 697 -0.68627941 3.17626393
1820 697 -0.45346301 3.44335292
1830 697 -0.22156969 3.71392728
1840 697 0.00231584 4.01365427
1850 697 0.22620137 4.31338127
1860 697 0.44286269 4.61980234
1870 697 0.62781140 4.95713151
1880 697 0.81370645 5.29413749
1890 697 1.10619528 5.67716267
1900 697 1.44374069 6.08072815
1910 697 1.76125036 6.46894537
1920 697 2.03264086 6.82113452
1730 699 0.16045103 2.76873409
1740 699 0.15714235 3.04989250
1750 699 0.15630297 3.32281061
1760 699 0.16436889 3.51660417
1770 699 0.17243480 3.71039772
1780 699 0.24106833 3.92683117
1790 699 0.37089259 4.16463500
1800 699 0.50071686 4.40243883
1810 699 0.66810145 4.75950380
1820 699 0.83906444 5.13014063
1830 699 1.02770781 5.49685261
1840 699 1.36344891 5.82706453
1850 699 1.69886682 6.15633012
1860 699 1.93138560 6.46895932
1870 699 2.06003567 6.76211313
1880 699 2.18806260 7.05653648
1890 699 2.18986226 7.47332271
1900 699 2.15962612 7.92007071
1910 699 2.12971318 8.36776504
1920 699 2.01561617 8.72057501
1740 108 1.88689635 2.39679519
1750 108 1.91092901 2.48263475
1760 108 1.93496167 2.56847432
1770 108 1.95899433 2.65431389
1780 108 1.98208066 2.74047665
1790 108 2.06063556 2.88694893
1800 108 2.16372767 3.05885592
1810 108 2.26587346 3.23108612
1820 108 2.30080638 3.42310093
1830 108 2.31870532 3.62093326
1840 108 2.33755059 3.81844239
1850 108 2.35992775 4.02319898
1860 108 2.39832513 4.25629905
1870 108 2.43766885 4.48907592
1880 108 2.47638942 4.72312232
1890 108 2.53096747 4.96337684
1900 108 2.60142622 5.21300169
1910 108 2.67283131 5.46230334
1920 108 2.74296688 5.71098185
1930 108 2.84336183 5.94615595
1760 114 1.39571722 2.38807358
1770 114 1.49741890 2.45689776
1780 114 1.52794336 2.65147489
1790 114 1.55034377 2.85939368
1800 114 1.57212104 3.06858199
1810 114 1.60723998 3.28589435
1820 114 1.67098140 3.52513279
1830 114 1.73566916 3.76404803
1840 114 1.78835453 4.00494895
1850 114 1.82462906 4.25039784
1860 114 1.86058040 4.49490040
1870 114 1.89775476 4.73370171
1880 114 1.93444316 4.94942134
1890 114 1.97050843 5.16641051
1900 114 2.00752003 5.38307647
1910 114 2.08945103 5.64463395
1920 114 2.18253109 5.91717771
1930 114 2.27561115 6.18972147
1940 114 2.36869120 6.46226524
1950 114 2.49992683 6.76298971
1760 190 -1.42395141 0.52435424
1770 190 -1.07687990 0.80420127
1780 190 -0.72886205 1.08372511
1790 190 -0.38472253 1.35189296
1800 190 -0.04314532 1.61565234
1810 190 0.24702999 1.89908009
1820 190 0.41422857 2.23084753
1830 190 0.58142716 2.56261496
1840 190 0.71224891 2.89306870
1850 190 0.80731696 3.22093920
1860 190 0.90238502 3.54880970
1870 190 0.95389852 3.88838496
1880 190 0.97794513 4.23417068
1890 190 1.00136861 4.58122592
1900 190 1.01119698 4.92869736
1910 190 1.00015953 5.27695470
1920 190 0.98849895 5.62648157
1930 190 1.01111560 5.99283316
1940 190 1.06706315 6.37633266
1950 190 1.12301070 6.75983217
1760 192 -0.81703373 0.23148409
1770 192 -0.45269571 0.53713554
1780 192 -0.08741136 0.84246380
1790 192 0.26365475 1.14947778
1800 192 0.49345079 1.47888753
1810 192 0.72419316 1.80797408
1820 192 0.94768807 2.14059252
1830 192 1.11698858 2.50017329
1840 192 1.28566596 2.86102360
1850 192 1.45496647 3.22060438
1860 192 1.56222059 3.52846239
1870 192 1.65451708 3.82346469
1880 192 1.74681356 4.11846699
1890 192 1.73877555 4.44456574
1900 192 1.70675603 4.77779801
1910 192 1.67411337 5.11229982
1920 192 1.65308246 5.47770740
1930 192 1.63562995 5.85668683
1940 192 1.61912378 6.23534307
1950 192 1.68451140 6.61244844
1770 111 2.02910432 1.99634308
1780 111 2.18867644 2.15107425
1790 111 2.34792537 2.30485910
1800 111 2.50844382 2.45926708
1810 111 2.62151079 2.69751036
1820 111 2.71491405 2.97100046
1830 111 2.80864049 3.24543689
1840 111 2.87164485 3.51345825
1850 111 2.90298077 3.77538774
1860 111 2.93558623 4.03794038
1870 111 2.96692216 4.29986987
1880 111 2.99876497 4.54471887
1890 111 3.03028459 4.78862155
1900 111 3.06212740 5.03347055
1910 111 3.13664818 5.27642457
1920 111 3.24057502 5.51884613
1930 111 3.34450186 5.76126768
1940 111 3.44842870 6.00368924
1950 111 3.53989278 6.27150134
1960 111 3.63103367 6.53836711
1770 196 0.99401186 -0.46205673
1780 196 1.00116167 -0.13480472
1790 196 1.00831148 0.19244730
1800 196 1.01640762 0.51937611
1810 196 1.06150374 0.84634911
1820 196 1.11735596 1.17387549
1830 196 1.18394103 1.49879306
1840 196 1.34594525 1.81225699
1850 196 1.50762627 2.12477458
1860 196 1.66963049 2.43823851
1870 196 1.85263539 2.68324097
1880 196 2.03748645 2.92127266
1890 196 2.22328384 3.15898116
1900 196 2.38424640 3.41679515
1910 196 2.52258998 3.69501458
1920 196 2.66093356 3.97323402
1930 196 2.79927715 4.25145345
1940 196 2.96047222 4.54088937
1950 196 3.15753725 4.84871947
1960 196 3.35427908 5.15560325
1780 194 0.37945376 -0.17608760
1790 194 0.40587667 0.14880904
1800 194 0.43324590 0.47338249
1810 194 0.45934562 0.79733281
1820 194 0.54905887 1.12808881
1830 194 0.63782579 1.45916800
1840 194 0.72753904 1.78992401
1850 194 0.84677461 2.13595851
1860 194 0.97330415 2.48478551
1870 194 1.10015689 2.83455884
1880 194 1.26613245 3.17202753
1890 194 1.49142701 3.49135081
1900 194 1.71704478 3.81162042
1910 194 1.94139301 4.13126690
1920 194 2.14639839 4.44378217
1930 194 2.34284028 4.75288180
1940 194 2.53833584 5.06230463
1950 194 2.73510092 5.37235060
1960 194 2.88029902 5.63660523
1970 194 3.01307854 5.88925044
1860 200 0.79342424 -0.17375548
1870 200 0.72167968 0.13288880
1880 200 0.64993512 0.43953309
1890 200 0.57786737 0.74523104
1900 200 0.67056145 1.13731497
1910 200 0.80325727 1.55060884
1920 200 0.93689941 1.96357951
1930 200 1.14010979 2.37603865
1940 200 1.38948352 2.78752588
1950 200 1.63980358 3.19868992
1960 200 1.82759362 3.57837387
1970 200 1.97443559 3.93717108
1980 200 2.12127757 4.29596828
1990 200 2.26200442 4.68327172
2000 200 2.39788568 5.09970453
2010 200 2.53282060 5.51646053
2020 200 2.66870186 5.93289334
2030 200 2.80022115 6.35821284
2040 200 2.93111731 6.78480186
2050 200 3.06139033 7.21266042
2010 204 -0.61939672 0.44507157
2020 204 -0.47308953 0.73113836
2030 204 -0.32583600 1.01688195
2040 204 -0.17952881 1.30294874
2050 204 -0.02768081 1.61142756
2060 204 0.12883143 1.95212819
2070 204 0.28661319 2.29345196
2080 204 0.43714749 2.63830761
2090 204 0.57226378 2.99371244
2100 204 0.70738007 3.34911726
2110 204 0.84249635 3.70452209
2120 204 0.95250111 4.08541046
2130 204 1.05184277 4.47839422
2140 204 1.15086124 4.87043164
2150 204 1.25080279 5.25898368
2160 204 1.35616657 5.61081244
2170 204 1.46120715 5.96169486
2180 204 1.56751726 6.31320043
2190 204 1.64984354 6.62851516
2200 204 1.71806551 6.91800223
2010 206 0.23263969 -0.01499251
2020 206 0.34349545 0.30959954
2030 206 0.45435121 0.63419159
2040 206 0.56520697 0.95878364
2050 206 0.72063337 1.28083432
2060 206 0.92127679 1.60223627
2070 206 1.12159701 1.92269190
2080 206 1.32286357 2.24282433
2090 206 1.44057617 2.59677594
2100 206 1.55009498 2.95458264
2110 206 1.66023692 3.31111980
2120 206 1.76975573 3.66892650
2130 206 1.91543978 3.95626281
2140 206 2.06486266 4.23598196
2150 206 2.21523188 4.51537792
2160 206 2.35620752 4.80749239
2170 206 2.46247113 5.15267357
2180 206 2.56778840 5.49817794
2190 206 2.67405201 5.84335912
2200 206 2.77999243 6.18759397
2010 208 -0.32618942 0.02263758
2020 208 -0.16485484 0.33104664
2030 208 -0.00446660 0.63977891
2040 208 0.15592165 0.94851117
2050 208 0.31725623 1.25692024
2060 208 0.46638149 1.58217960
2070 208 0.60862899 1.91824158
2080 208 0.75087648 2.25430355
2090 208 0.89217765 2.59068872
2100 208 1.02115323 2.92811323
2110 208 1.14918249 3.26586093
2120 208 1.27626541 3.60393182
2130 208 1.40334834 3.94200272
2140 208 1.50963520 4.29034609
2150 208 1.60615879 4.64413727
2160 208 1.70268238 4.99792844
2170 208 1.79982911 5.35045009
2180 208 1.89868249 5.67702781
2190 208 2.00081200 5.97606889
2200 208 2.10261831 6.27416363
2030 210 -1.35479939 0.51024761
2040 210 -1.14632489 0.95049684
2050 210 -0.93658087 1.39136921
2060 210 -0.72778318 1.83256477
2070 210 -0.52154780 2.26935187
2080 210 -0.34176555 2.67818844
2090 210 -0.16198329 3.08702501
2100 210 0.01779896 3.49586158
2110 210 0.19758121 3.90469815
2120 210 0.33789419 4.32173085
2130 210 0.46052679 4.74268838
2140 210 0.58410572 5.16332272
2150 210 0.70768466 5.58395706
2160 210 0.78478867 5.79115738
2170 210 0.86189268 5.99835769
2180 210 0.93899669 6.20555801
2190 210 1.01801662 6.41527413
2200 210 1.11169424 6.64006182
2210 210 1.20537185 6.86484950
2220 210 1.29904947 7.08963719
