1860 437 0.00000000 0.00000000
1870 437 -0.00000000 0.29504237
1880 437 -0.08275083 0.66449778
1890 437 -0.16650151 1.03397014
1900 437 -0.14482666 1.48666783
1910 437 -0.09681660 1.95892204
1920 437 -0.06133017 2.40038405
1930 437 -0.04463766 2.79515786
1940 437 -0.02796209 3.18893182
1950 437 -0.05478874 3.55343878
1960 437 -0.08061554 3.91792881
1970 437 -0.06449921 4.21969902
1980 437 -0.03863852 4.50630193
1990 437 -0.06231308 4.87975676
2000 437 -0.12001666 5.31079655
2010 437 -0.18144852 5.69889335
2020 437 -0.24901508 6.02008451
2030 437 -0.31566653 6.33625944
2040 437 -0.37611547 6.60532249
2050 437 -0.43656442 6.87438554
1730 606 0.87922965 1.30428725
1740 606 0.86555365 1.55955567
1750 606 0.77017752 1.83321128
1760 606 0.67580124 2.10684994
1770 606 0.62165648 2.39380873
1780 606 0.58462790 2.68747841
1790 606 0.53356743 2.97938564
1800 606 0.45849347 3.27069973
1810 606 0.38440242 3.56099702
1820 606 0.33186759 3.76591674
1830 606 0.27931582 3.96983661
1840 606 0.22778084 4.17473938
1850 606 0.45610398 4.36889793
1860 606 0.67610628 4.54419479
1870 606 0.86268965 4.63604601
1880 606 1.04829012 4.72891402
1890 606 1.26607240 4.77322969
1900 606 1.48385468 4.81754536
1910 606 1.67155653 4.85737015
1920 606 1.85124259 4.89633066
1730 608 0.30658309 1.03495305
1740 608 0.32064886 1.33375759
1750 608 0.28111217 1.59746548
1760 608 0.22839093 1.85039525
1770 608 0.17970300 2.10525695
1780 608 0.14304725 2.36191500
1790 608 0.10539164 2.61859000
1800 608 0.00144047 2.97640302
1810 608 -0.10249375 3.33521589
1820 608 -0.17836421 3.69755368
1830 608 -0.21212208 4.06617870
1840 608 -0.24587994 4.43480372
1850 608 0.05063680 4.69881665
1860 608 0.33157950 4.92908866
1870 608 0.55217493 5.02136354
1880 608 0.77277037 5.11363843
1890 608 1.04013874 5.19211868
1900 608 1.32043747 5.26637920
1910 608 1.51749391 5.32704845
1920 608 1.59122908 5.36980502
1830 410 -0.43739481 3.10785871
1840 410 -0.43224300 3.11677269
1850 410 -0.42807411 3.12670346
1860 410 -0.42390522 3.13663424
1870 410 -0.41875342 3.14554822
1880 410 -0.41458452 3.15547899
1890 410 -0.41043258 3.16440991
1900 410 -0.40526383 3.17432374
1910 410 -0.40109493 3.18425452
1920 410 -0.39694299 3.19318544
1930 410 -0.39177424 3.20309927
1940 410 -0.38760535 3.21303005
1950 410 -0.39384174 3.19913374
1960 410 -0.40834813 3.16937530
1970 410 -0.42185466 3.13959992
1980 410 -0.43634411 3.11084134
1990 410 -0.44985064 3.08106595
2000 410 -0.46335718 3.05129057
2010 410 -0.47784662 3.02253199
2020 410 -0.51145197 2.98709640
1890 435 -0.65680397 0.90226024
1900 435 -0.78044723 1.27840961
1910 435 -0.91286889 1.66770963
1920 435 -1.06471149 2.09134370
1930 435 -1.21250382 2.51790955
1940 435 -1.33902802 2.96011722
1950 435 -1.46656902 3.40134199
1960 435 -1.41271235 3.80548733
1970 435 -1.33692663 4.20526042
1980 435 -1.16417178 4.60238982
1990 435 -0.96642052 4.99909556
2000 435 -0.93589948 5.38363355
2010 435 -0.94742325 5.76588373
2020 435 -0.96308201 6.14020285
2030 435 -1.01992131 6.44520989
2040 435 -1.07576075 6.75019998
2050 435 -1.11180642 7.04285287
2060 435 -1.11617867 7.31596618
2070 435 -1.12056787 7.58807964
2080 435 -1.14127676 7.90047545
1940 121 -1.15883356 0.84575988
1950 121 -1.24666840 1.21030074
1960 121 -1.33550310 1.57485855
1970 121 -1.34631511 1.94009423
1980 121 -1.34914521 2.30419448
1990 121 -1.35711017 2.66038061
2000 121 -1.37736150 2.99977254
2010 121 -1.39662992 3.33814767
2020 121 -1.42286344 3.67864114
2030 121 -1.45406234 4.02121906
2040 121 -1.48626111 4.36381392
2050 121 -1.48665088 4.69486807
2060 121 -1.41647452 4.99972258
2070 121 -1.34629816 5.30457710
2080 121 -1.27610485 5.61043148
2090 121 -1.27856213 5.87851162
2100 121 -1.28103635 6.14559191
2110 121 -1.28449348 6.41368899
2120 121 -1.28605258 6.67575305
2130 121 -1.28766252 6.93481754
1940 123 -0.68564729 0.85274193
1950 123 -0.75441707 1.22096023
1960 123 -0.82320380 1.58817868
1970 123 -0.89014334 1.94636452
1980 123 -0.94359329 2.21530894
1990 123 -0.99704324 2.48425336
2000 123 -1.05049319 2.75319779
2010 123 -1.12385553 3.02748043
2020 123 -1.20218327 3.30384751
2030 123 -1.21169038 3.62805519
2040 123 -1.15332588 4.00311996
2050 123 -1.08511534 4.36901656
2060 123 -0.97348730 4.70017239
2070 123 -0.86085941 5.03131127
2080 123 -0.75023123 5.36248404
2090 123 -0.67908891 5.66532190
2100 123 -0.63526469 5.94962005
2110 123 -0.59145742 6.23291835
2120 123 -0.54865001 6.51623359
2130 123 -0.60398105 6.79221090
1970 197 -1.53589805 0.90415827
1980 197 -1.46523023 1.23800863
1990 197 -1.44731755 1.52774668
2000 197 -1.43040473 1.81750167
2010 197 -1.41249204 2.10723972
2020 197 -1.39352867 2.39996039
2030 197 -1.37553125 2.69469772
2040 197 -1.35655093 2.98841824
2050 197 -1.33446935 3.28808707
2060 197 -1.28466295 3.63029215
2070 197 -1.23483959 3.97349710
2080 197 -1.18503319 4.31570218
2090 197 -1.12458424 4.63672387
2100 197 -1.03800346 4.90629533
2110 197 -0.95240558 5.17688358
2120 197 -0.86582480 5.44645503
2130 197 -0.80159673 5.69540233
2140 197 -0.75875543 5.92170881
2150 197 -0.71689703 6.14903209
2160 197 -0.67405573 6.37533857
1980 195 -2.13111764 1.42732042
1990 195 -2.08234499 1.70853427
2000 195 -2.03840215 1.99983142
2010 195 -1.99545916 2.29114551
2020 195 -1.95151632 2.58244265
2030 195 -1.92916360 2.89810918
2040 195 -1.90975961 3.21682611
2050 195 -1.88935576 3.53552610
2060 195 -1.81775587 3.86536009
2070 195 -1.71200835 4.20361659
2080 195 -1.60627777 4.54087323
2090 195 -1.52476405 4.86553847
2100 195 -1.46650124 5.17559563
2110 195 -1.40822147 5.48665265
2120 195 -1.34511189 5.72861790
2130 195 -1.28229041 5.95358558
2140 195 -1.21848601 6.17753647
2150 195 -1.22233292 6.36362839
2160 195 -1.22619677 6.54872045
2170 195 -1.23004367 6.73481236
