1730 699 0.00000000 0.00000000
1740 699 0.00000000 0.28117788
1750 699 0.00237216 0.55408697
1760 699 0.01271793 0.74777219
1770 699 0.02306369 0.94145742
1780 699 0.09423928 1.15706826
1790 699 0.22685284 1.39332795
1800 699 0.35946640 1.62958765
1810 699 0.53104106 1.98465826
1820 699 0.70635357 2.35325766
1830 699 0.89929905 2.71772446
1840 699 1.23890258 3.04396278
1850 699 1.57817180 3.36925864
1860 699 1.81435325 3.67913010
1870 699 1.94644401 3.97074977
1880 699 2.07792662 4.26364621
1890 699 2.08463056 4.68038240
1900 699 2.05965349 5.12745527
1910 699 2.03501072 5.57547060
1920 699 1.92507320 5.92959874
1620 690 -0.07241679 0.86073272
1630 690 -0.09645496 1.05918716
1640 690 -0.11955066 1.25730730
1650 690 -0.12793681 1.49689585
1660 690 -0.13091357 1.75472552
1670 690 -0.13328218 2.01127841
1680 690 -0.13462652 2.07329610
1690 690 -0.13630517 2.13437131
1700 690 -0.13670706 2.19605469
1710 690 -0.11079819 2.40968458
1720 690 -0.07319210 2.68919447
1730 690 -0.03497786 2.96742760
1740 690 0.02664150 3.27873943
1750 690 0.09503948 3.59719620
1760 690 0.16282931 3.91692974
1770 690 0.30176983 4.40135263
1780 690 0.44071034 4.88577552
1790 690 0.59856416 5.33378017
1800 690 0.76371584 5.76646357
1810 690 0.91829414 6.14241775
1620 692 -0.44043650 0.45438496
1630 692 -0.37611422 0.51008636
1640 692 -0.31179195 0.56578775
1650 692 -0.24780399 0.62054668
1660 692 -0.17661773 0.73747622
1670 692 -0.09385873 0.94685613
1680 692 -0.01143404 1.15529358
1690 692 0.09816562 1.39547250
1700 692 0.24788934 1.68295956
1710 692 0.38417674 1.96248012
1720 692 0.48760237 2.22713110
1730 692 0.59069369 2.49083961
1740 692 0.70408099 2.84639034
1750 692 0.82074735 3.24109777
1760 692 0.94467958 3.63534998
1770 692 1.07426658 4.02759634
1780 692 1.20385359 4.41984270
1790 692 1.26773842 4.86616515
1800 692 1.31639089 5.32637917
1810 692 1.48072459 5.73282650
1670 694 0.60663022 0.46282802
1680 694 0.63312946 0.55847210
1690 694 0.65962870 0.65411618
1700 694 0.68612794 0.74976026
1710 694 0.66765565 0.92501942
1720 694 0.64425765 1.10733106
1730 694 0.55552023 1.36268899
1740 694 0.42248345 1.66665315
1750 694 0.44898269 2.04347512
1760 694 0.58017722 2.47016586
1770 694 0.71197990 2.89557984
1780 694 0.90915402 3.23308150
1790 694 1.10538567 3.57091746
1800 694 1.29261591 3.93422840
1810 694 1.47558905 4.30647675
1820 694 1.65424464 4.68450079
1830 694 1.81684633 5.08307411
1840 694 1.97911372 5.48070496
1850 694 2.00013600 5.90191164
1860 694 1.98549758 6.32727938
1730 697 -1.61496701 -0.18261038
1740 697 -1.57976865 -0.12824978
1750 697 -1.54551276 -0.07355486
1760 697 -1.51125686 -0.01885995
1770 697 -1.47605850 0.03550066
1780 697 -1.38759849 0.09643362
1790 697 -1.21930644 0.16406340
1800 697 -1.05101440 0.23169319
1810 697 -0.84187633 0.41746527
1820 697 -0.60593316 0.68179616
1830 697 -0.37087199 0.94962307
1840 697 -0.14347501 1.24669480
1850 697 0.08392196 1.54376653
1860 697 0.30417400 1.84761689
1870 697 0.49307933 2.18274638
1880 697 0.68292712 2.51754157
1890 697 0.97990283 2.89709845
1900 697 1.32217371 3.29666402
1910 697 1.64422963 3.68111816
1920 697 1.91974561 4.03008943
1760 114 1.23070136 -0.39516978
1770 114 1.33320587 -0.32754710
1780 114 1.36601784 -0.13334264
1790 114 1.39086332 0.07429816
1800 114 1.41510065 0.28321574
1810 114 1.45277431 0.50009980
1820 114 1.51932649 0.73857161
1830 114 1.58682113 0.97670912
1840 114 1.64233759 1.21697340
1850 114 1.68149785 1.46197845
1860 114 1.72032381 1.70604103
1870 114 1.76030561 1.94438837
1880 114 1.79952989 2.15966135
1890 114 1.83814602 2.37621110
1900 114 1.87770461 2.59242655
1910 114 1.96270774 2.85300181
1920 114 2.05898843 3.12443141
1930 114 2.15526912 3.39586102
1940 114 2.25154980 3.66729062
1950 114 2.38631503 3.96645000
1870 202 -0.19302016 -2.76665434
1880 202 -0.18795931 -2.33660273
1890 202 -0.18195599 -1.90688542
1900 202 -0.17656083 -1.47589135
1910 202 -0.02101517 -1.04934997
1920 202 0.17247089 -0.62353411
1930 202 0.36595695 -0.19771826
1940 202 0.55944301 0.22809760
1950 202 0.75727863 0.63327172
1960 202 0.95925042 1.02318504
1970 202 1.16122221 1.41309836
1980 202 1.36225154 1.80334598
1990 202 1.55379577 2.19377499
2000 202 1.69913082 2.58255735
2010 202 1.84413155 2.97039725
2020 202 1.98946660 3.35917961
2030 202 2.10284323 3.81341164
2040 202 2.20925629 4.28390740
2050 202 2.31472689 4.75473747
2060 202 2.36699985 5.18926312
