4250 331 0.00000000 0.00000000
4260 331 0.00000000 0.52566910
4270 331 0.00000000 1.05133819
4280 331 -0.01496379 1.56972134
4290 331 -0.05243222 2.07667905
4300 331 -0.09089368 2.58375470
4310 331 0.01007858 3.12864882
4320 331 0.16949066 3.69077050
4330 331 0.33001369 4.25376727
4340 331 0.49251136 4.85882471
4350 331 0.65842942 5.49267974
4360 331 0.80687642 6.12357473
4370 331 0.88841821 6.74227573
4380 331 0.97095302 7.36085880
4390 331 1.07732032 7.97661118
4400 331 1.24426184 8.58516892
4410 331 1.41120337 9.19372667
4420 331 1.52600563 9.82962481
4430 331 1.58954370 10.49175237
4440 331 1.65208875 11.15399788
4120 325 1.17464390 -0.12340463
4130 325 1.11672153 0.21982270
4140 325 1.05780614 0.56316797
4150 325 0.99988377 0.90639530
4160 325 0.92935651 1.26219708
4170 325 0.82900821 1.64671655
4180 325 0.72965294 2.03111806
4190 325 0.62930464 2.41563753
4200 325 0.59271127 2.92148427
4210 325 0.55711093 3.42721307
4220 325 0.52151059 3.93294186
4230 325 0.41482370 4.50149345
4240 325 0.30801887 5.06905202
4250 325 0.20185322 5.63351358
4260 325 0.09867805 6.15532474
4270 325 -0.00449713 6.67713590
4280 325 -0.10755435 7.19994007
4290 325 -0.28162584 7.69291180
4300 325 -0.46399532 8.18384802
4310 325 -0.64636480 8.67478424
