350 46 0.00000000 0.00000000
360 46 0.00000000 0.48931074
370 46 -0.05747677 0.89639970
380 46 -0.15566182 1.15763656
390 46 -0.19740217 1.33266439
400 46 -0.15103695 1.37755611
410 46 -0.10467173 1.42244783
420 46 -0.05915873 1.46681636
430 46 -0.01331669 1.51256030
440 46 0.03304853 1.55745202
450 46 0.07856153 1.60182055
460 46 0.12492675 1.64671227
470 46 0.17129197 1.69160399
480 46 0.55000019 1.85838553
490 46 0.93008382 2.02483804
500 46 1.32356997 2.10447251
510 46 1.71750369 2.17382108
520 46 2.13532611 2.22145952
530 46 2.60904349 2.22010046
540 46 3.08276087 2.21874141
390 51 0.12631033 0.43073855
400 51 0.36411831 0.67412377
410 51 0.60630592 0.90846361
420 51 0.73119997 1.05671500
430 51 0.73912950 1.12025336
440 51 0.74620680 1.18326853
450 51 0.75328410 1.24628370
460 51 0.77529670 1.30790712
470 51 0.85705047 1.36396352
480 51 0.93795203 1.41949674
490 51 1.01970580 1.47555314
500 51 1.10060736 1.53108636
510 51 1.26760962 1.60310195
520 51 1.52123577 1.69074768
530 51 1.77400970 1.77787024
540 51 2.04857960 1.84669153
550 51 2.41137973 1.84060338
560 51 2.77555527 1.83418619
570 51 3.13835540 1.82809803
580 51 3.49454214 1.76397314
