2380 460 0.00000000 0.00000000
2390 460 -0.00000000 0.41023895
2400 460 0.03547688 0.77524086
2410 460 0.07198731 1.14120806
2420 460 0.11515240 1.49694219
2430 460 0.19303384 1.81446933
2440 460 0.27091528 2.13199646
2450 460 0.27160756 2.53320653
2460 460 0.23844640 2.96859181
2470 460 0.20531936 3.40497650
2480 460 0.21197402 3.80498239
2490 460 0.23607217 4.18838333
2500 460 0.29476479 4.58861349
2510 460 0.40634854 5.01405334
2520 460 0.51793229 5.43949319
2530 460 0.59339562 5.77411280
2540 460 0.65353618 6.07023290
2550 460 0.70963519 6.39450732
2560 460 0.75695883 6.78411927
2570 460 0.80428247 7.17373123
2490 463 0.01640995 0.59778818
2500 463 0.06399685 1.02441271
2510 463 0.11158375 1.45103724
2520 463 0.08924555 1.88105003
2530 463 0.02189943 2.31159910
2540 463 -0.04544668 2.74214817
2550 463 -0.04824505 3.07043489
2560 463 -0.02352775 3.35475699
2570 463 0.00218897 3.63904496
2580 463 0.01021356 3.75683972
2590 463 0.00742007 3.76293860
2600 463 0.00562599 3.76900336
2610 463 0.00283250 3.77510225
2620 463 0.00003900 3.78120113
2630 463 -0.00275449 3.78730002
2640 463 -0.00554799 3.79339890
2650 463 -0.00734206 3.79946366
2660 463 -0.01013556 3.80556254
2670 463 -0.01292905 3.81166143
2680 463 -0.01572254 3.81776031
2510 470 0.79817384 1.45660960
2520 470 0.74201632 1.92179702
2530 470 0.71109288 2.36410996
2540 470 0.69571648 2.79288446
2550 470 0.68030595 3.22065953
2560 470 0.68527866 3.60071120
2570 470 0.71980975 3.90871218
2580 470 0.75334143 4.21674729
2590 470 0.76365249 4.40150302
2600 470 0.73673647 4.40442327
2610 470 0.70978632 4.40634411
2620 470 0.68287030 4.40926435
2630 470 0.65592016 4.41118519
2640 470 0.63000356 4.41407131
2650 470 0.60305341 4.41599214
2660 470 0.57613739 4.41891239
2670 470 0.54918724 4.42083322
2680 470 0.52227122 4.42375347
2690 470 0.49532107 4.42567430
2700 470 0.46840505 4.42859455
