210 38 0.00000000 0.00000000
220 38 0.00000000 0.26563132
230 38 0.02782804 0.54833895
240 38 0.00980306 0.78835582
250 38 -0.05439118 0.98789554
260 38 -0.11985032 1.18680281
270 38 -0.28555367 1.44231484
280 38 -0.45252193 1.69719442
290 38 -0.52430564 2.01626824
300 38 -0.59577311 2.33629074
310 38 -0.62107133 2.67149217
320 38 -0.61569546 3.01649666
330 38 -0.61885774 3.33904898
340 38 -0.64573710 3.60626144
350 38 -0.67135155 3.87410636
360 38 -0.69348749 4.12392630
370 38 -0.71625589 4.37184887
380 38 -0.69854714 4.63052318
390 38 -0.64130991 4.90026546
400 38 -0.60083276 5.17981081
200 16 -1.49417619 -0.33362029
210 16 -1.37685569 -0.17139545
220 16 -1.26048388 -0.00885438
230 16 -1.14347960 0.15242178
240 16 -1.00180956 0.33393652
250 16 -0.86013952 0.51545126
260 16 -0.71783703 0.69570109
270 16 -0.55592841 0.91579561
280 16 -0.38105446 1.16213704
290 16 -0.20554805 1.40721356
300 16 -0.03257146 1.65734972
310 16 0.11826918 1.94859549
320 16 0.26879360 2.23889258
330 16 0.44430001 2.53140327
340 16 0.67704365 2.82802491
350 16 0.90978728 3.12464656
360 16 1.12893312 3.42158443
370 16 1.23265583 3.71377888
380 16 1.33637854 4.00597334
390 16 1.44041747 4.29911648
200 19 -0.93666664 -0.34026108
210 19 -0.81428650 0.01739253
220 19 -0.72511027 0.39243866
230 19 -0.63656649 0.76874970
240 19 -0.54707404 1.14474451
250 19 -0.43955659 1.50840644
260 19 -0.32097118 1.86416268
270 19 -0.20270200 2.21897023
280 19 -0.08411659 2.57472647
290 19 -0.02150349 2.91751737
300 19 -0.01359779 3.24797538
310 19 -0.00569210 3.57843340
320 19 0.03573374 3.84185113
330 19 0.15590029 3.94936857
340 19 0.27511816 4.05720224
350 19 0.38548165 4.11317455
360 19 0.47244428 4.04834786
370 19 0.56035560 3.98320494
380 19 0.64731824 3.91837825
390 19 0.74313525 3.93071113
200 22 -1.65197385 -1.10426736
210 22 -1.46951043 -0.81934614
220 22 -1.26870580 -0.58059418
230 22 -1.06790117 -0.34184222
240 22 -0.87626714 -0.14008890
250 22 -0.68906030 0.04522057
260 22 -0.50058855 0.23116250
270 22 -0.30958698 0.41520706
280 22 -0.10814990 0.59577311
290 22 0.09233851 0.77665539
300 22 0.29282691 0.95753768
310 22 0.45062457 1.24751854
320 22 0.60273012 1.54888360
330 22 0.75483568 1.85024866
340 22 0.91073597 2.18513386
350 22 1.06884985 2.55195807
360 22 1.22696373 2.91878228
370 22 1.33574608 3.17872150
380 22 1.42270872 3.39217525
390 22 1.50967135 3.60562899
200 25 -0.68621425 -1.16688046
210 25 -0.61474678 -0.86393426
220 25 -0.54359553 -0.56193674
230 25 -0.47212805 -0.25899054
240 25 -0.30041638 -0.00000000
250 25 -0.11573936 0.25361467
260 25 0.06798897 0.50754556
270 25 0.25329844 0.75673304
280 25 0.44682983 0.96101618
290 25 0.64004500 1.16435063
300 25 0.83452507 1.36831754
310 25 1.02362928 1.59726645
320 25 1.20356288 1.88408503
330 25 1.38286402 2.17216852
340 25 1.56279762 2.45898711
350 25 1.70636503 2.75371139
360 25 1.79554126 3.05918741
370 25 1.88566617 3.36434720
380 25 1.97484240 3.66982322
390 25 2.06876205 3.95474444
390 141 -1.73229570 -0.55150122
400 141 -1.67822075 -0.16791694
410 141 -1.61371029 0.21218883
420 141 -1.54983228 0.59355952
430 141 -1.44421221 0.94204251
440 141 -1.31076409 1.26965448
450 141 -1.17731597 1.59726645
460 141 -1.08149896 1.97326126
470 141 -1.02426173 2.39795515
480 141 -0.96417846 2.80588897
490 141 -0.88891625 3.06962292
500 141 -0.80669703 3.34157880
510 141 -0.65712130 3.69227540
520 141 -0.50722934 4.04392067
530 141 -0.35860229 4.39493349
540 141 -0.17582264 4.67131656
550 141 0.00664078 4.94675094
560 141 0.15368669 5.18234063
570 141 0.26405018 5.37745316
580 141 0.36967026 5.56149772
390 143 -2.21738910 -0.26752869
400 143 -2.17374966 0.10372271
410 143 -2.12346945 0.45694912
420 143 -2.07318923 0.81017554
430 143 -2.01089236 1.17099142
440 143 -1.93657884 1.53939676
450 143 -1.86194909 1.90875080
460 143 -1.77467022 2.25913116
470 143 -1.66746901 2.58073480
480 143 -1.55995157 2.90328712
490 143 -1.44832317 3.21603638
500 143 -1.32752416 3.50886329
510 143 -1.20609270 3.80042529
520 143 -1.08624238 4.09673071
530 143 -0.96734074 4.42497513
540 143 -0.84970401 4.75258710
550 143 -0.72005062 5.05932803
560 143 -0.54422799 5.28005501
570 143 -0.36840535 5.50078199
580 143 -0.22673531 5.71391950
