2560 566 0.00000000 0.00000000
2570 566 -0.00000000 0.12780063
2580 566 0.00060250 0.25480313
2590 566 0.01584499 0.36905140
2600 566 0.04191685 0.47393352
2610 566 0.06738621 0.57961375
2620 566 0.09345807 0.68449586
2630 566 0.15780048 0.76689765
2640 566 0.22694725 0.84791447
2650 566 0.29529589 0.92832879
2660 566 0.35844895 1.00732683
2670 566 0.40121087 1.08346105
2680 566 0.44317467 1.15899276
2690 566 0.48593659 1.23512697
2700 566 0.56842445 1.33498564
2710 566 0.67726585 1.44972686
2720 566 0.78630288 1.56586870
2730 566 0.88219443 1.66456931
2740 566 0.95775744 1.74040619
2750 566 1.03312483 1.81484244
2520 562 0.80684268 -0.45967693
2530 562 0.67735975 -0.24168113
2540 562 0.50468454 -0.02622053
2550 562 0.33121121 0.18863757
2560 562 0.27589067 0.35486524
2570 562 0.27043686 0.49984888
2580 562 0.27662619 0.63106890
2590 562 0.29927866 0.74214034
2600 562 0.32113301 0.85260928
2610 562 0.36961478 0.95436152
2620 562 0.47576449 1.03449415
2630 562 0.58271233 1.11522928
2640 562 0.70067732 1.25439918
2650 562 0.82079410 1.40897588
2660 562 0.94170900 1.56415509
2670 562 0.97217834 1.66985098
2680 562 0.99206087 1.77131370
2690 562 1.01254590 1.87197831
2700 562 1.03268665 1.95484176
2710 562 1.05328123 2.02050654
2570 569 -0.17670492 3.35606337
2580 569 0.01971039 3.35147811
2590 569 0.21612570 3.34689284
2600 569 0.41254102 3.34230757
2610 569 0.57279062 3.26280874
2620 569 0.70679623 3.13342753
2630 569 0.84530885 2.96986026
2640 569 0.99505772 2.66692747
2650 569 1.13575344 2.38096643
2660 569 1.25552593 2.13434009
2670 569 1.31718447 1.86013173
2680 569 1.32012655 1.55913947
2690 569 1.32298257 1.34954738
2700 569 1.32495439 1.23075297
2710 569 1.31234881 1.10471290
2720 569 1.15714613 0.91362620
2730 569 1.00194345 0.72253950
2740 569 0.85760926 0.57348702
2750 569 0.71998865 0.45205569
2760 569 0.58236804 0.33062436
2710 237 1.80434953 1.61645531
2720 237 1.80812886 1.49526654
2730 237 1.70612623 1.36814666
2740 237 1.49834164 1.23509567
2750 237 1.29055706 1.10204468
2760 237 1.09480684 0.95803130
2770 237 0.95020661 0.76617778
2780 237 0.80560638 0.57432426
2790 237 0.66100615 0.38247074
2800 237 0.64360405 0.19141534
2810 237 0.62620194 0.00035994
2820 237 0.60879983 -0.19069547
2830 237 0.58311921 -0.42057697
2840 237 0.53571725 -0.73952689
2850 237 0.48831529 -1.05847682
2860 237 0.45218871 -1.33759126
2870 237 0.42318259 -1.59128329
2880 237 0.39437209 -1.84357469
2890 237 0.36616409 -2.09666422
2900 237 0.33715797 -2.35035625
