2210 209 0.00000000 0.00000000
2220 209 -0.00000000 0.33553837
2230 209 0.01783701 0.69212054
2240 209 0.03573064 1.04770431
2250 209 0.05256925 1.40422985
2260 209 0.04115476 1.72910476
2270 209 0.01744063 2.04126280
2280 209 -0.00727190 2.35336421
2290 209 -0.03098602 2.66552225
2300 209 0.01879070 2.93577450
2310 209 0.06851079 3.20702514
2320 209 0.11823089 3.47827579
2330 209 0.14227583 3.74306219
2340 209 0.15556492 4.00323214
2350 209 0.16879739 4.26440048
2360 209 0.16786754 4.49271416
2370 209 0.13141865 4.64088797
2380 209 0.09596816 4.78911841
2390 209 0.06046104 4.93834724
2400 209 -0.00423499 5.00178559
2060 201 0.48424268 1.35158908
2070 201 0.38478758 1.78064581
2080 201 0.28633089 2.20975918
2090 201 0.19098263 2.63704563
2100 201 0.10784161 3.06101800
2110 201 0.02375883 3.48393535
2120 201 -0.05154403 3.89332817
2130 201 -0.05408025 4.16762466
2140 201 -0.05667310 4.44291955
2150 201 -0.05926595 4.71821444
2160 201 -0.10976092 4.97276357
2170 201 -0.20921303 5.20750870
2180 201 -0.30866514 5.44225384
2190 201 -0.40905903 5.67594395
2200 201 -0.49613997 5.95746466
2210 201 -0.58350405 6.24397734
2220 201 -0.66986973 6.53054665
2230 201 -0.77717191 6.88604101
2240 201 -0.90435558 7.30951866
2250 201 -1.03253764 7.73293968
2210 205 -0.62730828 0.42916701
2220 205 -0.65796945 0.70487318
2230 205 -0.66502379 0.95287164
2240 205 -0.67202150 1.19987170
2250 205 -0.67907583 1.44787016
2260 205 -0.66222530 1.69822603
2270 205 -0.64537477 1.94858190
2280 205 -0.62758247 2.19999278
2290 205 -0.60253913 2.46483582
2300 205 -0.54683462 2.78951105
2310 205 -0.49113012 3.11418628
2320 205 -0.43636738 3.43780650
2330 205 -0.38066287 3.76248173
2340 205 -0.40256498 4.04269111
2350 205 -0.42441047 4.32190210
2360 205 -0.44631259 4.60211148
2370 205 -0.46913561 4.86323810
2380 205 -0.50269660 4.96049374
2390 205 -0.53725599 5.05769276
2400 205 -0.57087360 5.15594679
2210 207 0.65529018 0.17238267
2220 207 0.63157605 0.48454071
2230 207 0.60880369 0.79775376
2240 207 0.58608796 1.10996843
2250 207 0.57196141 1.42968149
2260 207 0.57489997 1.76638813
2270 207 0.57883692 2.10315140
2280 207 0.58283051 2.43891628
2290 207 0.58793573 2.77274099
2300 207 0.60677710 3.07629494
2310 207 0.62661685 3.37990552
2320 207 0.64545822 3.68345947
2330 207 0.66429958 3.98701343
2340 207 0.67309142 4.20285759
2350 207 0.67083534 4.33093534
2360 207 0.66857927 4.45901309
2370 207 0.66632319 4.58709084
2380 207 0.66506551 4.71522522
2390 207 0.56299671 4.76652785
2400 207 0.45045518 4.80822203
2230 211 -1.03129784 0.38221560
2240 211 -1.03991683 0.64014139
2250 211 -1.05509244 0.90771138
2260 211 -1.07026805 1.17528137
2270 211 -1.08544366 1.44285136
2280 211 -1.10067590 1.71141975
2290 211 -1.11184302 2.01427334
2300 211 -1.12005669 2.35335229
2310 211 -1.12727196 2.69248787
2320 211 -1.13448723 3.03162345
2330 211 -1.12094184 3.35791400
2340 211 -1.07525705 3.66499363
2350 211 -1.02962888 3.97307165
2360 211 -0.98499911 4.28109306
2370 211 -0.99862498 4.50367863
2380 211 -1.05206745 4.66891755
2390 211 -1.10451152 4.83421310
2400 211 -1.15801062 5.00045042
2410 211 -1.21145309 5.16568934
2420 211 -1.26489556 5.33092827
2390 216 0.92301216 2.35704785
2400 216 1.08201335 2.43217189
2410 216 1.08235310 2.42618152
2420 216 1.08269286 2.42019114
2430 216 1.08303261 2.41420077
2440 216 1.08337236 2.40821040
2450 216 1.08371211 2.40222003
2460 216 1.08405187 2.39622965
2470 216 1.08439162 2.39023928
2480 216 1.08473137 2.38424891
2490 216 1.08507112 2.37825853
2500 216 1.08541088 2.37226816
2510 216 1.08575063 2.36627779
2520 216 1.08609038 2.36028742
2530 216 1.08643013 2.35429704
2540 216 1.08676989 2.34830667
2550 216 1.08710964 2.34231630
2560 216 1.08744939 2.33632592
2570 216 1.08778914 2.33033555
2580 216 1.08818552 2.32334678
