3050 667 0.00000000 0.00000000
3060 667 0.00000000 0.15900000
3070 667 0.00000000 0.31800000
3080 667 0.00000000 0.47700000
3090 667 0.00000000 0.64900000
3100 667 0.00000000 0.82100000
3110 667 -0.00400000 0.95200000
3120 667 -0.01100000 1.04200000
3130 667 -0.01800000 1.13300000
3140 667 -0.00300000 1.26600000
3150 667 0.02700000 1.42800000
3160 667 0.05700000 1.59000000
3170 667 0.06300000 1.85800000
3180 667 0.06300000 2.15100000
3190 667 0.05500000 2.42100000
3200 667 0.01200000 2.59600000
3210 667 -0.03000000 2.77100000
3220 667 -0.07700000 2.94700000
3230 667 -0.14500000 3.12600000
3240 667 -0.21200000 3.30500000
3040 665 0.65300000 -0.39900000
3050 665 0.61300000 -0.33900000
3060 665 0.57200000 -0.27800000
3070 665 0.53200000 -0.21700000
3080 665 0.49200000 -0.15600000
3090 665 0.39500000 -0.00300000
3100 665 0.28500000 0.17300000
3110 665 0.29200000 0.39500000
3120 665 0.31300000 0.62100000
3130 665 0.36900000 0.91000000
3140 665 0.42700000 1.20600000
3150 665 0.47300000 1.47600000
3160 665 0.49800000 1.70500000
3170 665 0.52300000 1.93400000
3180 665 0.53400000 2.10600000
3190 665 0.54300000 2.27200000
3200 665 0.54700000 2.44700000
3210 665 0.54700000 2.62900000
3220 665 0.53700000 2.81700000
3230 665 0.43100000 3.06800000
