540 531 0.00000000 0.00000000
550 531 0.00000000 0.29684508
560 531 0.00099042 0.59355204
570 531 0.03683403 0.82885659
580 531 0.09656552 1.02549115
590 531 0.15615890 1.22113529
600 531 0.21338066 1.40701339
610 531 0.26475426 1.56543610
620 531 0.31626598 1.72484922
630 531 0.39622352 1.87827605
640 531 0.51962122 2.02463522
650 531 0.64301892 2.17099440
660 531 0.77252081 2.31044424
670 531 0.91706422 2.43467066
680 531 1.06160763 2.55889707
690 531 1.22909230 2.67386614
700 531 1.44812575 2.76751094
710 531 1.66630690 2.86228428
720 531 1.89202059 2.94591040
730 531 2.14671237 2.99116633
400 54 -1.30771581 3.43049987
410 54 -1.06052963 3.13957034
420 54 -0.81235304 2.84850268
430 54 -0.56516686 2.55757315
440 54 -0.31003714 2.30188422
450 54 -0.04781619 2.08256443
460 54 0.21440477 1.86324464
470 54 0.46531343 1.68588950
480 54 0.70806631 1.53693302
490 54 0.94840043 1.39235255
500 54 1.16906099 1.29494147
510 54 1.38972155 1.19753039
520 54 1.59683969 1.08989175
530 54 1.74780732 0.94161912
540 54 1.89778454 0.79348461
550 54 2.04875218 0.64521198
560 54 2.15501300 0.50216430
570 54 2.23312782 0.36001271
580 54 2.30818044 0.20314300
590 54 2.37538384 -0.01725142
450 151 0.65164968 0.17668812
460 151 0.68899239 0.38654170
470 151 0.72534469 0.59653339
480 151 0.69559516 0.78141434
490 151 0.62107144 0.94931674
500 151 0.54654772 1.11721913
510 151 0.52526389 1.43520655
520 151 0.50398006 1.75319397
530 151 0.48670169 2.09990344
540 151 0.47197683 2.48664390
550 151 0.45838052 2.87423665
560 151 0.47746118 3.34410464
570 151 0.49976574 3.82261013
580 151 0.52319884 4.30196792
590 151 0.89488767 4.46216596
600 151 1.29060250 4.58468441
610 151 1.73824004 4.61615874
620 151 2.18587758 4.64763307
630 151 2.63016320 4.83607481
640 151 3.07332029 5.02366424
490 154 0.95336599 0.03061530
500 154 0.98783851 0.12576594
510 154 1.02132062 0.22105470
520 154 1.05579315 0.31620534
530 154 1.08344731 0.42038427
540 154 1.08707546 0.56224277
550 154 1.09056550 0.70311087
560 154 1.09320324 0.84510750
570 154 1.07483339 1.01022730
580 154 1.00663957 1.23075984
590 154 0.93745533 1.45143050
600 154 0.87349941 1.67339140
610 154 0.85404145 1.91035002
620 154 0.83345495 2.14645635
630 154 0.81286846 2.38256267
640 154 0.86414099 2.65610266
650 154 0.92303703 2.93362790
660 154 0.98108078 3.21228167
670 154 1.00499561 3.41996913
680 154 1.01373418 3.59847301
500 155 1.32942073 0.02663679
510 155 1.34279808 0.08636155
520 155 1.35617543 0.14608630
530 155 1.36955278 0.20581106
540 155 1.38293012 0.26553582
550 155 1.40062959 0.42865457
560 155 1.41980121 0.61680996
570 155 1.43897283 0.80496534
580 155 1.42771443 1.04279984
590 155 1.41417538 1.28600078
600 155 1.39950780 1.52834941
610 155 1.36578987 1.80061601
620 155 1.32682005 2.07866341
630 155 1.28685981 2.35684892
640 155 1.29866058 2.55007092
650 155 1.32241708 2.72042241
660 155 1.34617358 2.89077389
670 155 1.36414928 3.05587348
680 155 1.35886370 3.19897506
690 155 1.35443041 3.34094811
530 150 1.42553821 0.88963240
540 150 1.41728475 0.98973176
550 150 1.39933262 1.11440622
560 150 1.34115749 1.34161901
570 150 1.28199195 1.56896993
580 150 1.22381682 1.79618272
590 150 1.23572876 2.04088276
600 150 1.25584026 2.28645867
610 150 1.27608988 2.53302499
620 150 1.30728124 2.76392995
630 150 1.33932489 2.99370637
640 150 1.37136854 3.22348280
650 150 1.41589682 3.44142139
660 150 1.47915203 3.64160325
670 150 1.54240725 3.84178512
680 150 1.56720133 3.99785642
690 150 1.53563941 4.09009983
700 150 1.50308708 4.18248135
710 150 1.46654950 4.28248638
720 150 1.39045930 4.45363626
560 534 -0.40045131 0.95849661
570 534 -0.34493077 1.10321520
580 534 -0.28941022 1.24793378
590 534 -0.22728017 1.40384676
600 534 -0.15236904 1.58624830
610 534 -0.07745791 1.76864984
620 534 -0.00328454 1.96024137
630 534 0.06911349 2.17530304
640 534 0.14151153 2.39036472
650 534 0.23001224 2.56885176
660 534 0.35640813 2.66430896
670 534 0.48280403 2.75976616
680 534 0.61682343 2.85920861
690 534 0.82539688 2.99368953
700 534 1.03397032 3.12817045
710 534 1.25463762 3.24077127
720 534 1.50177326 3.30424546
730 534 1.74989932 3.36758153
740 534 1.99475432 3.43642215
750 534 2.21682639 3.55185610
710 381 0.17967622 -0.27545682
720 381 0.24005114 -0.05972813
730 381 0.30028795 0.15501015
740 381 0.34838711 0.36235400
750 381 0.28856130 0.49084863
760 381 0.22873548 0.61934327
770 381 0.16665259 0.74613331
780 381 0.08978421 0.85378205
790 381 0.01277771 0.96044038
800 381 -0.05655812 1.05694190
810 381 -0.05416293 1.05963691
820 381 -0.05190586 1.06134150
830 381 -0.04852026 1.06389839
840 381 -0.04612507 1.06659340
850 381 -0.04386800 1.06829799
860 381 -0.04147281 1.07099300
870 381 -0.03822533 1.07255947
880 381 -0.03583014 1.07525448
890 381 -0.03357307 1.07695907
900 381 -0.03117788 1.07965408
