1150 71 0.00000000 0.00000000
1160 71 -0.00000000 0.06987131
1170 71 -0.00098753 0.13990005
1180 71 -0.00197506 0.20992880
1190 71 -0.00312002 0.27897001
1200 71 0.03042737 0.46399588
1210 71 0.07150288 0.67718782
1220 71 0.11356593 0.89022232
1230 71 0.13728095 1.07073990
1240 71 0.14963223 1.23079129
1250 71 0.16182608 1.38985514
1260 71 0.17401992 1.54891900
1270 71 0.18499725 1.62412870
1280 71 0.19554521 1.69029319
1290 71 0.20609317 1.75645769
1300 71 0.21664114 1.82262218
1310 71 0.22718910 1.88878668
1320 71 0.23757963 1.95396364
1330 71 0.22097768 2.04673420
1340 71 0.18501156 2.15778120
960 536 1.02000377 -1.49725259
970 536 1.12637075 -1.14763842
980 536 1.19637087 -0.81652970
990 536 1.26637098 -0.48542098
1000 536 1.33589881 -0.15727485
1010 536 1.40692939 0.16759382
1020 536 1.47697245 0.49261993
1030 536 1.49048300 0.83779737
1040 536 1.49708084 1.18407684
1050 536 1.50482365 1.53118640
1060 536 1.50269116 1.80999898
1070 536 1.50044417 2.08174141
1080 536 1.49803975 2.35249632
1090 536 1.49378908 2.60531825
1100 536 1.48183853 2.78443326
1110 536 1.47004542 2.96453579
1120 536 1.46950157 3.15803438
1130 536 1.51509968 3.40594729
1140 536 1.55986770 3.65500517
1150 536 1.60447828 3.90307551
1120 68 -0.49767208 -0.13635067
1130 68 -0.50346845 -0.08378260
1140 68 -0.50811985 -0.03038443
1150 68 -0.51018079 0.05196697
1160 68 -0.51023803 0.15323886
1170 68 -0.51112538 0.25565572
1180 68 -0.51118263 0.35692761
1190 68 -0.51152612 0.47545981
1200 68 -0.51202704 0.66287579
1210 68 -0.51268539 0.84930424
1220 68 -0.46737352 1.04460614
1230 68 -0.41025422 1.24410147
1240 68 -0.35427989 1.44276670
1250 68 -0.29731803 1.64127450
1260 68 -0.30567625 1.75399602
1270 68 -0.32153397 1.85778683
1280 68 -0.33656160 1.96043268
1290 68 -0.35123143 2.05897098
1300 68 -0.36165058 2.11430127
1310 68 -0.37206974 2.16963156
1150 74 0.59608157 0.44875357
1160 74 0.59807094 0.49299204
1170 74 0.60021774 0.53821804
1180 74 0.60236454 0.58344405
1190 74 0.60435392 0.62768252
1200 74 0.60748825 0.67275109
1210 74 0.60963505 0.71797709
1220 74 0.61162443 0.76221556
1230 74 0.61377123 0.80744156
1240 74 0.61710593 0.91728636
1250 74 0.62074119 1.12429550
1260 74 0.62552140 1.33213474
1270 74 0.62915666 1.53914389
1280 74 0.63269173 1.71376491
1290 74 0.63223374 1.75535566
1300 74 0.63193319 1.79793394
1310 74 0.63147521 1.83952468
1320 74 0.63018712 1.88226039
1330 74 0.62972914 1.92385114
1340 74 0.62942859 1.96642942
1260 86 0.78166560 -3.22730458
1270 86 0.87167394 -2.79609756
1280 86 0.95491268 -2.33748300
1290 86 1.03268423 -1.84964329
1300 86 1.11029834 -1.36279110
1310 86 1.15420764 -0.92220970
1320 86 1.17400117 -0.51221309
1330 86 1.19379470 -0.10221649
1340 86 1.20616029 0.24213085
1350 86 1.20704764 0.48907055
1360 86 1.20793498 0.73601024
1370 86 1.23248011 0.91538286
1380 86 1.25971589 1.08622552
1390 86 1.28695168 1.25706817
1400 86 1.27892263 1.41631808
1410 86 1.23547132 1.56298772
1420 86 1.19202001 1.70965736
1430 86 1.18920054 1.94604909
1440 86 1.21407484 2.24182142
1450 86 1.23879171 2.53660622
1280 88 0.10822754 -1.89365277
1290 88 0.25661462 -1.46466410
1300 88 0.35573971 -1.02073368
1310 88 0.45371984 -0.57763336
1320 88 0.51457458 -0.20861209
1330 88 0.55921379 0.12856493
1340 88 0.60227867 0.45586665
1350 88 0.63081685 0.69839824
1360 88 0.66049999 0.94175993
1370 88 0.67685864 1.13965231
1380 88 0.68371410 1.30969349
1390 88 0.69337472 1.47827484
1400 88 0.71488569 1.64496700
1410 88 0.73556657 1.81280413
1420 88 0.75707754 1.97949630
1430 88 0.77858852 2.14618846
1440 88 0.77896063 2.39624818
1450 88 0.76579357 2.70112295
1460 88 0.75246907 3.00501020
1470 88 0.73930201 3.30988497
