190 142 0.00000000 0.00000000
200 142 -0.00000000 0.26232232
210 142 -0.00000000 0.52464464
220 142 -0.00004956 0.78596819
230 142 0.00085010 1.04624341
240 142 0.00699902 1.29123972
250 142 0.01414672 1.53618647
260 142 0.02029564 1.78118278
270 142 0.02739378 2.02513076
280 142 -0.07727897 2.29665168
290 142 -0.21061875 2.57560240
300 142 -0.34295976 2.85450357
310 142 -0.42671550 3.14401000
320 142 -0.48915014 3.43946713
330 142 -0.55158478 3.73492426
340 142 -0.65048601 4.06222771
350 142 -0.77241616 4.40969719
360 142 -0.89534508 4.75721622
370 142 -0.98192940 5.13096635
380 142 -1.05288791 5.51695714
0 15 -0.39340915 0.78846512
10 15 -0.39396190 1.05982594
20 15 -0.39456421 1.33018799
30 15 -0.39411820 1.60149925
40 15 -0.43676802 1.87194516
50 15 -0.52241456 2.14352327
60 15 -0.60711189 2.41405306
70 15 -0.68351408 2.67015402
80 15 -0.68436037 2.79434856
90 15 -0.68525621 2.91754433
100 15 -0.68610250 3.04173887
110 15 -0.66917295 3.30221995
120 15 -0.64537398 3.62043152
130 15 -0.62152546 3.93964188
140 15 -0.59887393 4.25490670
150 15 -0.57722118 4.57022108
160 15 -0.55561799 4.88453669
170 15 -0.53296646 5.19980151
180 15 -0.49382378 5.48421116
190 15 -0.45373188 5.76757249
0 18 -0.02224363 0.58081600
10 18 -0.00617561 0.74321926
20 18 0.00989241 0.90562252
30 18 0.02596043 1.06802578
40 18 0.07282644 1.26594641
50 18 0.12393532 1.46866267
60 18 0.17499464 1.67038016
70 18 0.18489849 1.89015940
80 18 0.13506666 2.13693215
90 18 0.08423606 2.38375445
100 18 0.03335591 2.62957799
110 18 0.00187556 2.94352382
120 18 -0.01638824 3.30186923
130 18 -0.03465203 3.66021464
140 18 -0.03808292 4.01482038
150 18 -0.00690372 4.36070021
160 18 0.02427548 4.70658004
170 18 0.05540512 5.05146110
180 18 0.08093097 5.42465466
190 18 0.10555716 5.79989532
0 21 -0.01809606 0.18011811
10 21 -0.05387266 0.36712088
20 21 -0.09059847 0.55517197
30 21 -0.12637506 0.74217474
40 21 -0.16310087 0.93022584
50 21 -0.17672152 1.16018339
60 21 -0.18475363 1.40187842
70 21 -0.19383406 1.64262423
80 21 -0.21749198 1.87207859
90 21 -0.27759361 2.07330432
100 21 -0.33869401 2.27457960
110 21 -0.39879565 2.47580533
120 21 -0.41871389 2.72009259
130 21 -0.43438926 2.96917547
140 21 -0.45011419 3.21725958
150 21 -0.46200796 3.50219912
160 21 -0.46917090 3.82194697
170 21 -0.47633385 4.14169483
180 21 -0.45923656 4.48627092
190 21 -0.40629787 4.86711537
0 24 0.46870964 -0.11837346
10 24 0.42788963 0.06787833
20 24 0.38607084 0.25417967
30 24 0.34420251 0.43948224
40 24 0.30238372 0.62578358
50 24 0.28398270 0.81993404
60 24 0.32065514 1.03438014
70 24 0.35732758 1.24882625
80 24 0.39404958 1.46427113
90 24 0.39475101 1.72055126
100 24 0.37077287 2.00408794
110 24 0.34679474 2.28762462
120 24 0.32386493 2.57211052
130 24 0.34750760 2.90735076
140 24 0.38377977 3.25498035
150 24 0.42000238 3.60161117
160 24 0.45627455 3.94924075
170 24 0.49418212 4.32982979
180 24 0.53204012 4.70942006
190 24 0.57089690 5.08896077
50 132 -0.62270340 0.08196024
60 132 -0.61853677 0.28700569
70 132 -0.61437014 0.49205115
80 132 -0.61020351 0.69709661
90 132 -0.59349887 0.89250888
100 132 -0.56430577 1.07728919
110 132 -0.53411391 1.26201994
120 132 -0.50487126 1.44779902
130 132 -0.54975116 1.67330023
140 132 -0.59463106 1.89880144
150 132 -0.63956052 2.12330387
160 132 -0.65341371 2.30821761
170 132 -0.64558364 2.46602347
180 132 -0.63775358 2.62382933
190 132 -0.62992352 2.78163519
200 132 -0.61270806 2.94698521
210 132 -0.55690267 3.14346106
220 132 -0.50209605 3.33998646
230 132 -0.44728942 3.53651186
240 132 -0.36409788 3.67956488
60 137 0.08824640 -0.01739463
70 137 0.09354522 0.23064755
80 137 0.09879449 0.47769096
90 137 0.10484430 0.72068972
100 137 0.11475577 0.92044398
110 137 0.12461768 1.11919946
120 137 0.13447960 1.31795495
130 137 0.12765974 1.52354553
140 137 0.08443048 1.74195623
150 137 0.04025201 1.96141525
160 137 -0.00297725 2.17982594
170 137 -0.02689058 2.42431143
180 137 -0.04651148 2.67459131
190 137 -0.06513361 2.92482164
200 137 -0.08470495 3.17610029
210 137 -0.07825869 3.42708923
220 137 -0.07281119 3.67812772
230 137 -0.06631536 3.93011543
240 137 -0.05306830 4.15673739
250 137 -0.02962005 4.34680890
190 140 0.47070337 0.02270108
200 140 0.51185884 0.26696165
210 140 0.55301432 0.51122222
220 140 0.59421935 0.75648157
230 140 0.63537483 1.00074214
240 140 0.63227940 1.26121559
250 140 0.61055422 1.52962203
260 140 0.58877948 1.79702969
270 140 0.53993880 2.06377787
280 140 0.42987573 2.32755641
290 140 0.31976311 2.59033619
300 140 0.21339778 2.84792387
310 140 0.11957808 3.07585339
320 140 0.02680672 3.30473212
330 140 -0.06701298 3.53266164
340 140 -0.14939636 3.89018364
350 140 -0.23173019 4.24870441
360 140 -0.31411357 4.60622640
370 140 -0.40229897 4.98806581
380 140 -0.49133448 5.37295109
