2900 618 0.00000000 0.00000000
2910 618 -0.00000000 0.29282759
2920 618 -0.00141380 0.58562104
2930 618 0.00554593 0.85386079
2940 618 0.01553815 1.11368603
2950 618 0.02556453 1.37209747
2960 618 0.15405652 1.55768790
2970 618 0.28254851 1.74327833
2980 618 0.41035067 1.92814479
2990 618 0.54915590 2.12600866
3000 618 0.68940907 2.32249287
3010 618 0.82752447 2.51963276
3020 618 0.98481839 2.59628537
3030 618 1.14138833 2.67362781
3040 618 1.29726845 2.75024627
3050 618 1.46266270 2.81365560
3060 618 1.63615728 2.86382164
3070 618 1.81206283 2.90202159
3080 618 1.99968176 2.89452912
3090 618 2.18588689 2.88700251
2720 266 -1.13728353 1.43171616
2730 266 -0.86017850 1.43840952
2740 266 -0.58379744 1.44579271
2750 266 -0.30131040 1.46393307
2760 266 0.02954640 1.58792412
2770 266 0.36040319 1.71191517
2780 266 0.69080921 1.82528563
2790 266 1.01305343 1.83731319
2800 266 1.33457368 1.85003057
2810 266 1.65609392 1.86274795
2820 266 1.93160758 1.84747616
2830 266 2.20784520 1.83151455
2840 266 2.48335886 1.81624277
2850 266 2.78006587 1.74348323
2860 266 3.08066595 1.65596416
2870 266 3.38195586 1.56916906
2880 266 3.71170621 1.53398795
2890 266 4.04076673 1.49808286
2900 266 4.36982725 1.46217777
2910 266 4.73803708 1.32819450
2760 268 -1.27627999 1.15392131
2770 268 -0.93857275 1.08215211
2780 268 -0.60158948 1.01107275
2790 268 -0.26460621 0.93999338
2800 268 0.07981488 0.97094675
2810 268 0.42431110 1.02807251
2820 268 0.76949715 1.08592225
2830 268 1.03295593 1.27689469
2840 268 1.28755625 1.48321404
2850 268 1.57184640 1.69025054
2860 268 1.90206801 1.89910381
2870 268 2.23087582 2.10792293
2880 268 2.58410756 2.21335698
2890 268 2.96176322 2.21540597
2900 268 3.33869491 2.21814478
2910 268 3.74582185 2.17139372
2920 268 4.19641463 2.05283932
2930 268 4.64704156 1.93287112
2940 268 5.09763434 1.81431672
2950 268 5.49836843 1.56370509
2830 615 0.52654874 -0.74481369
2840 615 0.49373079 -0.41104733
2850 615 0.45949905 -0.07731512
2860 615 0.41205816 0.24690296
2870 615 0.33047432 0.54978425
2880 615 0.26302849 0.85300704
2890 615 0.32841167 1.16226751
2900 615 0.39238105 1.47149384
2910 615 0.53467639 1.70056378
2920 615 0.71106687 1.89438431
2930 615 0.88673337 2.08889467
2940 615 1.06815070 2.25030022
2950 615 1.25504566 2.38991138
2960 615 1.44194061 2.52952254
2970 615 1.64860829 2.72902560
2980 615 1.85720885 2.93635578
2990 615 2.06538595 3.10265159
3000 615 2.27233366 3.17343043
3010 615 2.47997120 3.24493326
3020 615 2.58181269 3.30397824
3040 665 -1.48804965 2.13197121
3050 665 -1.47561913 2.20300277
3060 665 -1.46322276 2.27544812
3070 665 -1.45010241 2.34720366
3080 665 -1.43698206 2.41895919
3090 665 -1.40166435 2.59664053
3100 665 -1.35989233 2.79994104
3110 665 -1.20168320 2.95583482
3120 665 -1.03057910 3.10496694
3130 665 -0.79067685 3.27556562
3140 665 -0.54449787 3.44985247
3150 665 -0.32494205 3.61359387
3160 665 -0.14887258 3.76213861
3170 665 0.02719689 3.91068336
3180 665 0.15381064 4.02761906
3190 665 0.27483749 4.14159056
3200 665 0.39845289 4.26552697
3210 665 0.52400116 4.39729050
3220 665 0.64644864 4.54029615
3230 665 0.74285349 4.79513552
