2710 241 0.00000000 0.00000000
2720 241 -0.00000000 0.34036598
2730 241 0.01516015 0.61169451
2740 241 0.04428468 0.81323051
2750 241 0.07460499 1.01552159
2760 241 0.07323294 1.15013257
2770 241 0.06323781 1.26926316
2780 241 0.05399776 1.38719798
2790 241 0.04497806 1.50610822
2800 241 -0.03971313 1.66671769
2810 241 -0.17430649 1.85602862
2820 241 -0.30912020 2.04436413
2830 241 -0.44173040 2.24245385
2840 241 -0.56392240 2.47304681
2850 241 -0.68491863 2.70439484
2860 241 -0.80689028 2.93596323
2870 241 -0.95366170 3.11674804
2880 241 -1.11736490 3.26342545
2890 241 -1.28106810 3.41010286
2900 241 -1.44574672 3.55700062
2690 231 0.25563953 0.80034145
2700 231 0.21979282 1.06371383
2710 231 0.18470119 1.32589044
2720 231 0.06879653 1.49355115
2730 231 -0.04591234 1.66196692
2740 231 -0.16084157 1.82940728
2750 231 -0.32709203 1.99203810
2760 231 -0.49888065 2.15284442
2770 231 -0.67133031 2.31072448
2780 231 -0.85234135 2.43978262
2790 231 -1.03237697 2.56862040
2800 231 -1.21316766 2.69865396
2810 231 -1.37655943 2.81040426
2820 231 -1.52352771 2.90409165
2830 231 -1.66930021 2.99853411
2840 231 -1.81604813 3.09319692
2850 231 -1.93575751 3.28939749
2860 231 -2.05304302 3.49632769
2870 231 -2.17010819 3.70423331
2880 231 -2.28717336 3.91213893
2710 234 0.80250970 -1.30798325
2720 234 0.50644016 -1.04836271
2730 234 0.23381303 -0.78481110
2740 234 0.16980839 -0.47817059
2750 234 0.10655883 -0.17272584
2760 234 0.07228690 0.10669398
2770 234 0.06721295 0.36106429
2780 234 0.06094322 0.61467953
2790 234 0.02311042 0.83749263
2800 234 -0.06412803 1.01405552
2810 234 -0.15136648 1.19061841
2820 234 -0.23860493 1.36718129
2830 234 -0.43546362 1.61669213
2840 234 -0.73999170 1.93871021
2850 234 -1.04451979 2.26072829
2860 234 -1.29483564 2.54589487
2870 234 -1.52221441 2.81460269
2880 234 -1.74839742 3.08406557
2890 234 -1.86576520 3.42223980
2900 234 -1.98291263 3.76138944
2710 237 0.47880226 -0.14507032
2720 237 0.39766019 -0.05497612
2730 237 0.39345883 0.10795439
2740 237 0.46619818 0.34372119
2750 237 0.53893753 0.57948800
2760 237 0.59540910 0.81585416
2770 237 0.58193243 1.05571950
2780 237 0.56845576 1.29558483
2790 237 0.55497909 1.53545017
2800 237 0.44489464 1.69256928
2810 237 0.33481020 1.84968839
2820 237 0.22472575 2.00680750
2830 237 0.09589090 2.19891836
2840 237 -0.07387342 2.47306444
2850 237 -0.24363775 2.74721052
2860 237 -0.39628814 2.98365895
2870 237 -0.53795917 3.19609792
2880 237 -0.67887513 3.40734113
2890 237 -0.82076652 3.61880468
2900 237 -0.96243755 3.83124366
2770 570 0.61481762 1.77310612
2780 570 0.65343781 1.89868271
2790 570 0.69086223 2.02350423
2800 570 0.72926207 2.14810540
2810 570 0.76252921 2.23183293
2820 570 0.77916718 2.15118444
2830 570 0.79602550 2.07151138
2840 570 0.81266348 1.99086290
2850 570 0.82930145 1.91021441
2860 570 0.84593942 1.82956593
2870 570 0.86279775 1.74989287
2880 570 0.87943572 1.66924438
2890 570 0.89607369 1.58859590
2900 570 0.91271167 1.50794742
2910 570 0.90805491 1.51002459
2920 570 0.84907428 1.70275831
2930 570 0.79128942 1.89624710
2940 570 0.73328421 2.08876046
2950 570 0.48742533 2.25297194
2960 570 0.21909945 2.41303200
2790 572 -0.46687392 -1.18628190
2800 572 -0.70903679 -1.20539074
2810 572 -0.69597438 -1.16118244
2820 572 -0.65544153 -1.10882704
2830 572 -0.61393327 -1.05669198
2840 572 -0.57264536 -1.00553234
2850 572 -0.42288598 -0.85995375
2860 572 -0.16509582 -0.62190704
2870 572 0.07523372 -0.35223556
2880 572 0.30294743 -0.06126053
2890 572 0.48560082 0.21631422
2900 572 0.63839224 0.48423171
2910 572 0.80424313 0.76457700
2920 572 0.98217807 1.05757044
2930 572 1.16086808 1.34936811
2940 572 0.84415899 1.63107958
2950 572 0.52722954 1.91181563
2960 572 0.21632303 1.99230252
2970 572 -0.09455410 2.05022841
2980 572 -0.39456352 2.23794987
