4290 629 0.00000000 0.00000000
4300 629 -0.00000000 0.23372847
4310 629 -0.00029949 0.46650285
4320 629 -0.00029949 0.70023133
4330 629 0.07088995 0.95039340
4340 629 0.14207939 1.20055547
4350 629 0.21326884 1.45071755
4360 629 0.27375355 1.68013333
4370 629 0.32879177 1.89553712
4380 629 0.38257641 2.11028631
4390 629 0.43761463 2.32569010
4400 629 0.49828760 2.56238355
4410 629 0.56105701 2.80575570
4420 629 0.62352694 3.04817374
4430 629 0.68414428 3.28802898
4440 629 0.72677923 3.50732618
4450 629 0.76941417 3.72662338
4460 629 0.81174962 3.94496648
4470 629 0.84916055 4.13760454
4480 629 0.87498111 4.26994614
4100 702 0.76900343 3.26453591
4110 702 0.79632574 3.31150922
4120 702 0.79467425 3.27953622
4130 702 0.79302276 3.24756323
4140 702 0.79011768 3.21493562
4150 702 0.78846619 3.18296262
4160 702 0.78681470 3.15098963
4170 702 0.78486372 3.11806253
4180 702 0.78321223 3.08608953
4190 702 0.78156074 3.05411653
4200 702 0.77960976 3.02118944
4210 702 0.77795827 2.98921644
4220 702 0.77535268 2.95754294
4230 702 0.76531539 2.89885518
4240 702 0.67426958 2.60880922
4250 702 0.65328369 2.29153080
4260 702 0.79662523 1.91009247
4270 702 0.89164147 1.52495754
4280 702 0.91369269 1.13442746
4290 702 0.99678484 0.70796680
4160 638 0.02102867 -1.28529483
4170 638 0.03563537 -0.96496586
4180 638 0.05394721 -0.63951130
4190 638 0.07291367 -0.31531032
4200 638 0.10470269 0.05307868
4210 638 0.14074023 0.43166328
4220 638 0.17582368 0.81054737
4230 638 0.14082580 1.19990087
4240 638 0.08775567 1.59178294
4250 638 0.04894141 1.98233442
4260 638 0.13854110 2.35458688
4270 638 0.22718670 2.72713883
4280 638 0.32825697 3.11256042
4290 638 0.44671065 3.51663185
4300 638 0.56516434 3.92070329
4310 638 0.68242006 4.32095833
4320 638 0.79752371 4.71769646
4330 638 0.91292685 5.11538870
4340 638 1.02656726 5.48743152
4350 638 1.14007504 5.84903487
4300 634 -0.55009558 0.22088879
4310 634 -0.53376466 0.44320231
4320 634 -0.51081067 0.66658117
4330 634 -0.43593747 0.90510581
4340 634 -0.36106426 1.14363045
4350 634 -0.28589157 1.38310918
4360 634 -0.22336602 1.62236544
4370 634 -0.17891273 1.86415027
4380 634 -0.13475893 2.10498100
4390 634 -0.08970666 2.34867403
4400 634 -0.04356765 2.60250703
4410 634 0.00161726 2.85663953
4420 634 0.04775627 3.11047253
4430 634 0.08743907 3.35375482
4440 634 0.12031054 3.58869410
4450 634 0.15288253 3.82267929
4460 634 0.18545451 4.05666447
4470 634 0.23675763 4.19672871
4480 634 0.29161188 4.31471604
4490 634 0.34712073 4.43144978
