3120 280 0.00000000 0.00000000
3130 280 -0.00000000 0.51280016
3140 280 0.00013651 1.02460967
3150 280 0.00102574 1.54560795
3160 280 0.00397426 2.13957033
3170 280 0.00692277 2.73353271
3180 280 0.01086193 3.32763159
3190 280 0.05158735 3.89651598
3200 280 0.10993756 4.45470613
3210 280 0.16743365 5.01176915
3220 280 0.24740632 5.56688208
3230 280 0.37810441 6.11283355
3240 280 0.50979314 6.65892153
3250 280 0.64049122 7.20487300
3260 280 0.73230867 7.69600390
3270 280 0.81486715 8.17374556
3280 280 0.89643498 8.65135072
3290 280 0.98684837 9.11604247
3300 280 1.08190685 9.57632704
3310 280 1.17611119 10.03548447
2950 274 -1.65964848 -0.38010909
2960 274 -1.40765948 0.35517150
2970 274 -1.15580698 1.09144273
2980 274 -0.90737492 1.79393081
2990 274 -0.66455518 2.41993686
3000 274 -0.42258958 3.04481577
3010 274 -0.17976984 3.67082182
3020 274 0.08284709 4.18245973
3030 274 0.34560052 4.69310700
3040 274 0.60821744 5.20474491
3050 274 0.84039756 5.71016987
3060 274 1.05375553 6.21300123
3070 274 1.26612286 6.71569608
3080 274 1.47664542 7.21712729
3090 274 1.65836923 7.70045788
3100 274 1.84022955 8.18279782
3110 274 2.02195336 8.66612841
3120 274 2.13354849 9.15291843
3130 274 2.23694550 9.64059769
3140 274 2.34146965 10.12742282
2950 275 -0.70868543 -0.37323312
2960 275 -0.48471514 0.30165747
2970 275 -0.26173549 0.97641156
2980 275 -0.03694617 1.64535831
2990 275 0.20751164 2.25947669
3000 275 0.45282358 2.87472221
3010 275 0.69485548 3.48446852
3020 275 0.91095526 4.05531078
3030 275 1.12790917 4.62728018
3040 275 1.34400895 5.19812244
3050 275 1.58152448 5.75273616
3060 275 1.81917651 6.30635924
3070 275 2.05669204 6.86097295
3080 275 2.22386828 7.37662022
3090 275 2.35985498 7.87686578
3100 275 2.49683231 8.37724784
3110 275 2.61536192 8.86499340
3120 275 2.69416065 9.32606581
3130 275 2.77196874 9.78700170
3140 275 2.85090397 10.24708347
3110 279 1.19592007 0.00933697
3120 279 1.26505812 0.51854118
3130 279 1.33505030 1.02887254
3140 279 1.40121642 1.53766724
3150 279 1.43721875 2.03826771
3160 279 1.47223044 2.53873168
3170 279 1.50512435 3.03991327
3180 279 1.51653230 3.54318145
3190 279 1.52681311 4.04730376
3200 279 1.53723042 4.55043543
3210 279 1.54959001 5.01749457
3220 279 1.56331466 5.47464732
3230 279 1.57505802 5.93152706
3240 279 1.60944959 6.39253706
3250 279 1.69197296 6.86320774
3260 279 1.77562348 7.33302429
3270 279 1.84301426 7.80362867
3280 279 1.85284655 8.27437736
3290 279 1.86281535 8.74413541
3300 279 1.86444561 9.18649877
3130 281 0.62144287 0.11995316
3140 281 0.64555753 0.61891557
3150 281 0.67066282 1.11801448
3160 281 0.69576812 1.61711339
3170 281 0.67284691 2.12776456
3180 281 0.64483600 2.63872385
3190 281 0.61583445 3.14954662
3200 281 0.58768703 3.66149655
3210 281 0.61638827 4.22973350
3220 281 0.65120495 4.80486983
3230 281 0.68602163 5.38000616
3240 281 0.72418465 5.94550911
3250 281 0.78512067 6.42632800
3260 281 0.84605668 6.90714688
3270 281 0.90699270 7.38796577
3280 281 0.96508941 7.83810994
3290 281 1.02120094 8.25870654
3300 281 1.07618532 8.68015727
3310 281 1.13229685 9.10075386
3320 281 1.17111899 9.48565624
