1970 112 0.00000000 0.00000000
1980 112 -0.00000000 0.28002857
1990 112 -0.01616978 0.54828691
2000 112 -0.03232527 0.81754515
2010 112 -0.04848077 1.08680339
2020 112 -0.09027650 1.38143047
2030 112 -0.14885624 1.69129886
2040 112 -0.20742169 2.00216714
2050 112 -0.26104479 2.30896440
2060 112 -0.28982757 2.60440569
2070 112 -0.32062443 2.89887564
2080 112 -0.35040710 3.19433121
2090 112 -0.36147740 3.46951741
2100 112 -0.36467708 3.73559027
2110 112 -0.36787675 4.00166312
2120 112 -0.37523314 4.25679423
2130 112 -0.39098868 4.48404247
2140 112 -0.40672993 4.71229061
2150 112 -0.42348536 4.93955313
2160 112 -0.42718498 5.17062955
1840 117 -3.05635957 -0.28337109
1850 117 -2.87467811 0.04306703
1860 117 -2.69199675 0.36949087
1870 117 -2.54246915 0.68538721
1880 117 -2.39194165 1.00126926
1890 117 -2.24239977 1.31816550
1900 117 -2.09187227 1.63404755
1910 117 -2.00240997 2.01580860
1920 117 -1.91984696 2.40466892
1930 117 -1.83728396 2.79352925
1940 117 -1.72890930 3.16901950
1950 117 -1.59372310 3.53112541
1960 117 -1.46053669 3.89325989
1970 117 -1.32535048 4.25536580
1980 117 -1.28971126 4.57988983
1990 117 -1.27919805 4.89577189
2000 117 -1.26768494 5.21163966
2010 117 -1.25525763 5.52149375
2020 117 -1.23514540 5.80923582
2030 117 -1.21603306 6.09699218
1890 435 1.13311295 -1.33032140
1900 435 1.00846853 -0.95450261
1910 435 0.87501072 -0.56555658
1920 435 0.72204061 -0.14232833
1930 435 0.57311295 0.28384247
1940 435 0.44541170 0.72571167
1950 435 0.31669626 1.16659525
1960 435 0.36947659 1.57088257
1970 435 0.44419753 1.97085605
1980 435 0.61589430 2.36844405
1990 435 0.81258852 2.76567495
2000 435 0.84208551 3.15029284
2010 435 0.82954393 3.53251099
2020 435 0.81288848 3.90678708
2030 435 0.75523722 4.21164169
2040 435 0.69858586 4.51648202
2050 435 0.66176105 4.80903788
2060 435 0.65666157 5.08213858
2070 435 0.65154780 5.35423939
2080 435 0.63000715 5.66657895
1930 698 -1.46243649 -0.09011938
1940 698 -1.32507908 0.28395674
1950 698 -1.19189267 0.64609122
1960 698 -1.06863382 1.01336803
1970 698 -0.98611367 1.39922866
1980 698 -0.90459341 1.78510357
1990 698 -0.86082645 2.18851955
2000 698 -0.83294358 2.60016326
2010 698 -0.82650138 2.98111011
2020 698 -0.84148557 3.33235998
2030 698 -0.85755536 3.67762475
2040 698 -0.87729620 3.97593717
2050 698 -0.89805122 4.27326397
2060 698 -0.91677788 4.57256201
2070 698 -0.93043363 4.87678811
2080 698 -0.94408938 5.18101421
2090 698 -0.92072034 5.48671159
2100 698 -0.86134068 5.79289463
2110 698 -0.80194674 6.10007757
2120 698 -0.71301296 6.37483525
1940 109 -0.54698704 -0.83527192
1950 109 -0.52534640 -0.58055505
1960 109 -0.50861953 -0.31976737
1970 109 -0.51651873 -0.03262524
1980 109 -0.52340374 0.25550250
1990 109 -0.53130293 0.54264463
2000 109 -0.54424447 0.82685849
2010 109 -0.60666667 1.07777574
2020 109 -0.67010305 1.32770738
2030 109 -0.73352515 1.57863892
2040 109 -0.79596164 1.82855628
2050 109 -0.82762984 2.13203960
2060 109 -0.85211305 2.44842160
2070 109 -0.87561066 2.76378942
2080 109 -0.89909397 3.08015714
2090 109 -0.90007959 3.36119990
2100 109 -0.88439547 3.61900216
2110 109 -0.86871136 3.87680443
2120 109 -0.85304153 4.13360680
2130 109 -0.85138456 4.38960925
1940 121 0.63123559 -1.38815836
1950 121 0.54243037 -1.02385267
1960 121 0.45262524 -0.65953270
1970 121 0.44084073 -0.29432711
1980 121 0.43704112 0.06976431
1990 121 0.42812774 0.42592797
2000 121 0.40697276 0.76526477
2010 121 0.38680339 1.10358739
2020 121 0.35966330 1.44400980
2030 121 0.32755229 1.78650343
2040 121 0.29444139 2.12901134
2050 121 0.29317009 2.46006327
2060 121 0.36253444 2.76510358
2070 121 0.43189879 3.07014388
2080 121 0.50127742 3.37618408
2090 121 0.49810632 3.64425673
2100 121 0.49492093 3.91132948
2110 121 0.49074993 4.17941641
2120 121 0.48849301 4.44147538
2130 121 0.48619325 4.70053466
1940 123 1.10440160 -1.37991634
1950 123 1.03465157 -1.01188247
1960 123 0.96488726 -0.64484849
1970 123 0.89699419 -0.28684216
1980 123 0.84282829 -0.01804102
1990 123 0.78866239 0.25076013
2000 123 0.73449648 0.51956127
2010 123 0.66040404 0.79364759
2020 123 0.58134068 1.06980513
2030 123 0.57097031 1.39398634
2040 123 0.62833589 1.76920519
2050 123 0.69557188 2.13528213
2060 123 0.80631773 2.46673402
2070 123 0.91806347 2.79817163
2080 123 1.02780941 3.12963781
2090 123 1.09814509 3.43266403
2100 123 1.14121213 3.71707787
2110 123 1.18426488 4.00049181
2120 123 1.22631773 4.28392003
2130 123 1.17025202 4.55974903
1960 115 -1.11844302 -0.09303336
1970 115 -1.08676054 0.23454750
1980 115 -1.07950414 0.53247424
1990 115 -1.10782982 0.78990512
2000 115 -1.13716968 1.04635038
2010 115 -1.16552393 1.30178146
2020 115 -1.20716254 1.53740027
2030 115 -1.25394348 1.76309153
2040 115 -1.29972452 1.98876850
2050 115 -1.34650547 2.21445976
2060 115 -1.37283135 2.47186207
2070 115 -1.36848894 2.77583105
2080 115 -1.36414652 3.07980004
2090 115 -1.35980411 3.38376902
2100 115 -1.35199062 3.65068464
2110 115 -1.34230589 3.90857261
2120 115 -1.33262117 4.16646059
2130 115 -1.32293644 4.42434856
2140 115 -1.33437813 4.67353742
2150 115 -1.35283339 4.92182637
1960 193 -1.87917969 -0.41920008
1970 193 -1.88153659 -0.02412611
1980 193 -1.87907970 0.35787777
1990 193 -1.86606674 0.70872768
2000 193 -1.85406796 1.05859199
2010 193 -1.84205490 1.40945619
2020 193 -1.84406898 1.75852057
2030 193 -1.84508316 2.10757067
2040 193 -1.84709724 2.45663505
2050 193 -1.85906745 2.80884197
2060 193 -1.88096522 3.16619122
2070 193 -1.90186309 3.52352619
2080 193 -1.92377514 3.87987554
2090 193 -1.91204776 4.14073464
2100 193 -1.89746353 4.39155191
2110 193 -1.88189369 4.64135499
2120 193 -1.86730947 4.89217225
2130 193 -1.85591063 5.13003370
2140 193 -1.84659730 5.36192432
2150 193 -1.83728396 5.59381495
1970 197 0.25401694 -1.33076421
1980 197 0.32379553 -0.99672687
1990 197 0.34093664 -0.70694215
2000 197 0.35707785 -0.41714315
2010 197 0.37421896 -0.12735843
2020 197 0.39240282 0.16541169
2030 197 0.40961535 0.46019590
2040 197 0.42781349 0.75396593
2050 197 0.44909703 1.05369249
2060 197 0.49799204 1.39602898
2070 197 0.54690134 1.73936538
2080 197 0.59579635 2.08170188
2090 197 0.65539027 2.40288339
2100 197 0.74125294 2.67268443
2110 197 0.82612999 2.94349966
2120 197 0.91199266 3.21330070
2130 197 0.97555760 3.46241814
2140 197 1.01779615 3.68883789
2150 197 1.05904908 3.91627183
2160 197 1.10128763 4.14269158
1980 195 -0.34259361 -0.80918886
1990 195 -0.29456994 -0.52784614
2000 195 -0.25140292 -0.23643302
2010 195 -0.20923579 0.05499439
2020 195 -0.16606877 0.34640751
2030 195 -0.14455668 0.66213244
2040 195 -0.12600143 0.98089991
2050 195 -0.10644628 1.29965310
2060 195 -0.03572493 1.62967657
2070 195 0.06912152 1.96821346
2080 195 0.17395368 2.30575045
2090 195 0.25460259 2.63063158
2100 195 0.31203959 2.94084279
2110 195 0.36949087 3.25205389
2120 195 0.43195593 3.49418633
2130 195 0.49417815 3.71932050
2140 195 0.55738598 3.94344049
2150 195 0.55304357 4.12952150
2160 195 0.54868687 4.31460261
2170 195 0.54434446 4.50068363
2060 201 -0.79219060 0.62237935
2070 201 -0.86098358 1.05740639
2080 201 -0.92877666 1.49241915
2090 201 -0.99359862 1.92538926
2100 201 -1.04647894 2.35418836
2110 201 -1.10037344 2.78200185
2120 201 -1.14646873 3.19570250
2130 201 -1.12955617 3.46948885
2140 201 -1.11262933 3.74427509
2150 201 -1.09570249 4.01906134
2160 201 -1.12802776 4.27654935
2170 201 -1.21059076 4.51775331
2180 201 -1.29315377 4.75895727
2190 201 -1.37673095 4.99917562
2200 201 -1.44363841 5.28616062
2210 201 -1.51047445 5.57814512
2220 201 -1.57631059 5.87011532
2230 201 -1.65814510 6.23232122
2240 201 -1.75499236 6.66374863
2250 201 -1.85283952 7.09519032
