4970 362 0.00000000 0.00000000
4980 362 0.00000000 0.31930706
4990 362 0.00099904 0.63865797
5000 362 0.01346979 0.94750175
5010 362 0.14113061 1.16330656
5020 362 0.26774854 1.38006656
5030 362 0.39441032 1.59582753
5040 362 0.45003389 1.85651703
5050 362 0.45630059 2.14707121
5060 362 0.46252344 2.43862442
5070 362 0.46978917 2.72922244
5080 362 0.57198547 3.18313974
5090 362 0.68638006 3.65560972
5100 362 0.79977561 4.12803585
5110 362 0.97440062 4.64218671
5120 362 1.17525431 5.17450503
5130 362 1.37710703 5.70686720
5140 362 1.57202912 6.19187996
5150 362 1.75903093 6.60647774
5160 362 1.94503371 7.02103168
4850 357 2.15008085 0.04531375
4860 357 2.06049310 0.30763804
4870 357 1.97094920 0.56896330
4880 357 1.88140530 0.83028856
4890 357 1.79181756 1.09261285
4900 357 1.69401828 1.35958158
4910 357 1.57358248 1.64057129
4920 357 1.45319053 1.92056197
4930 357 1.33275474 2.20155168
4940 357 1.22113491 2.48693215
4950 357 1.19367858 2.81604482
4960 357 1.16622225 3.14515749
4970 357 1.13876592 3.47427017
4980 357 1.11369287 3.81750091
4990 357 1.09265043 4.18292972
5000 357 1.07060895 4.54831468
5010 357 1.04956651 4.91374349
5020 357 1.01462523 5.27656040
5030 357 0.92990740 5.63318890
5040 357 0.84518957 5.98981741
4860 359 2.76499052 0.01524551
4870 359 2.64851643 0.27438792
4880 359 2.53304138 0.53357417
4890 359 2.41756632 0.79276042
4900 359 2.30209127 1.05194667
4910 359 2.18661622 1.31113292
4920 359 2.11257463 1.58414911
4930 359 2.08196460 1.87108295
4940 359 2.05035553 2.15797294
4950 359 2.01874646 2.44486293
4960 359 1.96742595 2.81596966
4970 359 1.90744607 3.22473293
4980 359 1.84751003 3.63249717
4990 359 1.78852919 4.04130429
5000 359 1.74397333 4.44073485
5010 359 1.70558708 4.83643233
5020 359 1.66824372 5.23117462
5030 359 1.62555440 5.63368999
5040 359 1.56265570 6.06334538
5050 359 1.49975699 6.49300077
4920 502 2.10916099 0.15662666
4930 502 2.05689782 0.38955919
4940 502 2.00459080 0.62349075
4950 502 1.95232763 0.85642328
4960 502 1.92899272 1.09162634
4970 502 1.91860147 1.32839843
4980 502 1.90821022 1.56517052
4990 502 1.89781897 1.80194261
5000 502 1.92122904 2.02117985
5010 502 1.95997544 2.23308246
5020 502 1.99867800 2.44598411
5030 502 2.03025575 2.66157596
5040 502 2.03511315 2.89301149
5050 502 2.04096958 3.12449087
5060 502 2.06006718 3.37356773
5070 502 2.20419804 3.78428210
5080 502 2.34928409 4.19603936
5090 502 2.52132851 4.54091428
5100 502 2.71328480 4.84262073
5110 502 2.90424206 5.14428334
4930 504 1.18038416 -0.05129545
4940 504 1.09834088 0.24439171
4950 504 1.01629760 0.54007888
4960 504 0.93425431 0.83576604
4970 504 0.85221103 1.13145321
4980 504 0.78313019 1.38266594
4990 504 0.71504839 1.63392252
5000 504 0.64835083 1.89925333
5010 504 0.59624112 2.28834275
5020 504 0.54513044 2.67747601
5030 504 0.49406361 3.06561024
5040 504 0.40272833 3.45898394
5050 504 0.28524267 3.85521382
5060 504 0.16780086 4.25044467
5070 504 0.03218219 4.69492591
5080 504 -0.12156950 5.18765851
5090 504 -0.27632023 5.68034727
5100 504 -0.46105776 6.10365454
5110 504 -0.65208705 6.51067028
5120 504 -0.84407153 6.91664313
4980 364 -0.72514525 -0.30909119
4990 364 -0.70158173 0.06630295
5000 364 -0.67801820 0.44169709
5010 364 -0.65545371 0.81704738
5020 364 -0.63189019 1.19244152
5030 364 -0.68889488 1.44218232
5040 364 -0.74685476 1.69088023
5050 364 -0.80385945 1.94062103
5060 364 -0.86181933 2.18931894
5070 364 -0.92090353 2.53205800
5080 364 -0.98038232 2.88378839
5090 364 -1.03990497 3.23651783
5100 364 -1.11141607 3.58872113
5110 364 -1.29030657 3.94722244
5120 364 -1.47015226 4.30468086
5130 364 -1.64904276 4.66318217
5140 364 -1.86758788 5.01293642
5150 364 -2.17938493 5.34358366
5160 364 -2.49022679 5.67527379
5170 364 -2.80202384 6.00592103
4990 363 0.59293083 -0.03103282
5000 363 0.65843830 0.27813666
5010 363 0.72494482 0.58734999
5020 363 0.79040845 0.89751851
5030 363 0.85376126 1.16455301
5040 363 0.91806927 1.43263039
5050 363 0.98042304 1.69962104
5060 363 1.04304614 2.05170533
5070 363 1.10298531 2.48775268
5080 363 1.16396737 2.92284484
5090 363 1.22390653 3.35889220
5100 363 1.33639074 3.82927641
5110 363 1.45473763 4.30292080
5120 363 1.57204165 4.77752039
5130 363 1.73553004 5.22611992
5140 363 1.91031478 5.66820849
5150 363 2.08509951 6.11029705
5160 363 2.36113788 6.54882164
5170 363 2.70333200 6.98524481
5180 363 3.04652516 7.42171183
5090 508 0.73287762 -0.11798048
5100 508 0.63379744 0.20098209
5110 508 0.53471727 0.51994465
5120 508 0.43459421 0.83986241
5130 508 0.36696652 1.14919475
5140 508 0.30033786 1.45857093
5150 508 0.23266632 1.76890231
5160 508 0.17876210 2.08484271
5170 508 0.12581306 2.40182599
5180 508 0.07386307 2.71885311
5190 508 0.03288371 3.08240599
5200 508 -0.00558083 3.45707982
5210 508 -0.04404538 3.83175365
5220 508 -0.11317319 4.19807501
5230 508 -0.21383179 4.55300296
5240 508 -0.31353519 4.90897379
5250 508 -0.41058284 5.25004674
5260 508 -0.50162686 5.56836102
5270 508 -0.59267089 5.88667531
5280 508 -0.68471395 6.20494575
5100 507 1.28627910 0.06746171
5110 507 1.20922161 0.38638983
5120 507 1.13116508 0.70527410
5130 507 1.05410760 1.02420221
5140 507 0.96650853 1.30963593
5150 507 0.87708677 1.59098579
5160 507 0.78766501 1.87233566
5170 507 0.72813610 2.13397723
5180 507 0.67586354 2.38993148
5190 507 0.62354712 2.64688477
5200 507 0.59135867 2.96978399
5210 507 0.60736521 3.44894658
5220 507 0.62341559 3.92711013
5230 507 0.54370861 4.35202401
5240 507 0.42400565 4.75316139
5250 507 0.30330366 5.15425493
5260 507 0.15389262 5.54808274
5270 507 0.00148446 5.94177901
5280 507 -0.15092369 6.33547528
5290 507 -0.29316608 6.72561385
5100 509 -0.12337027 -0.08549138
5110 509 -0.12276897 0.03765341
5120 509 -0.12216767 0.16079820
5130 509 -0.12156637 0.28394298
5140 509 -0.12200795 0.40804296
5150 509 -0.10087469 0.56512060
5160 509 -0.06572044 0.74483476
5170 509 -0.03056619 0.92454892
5180 509 0.00458806 1.10426308
5190 509 -0.01473190 1.29359807
5200 509 -0.05629378 1.48796270
5210 509 -0.09785565 1.68232734
5220 509 -0.13941752 1.87669197
5230 509 -0.14958016 2.08544714
5240 509 -0.11262200 2.31528860
5250 509 -0.07470865 2.54617294
5260 509 -0.03675146 2.77605824
5270 509 0.06352819 3.13680190
5280 509 0.17114247 3.51288190
5290 509 0.37520936 3.83513910
5130 510 0.61445243 0.02596560
5140 510 0.63096631 0.21987613
5150 510 0.64843539 0.41482953
5160 510 0.66594831 0.60878390
5170 510 0.67568816 0.79739232
5180 510 0.66792760 0.97422211
5190 510 0.66016705 1.15105190
5200 510 0.65240649 1.32788169
5210 510 0.64464594 1.50471147
5220 510 0.64042429 1.73775048
5230 510 0.63593958 1.97678371
5240 510 0.63245391 2.21586079
5250 510 0.66224342 2.44939149
5260 510 0.82817460 2.65986914
5270 510 0.99406195 2.87134582
5280 510 1.19617774 3.07840670
5290 510 1.54099003 3.27271183
5300 510 1.88675752 3.46805984
5310 510 2.22353366 3.66301325
5320 510 2.55123076 3.85957013
