2440 224 0.00000000 0.00000000
2450 224 -0.00000000 0.43057287
2460 224 -0.01223951 0.84119094
2470 224 -0.02385659 1.25102632
2480 224 -0.01240673 1.64470881
2490 224 0.05483392 1.99715554
2500 224 0.12129190 2.34897984
2510 224 0.18915497 2.70064389
2520 224 0.30875377 3.01295803
2530 224 0.45063684 3.30849685
2540 224 0.59314234 3.60325300
2550 224 0.68878004 3.89267903
2560 224 0.67490550 4.17039741
2570 224 0.66165339 4.44733311
2580 224 0.65204990 4.74378003
2590 224 0.64828283 5.06020033
2600 224 0.64451575 5.37662063
2610 224 0.64074868 5.69304094
2620 224 0.63698160 6.00946124
2630 224 0.64173109 6.30071275
2410 219 -1.45606711 -0.87940979
2420 219 -1.27035639 -0.71128029
2430 219 -1.05286475 -0.57026119
2440 219 -0.82140799 -0.40663732
2450 219 -0.57016829 -0.20683839
2460 219 -0.31892859 -0.00703946
2470 219 -0.21062637 0.28734741
2480 219 -0.24526162 0.67632221
2490 219 -0.27911419 1.06591945
2500 219 -0.28552426 1.44028813
2510 219 -0.25029909 1.79282776
2520 219 -0.21507393 2.14536738
2530 219 -0.13581673 2.44093175
2540 219 -0.01049996 2.67857793
2550 219 0.11481680 2.91622412
2560 219 0.21850889 3.18266914
2570 219 0.23789004 3.56477171
2580 219 0.25727120 3.94687427
2590 219 0.27743503 4.32959927
2600 219 0.21950524 4.76393225
2570 569 1.72216376 0.97858928
2580 569 1.52569528 0.97822233
2590 569 1.32922679 0.97785538
2600 569 1.13275831 0.97748842
2610 569 0.97055580 1.05292281
2620 569 0.83333164 1.17888523
2630 569 0.69074022 1.33890924
2640 569 0.53340332 1.63797128
2650 569 0.38554449 1.92029515
2660 569 0.25959369 2.16382419
2670 569 0.19104315 2.43639129
2680 569 0.18051532 2.73721377
2690 569 0.17237732 2.94666728
2700 569 0.16741185 3.06537425
2710 569 0.17683650 3.19169200
2720 569 0.32717342 3.38662997
2730 569 0.47751034 3.58156794
2740 569 0.61804172 3.73421109
2750 569 0.75255786 3.85907264
2760 569 0.88707400 3.98393420
