2240 223 0.00000000 0.00000000
2250 223 -0.00000000 0.49825696
2260 223 0.00000000 0.99651392
2270 223 0.00000000 1.49477089
2280 223 0.03085556 1.98803444
2290 223 0.06870752 2.48107321
2300 223 0.10752685 2.97308039
2310 223 0.16143879 3.43658821
2320 223 0.22673441 3.88072049
2330 223 0.29106267 4.32588436
2340 223 0.37896109 4.75728426
2350 223 0.51993252 5.15896454
2360 223 0.66090396 5.56064483
2370 223 0.86932654 5.94414976
2380 223 1.14719922 6.30941510
2390 223 1.42407243 6.67471256
2400 223 1.63410863 7.04615945
2410 223 1.82718571 7.41915173
2420 223 2.05292465 7.78108947
2430 223 2.35388583 8.11759857
2190 214 1.13969707 0.25253235
2200 214 0.98167821 0.78388067
2210 214 0.82365934 1.31522899
2220 214 0.68469490 1.84796615
2230 214 0.61691863 2.38541976
2240 214 0.55110921 2.92180965
2250 214 0.48433242 3.45923114
2260 214 0.55173941 4.03136163
2270 214 0.75432965 4.63816901
2280 214 0.95588830 5.24400902
2290 214 1.15145004 5.85004169
2300 214 1.29081588 6.45087625
2310 214 1.42921435 7.05274240
2320 214 1.46898901 7.63676635
2330 214 1.46749580 8.21311153
2340 214 1.58658295 8.80559297
2350 214 1.88747589 9.42024770
2360 214 2.18833671 10.03390295
2370 214 2.37890504 10.60908006
2380 214 2.49661138 11.15858367
2190 215 0.76851510 -0.08972479
2200 215 0.61381982 0.42050592
2210 215 0.46012403 0.93070451
2220 215 0.30542875 1.44093521
2230 215 0.16678543 1.98366722
2240 215 0.06259822 2.60233193
2250 215 -0.04158898 3.22099664
2260 215 0.05396412 3.79722542
2270 215 0.20026614 4.36482010
2280 215 0.34653605 4.93141529
2290 215 0.48477396 5.52828402
2300 215 0.62304398 6.12615223
2310 215 0.75044812 6.72837162
2320 215 0.83242189 7.34905938
2330 215 0.91442777 7.97074663
2340 215 0.98239671 8.43580386
2350 215 1.03639294 8.74623003
2360 215 1.09038918 9.05665620
2370 215 1.24819530 9.17264855
2380 215 1.43047876 9.24083024
2210 218 -0.83742332 0.15597173
2220 218 -0.85609240 0.66483366
2230 218 -0.87479360 1.17269611
2240 218 -0.89346268 1.68155804
2250 218 -0.80462900 2.11092685
2260 218 -0.66881554 2.50777028
2270 218 -0.53200260 2.90458159
2280 218 -0.41595405 3.30906365
2290 218 -0.31170663 3.71992795
2300 218 -0.20849081 4.12982488
2310 218 -0.14454389 4.53197882
2320 218 -0.09974773 4.92974547
2330 218 -0.05395208 5.32748000
2340 218 0.05045188 5.77435785
2350 218 0.16826659 6.23381154
2360 218 0.28708079 6.69323312
2370 218 0.37333347 7.13569157
2380 218 0.45242920 7.57337737
2390 218 0.59736647 7.97392973
2400 218 0.78654195 8.35004891
2220 220 2.01719209 -0.11983776
2230 220 1.73385234 0.40353074
2240 220 1.44954523 0.92793084
2250 220 1.16620548 1.45129934
2260 220 0.99843261 2.11502915
2270 220 0.83065974 2.77875897
2280 220 0.73617436 3.41912333
2290 220 0.69221311 4.04385719
2300 220 0.64825186 4.66859106
2310 220 0.78774213 5.30443968
2320 220 0.92819978 5.93925670
2330 220 0.99901866 6.55530028
2340 220 0.96586307 7.14266789
2350 220 0.94908860 7.71049939
2360 220 1.08690102 8.10727859
2370 220 1.22471344 8.50405779
2380 220 1.56405642 8.72727595
2390 220 1.84914225 8.91221667
2400 220 1.92023007 8.94495078
2410 220 1.99031840 8.97771701
2280 227 0.24813301 0.21814447
2290 227 0.31762326 0.63712908
2300 227 0.38708140 1.05511421
2310 227 0.45657164 1.47409882
2320 227 0.45523097 1.86834519
2330 227 0.42248883 2.25059374
2340 227 0.39077828 2.63380966
2350 227 0.38057070 3.03234298
2360 227 0.39386504 3.44612947
2370 227 0.40719150 3.86091545
2380 227 0.42935276 4.27041499
2390 227 0.52503030 4.63252935
2400 227 0.62070783 4.99464371
2410 227 0.71641749 5.35775755
2420 227 0.84521047 5.69179403
2430 227 0.98661140 6.01341924
2440 227 1.12904393 6.33601182
2450 227 1.28157166 6.63026561
2460 227 1.43787253 6.91739457
2470 227 1.59317393 7.20455563
2290 229 -0.52819332 0.37615531
2300 229 -0.48923752 0.81012817
2310 229 -0.45024960 1.24510052
2320 229 -0.43253987 1.67175185
2330 229 -0.42701661 2.09279163
2340 229 -0.42149336 2.51383141
2350 229 -0.37693001 2.96663391
2360 229 -0.31592534 3.43291541
2370 229 -0.25488856 3.90019638
2380 229 -0.22782622 4.30653692
2390 229 -0.22506861 4.67263717
2400 229 -0.22227888 5.03973691
2410 229 -0.08058894 5.37035748
2420 229 0.07699642 5.69746580
2430 229 0.23793345 6.03547212
2440 229 0.40573442 6.40027184
2450 229 0.57356750 6.76607104
2460 229 0.72754026 7.10530162
2470 229 0.86127045 7.40616245
2480 229 0.99403328 7.70805487
2310 232 -1.12594513 0.36234316
2320 232 -1.02145286 0.87425171
2330 232 -0.91599322 1.38512866
2340 232 -0.80620248 1.81282364
2350 232 -0.69460143 2.20344136
2360 232 -0.57409735 2.55975550
2370 232 -0.43526938 2.83243810
2380 232 -0.29799082 3.11917769
2390 232 -0.17978274 3.52859294
2400 232 -0.06160677 3.93700871
2410 232 -0.00162567 4.34029058
2420 232 0.01918287 4.73882792
2430 232 0.03999141 5.13736525
2440 232 0.10375369 5.47149003
2450 232 0.18460756 5.77705124
2460 232 0.26649302 6.08357982
2470 232 0.40447403 6.42332420
2480 232 0.56589275 6.77632278
2490 232 0.72734358 7.13032084
2500 232 0.83825823 7.34386929
2310 235 0.47047612 0.16297615
2320 235 0.64049682 0.56572416
2330 235 0.80951804 0.96850428
2340 235 0.98256931 1.37215544
2350 235 1.16874232 1.77938708
2360 235 1.35494745 2.18761820
2370 235 1.49762885 2.58023891
2380 235 1.53917368 2.93908989
2390 235 1.58071851 3.29794087
2400 235 1.40692866 3.61868702
2410 235 1.20905486 3.93720540
2420 235 1.18894877 4.33905829
2430 235 1.28571008 4.79718736
2440 235 1.38350300 5.25628381
2450 235 1.45548995 5.56613196
2460 235 1.52647742 5.87601223
2470 235 1.59849648 6.18685987
2480 235 1.75970246 6.43981368
2490 235 1.93174220 6.68741685
2500 235 2.10374983 6.93402053
2310 238 -2.03351298 -0.07673952
2320 238 -1.90276518 0.59841010
2330 238 -1.77298476 1.27459132
2340 238 -1.68347271 1.94306166
2350 238 -1.62307416 2.60846531
2360 238 -1.49579847 3.20668675
2370 238 -1.35307693 3.78740318
2380 238 -1.12798023 4.37847971
2390 238 -0.82250732 4.97998059
2400 238 -0.52157425 5.53360256
2410 238 -0.22708363 6.04240830
2420 238 0.07108380 6.54109074
2430 238 0.39370047 6.95994691
2440 238 0.71631714 7.37880307
2450 238 1.07427701 7.74549740
2460 238 1.48480013 8.03546424
2470 238 1.89532324 8.32543109
2480 238 2.28732579 8.47492022
2490 238 2.67778296 8.60745023
2500 238 3.03402484 8.79610790
2310 239 -0.13767595 0.04344345
2320 239 0.07722521 0.44174797
2330 239 0.29212637 0.84005249
2340 239 0.47333408 1.24844417
2350 239 0.51970373 1.69518555
2360 239 0.56510600 2.14295852
2370 239 0.60828453 2.58379932
2380 239 0.63956959 2.99700780
2390 239 0.67082254 3.40921679
2400 239 0.73618640 3.82433191
2410 239 0.83766015 4.24228894
2420 239 0.93810230 4.65927860
2430 239 0.96868090 5.05049842
2440 239 0.92830013 5.41298207
2450 239 0.88795147 5.77646520
2460 239 0.91586076 6.11574395
2470 239 1.10408091 6.39984635
2480 239 1.29226895 6.68294927
2490 239 1.46717468 6.95747429
2500 239 1.52947186 7.15257442
2320 242 0.90134616 -0.06597800
2330 242 1.16488488 0.44482269
2340 242 1.42842359 0.95562338
2350 242 1.68087165 1.46377884
2360 242 1.82373367 1.95544483
2370 242 1.96759519 2.44707870
2380 242 2.05049619 2.87863916
2390 242 1.98981264 3.16973795
2400 242 1.93016069 3.46180411
2410 242 1.61771548 3.67094520
2420 242 1.27799519 3.87195794
2430 242 1.21405228 4.18617332
2440 242 1.18151084 4.51238652
2450 242 1.24714364 4.84244915
2460 242 1.35585060 5.17412941
2470 242 1.52975284 5.47970266
2480 242 1.76791509 5.76119998
2490 242 2.00704471 6.04166571
2500 242 2.25529011 6.38787261
2510 242 2.50604828 6.75000704
2340 244 -0.88833681 -0.05850395
2350 244 -0.87337264 0.40725572
2360 244 -0.85837637 0.87401488
2370 244 -0.81007197 1.31869306
2380 244 -0.68431758 1.71385864
2390 244 -0.56582451 2.16328538
2400 244 -0.45672418 2.69405568
2410 244 -0.34759173 3.22582547
2420 244 -0.25302205 3.67802187
2430 244 -0.16306044 4.11135650
2440 244 -0.07209934 4.54465903
2450 244 0.06453698 4.81140894
2460 244 0.20114119 5.07715937
2470 244 0.34864340 5.33955811
2480 244 0.53967334 5.58655114
2490 244 0.73067118 5.83254470
2500 244 0.91767107 6.07866670
2510 244 1.09251660 6.32017662
2520 244 1.26739423 6.56268602
2530 244 1.44323924 6.80416383
2350 246 -1.79463222 0.13369808
2360 246 -1.82517871 0.73999167
2370 246 -1.85572520 1.34628525
2380 246 -1.83364824 1.90886645
2390 246 -1.78912904 2.45371785
2400 246 -1.74560933 2.99860135
2410 246 -1.45211017 3.44540695
2420 246 -1.15961049 3.89224466
2430 246 -0.88429472 4.33363137
2440 246 -0.62203647 4.77343656
2450 246 -0.40685031 5.21175257
2460 246 -0.38275832 5.65020505
2470 246 -0.35763474 6.08962490
2480 246 -0.35747418 6.59287928
2490 246 -0.35908781 7.10319428
2500 246 -0.31030976 7.62489697
2510 246 -0.14162973 8.17276288
2520 246 0.02605082 8.72066089
2530 246 0.22020766 9.22068401
2540 246 0.43032816 9.68817773
2400 247 2.05653725 0.29511279
2410 247 1.94115903 0.69002147
2420 247 1.82578081 1.08493015
2430 247 1.67135848 1.47909223
2440 247 1.49194905 1.87405711
2450 247 1.31150802 2.26805461
2460 247 1.11513545 2.69558100
2470 247 0.91876288 3.12310739
2480 247 0.78977321 3.56147558
2490 247 0.72713485 4.00971818
2500 247 0.66549597 4.45792868
2510 247 0.67281749 4.93493958
2520 247 0.68013902 5.41195047
2530 247 0.68746054 5.88896137
2540 247 0.70271371 6.36371640
2550 247 0.71799900 6.83947092
2560 247 0.73325217 7.31422595
2570 247 0.67467196 7.79535520
2580 247 0.60816009 8.27874032
2590 247 0.54161612 8.76112595
