750 72 0.00000000 0.00000000
760 72 -0.00000000 0.32050585
770 72 -0.02117278 0.69691084
780 72 -0.04240172 1.07431424
790 72 -0.02438645 1.41286033
800 72 0.08382998 1.66133005
810 72 0.19304484 1.90985593
820 72 0.30220353 2.15938024
830 72 0.30145472 2.43978074
840 72 0.29965132 2.72112350
850 72 0.29884634 3.00252242
860 72 0.26291564 3.30297871
870 72 0.21244542 3.61263297
880 72 0.16197520 3.92228722
890 72 0.08956467 4.19465042
900 72 0.01067063 4.45763470
910 72 -0.06816724 4.71962056
920 72 -0.08452888 4.95707644
930 72 -0.08646332 5.18733121
940 72 -0.03920677 5.43337352
570 57 -0.56155605 0.20779028
580 57 -0.54193707 0.39318471
590 57 -0.52337266 0.57952140
600 57 -0.44303091 0.78936469
610 57 -0.34699523 1.00509866
620 57 -0.32973501 1.23242680
630 57 -0.33166945 1.46268157
640 57 -0.30241570 1.67265590
650 57 -0.25146499 1.87083013
660 57 -0.20051428 2.06900436
670 57 -0.07163052 2.43081366
680 57 0.06622656 2.81115618
690 57 0.20408364 3.19149869
700 57 0.25130275 3.49162425
710 57 0.28804466 3.78214625
720 57 0.31585695 4.07116438
730 57 0.30789454 4.35516543
740 57 0.30098671 4.63822423
750 57 0.29678085 4.94447137
760 57 0.30035645 5.30824632
590 59 -1.00775072 0.03846420
600 59 -0.91205199 0.26018870
610 59 -0.81541101 0.48296778
620 59 -0.71976845 0.70569071
630 59 -0.61957059 0.91865406
640 59 -0.51097975 1.10705000
650 59 -0.40238891 1.29544593
660 59 -0.23235769 1.51333899
670 59 0.07813274 1.79822615
680 59 0.38867933 2.08211488
690 59 0.64018176 2.40074245
700 59 0.75106897 2.79759636
710 59 0.86195619 3.19445027
720 59 0.97384182 3.59136034
730 59 0.92380217 4.00019531
740 59 0.85667703 4.41007239
750 59 0.80652506 4.82090420
760 59 0.82420960 5.23655340
770 59 0.84195031 5.65120418
780 59 0.86784687 6.06330898
720 66 -1.30561111 -0.38192751
730 66 -1.18732310 -0.09883751
740 66 -1.06809283 0.18530707
750 66 -1.00818129 0.58029518
760 66 -0.94832590 0.97628171
770 66 -0.87743172 1.37188760
780 66 -0.70801828 1.76101622
790 66 -0.53860483 2.15014484
800 66 -0.44217602 2.51914278
810 66 -0.39310983 2.87546077
820 66 -0.34509823 3.23272102
830 66 -0.39819554 3.57127335
840 66 -0.47708334 3.90537021
850 66 -0.55597113 4.23946708
860 66 -0.62126167 4.56331140
870 66 -0.68749447 4.88610114
880 66 -0.74119084 5.12846801
890 66 -0.79494337 5.37183330
900 66 -0.76192057 5.58602596
910 66 -0.67274903 5.78134221
750 69 -0.67458363 0.09826966
760 69 -0.62559857 0.49164157
770 69 -0.57761192 0.88495733
780 69 -0.52962528 1.27827308
790 69 -0.42971447 1.58536888
800 69 -0.30869951 1.85559171
810 69 -0.18768456 2.12581455
820 69 -0.19173441 2.44709418
830 69 -0.21004297 2.77257966
840 69 -0.22840769 3.09906356
850 69 -0.25926516 3.36274673
860 69 -0.28906805 3.62548765
870 69 -0.31892710 3.88922698
880 69 -0.38497893 4.19099370
890 69 -0.45425068 4.49658563
900 69 -0.52352243 4.80217756
910 69 -0.55421141 5.06286546
920 69 -0.56780243 5.30448352
930 69 -0.58133728 5.54510315
940 69 -0.49266495 5.82051778
