2030 411 0.00000000 0.00000000
2040 411 0.00000000 0.06762396
2050 411 -0.00062108 0.13446417
2060 411 -0.00062108 0.20208813
2070 411 -0.05440379 0.38378409
2080 411 -0.16118547 0.67893096
2090 411 -0.26796715 0.97407782
2100 411 -0.39494877 1.24695448
2110 411 -0.52300989 1.51685881
2120 411 -0.65247584 1.78660048
2130 411 -0.87819465 1.96547199
2140 411 -1.10469721 2.14496459
2150 411 -1.28951336 2.32714853
2160 411 -1.38174398 2.51507009
2170 411 -1.47256978 2.70315432
2180 411 -1.58480810 2.86099778
2190 411 -1.72588236 2.97279247
2200 411 -1.86774036 3.08520825
2210 411 -2.00881462 3.19700294
2220 411 -2.02965043 3.21096249
1960 439 0.03482493 0.20334509
1970 439 0.01342719 0.20371478
1980 439 -0.01783392 0.20934887
1990 439 -0.06349820 0.22256904
2000 439 -0.10854141 0.23657295
2010 439 -0.15498944 0.25041420
2020 439 -0.20065373 0.26363437
2030 439 -0.24569694 0.27763828
2040 439 -0.29136123 0.29085845
2050 439 -0.33702551 0.30407861
2060 439 -0.39320383 0.32818250
2070 439 -0.47478734 0.37497065
2080 439 -0.55637085 0.42175880
2090 439 -0.63795436 0.46854695
2100 439 -0.74467688 0.75088770
2110 439 -0.85432737 1.05851535
2120 439 -1.05236368 1.33028293
2130 439 -1.28921760 1.58687837
2140 439 -1.50047409 1.81298166
2150 439 -1.68675422 2.00780906
2040 425 0.41936319 0.33115481
2050 425 0.40056808 0.37667123
2060 425 0.37930343 0.44966311
2070 425 0.32549114 0.77301004
2080 425 0.27167885 1.09635697
2090 425 0.10519940 1.43370781
2100 425 -0.17456830 1.78427882
2110 425 -0.45433601 2.13484983
2120 425 -0.72912027 2.38705334
2130 425 -1.00322430 2.62723448
2140 425 -1.23073242 2.82155909
2150 425 -1.35169546 2.90720921
2160 425 -1.47187476 2.99223824
2170 425 -1.58331455 3.11244712
2180 425 -1.67328266 3.31771460
2190 425 -1.76308811 3.52157725
2200 425 -1.85188799 3.71060788
2210 425 -1.93382641 3.76660874
2220 425 -2.01638590 3.82182586
2230 425 -2.09754057 3.87720564
2180 451 1.41155590 0.02463624
2190 451 1.07609788 0.19222477
2200 451 0.75134612 0.34112170
2210 451 0.42799919 0.49018129
2220 451 0.10386851 0.63986196
2230 451 -0.25017760 0.80814551
2240 451 -0.60484479 0.97564531
2250 451 -0.91846144 1.11444227
2260 451 -1.14086782 1.18478716
2270 451 -1.36265311 1.25591580
2280 451 -1.56367654 1.29528054
2290 451 -1.73388248 1.28980911
2300 451 -1.90330468 1.28371660
2310 451 -2.05119605 1.34987658
2320 451 -2.19323150 1.43308673
2330 451 -2.33526696 1.51629688
2340 451 -2.44788976 1.62213215
2350 451 -2.54962885 1.73848144
2360 451 -2.66322764 1.85274568
2370 451 -2.82674956 1.95553469
2210 555 -2.19108729 0.46168547
2220 555 -1.92962671 0.49053619
2230 555 -1.73978276 0.50468798
2240 555 -1.54993880 0.51883977
2250 555 -1.29992387 0.52358661
2260 555 -1.04990893 0.52833345
2270 555 -0.80023412 0.57290345
2280 555 -0.55067760 0.64308567
2290 555 -0.30679954 0.72542335
2300 555 -0.10870407 0.91421738
2310 555 0.09079622 1.10317408
2320 555 0.22169657 1.16531182
2330 555 0.34501085 1.21304638
2340 555 0.44016943 1.27033376
2350 555 0.48887998 1.34146240
2360 555 0.53759052 1.41259103
2370 555 0.58630107 1.48371967
2380 555 0.67059072 1.56110348
2390 555 0.76409308 1.63884220
2400 555 0.87671588 1.73587882
