2520 243 0.00000000 0.00000000
2530 243 0.00000000 0.32451965
2540 243 -0.00054542 0.64987745
2550 243 -0.01829781 0.84950173
2560 243 -0.04585855 0.96519272
2570 243 -0.07341928 1.08088372
2580 243 -0.09656118 1.24478751
2590 243 -0.11519179 1.44026104
2600 243 -0.13466057 1.63518914
2610 243 -0.20529728 1.79324121
2620 243 -0.29747352 1.93489057
2630 243 -0.39019518 2.07737809
2640 243 -0.48157331 2.21596754
2650 243 -0.55859792 2.32333238
2660 243 -0.63646070 2.43015180
2670 243 -0.71486889 2.53780938
2680 243 -0.74317227 2.71147838
2690 243 -0.73825423 2.92943436
2700 243 -0.73471977 3.14768309
2710 243 -0.72468032 3.35226855
2410 219 -2.38353521 0.33879921
2420 219 -2.18272148 0.48856518
2430 219 -1.95284017 0.60832989
2440 219 -1.70691361 0.74927359
2450 219 -1.43786365 0.92435390
2460 219 -1.16881368 1.09943421
2470 219 -1.03309000 1.38222757
2480 219 -1.03069261 1.77273397
2490 219 -1.02745706 2.16378580
2500 219 -0.99834634 2.53707599
2510 219 -0.92985742 2.88468823
2520 219 -0.86136850 3.23230047
2530 219 -0.75444739 3.51901963
2540 219 -0.60716509 3.74371481
2550 219 -0.45988279 3.96840999
2560 219 -0.33139750 4.22382442
2570 219 -0.27587852 4.60236853
2580 219 -0.22035954 4.98091263
2590 219 -0.16400240 5.36000217
2600 219 -0.18049447 5.79787088
2420 221 -1.68561136 1.14373045
2430 221 -1.68305681 1.14897204
2440 221 -1.68104769 1.15505180
2450 221 -1.67933131 1.15974797
2460 221 -1.67732218 1.16582773
2470 221 -1.67476764 1.17106932
2480 221 -1.67275852 1.17714908
2490 221 -1.67104213 1.18184525
2500 221 -1.66903301 1.18792500
2510 221 -1.66647847 1.19316660
2520 221 -1.66446934 1.19924635
2530 221 -1.66329838 1.20478068
2540 221 -1.66074384 1.21002228
2550 221 -1.65818929 1.21526387
2560 221 -1.65618017 1.22134363
2570 221 -1.65362562 1.22658522
2580 221 -1.65245466 1.23211955
2590 221 -1.65044554 1.23819931
2600 221 -1.64789099 1.24344090
2610 221 -1.64588187 1.24952066
2480 228 -0.99609378 -0.28072260
2490 228 -0.96662869 -0.02531742
2500 228 -0.93661818 0.22924960
2510 228 -0.88165079 0.45829891
2520 228 -0.80201924 0.66044692
2530 228 -0.72238770 0.86259493
2540 228 -0.64330158 1.06558110
2550 228 -0.75551667 1.45070416
2560 228 -0.86911534 1.83611997
2570 228 -0.96589838 2.21219581
2580 228 -0.91960226 2.50957380
2590 228 -0.87246798 2.80749722
2600 228 -0.82562644 3.10403705
2610 228 -0.71580875 3.30196651
2620 228 -0.59944599 3.48983803
2630 228 -0.48283055 3.67548781
2640 228 -0.36592238 3.86252117
2650 228 -0.25126368 4.02184281
2660 228 -0.13877434 4.16066337
2670 228 -0.02628500 4.29948393
2490 230 -1.81471294 -0.19063561
2500 230 -1.76192723 0.04176635
2510 230 -1.70943426 0.27278472
2520 230 -1.62594471 0.47267092
2530 230 -1.51313490 0.64033412
2540 230 -1.39948692 0.80854273
2550 230 -1.30205677 0.96500475
2560 230 -1.24096031 1.09663007
2570 230 -1.17931844 1.22741722
2580 230 -1.11822198 1.35904253
2590 230 -1.19796754 1.62093115
2600 230 -1.27687493 1.88336518
2610 230 -1.34446098 2.14123555
2620 230 -1.36596353 2.37779134
2630 230 -1.38662792 2.61489254
2640 230 -1.36509147 2.88064841
2650 230 -1.16615744 3.26065006
2660 230 -0.96860700 3.64094445
2670 230 -0.77204263 3.98241838
2680 230 -0.57581106 4.31890341
2510 233 -1.73587950 -0.63446698
2520 233 -1.76706714 -0.39586201
2530 233 -1.75519112 -0.17576440
2540 233 -1.73199376 0.03976955
2550 233 -1.71017998 0.25559624
2560 233 -1.66768024 0.43596744
2570 233 -1.58003069 0.53595523
2580 233 -1.49238115 0.63594301
2590 233 -1.40473160 0.73593079
2600 233 -1.31410226 0.82950602
2610 233 -1.21100835 0.89659287
2620 233 -1.10875260 0.96313430
2630 233 -1.00565869 1.03022114
2640 233 -0.96044417 1.23025526
2650 233 -0.94095690 1.48632604
2660 233 -0.92063148 1.74294225
2670 233 -0.98504052 1.93726022
2680 233 -1.13472946 2.07011813
2690 233 -1.28441839 2.20297603
2700 233 -1.43410732 2.33583394
2510 236 -0.42938849 -0.20186759
2520 236 -0.41790999 0.05734322
2530 236 -0.40588606 0.31571586
2540 236 -0.40801844 0.54817329
2550 236 -0.43197077 0.73899070
2560 236 -0.45592309 0.92980812
2570 236 -0.47958268 1.12200912
2580 236 -0.50718039 1.30926126
2590 236 -0.53393994 1.49705883
2600 236 -0.56153765 1.68431098
2610 236 -0.62263411 1.87720531
2620 236 -0.69702098 2.07218888
2630 236 -0.77224601 2.26662703
2640 236 -0.83330240 2.46312669
2650 236 -0.87381767 2.66106232
2660 236 -0.91487836 2.85983611
2670 236 -0.93058157 3.06914547
2680 236 -0.91954372 3.28869767
2690 236 -0.90934402 3.50770444
2700 236 -0.90400382 3.63883980
2510 240 -1.08912051 -0.44028459
2520 240 -1.13961360 -0.24168337
2530 240 -1.09797667 -0.01415014
2540 240 -1.05633975 0.21338308
2550 240 -1.01478294 0.43370564
2560 240 -0.97373458 0.58330521
2570 240 -0.93214080 0.73206662
2580 240 -0.89054701 0.88082803
2590 240 -0.87383000 1.06231781
2600 240 -0.89486724 1.29082478
2610 240 -0.91590449 1.51933175
2620 240 -0.99038380 1.73095838
2630 240 -1.11637617 1.92457378
2640 240 -1.24291397 2.11902734
2650 240 -1.34136410 2.39499214
2660 240 -1.41088839 2.75301361
2670 240 -1.48125085 3.11048966
2680 240 -1.48706560 3.41094296
2690 240 -1.46486355 3.68667666
2700 240 -1.37813845 3.95309504
2540 245 -0.88965338 -0.68630668
2550 245 -0.85275269 -0.46066240
2560 245 -0.81639742 -0.23417997
2570 245 -0.76981164 -0.01058488
2580 245 -0.63194942 0.19008402
2590 245 -0.49492535 0.39020750
2600 245 -0.35706313 0.59087640
2610 245 -0.27999846 0.81163653
2620 245 -0.23001997 1.04101864
2630 245 -0.17920333 1.27094617
2640 245 -0.12838668 1.50087370
2650 245 0.04575686 1.74662770
2660 245 0.22019314 1.99376528
2670 245 0.39517484 2.24006470
2680 245 0.55709416 2.53393905
2690 245 0.71241604 2.85811973
2700 245 0.86719249 3.18313857
2710 245 0.85765224 3.47281595
2720 245 0.80724235 3.75379432
2730 245 0.75683246 4.03477269
2570 569 0.95652761 1.88711842
2580 569 0.76090925 1.90537926
2590 569 0.56529089 1.92364009
2600 569 0.36967254 1.94190093
2610 569 0.21535214 2.03237311
2620 569 0.09068788 2.17077767
2630 569 -0.03609027 2.34359926
2640 569 -0.16436601 2.65623056
2650 569 -0.28479324 2.95130053
2660 569 -0.38708905 3.20567342
2670 569 -0.42949018 3.48351176
2680 569 -0.41145121 3.78397739
2690 569 -0.39969537 3.99325902
2700 569 -0.39338451 4.11190207
2710 569 -0.37202678 4.23675738
2720 569 -0.20388596 4.41656467
2730 569 -0.03574514 4.59637197
2740 569 0.11862456 4.73500456
2750 569 0.26437228 4.84655097
2760 569 0.41012001 4.95809737
2590 571 0.46909641 2.37764959
2600 571 0.44794515 2.42115389
2610 571 0.42733931 2.46382003
2620 571 0.40673347 2.50648616
2630 571 0.36428303 2.55521973
2640 571 0.23609048 2.62570853
2650 571 0.10789794 2.69619733
2660 571 -0.02515102 2.75398120
2670 571 -0.19738404 2.70513670
2680 571 -0.37045523 2.65574677
2690 571 -0.54214283 2.60606411
2700 571 -0.64145886 2.52950480
2710 571 -0.73138253 2.44951273
2720 571 -0.84558209 2.45632895
2730 571 -0.98435027 2.54856990
2740 571 -1.15753547 2.63869696
2750 571 -1.41594510 2.72228204
2760 571 -1.66633055 2.85403985
2770 571 -1.88990099 3.17743784
2780 571 -2.11317870 3.50221941
2620 222 -1.64416549 1.25421683
2630 222 -1.64161094 1.25945842
2640 222 -1.63960182 1.26553818
2650 222 -1.63759269 1.27161793
2660 222 -1.63503815 1.27685953
2670 222 -1.63386719 1.28239386
2680 222 -1.63131264 1.28763545
2690 222 -1.62930352 1.29371521
2700 222 -1.62674898 1.29895680
2710 222 -1.62557801 1.30449113
2720 222 -1.66128309 1.36119340
2730 222 -1.70655308 1.43076084
2740 222 -1.75182307 1.50032828
2750 222 -1.79709305 1.56989571
2760 222 -2.01914124 1.70577655
2770 222 -2.41909854 1.90604177
2780 222 -2.78180386 2.13889979
2790 222 -3.12908946 2.38656430
2800 222 -3.46267173 2.64433914
2810 222 -3.67795299 2.98983441
