2710 234 0.00000000 0.00000000
2720 234 0.00000000 0.39377659
2730 234 0.01841146 0.77251927
2740 234 0.20676699 1.02281348
2750 234 0.39472128 1.27175159
2760 234 0.58221339 1.48174376
2770 234 0.77012197 1.65326742
2780 234 0.95667445 1.82519232
2790 234 1.09925784 2.00054048
2800 234 1.17449340 2.18254216
2810 234 1.24972895 2.36454384
2820 234 1.32496451 2.54654551
2830 234 1.38277394 2.85906283
2840 234 1.42411210 3.30033843
2850 234 1.46545026 3.74161403
2860 234 1.51482343 4.11783244
2870 234 1.56694436 4.46595369
2880 234 1.62042138 4.81367371
2890 234 1.79730341 5.12488063
2900 234 1.97506410 5.43656498
2690 231 1.22463350 1.80121425
2700 231 1.39902173 2.00181023
2710 231 1.57300871 2.20105011
2720 231 1.62265107 2.39873581
2730 231 1.67364953 2.59602027
2740 231 1.72376932 2.79282730
2750 231 1.73643640 3.02505035
2760 231 1.74408033 3.26023447
2770 231 1.74908825 3.49398630
2780 231 1.72678118 3.71517264
2790 231 1.70495155 3.93548030
2800 231 1.68352315 4.15714407
2810 231 1.65981936 4.35367175
2820 231 1.63336273 4.52594202
2830 231 1.60826220 4.69781105
2840 231 1.58268425 4.87055875
2850 231 1.65127644 5.08992172
2860 231 1.72953401 5.31453640
2870 231 1.80867026 5.53962850
2880 231 1.88780650 5.76472060
2710 237 0.66093823 1.01010576
2720 237 0.67517981 1.13051414
2730 237 0.79491268 1.24109461
2740 237 1.02013683 1.34184717
2750 237 1.24536099 1.44259974
2760 237 1.46031029 1.55597875
2770 237 1.63177300 1.72425691
2780 237 1.80323570 1.89253507
2790 237 1.97469841 2.06081323
2800 237 2.02025216 2.24717271
2810 237 2.06580591 2.43353219
2820 237 2.11135966 2.61989167
2830 237 2.17086041 2.84341944
2840 237 2.26505595 3.15180750
2850 237 2.35925149 3.46019557
2860 237 2.43638660 3.73086174
2870 237 2.50270847 3.97744318
2880 237 2.56862910 4.22266853
2890 237 2.63407230 4.46877255
2900 237 2.70039417 4.71535400
2710 241 0.45433377 1.46574992
2720 241 0.71024538 1.69015636
2730 241 0.92424490 1.85764727
2740 241 1.09497622 1.96862390
2750 241 1.26706365 2.07919929
2760 241 1.36736926 2.16898117
2770 241 1.45035032 2.25504012
2780 241 1.53293015 2.33974297
2790 241 1.61638864 2.42492325
2800 241 1.68130870 2.59449148
2810 241 1.73490762 2.82050289
2820 241 1.78762787 3.04603687
2830 241 1.84913483 3.27634513
2840 241 1.94194888 3.52024993
2850 241 2.03611903 3.76375349
2860 241 2.12981175 4.00813572
2870 241 2.16897101 4.23768212
2880 241 2.17132260 4.45747173
2890 241 2.17367418 4.67726133
2900 241 2.17554834 4.89792960
2790 572 -0.74541253 1.03465268
2800 572 -0.91944014 1.20412949
2810 572 -0.87758900 1.22345517
2820 572 -0.81150076 1.22749807
2830 572 -0.74493510 1.23066230
2840 572 -0.67924810 1.23334910
2850 572 -0.47105391 1.21673054
2860 572 -0.12210985 1.17985176
2870 572 0.23910005 1.17695164
2880 572 0.60800974 1.19758263
2890 572 0.93713545 1.24325828
2900 572 1.23931188 1.30501919
2910 572 1.55944264 1.36515481
2920 572 1.89705032 1.42454381
2930 572 2.23425676 1.48257672
2940 572 2.23725846 1.90643635
2950 572 2.23938149 2.32981856
2960 572 2.09491379 2.61664618
2970 572 1.93350246 2.88857702
2980 572 1.87684597 3.23791217
