2390 558 0.00000000 0.00000000
2400 558 -0.00000000 0.19027612
2410 558 0.00040468 0.37963777
2420 558 0.01166726 0.62848140
2430 558 0.02364984 0.88311137
2440 558 0.14434287 1.11695575
2450 558 0.31162608 1.34189202
2460 558 0.64016968 1.64475189
2470 558 1.00905466 1.96765106
2480 558 1.32491143 2.01994349
2490 558 1.64127799 2.07355505
2500 558 1.94807425 2.04747716
2510 558 2.25353560 2.01206021
2520 558 2.51115596 1.90188874
2530 558 2.73589777 1.73998717
2540 558 2.94467332 1.75254787
2550 558 3.15088943 1.81537236
2560 558 3.35916045 1.89332224
2570 558 3.58631980 1.97306950
2580 558 3.84455505 2.05672688
2210 555 1.68665415 0.16462918
2220 555 1.78279339 0.40947861
2230 555 1.85861478 0.58409853
2240 555 1.93443617 0.75871845
2250 555 2.04658372 0.98221997
2260 555 2.15873127 1.20572148
2270 555 2.23547238 1.44745440
2280 555 2.28948862 1.70100172
2290 555 2.33010328 1.95517971
2300 555 2.25518584 2.21837617
2310 555 2.18077818 2.48289177
2320 555 2.18669590 2.62767084
2330 555 2.20183179 2.75903258
2340 555 2.19540955 2.86991880
2350 555 2.15512073 2.94613436
2360 555 2.11483191 3.02234991
2370 555 2.07454309 3.09856547
2380 555 2.04527510 3.20918366
2390 555 2.01998028 3.32812134
2400 555 1.98650261 3.47296348
2510 233 1.42093504 3.46107550
2520 233 1.66145919 3.45378609
2530 233 1.87684093 3.40693838
2540 233 2.08591078 3.34964270
2550 233 2.29549042 3.29366615
2560 233 2.46676783 3.22292685
2570 233 2.55148682 3.12044420
2580 233 2.63620581 3.01796155
2590 233 2.72092480 2.91547891
2600 233 2.79883789 2.81107799
2610 233 2.84861292 2.69859935
2620 233 2.89798328 2.58703516
2630 233 2.94775831 2.47455651
2640 233 3.13801340 2.39799935
2650 233 3.38769267 2.33789722
2660 233 3.63777660 2.27688062
2670 233 3.83988290 2.30945434
2680 233 3.99492600 2.43602304
2690 233 4.14996911 2.56259173
2700 233 4.30501222 2.68916043
2550 649 0.57313552 1.12408749
2560 649 0.67918666 1.21804042
2570 649 0.78523781 1.31199336
2580 649 0.89128896 1.40594630
2590 649 0.99227378 1.50640557
2600 649 1.09214969 1.61184182
2610 649 1.19111114 1.71687340
2620 649 1.31465791 1.83059760
2630 649 1.44734929 1.94836856
2640 649 1.58095513 2.06654419
2650 649 1.63576495 2.11813763
2660 649 1.63790920 2.12564777
2670 649 1.64096792 2.13356258
2680 649 1.64311217 2.14107272
2690 649 1.64525642 2.14858286
2700 649 1.64831513 2.15649768
2710 649 1.65045938 2.16400781
2720 649 1.65260364 2.17151795
2730 649 1.65474789 2.17902809
2740 649 1.65780660 2.18694290
