1330 92 0.00000000 0.00000000
1340 92 0.00000000 0.20608736
1350 92 0.00097046 0.41114603
1360 92 0.00094135 0.61623381
1370 92 -0.05423913 0.81692540
1380 92 -0.12347191 1.01602544
1390 92 -0.19167600 1.21609593
1400 92 -0.21543291 1.43087863
1410 92 -0.20888229 1.65578326
1420 92 -0.20233167 1.88068788
1430 92 -0.19578105 2.10559250
1440 92 -0.18714394 2.33343762
1450 92 -0.17439206 2.56516460
1460 92 -0.16161108 2.79789115
1470 92 -0.14783051 3.03058858
1480 92 -0.13202168 3.26422736
1490 92 -0.11418459 3.49880749
1500 92 -0.09631838 3.73438720
1510 92 -0.07748170 3.96893822
1520 92 -0.08545890 4.21027277
1330 95 0.51789688 -0.21717004
1340 95 0.51283106 0.02107844
1350 95 0.50254416 0.21746118
1360 95 0.48947204 0.38691359
1370 95 0.47637080 0.55536642
1380 95 0.46326956 0.72381926
1390 95 0.44715988 0.92637414
1400 95 0.42869199 1.15100703
1410 95 0.41019498 1.37464035
1420 95 0.39272666 1.59924413
1430 95 0.37425876 1.82387702
1440 95 0.37101742 2.05606981
1450 95 0.37283218 2.29011619
1460 95 0.37364737 2.52419168
1470 95 0.37549125 2.75923763
1480 95 0.37739335 2.99628274
1490 95 0.37944103 3.23832573
1500 95 0.38148870 3.48036871
1510 95 0.38350727 3.72141212
1520 95 0.38455537 3.96348422
