1600 187 0.00000000 0.00000000
1610 187 -0.00000000 0.31263077
1620 187 -0.00096919 0.62550784
1630 187 -0.00072290 0.93910781
1640 187 -0.06337828 1.29345552
1650 187 -0.16812165 1.67707099
1660 187 -0.27286501 2.06068646
1670 187 -0.41391319 2.46384575
1680 187 -0.56391442 2.87237559
1690 187 -0.71294645 3.28065913
1700 187 -0.78860439 3.72188569
1710 187 -0.75347029 4.21337282
1720 187 -0.71833620 4.70485995
1730 187 -0.68492618 5.18956271
1740 187 -0.66727916 5.61223703
1750 187 -0.64938585 6.03588055
1760 187 -0.63076964 6.45830858
1770 187 -0.60280374 6.85256599
1780 187 -0.57146966 7.23977675
1790 187 -0.54013557 7.62698752
1460 177 -1.84458809 4.04079544
1470 177 -1.79215563 4.05223385
1480 177 -1.76673267 4.10355318
1490 177 -1.75312237 4.17335117
1500 177 -1.73878916 4.24193367
1510 177 -1.72445596 4.31051617
1520 177 -1.71012276 4.37909867
1530 177 -1.69675875 4.44792746
1540 177 -1.68242555 4.51650997
1550 177 -1.65361521 4.69078264
1560 177 -1.61082032 4.96880709
1570 177 -1.56680993 5.24755444
1580 177 -1.52376874 5.52654809
1590 177 -1.42512522 5.82133353
1600 177 -1.32089684 6.11779507
1610 177 -1.21763765 6.41450291
1620 177 -1.11340927 6.71096445
1630 177 -1.03023448 6.95705986
1640 177 -0.96149524 7.17071125
1650 177 -0.89203311 7.38314716
1470 179 -1.90762411 3.48417397
1480 179 -1.82712340 3.54110055
1490 179 -1.74686898 3.59705793
1500 179 -1.66733747 3.65423081
1510 179 -1.58264970 3.72763369
1520 179 -1.46223290 3.94569284
1530 179 -1.34156979 4.16472118
1540 179 -1.22018379 4.38253403
1550 179 -1.13508660 4.62401378
1560 179 -1.06474163 4.87646493
1570 179 -0.99342748 5.12866979
1580 179 -0.92308252 5.38112095
1590 179 -0.82577284 5.70719889
1600 179 -0.72749396 6.03303054
1610 179 -0.63090718 6.36032398
1620 179 -0.58322474 6.71036310
1630 179 -0.57064760 7.07654586
1640 179 -0.55685497 7.44345152
1650 179 -0.54427783 7.80963428
1660 179 -0.71256901 8.12995144
