600 373 0.00000000 0.00000000
610 373 -0.00000000 0.50284192
620 373 -0.08739327 1.06095967
630 373 -0.17478654 1.61907741
640 373 -0.43305856 2.05495992
650 373 -0.71038230 2.47702099
660 373 -0.99997629 2.84031608
670 373 -1.29519829 3.17779788
680 373 -1.59210074 3.50739451
690 373 -1.90141266 3.75555401
700 373 -2.21072458 4.00371351
710 373 -2.52070271 4.25112724
720 373 -2.81627274 4.58221539
730 373 -3.10528006 4.94766821
740 373 -3.39495360 5.31237527
750 373 -3.66751441 5.61218122
760 373 -3.91407301 5.81500838
770 373 -4.16055206 6.01642357
780 373 -4.40777687 6.21850497
790 373 -4.72287590 6.44367514
550 47 -4.21187037 0.55380227
560 47 -4.19008420 0.93393168
570 47 -4.16763182 1.31480684
580 47 -3.97180487 1.68561920
590 47 -3.73271383 2.05532783
600 47 -3.49428900 2.42429070
610 47 -3.44770378 2.69108429
620 47 -3.40178478 2.95713211
630 47 -3.34553449 3.20322337
640 47 -3.27903248 3.43077003
650 47 -3.21253047 3.65831669
660 47 -3.21561295 3.98959376
670 47 -3.26577782 4.38974934
680 47 -3.31594269 4.78990491
690 47 -3.51989346 5.12898762
700 47 -3.74188172 5.46138830
710 47 -3.96386997 5.79378899
720 47 -4.26440179 6.09980962
730 47 -4.58504928 6.39832291
740 47 -4.88798743 6.67162948
600 369 -0.34744517 1.61643245
610 369 -0.55877401 2.06133369
620 369 -0.80669487 2.45176455
630 369 -1.06954089 2.81798302
640 369 -1.29574518 3.12464997
650 369 -1.48472107 3.37392314
660 369 -1.66402195 3.64003062
670 369 -1.74652303 4.06102774
680 369 -1.82902411 4.48202486
690 369 -1.91815749 4.90760592
700 369 -2.01019436 5.33443986
710 369 -2.13170372 5.73128426
720 369 -2.37227634 6.00385501
730 369 -2.61351518 6.27568000
740 369 -2.83656739 6.51382641
750 369 -3.03408473 6.70100253
760 369 -3.23152252 6.88676667
770 369 -3.43391217 7.08499994
780 369 -3.64836326 7.30875814
790 369 -3.86206859 7.53185012
600 377 0.14819767 2.09620549
610 377 -0.00458395 2.50757731
620 377 -0.15977188 2.88623508
630 377 -0.31668998 3.16989281
640 377 -0.47329984 3.30979762
650 377 -0.63065545 3.45036863
660 377 -0.79946596 3.59312721
670 377 -0.97400391 3.73697958
680 377 -1.14787565 3.88157771
690 377 -1.37503451 4.20518835
700 377 -1.60078140 4.52887855
710 377 -1.83774454 4.85052038
720 377 -2.16361236 5.15369717
730 377 -2.48948018 5.45687396
740 377 -2.80083051 5.75378636
750 377 -3.09609229 6.04168996
760 377 -3.39143361 6.33100553
770 377 -3.69258193 6.52225848
780 377 -3.99450584 6.70213608
790 377 -4.31001255 6.89682948
