3890 627 0.00000000 0.00000000
3900 627 0.00000000 0.18809572
3910 627 0.00099949 0.37622334
3920 627 0.00099949 0.56431906
3930 627 -0.00422126 0.75925172
3940 627 -0.01050529 0.95615147
3950 627 -0.01675743 1.15205173
3960 627 -0.01269566 1.33827606
3970 627 0.00583745 1.50995461
3980 627 0.02440247 1.68063367
3990 627 0.04293559 1.85231221
4000 627 0.08645598 1.93074037
4010 627 0.13326194 2.00026880
4020 627 0.17910030 2.06876584
4030 627 0.22593815 2.13729477
4040 627 0.29993240 2.23270364
4050 627 0.37392664 2.32811251
4060 627 0.44788898 2.42452087
4070 627 0.52188322 2.51992974
4080 627 0.63166775 2.62248391
3720 672 -0.45208897 2.72296466
3730 672 -0.05911884 2.66747164
3740 672 0.30764124 2.61814569
3750 672 0.43557610 2.62222872
3760 672 0.56905069 2.60947989
3770 672 0.71079767 2.55697471
3780 672 0.84428290 2.48119415
3790 672 0.94172265 2.31221635
3800 672 1.04016189 2.14327045
3810 672 1.17854888 1.97660000
3820 672 1.33389531 1.81147131
3830 672 1.49027314 1.64537502
3840 672 1.58490581 1.47030459
3850 672 1.67357343 1.29404326
3860 672 1.75821119 1.11865384
3870 672 1.80983384 0.94321125
3880 672 1.86245598 0.76780056
3890 672 1.91955457 0.57752510
3900 672 1.98535086 0.36551602
3910 672 2.05014766 0.15347505
3900 632 -0.46888892 0.17713322
3910 632 -0.46527374 0.37735042
3920 632 -0.46165856 0.57756763
3930 632 -0.45904287 0.77775294
3940 632 -0.45542769 0.97797015
3950 632 -0.44630468 1.16235499
3960 632 -0.43705407 1.34274187
3970 632 -0.42783536 1.52412824
3980 632 -0.41758526 1.70454702
3990 632 -0.37884966 1.83885098
4000 632 -0.32645081 1.95258031
4010 632 -0.27408385 2.06730913
4020 632 -0.22477917 2.18394124
4030 632 -0.18072713 2.30840978
4040 632 -0.13664319 2.43187883
4050 632 -0.09259116 2.55634737
4060 632 -0.00807036 2.69811561
4070 632 0.08528636 2.84516840
4080 632 0.17867498 2.99122170
4090 632 0.30065543 3.11917783
3960 637 0.07932132 0.02254171
3970 637 0.04471128 0.16651097
3980 637 0.01010124 0.31048022
3990 637 0.00831492 0.46049958
4000 637 0.08301093 0.62796750
4010 637 0.15773884 0.79443594
4020 637 0.26640691 1.02602015
4030 637 0.42608093 1.35227957
4040 637 0.58475546 1.67850709
4050 637 0.77678535 1.86872939
4060 637 0.97592864 2.02416089
4070 637 1.17407243 2.17956049
4080 637 1.41944750 2.32846340
4090 637 1.69599818 2.47235822
4100 637 1.97254887 2.61625304
4110 637 2.23168289 2.74158284
4120 637 2.48126858 2.85260079
4130 637 2.73082237 2.96461822
4140 637 2.99958978 3.07024529
4150 637 3.28144627 3.17328857
