3030 271 0.00000000 0.00000000
3040 271 0.00000000 0.41915391
3050 271 0.00092329 0.83869193
3060 271 0.05901889 1.15204460
3070 271 0.13102347 1.43977424
3080 271 0.20433544 1.72696469
3090 271 0.27672413 2.01377103
3100 271 0.28296766 2.31638302
3110 271 0.28251914 2.61946024
3120 271 0.28076322 2.92307664
3130 271 0.23170486 3.23625754
3140 271 0.15080379 3.55568674
3150 271 0.06951862 3.87603924
3160 271 -0.01138245 4.19546844
3170 271 -0.13186564 4.43561173
3180 271 -0.27783828 4.62507674
3190 271 -0.42473420 4.81415765
3200 271 -0.57032273 5.00269937
3210 271 -0.75597529 5.21464777
3220 271 -1.00060858 5.46162865
2960 269 4.02876118 0.68285895
2970 269 3.76320717 1.07385137
2980 269 3.49331109 1.40238463
2990 269 3.22287582 1.72961049
3000 269 2.94136109 2.05222707
3010 269 2.56005008 2.32574474
3020 269 2.17966236 2.59964651
3030 269 1.79920068 2.87893295
3040 269 1.42421193 3.17890868
3050 269 1.04922318 3.47888441
3060 269 0.68792869 3.78239106
3070 269 0.44503700 4.11890945
3080 269 0.20306861 4.45581195
3090 269 -0.03928390 4.79363774
3100 269 -0.20855585 5.13803868
3110 269 -0.20866560 5.49757725
3120 269 -0.20823616 5.85842323
3130 269 -0.16011302 6.22178140
3140 269 0.07817176 6.59926565
3150 269 0.31776395 6.97621072
3040 273 0.59727702 -0.05586731
3050 273 0.60832070 0.30289590
3060 273 0.62128491 0.65704266
3070 273 0.63332584 1.01080532
3080 273 0.65466645 1.35002439
3090 273 0.68607496 1.67285330
3100 273 0.71656018 1.99529810
3110 273 0.74758458 2.31905030
3120 273 0.76670882 2.68442444
3130 273 0.78521992 3.05387584
3140 273 0.80334691 3.42425054
3150 273 0.82185801 3.79370194
3160 273 0.69044328 4.01846663
3170 273 0.55810526 4.24284722
3180 273 0.42576723 4.46722781
3190 273 0.29342921 4.69160839
3200 273 0.14577939 4.90853587
3210 273 -0.00317783 5.12600253
3220 273 -0.15213505 5.34346918
3230 273 -0.30016898 5.56131995
3070 487 -0.58634786 2.30240009
3080 487 -0.57278006 2.35570032
3090 487 -0.55867307 2.41030795
3100 487 -0.54456608 2.46491557
3110 487 -0.53007498 2.51859991
3120 487 -0.54225666 2.60776048
3130 487 -0.59156313 2.74971072
3140 487 -0.64217700 2.89220015
3150 487 -0.65260754 2.94851359
3160 487 -0.63791603 2.94704397
3170 487 -0.62322453 2.94557434
3180 487 -0.60853303 2.94410471
3190 487 -0.59384153 2.94263508
3200 487 -0.57915003 2.94116546
3210 487 -0.56445853 2.93969583
3220 487 -0.54884374 2.93861031
3230 487 -0.53415224 2.93714068
3240 487 -0.51946074 2.93567105
3250 487 -0.50476924 2.93420143
3260 487 -0.49046185 2.93365509
