1130 91 0.00000000 0.00000000
1140 91 -0.00000000 0.32118842
1150 91 0.01058257 0.63000715
1160 91 0.06163360 0.89341329
1170 91 0.11271888 1.15781883
1180 91 0.14457557 1.41587920
1190 91 0.17539860 1.67297440
1200 91 0.23420521 1.92911066
1210 91 0.30497052 2.18383653
1220 91 0.37473643 2.43859665
1230 91 0.44143559 2.69146068
1240 91 0.50813476 2.94432472
1250 91 0.57483393 3.19718876
1260 91 0.59228163 3.47275287
1270 91 0.58705106 3.75809939
1280 91 0.58281989 4.04341167
1290 91 0.58613259 4.34447483
1300 91 0.60480699 4.68503506
1310 91 0.62344714 5.02459587
1320 91 0.64208729 5.36415668
1060 85 -0.93320301 -0.48632513
1070 85 -0.77986623 -0.07033255
1080 85 -0.58834625 0.35035510
1090 85 -0.38076715 0.77249361
1100 85 -0.17205166 1.19859552
1110 85 0.04592631 1.66140175
1120 85 0.26287062 2.12324281
1130 85 0.48320858 2.50892297
1140 85 0.70687169 2.81644340
1150 85 0.87482606 3.04582589
1160 85 1.01956042 3.23998295
1170 85 1.07377471 3.53730065
1180 85 1.10489351 3.86142504
1190 85 1.18442938 4.19689791
1200 85 1.33864105 4.55082412
1210 85 1.49181905 4.90378516
1220 85 1.57048627 5.27230717
1230 85 1.61734350 5.64692217
1240 85 1.66416648 6.02053776
1250 85 1.70201654 6.45349546
1080 87 -1.38675922 -0.17360838
1090 87 -1.11694563 0.42950490
1100 87 -0.84613263 1.03258393
1110 87 -0.61377369 1.44786977
1120 87 -0.39824910 1.78068376
1130 87 -0.16293551 2.07779908
1140 87 0.08554792 2.35044901
1150 87 0.08503731 2.48154340
1160 87 0.02126166 2.57678345
1170 87 0.37455585 2.63771964
1180 87 0.52335013 2.86275578
1190 87 0.68356138 3.36256209
1200 87 0.73386519 3.89615232
1210 87 0.70889854 4.45233364
1220 87 0.68499979 5.01047955
1230 87 0.66313412 5.56955637
1240 87 0.64526611 6.12849620
1250 87 0.66423939 6.68217121
1260 87 0.68324693 7.23684563
1270 87 0.78981055 7.68946157
1120 89 -0.78870839 0.02202446
1130 89 -0.59489380 0.50967280
1140 89 -0.40207863 0.99735539
1150 89 -0.12881224 1.40923824
1160 89 0.16582478 1.80237819
1170 89 0.37019081 2.10155461
1180 89 0.48735257 2.30866357
1190 89 0.58903743 2.53131170
1200 89 0.55980225 2.90453188
1210 89 0.56933248 3.29943715
1220 89 0.63802736 3.72733552
1230 89 0.72936627 4.14445206
1240 89 0.90721515 4.51657942
1250 89 1.08403037 4.88774162
1260 89 1.26866966 5.25363277
1270 89 1.46792342 5.60801666
1280 89 1.66817659 5.96236630
1290 89 1.85249519 6.37729720
1300 89 2.02187863 6.85277512
1310 89 2.19226149 7.32821879
1130 94 0.47623760 -0.17641358
1140 94 0.47718097 0.08470729
1150 94 0.47815859 0.34682757
1160 94 0.48299687 0.60481322
1170 94 0.52681850 0.83244596
1180 94 0.57067438 1.06107811
1190 94 0.61552967 1.28967602
1200 94 0.68194862 1.56356198
1210 94 0.75477504 1.84923542
1220 94 0.82760145 2.13490886
1230 94 0.89942845 2.42061655
1240 94 0.94833743 2.70911076
1250 94 0.99724642 2.99760497
1260 94 1.04515599 3.28613343
1270 94 1.08654914 3.58889342
1280 94 1.11098028 3.92225226
1290 94 1.13444626 4.25664477
1300 94 1.15787799 4.59003786
1310 94 1.17004842 4.88679514
1320 94 1.16620643 5.12506649
1210 97 1.21463907 -0.23573702
1220 97 1.14678170 0.09077849
1230 97 1.07795917 0.41832766
1240 97 1.01882254 0.73653963
1250 97 0.98091955 1.03201106
1260 97 0.86542971 1.22407901
1270 97 0.74256725 1.40539314
1280 97 0.71954649 1.72636985
1290 97 0.69655999 2.04834596
1300 97 0.63982070 2.43651687
1310 97 0.58308142 2.82468778
1320 97 0.50907191 3.23446283
1330 97 0.42254948 3.65867489
1340 97 0.33602706 4.08288695
1350 97 0.26780854 4.48646003
1360 97 0.19959001 4.89003311
1370 97 0.13137149 5.29360619
1380 97 0.01531188 5.73183806
1390 97 -0.11246670 6.17847621
1400 97 -0.24124469 6.62514860
