1960 614 0.00000000 0.00000000
1970 614 -0.00000000 0.32588648
1980 614 -0.00027617 0.65315995
1990 614 0.00027924 0.97987801
2000 614 0.00057075 1.32240526
2010 614 -0.00023321 1.68129710
2020 614 -0.01548699 2.00775127
2030 614 -0.04713298 2.30066001
2040 614 -0.05046236 2.62516258
2050 614 -0.03713256 2.97100693
2060 614 -0.02747583 3.23753225
2070 614 -0.02232372 3.42529395
2080 614 -0.05959130 3.63056482
2090 614 -0.15813175 3.86112669
2100 614 -0.23781901 4.08390672
2110 614 -0.27175721 4.29056150
2120 614 -0.30652698 4.49777169
2130 614 -0.33654664 4.74630302
2140 614 -0.36461469 5.00675874
2150 614 -0.39406973 5.26693830
1880 611 0.61098576 0.63211582
1890 611 0.55944327 1.01046535
1900 611 0.50817082 1.38021680
1910 611 0.45659151 1.71529974
1920 611 0.40362521 2.05010651
1930 611 0.33414396 2.20714585
1940 611 0.26383113 2.36474061
1950 611 0.19933321 2.51123640
1960 611 0.14341804 2.63997448
1970 611 0.08750286 2.76871256
1980 611 0.06566397 2.85304561
1990 611 0.04714832 2.93155147
2000 611 0.02863267 3.01005734
2010 611 0.00928544 3.08911861
2020 611 0.02552116 3.26466747
2030 611 0.04175687 3.44021633
2040 611 0.12685706 3.71166974
2050 611 0.21112566 3.98367857
2060 611 0.18016396 4.10296551
2070 611 0.13781793 4.20700787
1890 612 -1.16637854 0.83553941
1900 612 -1.12872739 1.08096229
1910 612 -1.09135241 1.32777216
1920 612 -1.05370127 1.57319504
1930 612 -1.00274180 1.81333694
1940 612 -0.89660976 2.02985712
1950 612 -0.79103311 2.24554573
1960 612 -0.71017060 2.42603189
1970 612 -0.64513875 2.58101530
1980 612 -0.58010691 2.73599872
1990 612 -0.53088731 2.88711269
2000 612 -0.48083614 3.03767125
2010 612 -0.45800611 3.14027139
2020 612 -0.46128639 3.19657627
2030 612 -0.46512208 3.25204958
2040 612 -0.46923394 3.30890987
2050 612 -0.47332433 3.39100901
2060 612 -0.47815423 3.58183005
2070 612 -0.48298413 3.77265110
2080 612 -0.51381388 4.04697669
1910 613 0.66384772 -0.47705262
1920 613 0.70677985 -0.21832142
1930 613 0.75054356 0.03985437
1940 613 0.79292028 0.29775399
1950 613 0.82336953 0.55399966
1960 613 0.74646238 0.78454312
1970 613 0.66872365 1.01564200
1980 613 0.61183268 1.30136112
1990 613 0.56438978 1.60842817
2000 613 0.51748081 1.89108794
2010 613 0.47381529 2.07417624
2020 613 0.43153677 2.25754070
2030 613 0.42423668 2.47887237
2040 613 0.43942295 2.72486907
2050 613 0.45599621 2.97114195
2060 613 0.45595631 3.25015628
2070 613 0.44843836 3.54138039
2080 613 0.44285359 3.82289559
2090 613 0.44665860 4.05725327
2100 613 0.44880045 4.29272177
