490 154 0.00000000 0.00000000
500 154 -0.00000000 0.10120277
510 154 -0.00097823 0.20219803
520 154 -0.00097823 0.30340080
530 154 -0.01046414 0.41076940
540 154 -0.05537398 0.54538035
550 154 -0.10007632 0.67901306
560 154 -0.14596439 0.81341650
570 154 -0.21948017 0.96240452
580 154 -0.35871549 1.14652004
590 154 -0.49892905 1.33042805
600 154 -0.63466644 1.51733006
610 154 -0.73367559 1.73349016
620 154 -0.83345547 1.94846452
630 154 -0.93323536 2.16343888
640 154 -0.97820448 2.43808552
650 154 -1.01736349 2.71907586
660 154 -1.05770824 3.00083693
670 154 -1.10596779 3.20425034
680 154 -1.15855528 3.37505595
330 149 0.16007468 -1.21727897
340 149 0.13698242 -1.03612780
350 149 0.11291193 -0.85518413
360 149 0.08884144 -0.67424046
370 149 0.06477096 -0.49329679
380 149 0.04167870 -0.31214562
390 149 0.01760821 -0.13120195
400 149 0.01348777 0.00388329
410 149 0.01784536 0.11827740
420 149 0.02220295 0.23267150
430 149 0.04185656 0.31350922
440 149 0.06755744 0.38029593
450 149 0.09423655 0.44729014
460 149 0.12014494 0.51309862
470 149 0.14682405 0.58009284
480 149 0.17053882 0.63214675
490 149 0.19369036 0.68203669
500 149 0.21704940 0.73094840
510 149 0.23406475 0.78567022
520 149 0.19220818 0.87697207
450 151 -0.33342962 0.03456427
460 151 -0.36980214 0.24458817
470 151 -0.40715290 0.45440457
480 151 -0.49809903 0.61809575
490 151 -0.62535840 0.75057237
500 151 -0.75261776 0.88304898
510 151 -0.88094429 1.17477025
520 151 -1.00927083 1.46649153
530 151 -1.14361498 1.78658159
540 151 -1.28919400 2.14517851
550 151 -1.43400230 2.50496116
560 151 -1.57611304 2.95322954
570 151 -1.71813485 3.41071703
580 151 -1.85938592 3.86939026
590 151 -1.56449280 4.14661588
600 151 -1.23417574 4.39659917
610 151 -0.82402885 4.57866929
620 151 -0.41388197 4.76073941
630 151 -0.06035408 5.08924821
640 151 0.29240307 5.41657128
500 155 0.35492113 0.12435431
510 155 0.34715454 0.18506411
520 155 0.33938795 0.24577391
530 155 0.33162137 0.30648372
540 155 0.32385478 0.36719352
550 155 0.28493292 0.52658639
560 155 0.23886699 0.71002011
570 155 0.19280105 0.89345383
580 155 0.10120277 1.11323043
590 155 0.00563226 1.33727569
600 155 -0.09070898 1.56013521
610 155 -0.21515222 1.80463446
620 155 -0.34650238 2.05277985
630 155 -0.47883078 2.30071773
640 155 -0.53355261 2.48640435
650 155 -0.56924333 2.65466062
660 155 -0.60493405 2.82291689
670 155 -0.64427092 2.98426624
680 155 -0.69798487 3.11700964
690 155 -0.75051308 3.24898232
530 150 0.15132985 0.96848143
540 150 0.10947329 1.05978328
550 150 0.05012709 1.17088696
560 150 -0.08196416 1.36469589
570 150 -0.21503365 1.55829732
580 150 -0.34712490 1.75210625
590 150 -0.41927707 1.98623028
600 150 -0.48401839 2.22397082
610 150 -0.54896720 2.46268959
620 150 -0.59829392 2.69041064
630 150 -0.64643490 2.91736095
640 150 -0.69457587 3.14431127
650 150 -0.72694653 3.36438430
660 150 -0.73566171 3.57414142
670 150 -0.74437688 3.78389853
680 150 -0.77422784 3.93908203
690 150 -0.83532301 4.01505821
700 150 -0.89739641 4.09082689
710 150 -0.96581352 4.17240569
720 150 -1.09565186 4.30740200
540 531 -0.88592440 -0.35352788
550 531 -0.98703823 -0.07443472
560 531 -1.08717383 0.20486594
570 531 -1.13362513 0.43830817
580 531 -1.14444500 0.64352984
590 531 -1.15505735 0.84777326
600 531 -1.16457290 1.04202685
610 531 -1.17023480 1.20847487
620 531 -1.17610421 1.37590112
630 531 -1.15318982 1.54738853
640 531 -1.08702562 1.72702788
650 531 -1.02086142 1.90666724
660 531 -0.94660456 2.08188972
670 531 -0.85302016 2.24792273
680 531 -0.75943576 2.41395574
690 531 -0.64112872 2.57909945
700 531 -0.46709197 2.74175310
710 531 -0.29424097 2.90517749
720 531 -0.11051081 3.06068707
730 531 0.11353445 3.18999184
560 534 -1.58891901 0.41124370
570 534 -1.58601395 0.56621970
580 534 -1.58310889 0.72119570
590 534 -1.57780271 0.88894803
600 534 -1.56950255 1.08595845
610 534 -1.56120238 1.28296888
620 534 -1.55672621 1.48836840
630 534 -1.56191382 1.71522979
640 534 -1.56710142 1.94209117
650 534 -1.54469097 2.14005019
660 534 -1.45836922 2.27285288
670 534 -1.37204747 2.40565557
680 534 -1.27991560 2.54480197
690 534 -1.12962327 2.74228669
700 534 -0.97933093 2.93977141
710 534 -0.81021500 3.12080401
720 534 -0.59947966 3.26466371
730 534 -0.38776608 3.40873092
740 534 -0.18100296 3.55685928
750 534 -0.01153131 3.74103409
