2210 454 0.00000000 0.00000000
2220 454 0.00000000 0.19121192
2230 454 0.03000336 0.45268620
2240 454 0.06000672 0.71416048
2250 454 0.05681654 1.08898020
2260 454 0.04388325 1.49261089
2270 454 0.01301697 1.87167720
2280 454 -0.09536016 2.15438447
2290 454 -0.20274886 2.43694007
2300 454 -0.23260056 2.75009000
2310 454 -0.24398060 3.07153438
2320 454 -0.27300076 3.39669716
2330 454 -0.32825359 3.72892016
2340 454 -0.38350642 4.06114317
2350 454 -0.39884019 4.38319421
2360 454 -0.41022023 4.70463860
2370 454 -0.42083150 5.00471926
2380 454 -0.42665226 5.11184124
2390 454 -0.43247303 5.21896322
2400 454 -0.43928223 5.32623686
2180 451 0.28882613 1.92850420
2190 451 0.26837761 2.30293692
2200 451 0.23698836 2.65881431
2210 451 0.20643587 3.01355160
2220 451 0.17603505 3.36927732
2230 451 0.14698874 3.76020482
2240 451 0.11695400 4.15128399
2250 451 0.08230135 4.49248656
2260 451 0.03332428 4.72055288
2270 451 -0.01466436 4.94846754
2280 451 -0.07997409 5.14261861
2290 451 -0.16898528 5.28779784
2300 451 -0.25814813 5.43198864
2310 451 -0.27387413 5.59323904
2320 451 -0.27188681 5.75784175
2330 451 -0.26989949 5.92244445
2340 451 -0.23369358 6.07269136
2350 451 -0.18296453 6.21868644
2360 451 -0.13991805 6.37395395
2370 451 -0.13155560 6.56691786
2210 457 0.44300584 -0.15902774
2220 457 0.43369157 -0.06148675
2230 457 0.45244040 0.20576123
2240 457 0.49757880 0.64499639
2250 457 0.52211702 1.07525198
2260 457 0.49838419 1.48762166
2270 457 0.47465136 1.89999134
2280 457 0.42767207 2.26635447
2290 457 0.37491909 2.62146308
2300 457 0.32277799 2.96737247
2310 457 0.27394212 3.22273311
2320 457 0.22426949 3.47923385
2330 457 0.17383330 3.74394538
2340 457 0.11728348 4.08749613
2350 457 0.05989689 4.43218697
2360 457 0.00349874 4.77672615
2370 457 -0.01355564 5.02822198
2380 457 -0.01995691 5.25683743
2390 457 -0.02635819 5.48545288
2400 457 -0.00093090 5.59182699
2390 216 0.93684011 2.06378865
2400 216 0.76571584 2.02327340
2410 216 0.76662583 2.02920399
2420 216 0.76753581 2.03513458
2430 216 0.76844580 2.04106518
2440 216 0.76935578 2.04699577
2450 216 0.77026577 2.05292636
2460 216 0.77117575 2.05885695
2470 216 0.77208574 2.06478755
2480 216 0.77299572 2.07071814
2490 216 0.77390571 2.07664873
2500 216 0.77481569 2.08257932
2510 216 0.77572568 2.08850992
2520 216 0.77663567 2.09444051
2530 216 0.77754565 2.10037110
2540 216 0.77845564 2.10630169
2550 216 0.77936562 2.11223229
2560 216 0.78027561 2.11816288
2570 216 0.78118559 2.12409347
2580 216 0.78224724 2.13101250
