4200 318 0.00000000 0.00000000
4210 318 0.00000000 0.53223491
4220 318 0.08401178 1.01588977
4230 318 0.29279177 1.42404037
4240 318 0.50157176 1.83219098
4250 318 0.73973163 2.20343870
4260 318 1.04579761 2.48894985
4270 318 1.35130933 2.77529334
4280 318 1.65737531 3.06080448
4290 318 1.84502741 3.37438970
4300 318 1.95558574 3.70632020
4310 318 2.06475746 4.03852877
4320 318 2.17392918 4.37073735
4330 318 2.21100679 4.73543345
4340 318 2.21564196 5.11456867
4350 318 2.22138566 5.49203921
4360 318 2.26317172 5.84425211
4370 318 2.31438407 6.18952634
4380 318 2.36559642 6.53480058
4390 318 2.41680877 6.88007481
4190 316 0.74486846 -0.18038839
4200 316 0.72707933 0.27752595
4210 316 0.70929019 0.73544030
4220 316 0.80574384 1.14448148
4230 316 1.01893729 1.50631231
4240 316 1.23074415 1.86842122
4250 316 1.44808239 2.20057343
4260 316 1.67233111 2.48806866
4270 316 1.89685791 2.77695050
4280 316 2.10752429 3.07942972
4290 316 2.28548142 3.41659475
4300 316 2.46427090 3.75431405
4310 316 2.64222803 4.09147908
4320 316 2.72754750 4.42342273
4330 316 2.74935178 4.75151658
4340 316 2.76893712 5.07933423
4350 316 2.76577498 5.39801118
4360 316 2.76344518 5.71724241
4370 316 2.76028305 6.03591936
4380 316 2.75739898 6.35598292
