2710 483 0.00000000 0.00000000
2720 483 0.00000000 0.40864899
2730 483 0.00094213 0.81696274
2740 483 0.00060688 1.22466960
2750 483 0.03286439 1.60167285
2760 483 0.07717870 1.96483293
2770 483 0.12243515 2.32765776
2780 483 0.16674946 2.69081783
2790 483 0.21234116 3.05458479
2800 483 0.25665547 3.41774487
2810 483 0.29586027 3.77847743
2820 483 0.28786563 4.11991716
2830 483 0.27859361 4.46075000
2840 483 0.27059898 4.80218973
2850 483 0.24124126 5.11938860
2860 483 0.18272895 5.40238208
2870 483 0.12388138 5.68443343
2880 483 0.06536906 5.96742691
2890 483 0.00542275 6.21059648
2900 483 -0.05431556 6.44838490
2700 481 0.14148573 0.27232662
2710 481 0.24122413 0.63911573
2720 481 0.32876136 1.02829080
2730 481 0.41663384 1.41840800
2740 481 0.51373674 1.79568777
2750 481 0.62950846 2.14191155
2760 481 0.74528019 2.48813533
2770 481 0.86105192 2.83435912
2780 481 0.89695070 3.20369809
2790 481 0.92497720 3.57477694
2800 481 0.95300369 3.94585580
2810 481 0.92043295 4.30771647
2820 481 0.82914923 4.65968846
2830 481 0.73658813 5.01105357
2840 481 0.64680693 5.34338524
2850 481 0.55777698 5.66589674
2860 481 0.46908228 5.98935037
2870 481 0.38187296 6.30802973
2880 481 0.31389286 6.57634802
2890 481 0.24624801 6.84560844
