1150 542 0.00000000 0.00000000
1160 542 0.00000000 0.30052787
1170 542 0.00141418 0.60106572
1180 542 0.05775172 0.93451899
1190 542 0.13804044 1.28086956
1200 542 0.20851976 1.61442265
1210 542 0.19351284 1.83706091
1220 542 0.17850591 2.05969916
1230 542 0.16136274 2.28444371
1240 542 0.13285623 2.51617929
1250 542 0.10434972 2.74791487
1260 542 -0.00817561 2.96137927
1270 542 -0.12986816 3.17124333
1280 542 -0.19931596 3.39279017
1290 542 -0.14446580 3.63642814
1300 542 -0.09032773 3.88076821
1310 542 0.02007468 4.06822836
1320 542 0.16751525 4.21776524
1330 542 0.31495582 4.36730212
1340 542 0.46239638 4.51683900
1030 596 0.59840041 3.68197799
1040 596 0.59844034 3.67632128
1050 596 0.59848027 3.67066457
1060 596 0.59923228 3.66430576
1070 596 0.59927221 3.65864904
1080 596 0.59861004 3.65228025
1090 596 0.59864997 3.64662354
1100 596 0.59940198 3.64026472
1110 596 0.59944191 3.63460801
1120 596 0.59948184 3.62895130
1130 596 0.59952177 3.62329458
1140 596 0.59956170 3.61763787
1150 596 0.60031371 3.61127906
1160 596 0.59965154 3.60491027
1170 596 0.59969147 3.59925355
1180 596 0.60044348 3.59289474
1190 596 0.60048341 3.58723803
1200 596 0.60052334 3.58158132
1210 596 0.60056327 3.57592460
1220 596 0.60060320 3.57026789
1090 540 0.86987274 1.58727043
1100 540 0.75059927 1.85513577
1110 540 0.60720492 2.13414484
1120 540 0.44041173 2.42218135
1130 540 0.28462918 2.65301851
1140 540 0.13688913 2.84643485
1150 540 -0.01770884 3.10980810
1160 540 -0.18058891 3.44454244
1170 540 -0.34346898 3.77927679
1180 540 -0.47602241 4.02512753
1190 540 -0.60136519 4.25122969
1200 540 -0.73690670 4.51968733
1210 540 -0.88408107 4.83331880
1220 540 -1.02045445 5.11944867
1230 540 -1.06184495 5.17289796
1240 540 -1.10252337 5.22564515
1250 540 -1.14390390 5.27768026
1260 540 -1.18529440 5.33112954
1270 540 -1.22597282 5.38387673
1280 540 -1.31784783 5.57698028
1110 383 0.36216275 3.38968231
1120 383 0.35152148 3.39455706
1130 383 0.34087022 3.40084600
1140 383 0.33022894 3.40572075
1150 383 0.31887558 3.41129761
1160 383 0.30822433 3.41758654
1170 383 0.29758305 3.42246130
1180 383 0.28622969 3.42803815
1190 383 0.27629052 3.43362499
1200 383 0.26493716 3.43920184
1210 383 0.25499798 3.44478868
1220 383 0.24364463 3.45036553
1230 383 0.23300335 3.45524029
1240 383 0.22235209 3.46152922
1250 383 0.21099873 3.46710607
1260 383 0.20035746 3.47198083
1270 383 0.18970620 3.47826976
1280 383 0.17906492 3.48314452
1290 383 0.16841367 3.48943346
1300 383 0.15777239 3.49430821
1120 160 -1.18602644 2.32938131
1130 160 -0.96293565 2.38045477
1140 160 -0.76846118 2.37829191
1150 160 -0.57398670 2.37612905
1160 160 -0.37951222 2.37396619
1170 160 -0.24589067 2.57785410
1180 160 -0.11298120 2.78244411
1190 160 -0.04597577 3.00707553
1200 160 -0.08031867 3.26422639
1210 160 -0.11394950 3.52067515
1220 160 -0.13481279 3.77155704
1230 160 -0.04501080 3.97230714
1240 160 0.04549329 4.17376932
1250 160 0.14309821 4.37103888
1260 160 0.31028736 4.52778641
1270 160 0.47747652 4.68453393
1280 160 0.62215861 4.82415160
1290 160 0.75841552 4.95522430
1300 160 0.89396035 5.08699910
1310 160 1.02880309 5.21806182
1150 642 1.21589722 2.85546563
1160 642 1.20753194 2.83843559
1170 642 1.19916666 2.82140556
1180 642 1.19151346 2.80367343
1190 642 1.18314818 2.78664339
1200 642 1.17478290 2.76961336
1210 642 1.16712970 2.75188122
1220 642 1.15876441 2.73485119
1230 642 1.15625550 2.68957752
1240 642 1.15374658 2.64430385
1250 642 1.09033815 2.61132854
1260 642 1.01984884 2.57971749
1270 642 0.95006164 2.54881853
1280 642 0.81614394 2.48706053
1290 642 0.67447322 2.42171218
1300 642 0.53804661 2.31468051
1310 642 0.40394590 2.17867315
1320 642 0.27622397 2.04058945
1330 642 0.20446689 1.88805119
1340 642 0.13270982 1.73551292
1230 597 0.60135521 3.56390908
1240 597 0.60139514 3.55825236
1250 597 0.60073297 3.55188357
1260 597 0.60077290 3.54622686
1270 597 0.60152491 3.53986805
1280 597 0.60156484 3.53421133
1290 597 0.60160477 3.52855462
1300 597 0.60164470 3.52289791
1310 597 0.57993956 3.49233834
1320 597 0.50560702 3.40413022
1330 597 0.43197658 3.31663417
1340 597 0.34690959 3.14632384
1350 597 0.26184260 2.97601352
1360 597 0.16676656 2.82118927
1370 597 0.06025731 2.68325531
1380 597 -0.04553987 2.54461925
1390 597 -0.14886806 2.45691357
1400 597 -0.25030956 2.40245606
1410 597 -0.35104897 2.34871063
1420 597 -0.45249048 2.29425312
1230 601 1.46580416 3.71567870
1240 601 1.21267955 3.51165436
1250 601 1.03969393 3.37466540
1260 601 0.94827146 3.30330762
1270 601 0.85613691 3.23265194
1280 601 0.77676989 3.15642940
1290 601 0.70024121 3.07881263
1300 601 0.62371254 3.00119587
1310 601 0.51413535 2.89718223
1320 601 0.33003595 2.73182984
1330 601 0.14452237 2.56646747
1340 601 -0.02674960 2.38706315
1350 601 -0.18875454 2.19711737
1360 601 -0.32694805 2.03986739
1370 601 -0.37058793 2.01127437
1380 601 -0.41493989 1.98338345
1390 601 -0.45857977 1.95479042
1400 601 -0.50221965 1.92619740
1410 601 -0.54657161 1.89830648
1420 601 -0.64874516 1.84737942
