2780 493 0.00000000 0.00000000
2790 493 0.00000000 0.22308967
2800 493 -0.00000000 0.44617934
2810 493 -0.00000000 0.66926900
2820 493 -0.00000000 0.89235867
2830 493 -0.00707787 1.13698676
2840 493 -0.01428574 1.38384714
2850 493 -0.02280697 1.63018307
2860 493 -0.01282892 1.85116596
2870 493 0.00449595 2.06137740
2880 493 0.02050745 2.27106439
2890 493 0.03783232 2.48127582
2900 493 0.12815026 2.66885959
2910 493 0.23802985 2.85131089
2920 493 0.34581610 3.04663145
2930 493 0.45257138 3.27504185
2940 493 0.55893220 3.50253334
2950 493 0.63458340 3.75735464
2960 493 0.59107175 4.11991738
2970 493 0.54624672 4.48195566
2670 491 -0.57110668 0.12980431
2680 491 -0.50700690 0.39067251
2690 491 -0.44251265 0.65245962
2700 491 -0.37801840 0.91424673
2710 491 -0.31890316 1.18378409
2720 491 -0.28235283 1.48694918
2730 491 -0.24619697 1.78919536
2740 491 -0.21096002 2.09183600
2750 491 -0.17546308 2.39001207
2760 491 -0.14075506 2.68635031
2770 491 -0.10696596 2.98308302
2780 491 -0.03255193 3.36684799
2790 491 0.05224805 3.77227241
2800 491 0.13744249 4.17861575
2810 491 0.23133299 4.63563826
2820 491 0.32575242 5.09896317
2830 491 0.42109077 5.56189361
2840 491 0.47580868 5.94540756
2850 491 0.52618752 6.31881347
2860 491 0.57696083 6.69313829
2670 492 -0.11392280 -0.13609774
2680 492 -0.01489087 0.13262828
2690 492 0.08374659 0.40043540
2700 492 0.18146515 0.66863697
2710 492 0.21604766 0.97482327
2720 492 0.24367332 1.28508417
2730 492 0.27549909 1.59245385
2740 492 0.32767093 1.88891312
2750 492 0.37905386 2.18353456
2760 492 0.42834346 2.49102527
2770 492 0.46232979 2.89976226
2780 492 0.49631613 3.30849925
2790 492 0.53030246 3.71723624
2800 492 0.73092134 4.13388485
2810 492 0.97264029 4.55247887
2820 492 1.17273921 4.97805662
2830 492 1.27725772 5.42181093
2840 492 1.38085731 5.86595969
2850 492 1.45750811 6.25747042
2860 492 1.46909089 6.52782360
