940 533 0.00000000 0.00000000
950 533 -0.00000000 0.29025851
960 533 0.03976111 0.57418817
970 533 0.11928333 0.85178899
980 533 0.19871252 1.13038548
990 533 0.18222722 1.53259592
1000 533 0.16465323 1.93570900
1010 533 0.16969012 2.31180822
1020 533 0.18380857 2.67670365
1030 533 0.18473188 3.03233147
1040 533 0.13458693 3.35406192
1050 533 0.08444197 3.67579237
1060 533 -0.00162269 3.95198411
1070 533 -0.09761643 4.21620031
1080 533 -0.19199093 4.48458521
1090 533 -0.27248125 4.77636305
1100 533 -0.35297157 5.06814089
1110 533 -0.43346189 5.35991873
1120 533 -0.48332089 5.60333623
1130 533 -0.50136688 5.79649508
770 58 -0.99148860 -2.20177527
780 58 -0.98414343 -1.80738201
790 58 -0.95391520 -1.36766363
800 58 -0.92269131 -0.92785222
810 58 -0.94054436 -0.52175215
820 58 -1.03205933 -0.16572124
830 58 -1.12257865 0.19040269
840 58 -1.11302854 0.57194534
850 58 -1.00359505 0.98089804
860 58 -0.89406855 1.38885508
870 58 -0.78488656 1.78974945
880 58 -0.68832436 2.13221659
890 58 -0.59076650 2.47477675
900 58 -0.53604975 2.82438235
910 58 -0.52308545 3.18013075
920 58 -0.50912548 3.53597218
930 58 -0.52107345 3.82511444
940 58 -0.57098068 4.01529663
950 58 -0.61989226 4.20557185
960 58 -0.66880383 4.39584707
790 60 -0.41481644 -1.38659847
800 60 -0.38721346 -0.98328212
810 60 -0.36713825 -0.57464294
820 60 -0.35885253 -0.15806600
830 60 -0.35165550 0.25941359
840 60 -0.32840726 0.66634051
850 60 -0.26907394 1.05253419
860 60 -0.20874496 1.43882089
870 60 -0.14605257 1.82131097
880 60 -0.07682807 2.19838519
890 60 -0.00651488 2.57455677
900 60 0.05402770 2.94780681
910 60 0.03848983 3.29687496
920 60 0.02204931 3.64485443
930 60 -0.01225804 3.96906888
940 60 -0.12263896 4.19377547
950 60 -0.23311289 4.41947773
960 60 -0.34249815 4.64427734
970 60 -0.44539608 4.91789206
980 60 -0.54508308 5.21088951
960 536 -0.35589655 1.19708465
970 536 -0.33978677 1.56216611
980 536 -0.35430142 1.90028195
990 536 -0.36881607 2.23839780
1000 536 -0.38305165 2.57352665
1010 536 -0.39501685 2.90585455
1020 536 -0.40797771 3.23808944
1030 536 -0.48070598 3.57578841
1040 536 -0.56040391 3.91283624
1050 536 -0.63919918 4.25097276
1060 536 -0.71058038 4.52050147
1070 536 -0.78031477 4.78315355
1080 536 -0.84995614 5.04480996
1090 536 -0.91692748 5.28863744
1100 536 -0.97303264 5.45915785
1110 536 -1.02923082 5.63067393
1120 536 -1.07786333 5.81796215
1130 536 -1.09533052 6.06942765
1140 536 -1.11388639 6.32179580
1150 536 -1.13234925 6.57316828
