4250 265 0.00000000 0.00000000
4260 265 0.00000000 0.24035183
4270 265 0.02604931 0.43675558
4280 265 0.05209863 0.63315933
4290 265 0.04404377 0.87385648
4300 265 -0.10371879 1.29025440
4310 265 -0.25164777 1.70566626
4320 265 -0.39615676 2.10528877
4330 265 -0.52666544 2.43764323
4340 265 -0.65832660 2.76917805
4350 265 -0.79805510 3.09497545
4360 265 -1.01534490 3.35780266
4370 265 -1.23263470 3.62062988
4380 265 -1.45074413 3.88460956
4390 265 -1.66803393 4.14743678
4400 265 -1.86279842 4.41153296
4410 265 -1.96812734 4.67676082
4420 265 -2.07427590 4.94314115
4430 265 -2.17960483 5.20836901
4440 265 -2.38470001 5.40524707
4100 307 0.08280361 0.45455864
4110 307 0.11464860 0.51104667
4120 307 0.14666001 0.56852075
4130 307 0.17867141 0.62599483
4140 307 0.21051640 0.68248285
4150 307 0.24252780 0.73995693
4160 307 0.25152295 0.87737632
4170 307 0.20550707 1.20561181
4180 307 0.16047725 1.53368088
4190 307 0.05300979 1.79825553
4200 307 -0.06187180 2.05495423
4210 307 -0.18808678 2.31660816
4220 307 -0.33910706 2.58751935
4230 307 -0.49111339 2.85859697
4240 307 -0.58226310 3.06362558
4250 307 -0.63190700 3.22615399
4260 307 -0.68088520 3.39262661
4270 307 -0.71548448 3.59622399
4280 307 -0.75008376 3.79982136
4290 307 -0.81316212 3.98490004
4320 326 2.41065363 1.63460793
4330 326 2.22657348 2.05814954
4340 326 2.04331296 2.48053868
4350 326 1.85923281 2.90408029
4360 326 1.57754991 3.27209081
4370 326 1.28549471 3.63272465
4380 326 0.99343951 3.99335848
4390 326 0.70561145 4.33096773
4400 326 0.43601083 4.57828435
4410 326 0.16624380 4.82461491
4420 326 -0.10352324 5.07094547
4430 326 -0.40444045 5.19880803
4440 326 -0.72026081 5.27442218
4450 326 -1.03591475 5.35102239
4460 326 -1.31073687 5.29700574
4470 326 -1.57983406 5.22883901
4480 326 -1.84991730 5.16083869
4490 326 -2.07044402 5.12808254
4500 326 -2.28619441 5.09959098
4510 326 -2.50095875 5.07093299
