3430 286 0.00000000 0.00000000
3440 286 -0.00000000 0.32987573
3450 286 0.02671309 0.65405842
3460 286 0.05420223 0.97942336
3470 286 0.10493042 1.29122562
3480 286 0.25114609 1.55134479
3490 286 0.39715865 1.81244311
3500 286 0.52345166 2.00613119
3510 286 0.61751435 2.09917532
3520 286 0.71235309 2.19340171
3530 286 0.82522287 2.28932571
3540 286 1.00883140 2.39379535
3550 286 1.19321599 2.49944726
3560 286 1.37662142 2.60489606
3570 286 1.49247110 2.75045996
3580 286 1.60832079 2.89602387
3590 286 1.72494652 3.04277004
3600 286 1.89528036 3.22108264
3610 286 2.06561420 3.39939524
3620 286 2.25892639 3.54570791
3320 579 2.44578160 1.79312977
3330 579 2.40445391 1.78557844
3340 579 2.25437316 1.81980952
3350 579 2.09328219 1.85788446
3360 579 1.93972740 1.88424590
3370 579 1.81905165 1.86534181
3380 579 1.69759986 1.84525546
3390 579 1.57712722 1.82537222
3400 579 1.44679026 1.81365568
3410 579 1.29456324 1.81884552
3420 579 1.14213312 1.82501451
3430 579 0.99572647 2.00400918
3440 579 0.86039672 2.44470847
3450 579 0.69752024 2.87050214
3460 579 0.42722754 3.23316294
3470 579 0.14358134 3.62573501
3480 579 -0.19405186 4.13579072
3490 579 -0.51675823 4.64281498
3500 579 -0.78522599 5.13453651
3510 579 -1.05369375 5.62625804
3480 289 -0.77745640 1.43398241
3490 289 -0.75659096 1.83559122
3500 289 -0.73670469 2.23699692
3510 289 -0.58825485 2.48634536
3520 289 -0.40638939 2.69768858
3530 289 -0.21106130 2.86382386
3540 289 0.04476837 2.85152833
3550 289 0.30080115 2.83825363
3560 289 0.51360553 2.83643779
3570 289 0.69635313 2.84166401
3580 289 0.88007989 2.84709332
3590 289 1.04001587 2.88843919
3600 289 1.14209977 3.01174320
3610 289 1.24418367 3.13504721
3620 289 1.34626756 3.25835122
3630 289 1.51548583 3.37311261
3640 289 1.84132671 3.47134051
3650 289 2.16639154 3.56838615
3660 289 2.49145637 3.66543178
3670 289 2.80900019 3.74457674
3500 577 2.22919398 1.33560294
3510 577 2.21349109 1.33745212
3520 577 2.19856426 1.34048356
3530 577 2.18363743 1.34351501
3540 577 2.16793455 1.34536419
3550 577 2.15300771 1.34839563
3560 577 2.13828399 1.35044792
3570 577 2.12237800 1.35327626
3580 577 2.10765427 1.35532855
3590 577 2.03828572 1.37464188
3600 577 1.88931448 1.41829468
3610 577 1.73936407 1.46174438
3620 577 1.57505674 1.64826007
3630 577 1.40715109 1.87181698
3640 577 1.23846939 2.09419163
3650 577 1.14916607 2.26869067
3660 577 1.07800291 2.42959065
3670 577 1.00781890 2.59069374
3680 577 0.94809338 2.77030683
3690 577 0.89980550 2.96863303
3540 582 2.40484800 2.00523692
3550 582 2.39326485 2.00691937
3560 582 2.38245775 2.00978408
3570 582 2.37087460 2.01146653
3580 582 2.35929145 2.01314899
3590 582 2.34868746 2.01503455
3600 582 2.33710431 2.01671700
3610 582 2.32650032 2.01860256
3620 582 2.31491717 2.02028501
3630 582 2.30431317 2.02217057
3640 582 2.23008219 2.17324261
3650 582 2.14029990 2.35989774
3660 582 2.01610768 2.61396917
3670 582 1.83807397 2.96512868
3680 582 1.65769089 3.28822610
3690 582 1.47210889 3.54284016
3700 582 1.29169853 3.78729282
3710 582 1.15921834 3.93853765
3720 582 1.02555588 4.09055854
3730 582 0.98220926 4.20105772
3600 585 2.17261206 1.70684880
3610 585 1.96336660 1.81459543
3620 585 1.88933267 1.91055884
3630 585 1.81529873 2.00652225
3640 585 1.71880785 2.17136008
3650 585 1.60844811 2.38336415
3660 585 1.49829147 2.59438907
3670 585 1.41721246 2.79816884
3680 585 1.40492904 2.98047385
3690 585 1.39146337 3.16355491
3700 585 1.35575295 3.33078759
3710 585 1.28547497 3.47757316
3720 585 1.21421784 3.62415563
3730 585 1.12006420 3.70879660
3740 585 1.02570746 3.79441672
3750 585 0.93155382 3.87905768
3760 585 0.84107732 3.97058912
3770 585 0.75407487 4.06999018
3780 585 0.66707241 4.16939125
3790 585 0.57678386 4.28955771
