0 28 0.00000000 0.00000000
10 28 0.00000000 0.18117671
20 28 -0.00004416 0.36335244
30 28 0.00048571 0.53254086
40 28 0.00505032 0.58779630
50 28 0.01056979 0.64409493
60 28 0.01409122 0.70030525
70 28 0.01965484 0.75560485
80 28 0.02417529 0.81185932
90 28 0.02769672 0.86806964
100 28 0.06315381 0.97173638
110 28 0.16872478 1.18760850
120 28 0.27433990 1.40248159
130 28 0.28105158 1.61298326
140 28 0.22278250 1.82161383
150 28 0.16555660 2.02928953
160 28 0.10728752 2.23792010
170 28 0.00462532 2.38653192
180 28 -0.11695764 2.51028403
190 28 -0.23754157 2.63408030
0 27 -0.28967851 0.59779207
10 27 -0.31151355 0.63886799
20 27 -0.33434761 0.67989975
30 27 -0.35722583 0.72193054
40 27 -0.38005989 0.76296231
50 27 -0.40189492 0.80403823
60 27 -0.42472899 0.84506999
70 27 -0.44756305 0.88610175
80 27 -0.47039711 0.92713352
90 27 -0.49323117 0.96816528
100 27 -0.51506620 1.00924120
110 27 -0.53790027 1.05027297
120 27 -0.56609925 1.12209787
130 27 -0.59957486 1.22271787
140 27 -0.63309462 1.32433689
150 27 -0.66661438 1.42595591
160 27 -0.72771495 1.58541350
170 27 -0.83070832 1.83210635
180 27 -0.93370169 2.07879921
190 27 -0.98839967 2.27457492
0 29 -0.25978505 -0.62207775
10 29 -0.22878769 -0.41750951
20 29 -0.19779032 -0.21294128
30 29 -0.16683712 -0.00737402
40 29 -0.23330813 0.06976614
50 29 -0.29878013 0.14695046
60 29 -0.36529530 0.22508964
70 29 -0.43076729 0.30227395
80 29 -0.49253571 0.36360634
90 29 -0.55412752 0.42094263
100 29 -0.61472029 0.47832307
110 29 -0.67631210 0.53565936
120 29 -0.73690487 0.59303980
130 29 -0.80364634 0.74424025
140 29 -0.86987450 0.90647413
150 29 -0.93705753 1.06766483
160 29 -1.02595969 1.28995609
170 29 -1.12504527 1.53882362
180 29 -1.22308767 1.78673628
190 29 -1.25217530 1.94660782
