4770 354 0.00000000 0.00000000
4780 354 0.00000000 0.76362294
4790 354 0.00052906 1.52639730
4800 354 -0.01976892 2.24319085
4810 354 -0.08534579 2.84926483
4820 354 -0.19025620 3.44849251
4830 354 -0.33704592 4.03928670
4840 354 -0.47111733 4.62858277
4850 354 -0.50217454 5.20197047
4860 354 -0.53185411 5.77503863
4870 354 -0.56238226 6.34757774
4880 354 -0.58490647 6.87325603
4890 354 -0.60711115 7.40031196
4900 354 -0.62878676 7.92651930
4910 354 -0.68217961 8.43177389
4920 354 -0.75593852 8.92433112
4930 354 -0.82969744 9.41688835
4940 354 -0.90515353 9.90838746
4950 354 -0.98910595 10.38516203
4960 354 -1.07358744 10.86278519
4580 348 1.19462099 0.76600632
4590 348 1.04072305 1.35119041
4600 348 0.88629605 1.93722309
4610 348 0.74766219 2.52249623
4620 348 0.64591564 3.10719841
4630 348 0.54501767 3.69242965
4640 348 0.46117001 4.26354397
4650 348 0.45050506 4.77776111
4660 348 0.44015964 5.29335588
4670 348 0.43361714 5.79718045
4680 348 0.43881343 6.27650602
4690 348 0.44400971 6.75583158
4700 348 0.34449986 7.15927153
4710 348 0.22027101 7.54376495
4720 348 0.00698250 7.91044330
4730 348 -0.26525657 8.26393713
4740 348 -0.53834422 8.61690191
4750 348 -0.75377515 9.05884253
4760 348 -0.96198786 9.50999713
4770 348 -1.17104915 9.96062267
4660 349 2.50403686 1.33843543
4670 349 2.03906393 1.85930506
4680 349 1.57324241 2.37964563
4690 349 1.10826948 2.90051526
4700 349 0.56599661 3.20703303
4710 349 0.02287516 3.51302174
4720 349 -0.44580117 4.03983147
4730 349 -0.91447750 4.56664121
4740 349 -1.25524254 5.25686667
4750 349 -1.59600757 5.94709213
4760 349 -1.85157873 6.61029903
4770 349 -2.02386271 7.24765546
4780 349 -2.19561763 7.88416332
4790 349 -2.39034201 8.54995264
4800 349 -2.60665819 9.24470389
4810 349 -2.82435202 9.93977468
4820 349 -3.01302628 10.61287127
4830 349 -3.19841621 11.28448022
4840 349 -3.38412566 11.95471152
4850 349 -3.63224288 12.55303822
