400 26 0.00000000 0.00000000
410 26 -0.00000000 0.25603515
420 26 -0.00008983 0.51306626
430 26 -0.00571406 0.75353324
440 26 -0.05571110 0.85143777
450 26 -0.10570814 0.94934229
460 26 -0.15579501 1.04824277
470 26 -0.18254134 1.12213888
480 26 -0.19381714 1.18036135
490 26 -0.20518276 1.23957978
500 26 -0.21645856 1.29780225
510 26 -0.22116494 1.42790548
520 26 -0.22367632 1.58933253
530 26 -0.22519173 1.75084942
540 26 -0.22661732 1.91137034
550 26 -0.03005837 2.04757820
560 26 0.18886078 2.18078257
570 26 0.42271148 2.30428904
580 26 0.79086406 2.35255585
590 26 1.15811050 2.39973688
400 17 -0.73570757 0.10834840
410 17 -0.77338989 0.33688733
420 17 -0.81206817 0.56533643
430 17 -0.85074646 0.79378553
440 17 -0.88842878 1.02232446
450 17 -0.83745141 1.15845420
460 17 -0.78738016 1.29349816
470 17 -0.73631295 1.42863195
480 17 -0.68633153 1.56467186
490 17 -0.42309424 1.76312117
500 17 -0.10706342 1.97737690
510 17 0.17157019 2.18323926
520 17 0.36073953 2.36797952
530 17 0.55090482 2.55280961
540 17 0.77979917 2.70900300
550 17 1.06678710 2.82224136
560 17 1.35377504 2.93547971
570 17 1.66490419 3.00370472
580 17 1.99818264 3.02673671
590 17 2.33146109 3.04976871
400 20 -1.13482464 -0.70981269
410 20 -1.06649027 -0.61027167
420 20 -1.02620674 -0.48916330
430 20 -1.09757975 -0.27671591
440 20 -1.16886293 -0.06526448
450 20 -1.24114207 0.14609713
460 20 -1.31533110 0.34523775
470 20 -1.39042625 0.54329258
480 20 -1.46461529 0.74243321
490 20 -1.52286119 0.95405649
500 20 -1.51697528 1.21162659
510 20 -1.51018325 1.47028248
520 20 -1.50330138 1.72794241
530 20 -1.33907393 1.97770498
540 20 -1.17584244 2.22737773
550 20 -1.04470810 2.40989564
560 20 -0.99290272 2.43665759
570 20 -0.94010137 2.46350937
580 20 -0.88730003 2.49036115
590 20 -0.83549465 2.51712310
400 23 -0.42755848 -0.58075619
410 23 -0.53370015 -0.37244886
420 23 -0.63984182 -0.16414152
430 23 -0.73276656 0.04234575
440 23 -0.77490531 0.24236906
450 23 -0.81713389 0.44338833
460 23 -0.84832491 0.63335443
470 23 -0.83472913 0.78318152
480 23 -0.82212929 0.93291877
490 23 -0.85311723 1.15402903
500 23 -0.92868888 1.44642247
510 23 -1.00516666 1.73773013
520 23 -0.97758060 1.95508700
530 23 -0.88022678 2.12250932
540 23 -0.78287296 2.28993164
550 23 -0.69094028 2.47292995
560 23 -0.60804541 2.67820645
570 23 -0.52524037 2.88447890
580 23 -0.44814159 3.08722450
590 23 -0.43462001 3.26013826
460 139 -1.28258950 -1.87680478
470 139 -1.19580064 -1.41413784
480 139 -1.10901177 -0.95147091
490 139 -1.09195552 -0.51718289
500 139 -1.10587158 -0.09572904
510 139 -1.12078359 0.32563497
520 139 -1.10059887 0.70297378
530 139 -1.06558024 1.06056530
540 139 -0.97790478 1.36868705
550 139 -0.67933250 1.47594186
560 139 -0.36817991 1.57730294
570 139 0.05709372 1.61566095
580 139 0.49550227 1.66424022
590 139 0.98409924 1.75750866
600 139 1.47378200 1.84987098
610 139 1.92606754 1.93383991
620 139 2.35381349 2.01157924
630 139 2.78255540 2.08940840
640 139 3.12452407 2.23873164
650 139 3.45780643 2.39530389
530 146 -0.02065732 -2.96584664
540 146 -0.09512366 -2.51872835
550 146 -0.18518160 -2.09912191
560 146 -0.27623550 -1.67960529
570 146 -0.36629345 -1.25999885
580 146 -0.45635140 -0.84039241
590 146 -0.51299987 -0.54629217
600 146 -0.56964834 -0.25219193
610 146 -0.64753217 0.09923247
620 146 -0.73896884 0.48959683
630 146 -0.83031567 0.87896524
640 146 -0.92033846 1.22025822
650 146 -1.00588140 1.36716773
660 146 -1.09142434 1.51407724
670 146 -1.20285436 1.66969650
680 146 -1.42028153 1.85390948
690 146 -1.63779854 2.03911843
700 146 -1.86573208 2.21736348
710 146 -2.18152856 2.33446849
720 146 -2.49832099 2.45148368
540 148 0.62655459 -2.49379818
550 148 0.52707606 -2.08106579
560 148 0.43599872 -1.69468526
570 148 0.34501122 -1.30930068
580 148 0.25034062 -0.88308186
590 148 0.15522868 -0.44083790
600 148 0.05912079 0.00131623
610 148 -0.06328818 0.37884641
620 148 -0.19830089 0.72913425
630 148 -0.33231765 1.07951192
640 148 -0.41141616 1.37761161
650 148 -0.48408977 1.67127050
660 148 -0.55676339 1.96492940
670 148 -0.67225144 2.14327600
680 148 -0.79826148 2.29356395
690 148 -0.92526747 2.44376208
700 148 -1.10631683 2.60314254
710 148 -1.36983533 2.77516579
720 148 -1.63344366 2.94818500
730 148 -1.89999691 3.05366661
