2450 250 0.00000000 0.00000000
2460 250 -0.00000000 0.35095584
2470 250 -0.00097163 0.70167518
2480 250 -0.00898119 1.05171067
2490 250 -0.03398148 1.39966898
2500 250 -0.05921828 1.74859892
2510 250 -0.08421857 2.09655723
2520 250 -0.10507020 2.44861292
2530 250 -0.12568533 2.79969698
2540 250 -0.14653696 3.15175267
2550 250 -0.17996851 3.50897996
2560 250 -0.22235561 3.86917342
2570 250 -0.26474271 4.22936689
2580 250 -0.30712981 4.58956036
2590 250 -0.39232002 4.93110191
2600 250 -0.48796168 5.26907035
2610 250 -0.58457497 5.60680231
2620 250 -0.67829902 5.94112072
2630 250 -0.76432694 6.26496204
2640 250 -0.85011836 6.58783172
2280 227 0.59387814 0.13940500
2290 227 0.54872431 0.56170600
2300 227 0.50380698 0.98303537
2310 227 0.45865315 1.40533636
2320 227 0.35187048 1.78484850
2330 227 0.21804168 2.14439801
2340 227 0.08494801 2.50515565
2350 227 -0.03152533 2.88642584
2360 227 -0.12943509 3.28868158
2370 227 -0.22758134 3.69190896
2380 227 -0.31580042 4.09240664
2390 227 -0.32050471 4.46691815
2400 227 -0.32520901 4.84142965
2410 227 -0.33014980 5.21691279
2420 227 -0.29543318 5.57323113
2430 227 -0.24524738 5.92096434
2440 227 -0.19432644 6.26990568
2450 227 -0.12609564 6.59424278
2460 227 -0.05232282 6.91272445
2470 227 0.02047836 7.23096962
2290 229 -0.19642072 0.08392794
2300 229 -0.27500611 0.51250038
2310 229 -0.35382799 0.94204445
2320 229 -0.45092568 1.35787740
2330 229 -0.55826397 1.76504259
2340 229 -0.66560226 2.17220778
2350 229 -0.74382293 2.62042372
2360 229 -0.80980844 3.08602646
2370 229 -0.87603045 3.55260083
2380 229 -0.95868187 3.95136610
2390 229 -1.05398446 4.30485502
2400 229 -1.14952355 4.65931557
2410 229 -1.10146622 5.01579347
2420 229 -1.03715329 5.37314043
2430 229 -0.97252692 5.74188483
2440 229 -0.90845618 6.13828228
2450 229 -0.84462194 6.53565137
2460 229 -0.78703350 6.90371192
2470 229 -0.73868268 7.22938537
2480 229 -0.69154000 7.55579396
2310 232 -0.76868076 -0.08932463
2320 232 -0.80497308 0.43187770
2330 232 -0.84005726 0.95234489
2340 232 -0.84871077 1.39382209
2350 232 -0.84569900 1.80005839
2360 232 -0.82493000 2.17562416
2370 232 -0.76412748 2.47551090
2380 232 -0.70857918 2.78852749
2390 232 -0.70423106 3.21464378
2400 232 -0.69964643 3.63978844
2410 232 -0.74976100 4.04441485
2420 232 -0.83635024 4.43398808
2430 232 -0.92293948 4.82356131
2440 232 -0.95090597 5.16256408
2450 232 -0.95476115 5.47861809
2460 232 -0.95788120 5.79588023
2470 232 -0.91583888 6.16015683
2480 232 -0.85475997 6.54347571
2490 232 -0.79391755 6.92776623
2500 232 -0.74418765 7.16320611
2310 235 0.82287561 0.14574198
2320 235 0.87893110 0.57929796
2330 235 0.93401495 1.01261743
2340 235 0.99274884 1.44785453
2350 235 1.06316795 1.89005262
2360 235 1.13335057 2.33322234
2370 235 1.16577346 2.74970494
2380 235 1.10978351 3.10658745
2390 235 1.05379356 3.46346996
2400 235 0.80051667 3.72601866
2410 235 0.52463011 3.97997654
2420 235 0.39773095 4.36179666
2430 235 0.36837968 4.82911187
2440 235 0.33976355 5.29763520
2450 235 0.32621768 5.61544727
2460 235 0.31170019 5.93302284
2470 235 0.29791783 6.25180654
2480 235 0.38556133 6.53867169
2490 235 0.48507528 6.82328015
2500 235 0.58482572 7.10691697
2310 239 0.26888283 -0.13215908
2320 239 0.36937126 0.30912436
2330 239 0.46985969 0.75040781
2340 239 0.53518415 1.19239504
2350 239 0.46032572 1.63525418
2360 239 0.38425917 2.07884845
2370 239 0.30790484 2.51516831
2380 239 0.22748446 2.92168099
2390 239 0.14730058 3.32722205
2400 239 0.09920621 3.74469052
2410 239 0.08514462 4.17455943
2420 239 0.07034788 4.60322020
2430 239 -0.00486956 4.98835697
2440 239 -0.14076985 5.32681836
2450 239 -0.27690663 5.66625138
2460 239 -0.34079786 6.00062679
2470 239 -0.23545982 6.32473309
2480 239 -0.12988529 6.64786776
2490 239 -0.03481350 6.95918329
2500 239 -0.02699200 7.16383867
2320 242 1.29929738 0.04042674
2330 242 1.41654860 0.60311862
2340 242 1.53379982 1.16581050
2350 242 1.64107257 1.72298601
2360 242 1.64716736 2.23495071
2370 242 1.65423377 2.74715191
2380 242 1.61863670 3.18515859
2390 242 1.48227482 3.44940551
2400 242 1.34664807 3.71486056
2410 242 0.98963449 3.83277283
2420 242 0.60851531 3.93555500
2430 242 0.46282746 4.22120347
2440 242 0.34418576 4.52681457
2450 242 0.31910853 4.86240380
2460 242 0.33510199 5.21107730
2470 242 0.42089911 5.55204043
2480 242 0.57505526 5.88699995
2490 242 0.73041954 6.22122434
2500 242 0.87697644 6.62123193
2510 242 1.02169265 7.03725864
2340 244 -0.42712781 -0.43124799
2350 244 -0.53733541 0.02153262
2360 244 -0.64777951 0.47528487
2370 244 -0.72022167 0.91667374
2380 244 -0.70478953 1.33107916
2390 244 -0.71087292 1.79582424
2400 244 -0.74777215 2.33643357
2410 244 -0.78490787 2.87801453
2420 244 -0.81478343 3.33902695
2430 244 -0.84405207 3.78063237
2440 244 -0.87234907 4.22247429
2450 244 -0.81207083 4.51605823
2460 244 -0.75155610 4.80867055
2470 244 -0.67964392 5.10096943
2480 244 -0.56166896 5.39007133
2490 244 -0.44345750 5.67820160
2500 244 -0.32913258 5.96538588
2510 244 -0.22528476 6.24487404
2520 244 -0.12167343 6.52533383
2530 244 -0.01685397 6.80505848
2400 247 2.31574720 0.69745242
2410 247 2.09890796 1.04708901
2420 247 1.88206871 1.39672559
2430 247 1.62780880 1.73519553
2440 247 1.34925808 2.06775304
2450 247 1.06997223 2.39910242
2460 247 0.76636423 2.75849522
2470 247 0.46275623 3.11788801
2480 247 0.22117313 3.50575733
2490 247 0.04087979 3.92089503
2500 247 -0.13844192 4.33626923
2510 247 -0.25902404 4.79784582
2520 247 -0.37960617 5.25942242
2530 247 -0.50018829 5.72099901
2540 247 -0.61252436 6.18252432
2550 247 -0.72509693 6.64502125
2560 247 -0.83743300 7.10654656
2570 247 -1.02261584 7.55445761
2580 247 -1.21604474 8.00241996
2590 247 -1.40923714 8.44941067
2450 248 -0.67736728 -0.10929580
2460 248 -0.76179670 0.23757690
2470 248 -0.84646263 0.58542124
2480 248 -0.87648065 0.94553777
2490 248 -0.82246530 1.32404978
2500 248 -0.76844996 1.70256179
2510 248 -0.73121451 2.07390196
2520 248 -0.75915534 2.41702775
2530 248 -0.78685969 2.75918191
2540 248 -0.81330461 3.10884699
2550 248 -0.82628630 3.51736563
2560 248 -0.83853285 3.92709239
2570 248 -0.85054291 4.33584752
2580 248 -0.95632260 4.68164032
2590 248 -1.06113066 5.02766961
2600 248 -1.16691035 5.37346241
2610 248 -1.27676178 5.72752690
2620 248 -1.39286471 6.09036172
2630 248 -1.50799600 6.45343304
2640 248 -1.62409893 6.81626787
2520 253 1.01420738 0.02352433
2530 253 0.96264818 0.42985750
2540 253 0.91085249 0.83716231
2550 253 0.86026493 1.24373198
2560 253 0.72348989 1.63652784
2570 253 0.58671485 2.02932370
2580 253 0.44993980 2.42211956
2590 253 0.44388776 2.85290881
2600 253 0.43662759 3.28443319
2610 253 0.43033904 3.71619406
2620 253 0.36879569 4.15508974
2630 253 0.25223401 4.60014858
2640 253 0.13640748 5.04641556
2650 253 0.02215948 5.47351203
2660 253 -0.08748679 5.86056073
2670 253 -0.19689657 6.24663779
2680 253 -0.31870107 6.62866877
2690 253 -0.55542031 6.97964170
2700 253 -0.79213955 7.33061464
2710 253 -0.96233475 7.65352421
2530 255 0.30171602 -0.35161974
2540 255 0.28607588 0.09741966
2550 255 0.27164386 0.54572393
2560 255 0.25600372 0.99476334
2570 255 0.22507960 1.44317018
2580 255 0.13304523 1.89316982
2590 255 0.04124735 2.34219783
2600 255 -0.03079875 2.76927435
2610 255 -0.07321719 3.16342366
2620 255 -0.11637077 3.55636484
2630 255 -0.15878921 3.95051414
2640 255 -0.24909117 4.40608143
2650 255 -0.35935575 4.88869486
2660 255 -0.46985684 5.37227992
2670 255 -0.59558491 5.82539961
2680 255 -0.75956565 6.21157355
2690 255 -0.92428153 6.59653937
2700 255 -1.11323123 6.94575995
2710 255 -1.32738638 7.25899879
2720 255 -1.54177803 7.57320926
