1270 178 0.00000000 0.00000000
1280 178 0.00000000 0.30926041
1290 178 -0.00071137 0.61974309
1300 178 -0.00118670 0.91154572
1310 178 -0.01037314 1.04119374
1320 178 -0.01833730 1.17155313
1330 178 -0.03031426 1.31021298
1340 178 -0.05686470 1.48375281
1350 178 -0.08341514 1.65729265
1360 178 -0.10996558 1.83083248
1370 178 -0.18547799 2.00696560
1380 178 -0.27213635 2.18397500
1390 178 -0.43349552 2.37968709
1400 178 -0.70726156 2.60406434
1410 178 -0.94516463 2.80758861
1420 178 -0.86186913 2.83315930
1430 178 -0.77954046 2.85898543
1440 178 -0.69624496 2.88455611
1450 178 -0.61294946 2.91012679
1460 178 -0.52965396 2.93569748
1110 173 0.57621019 -0.11707609
1120 173 0.59611252 0.19313174
1130 173 0.61723711 0.50405094
1140 173 0.63713943 0.81425877
1150 173 0.67112373 1.10729984
1160 173 0.73805115 1.36060740
1170 173 0.80472312 1.61294814
1180 173 0.87165053 1.86625570
1190 173 1.02254279 2.04980005
1200 173 1.23054872 2.18722469
1210 173 1.43784328 2.32587160
1220 173 1.72508018 2.54786251
1230 173 2.01231708 2.76985342
1240 173 2.25431702 3.05551236
1250 173 2.39008286 3.48715184
1260 173 2.52584870 3.91879131
1270 173 2.66135910 4.34946396
1280 173 2.60569080 4.77686429
1290 173 2.52915336 5.20357265
1300 173 2.45358274 5.63002555
1150 74 0.48351162 3.73645307
1160 74 0.47710601 3.69263562
1170 74 0.47044496 3.64785136
1180 74 0.46378391 3.60306709
1190 74 0.45737830 3.55924965
1200 74 0.44975043 3.51472084
1210 74 0.44308937 3.46993657
1220 74 0.43668377 3.42611913
1230 74 0.43002271 3.38133486
1240 74 0.41571438 3.27237491
1250 74 0.39138537 3.06676825
1260 74 0.36583409 2.86045021
1270 74 0.34150508 2.65484355
1280 74 0.32051629 2.48145246
1290 74 0.31681068 2.44002459
1300 74 0.31284962 2.39762990
1310 74 0.30914400 2.35620203
1320 74 0.30614976 2.31355188
1330 74 0.30244415 2.27212401
1340 74 0.29848308 2.22972932
1260 176 -0.48583975 0.09113032
1270 176 -0.51867616 0.39355183
1280 176 -0.55222394 0.69719561
1290 176 -0.58602716 0.99987257
1300 176 -0.60304842 1.28777234
1310 176 -0.58411615 1.54341774
1320 176 -0.56447251 1.79784087
1330 176 -0.54513929 2.04717443
1340 176 -0.52440272 2.27441658
1350 176 -0.50463298 2.50191418
1360 176 -0.48486323 2.72941178
1370 176 -0.46509348 2.95690938
1380 176 -0.52382392 3.11826530
1390 176 -0.59065433 3.27245251
1400 176 -0.65870701 3.42592835
1410 176 -0.64221282 3.48052635
1420 176 -0.58967458 3.49146859
1430 176 -0.53713633 3.50241082
1440 176 -0.48459808 3.51335306
1450 176 -0.43302665 3.52455074
