1010 392 0.00000000 0.00000000
1020 392 -0.00000000 0.17455372
1030 392 -0.03086729 0.38844203
1040 392 -0.06173458 0.60233034
1050 392 -0.09442938 0.78854809
1060 392 -0.13685186 0.86742352
1070 392 -0.17927433 0.94629896
1080 392 -0.22169680 1.02517439
1090 392 -0.26411927 1.10404982
1100 392 -0.34655235 1.26384590
1110 392 -0.43493775 1.43310612
1120 392 -0.52202269 1.60181064
1130 392 -0.56320199 1.73398198
1140 392 -0.55717519 1.82906446
1150 392 -0.55152077 1.92507502
1160 392 -0.54549397 2.02015750
1170 392 -0.35590763 2.20289781
1180 392 -0.14572019 2.39605898
1190 392 0.12370977 2.58389800
1200 392 0.52945306 2.75962614
900 79 -1.96344144 -0.09605066
910 79 -1.57776646 0.09209772
920 79 -1.19246387 0.28117419
930 79 -0.80716127 0.47025066
940 79 -0.49595621 0.66407638
950 79 -0.23526282 0.86026240
960 79 0.02598627 1.05774889
970 79 0.32940576 1.23875334
980 79 0.64415701 1.41568455
990 79 0.95853588 1.59354384
1000 79 1.24066679 1.71213198
1010 79 1.51612928 1.81511460
1020 79 1.79029130 1.91865293
1030 79 2.06538140 2.02256364
1040 79 2.39489601 2.11167661
1050 79 2.72441062 2.20078958
1060 79 3.05392523 2.28990254
1070 79 3.38303882 2.40686940
1080 79 3.71285134 2.56506140
1090 79 4.04266385 2.72325339
920 388 0.90569255 -0.05251678
930 388 0.72149710 0.10847091
940 388 0.56294992 0.24850230
950 388 0.40495844 0.38983415
960 388 0.28763638 0.52916662
970 388 0.18108466 0.66851054
980 388 0.07323247 0.80841017
990 388 -0.03769040 0.86734332
1000 388 -0.15099077 0.89192028
1010 388 -0.26336305 0.91686962
1020 388 -0.37666342 0.94144658
1030 388 -0.47698211 0.98200716
1040 388 -0.54614134 1.05769733
1050 388 -0.61660102 1.13394320
1060 388 -0.68576025 1.20963337
1070 388 -0.75621993 1.28587924
1080 388 -0.82630724 1.36119703
1090 388 -0.90475301 1.43854857
1100 388 -0.98375448 1.51459966
1110 388 -1.06220024 1.59195121
960 390 0.73166016 0.33020208
970 390 0.62231273 0.47919919
980 390 0.51296530 0.62819631
990 390 0.37317452 0.76713348
1000 390 0.21259358 0.89880641
1010 390 0.05201264 1.03047935
1020 390 -0.10764022 1.16252466
1030 390 -0.31635534 1.33091408
1040 390 -0.53547986 1.50913429
1050 390 -0.75553247 1.68698213
1060 390 -0.92104026 1.73694382
1070 390 -1.08096237 1.77298430
1080 390 -1.23995641 1.80939716
1090 390 -1.39505480 1.84952808
1100 390 -1.53921100 1.90266931
1110 390 -1.68299481 1.95488247
1120 390 -1.82677863 2.00709562
1130 390 -2.00621337 2.05685681
1140 390 -2.19381751 2.10549513
1150 390 -2.38104927 2.15320537
990 395 -0.28206790 0.34583623
1000 395 -0.42759903 0.46954027
1010 395 -0.55062133 0.55594348
1020 395 -0.67271555 0.64271906
1030 395 -0.79573785 0.72912226
1040 395 -0.90575556 0.80996843
1050 395 -1.00369676 0.88488520
1060 395 -1.10070988 0.96017434
1070 395 -1.18173937 1.02248181
1080 395 -1.25812274 1.08126601
1090 395 -1.33395040 1.14135066
1100 395 -1.41126184 1.19976248
1110 395 -1.48560572 1.26151997
1120 395 -1.55939389 1.32457793
1130 395 -1.63318207 1.38763588
1140 395 -1.70734262 1.45162191
1150 395 -1.78020271 1.51505224
1160 395 -1.95744328 1.59694108
1170 395 -2.15901447 1.68307502
1180 395 -2.36188612 1.76976467
