1740 122 0.00000000 0.00000000
1750 122 -0.00000000 0.34344723
1760 122 0.00023293 0.68592197
1770 122 -0.00189840 0.96099188
1780 122 -0.00803035 1.07674766
1790 122 -0.02080669 1.20736452
1800 122 -0.10447602 1.45364981
1810 122 -0.18837828 1.70090759
1820 122 -0.27678779 1.95839693
1830 122 -0.41174884 2.31579099
1840 122 -0.54670990 2.67318505
1850 122 -0.68167095 3.03057911
1860 122 -0.81746474 3.35281201
1870 122 -0.95517439 3.65299204
1880 122 -1.09265112 3.95219958
1890 122 -1.23036077 4.25237961
1900 122 -1.35362280 4.59098185
1910 122 -1.46387554 4.96971834
1920 122 -1.57315579 5.34868777
1930 122 -1.68243605 5.72765720
1660 436 0.84569033 0.31155878
1670 436 0.88156192 0.67696572
1680 436 0.86493054 0.88378060
1690 436 0.79556327 0.93297593
1700 436 0.72716848 0.98240420
1710 436 0.65803413 1.03062703
1720 436 0.56103524 1.13078798
1730 436 0.35105830 1.43216761
1740 436 0.16719890 1.77476464
1750 436 0.00034940 2.14508645
1760 436 -0.17973649 2.57496326
1770 436 -0.36634449 3.03206987
1780 436 -0.49937220 3.36421988
1790 436 -0.61767276 3.66493566
1800 436 -0.71616824 3.98170630
1810 436 -0.80392554 4.30516210
1820 436 -0.84761202 4.54765641
1830 436 -0.84551563 4.71062759
1840 436 -0.84913190 4.88456989
1850 436 -0.89665594 5.15596529
1690 434 0.31952507 -0.08902095
1700 434 0.16231897 0.27538437
1710 434 0.00511287 0.63978970
1720 434 -0.10374228 1.01269124
1730 434 -0.16447942 1.39506148
1740 434 -0.23716016 1.77148612
1750 434 -0.40756771 2.10085258
1760 434 -0.57774232 2.42924655
1770 434 -0.74011370 2.81092382
1780 434 -0.89862422 3.21511983
1790 434 -1.06448959 3.61138449
1800 434 -1.25016003 3.99159428
1810 434 -1.43583048 4.37180407
1820 434 -1.52922474 4.61576004
1830 434 -1.58413856 4.80209434
1840 434 -1.62023144 4.97854066
1850 434 -1.58442390 5.11668124
1860 434 -1.54884929 5.25579431
1870 434 -1.58949600 5.51135614
1880 434 -1.66310265 5.81866390
1740 120 -0.78511042 -0.26825664
1750 120 -0.79742672 0.10514570
1760 120 -0.80853760 0.47780848
1770 120 -0.81240428 0.70002020
1780 120 -0.81448903 0.90620617
1790 120 -0.79496346 1.16384109
1800 120 -0.76827523 1.43450276
1810 120 -0.75127116 1.70695801
1820 120 -0.81239846 2.00080228
1830 120 -0.87232033 2.29390698
1840 120 -0.98004575 2.58481630
1850 120 -1.13316389 2.87205111
1860 120 -1.28651496 3.16025842
1870 120 -1.43075837 3.46195833
1880 120 -1.55480072 3.79523224
1890 120 -1.67810350 4.12971157
1900 120 -1.78953256 4.48760061
1910 120 -1.88834832 4.87010479
1920 120 -1.98836951 5.25334852
1930 120 -2.10232005 5.62605789
1760 543 0.34061710 0.10626378
1770 543 0.34083839 0.42302860
1780 543 0.34008718 0.73956048
1790 543 0.29952200 1.00336811
1800 543 0.24152182 1.24551885
1810 543 0.19739277 1.54137799
1820 543 0.16690191 1.89191801
1830 543 0.13127490 2.23814296
1840 543 0.07463738 2.56905260
1850 543 0.01823279 2.89898975
1860 543 0.00993457 3.21268568
1870 543 0.00186928 3.52540913
1880 543 0.06347991 3.86921740
1890 543 0.14240324 4.22231386
1900 543 0.15423039 4.48633113
1910 543 0.06650221 4.61647630
1920 543 -0.02219846 4.74638855
1930 543 -0.11926723 4.86401360
1940 543 -0.23057982 4.96383097
1950 543 -0.34165947 5.06267585
1770 196 -1.65186366 -0.45323993
1780 196 -1.82081538 -0.17288245
1790 196 -1.98976710 0.10747503
1800 196 -2.15774633 0.38806544
1810 196 -2.29448349 0.68847840
1820 196 -2.42242745 0.99511066
1830 196 -2.53990693 1.30527767
1840 196 -2.57063072 1.65679018
1850 196 -2.60112157 2.00733021
1860 196 -2.63184536 2.35884272
1870 196 -2.60821437 2.66373381
1880 196 -2.57929580 2.96372167
1890 196 -2.54940475 3.26394247
1900 196 -2.55125074 3.56787271
1910 196 -2.58312172 3.87695076
1920 196 -2.61499270 4.18602881
1930 196 -2.64686368 4.49510686
1940 196 -2.66542257 4.82588256
1950 196 -2.66350670 5.19138267
1960 196 -2.66135790 5.55591029
