600 369 0.00000000 0.00000000
610 369 -0.00000000 0.49254137
620 369 -0.05642369 0.95158098
630 369 -0.13671745 1.39515388
640 369 -0.20946464 1.76921383
650 369 -0.27320954 2.07545815
660 369 -0.32099233 2.39275739
670 369 -0.21488144 2.80843212
680 369 -0.10877056 3.22410685
690 369 -0.00668370 3.64676779
700 369 0.09331805 4.07180620
710 369 0.15383073 4.48240115
720 369 0.05347571 4.83182764
730 369 -0.04780106 5.18086634
740 369 -0.14710033 5.49168084
750 369 -0.24520377 5.74549912
760 369 -0.34384117 5.99800786
770 369 -0.44160149 6.26390430
780 369 -0.53930495 6.55803188
790 369 -0.63662064 6.85123771
600 373 -0.37970415 -1.60916027
610 373 -0.16395577 -1.15495476
620 373 -0.00343118 -0.61332310
630 373 0.15709340 -0.07169144
640 373 0.11082115 0.43284486
650 373 0.04140972 0.93307086
660 373 -0.06429917 1.38547956
670 373 -0.18616710 1.81698646
680 373 -0.31293615 2.24209187
690 373 -0.48585564 2.59896139
700 373 -0.65877512 2.95583091
710 373 -0.83261636 3.31231264
720 373 -0.95754190 3.73819361
730 373 -1.06179508 4.19229963
740 373 -1.16697000 4.64601787
750 373 -1.28453373 5.03377007
760 373 -1.42021979 5.32276711
770 373 -1.55643982 5.61045462
780 373 -1.69304764 5.89906388
790 373 -1.88105824 6.23765067
600 377 0.65355322 0.22070836
610 377 0.69205151 0.65784322
620 377 0.71434000 1.06646067
630 377 0.69430513 1.39000913
640 377 0.61287035 1.58357663
650 377 0.53104778 1.77806588
660 377 0.43981686 1.97944591
670 377 0.34388177 2.18427135
680 377 0.24886844 2.38948457
690 377 0.18252883 2.77925893
700 377 0.11749876 3.16849934
710 377 0.04145845 3.56070192
720 377 -0.12280999 3.97437073
730 377 -0.28707842 4.38803954
740 377 -0.44092134 4.78982102
750 377 -0.58409713 5.17656214
760 377 -0.72673896 5.56461279
770 377 -0.91670066 5.86657727
780 377 -1.11224363 6.15859944
790 377 -1.31369879 6.46983218
