1980 450 0.00000000 0.00000000
1990 450 -0.00000000 0.24449949
2000 450 0.00120246 0.48974336
2010 450 0.00120246 0.73424284
2020 450 0.00160328 0.93241913
2030 450 0.00097342 1.11748291
2040 450 0.00131698 1.30231765
2050 450 0.01483030 1.48199901
2060 450 0.02834362 1.66168037
2070 450 0.03956654 1.88402030
2080 450 0.04483445 2.16837263
2090 450 0.05107577 2.45249593
2100 450 0.06315760 2.66538799
2110 450 0.08148074 2.83058261
2120 450 0.11434789 3.01392859
2130 450 0.18225805 3.24142191
2140 450 0.21254850 3.59282551
2150 450 0.22657716 3.99736623
2160 450 0.23986144 4.40310941
2170 450 0.25606598 4.79070122
1850 198 -0.62287247 0.01609001
1860 198 -0.54688867 0.30845872
1870 198 -0.47187829 0.60105647
1880 198 -0.39686791 0.89365422
1890 198 -0.32162848 1.18722539
1900 198 -0.30347712 1.46957363
1910 198 -0.29838099 1.74882983
1920 198 -0.29402924 2.02928850
1930 198 -0.28967750 2.30974716
1940 198 -0.22039310 2.63040223
1950 198 -0.13427431 2.96147859
1960 198 -0.04912894 3.29278398
1970 198 0.06178336 3.58515269
1980 198 0.18712514 3.85152544
1990 198 0.31366937 4.11864256
2000 198 0.26923574 4.47119135
2010 198 0.20476116 4.83461952
2020 198 0.02067080 5.11318861
2030 198 -0.24535839 5.33604388
2040 198 -0.51041416 5.55867011
2010 453 -0.96614517 0.31670414
2020 453 -0.91506940 0.53377617
2030 453 -0.86399363 0.75084820
2040 453 -0.81291786 0.96792022
2050 453 -0.76527767 1.13546250
2060 453 -0.72193198 1.22799439
2070 453 -0.67618137 1.32201503
2080 453 -0.60111373 1.41838333
2090 453 -0.51333441 1.52511566
2100 453 -0.36720731 1.67462109
2110 453 -0.25016821 1.82275228
2120 453 -0.24776330 1.96395503
2130 453 -0.24535839 2.10515778
2140 453 -0.24295347 2.24636053
2150 453 -0.22909659 2.36637714
2160 453 -0.21403726 2.48713812
2170 453 -0.20018038 2.60715474
2180 453 -0.18912923 2.75454155
2190 453 -0.18305969 2.92878322
2200 453 -0.17601673 3.10279585
2010 456 -0.40557140 0.07077315
2020 456 -0.37539547 0.32563667
2030 456 -0.34521954 0.58050019
2040 456 -0.31504360 0.83536371
2050 456 -0.27519076 1.02220255
2060 456 -0.22445855 1.14176108
2070 456 -0.17395537 1.26034619
2080 456 -0.11457693 1.38608879
2090 456 -0.02032724 1.53341834
2100 456 0.07415148 1.68172131
2110 456 0.16863021 1.83002428
2120 456 0.17636029 1.98949291
2130 456 0.17412715 2.15027852
2140 456 0.17286744 2.31083510
2150 456 0.19531329 2.44115848
2160 456 0.22394321 2.56283562
2170 456 0.25234409 2.68353935
2180 456 0.26345249 2.79187496
2190 456 0.26162018 2.88887312
2200 456 0.26099032 2.98661565
