590 59 0.00000000 0.00000000
600 59 -0.00000000 0.24149534
610 59 0.00044721 0.48433232
620 59 -0.00000000 0.72672209
630 59 0.00760263 0.96195644
640 59 0.03264659 1.17796061
650 59 0.05769055 1.39396478
660 59 0.12745587 1.66139851
670 59 0.29963311 2.04600220
680 59 0.47225756 2.42971146
690 59 0.57690554 2.82191779
700 59 0.52145105 3.23022380
710 59 0.46599657 3.63852981
720 59 0.41143651 4.04728304
730 59 0.20348219 4.40281785
740 59 -0.02057183 4.75253888
750 59 -0.22942057 5.10986254
760 59 -0.37789549 5.49849116
770 59 -0.52592319 5.88622534
780 59 -0.66545383 6.27485396
570 57 0.34256561 0.33227970
580 57 0.28711113 0.51027071
590 57 0.23031500 0.68870894
600 57 0.22092352 0.91321016
610 57 0.22360680 1.14933894
620 57 0.14936934 1.36489589
630 57 0.05634891 1.57553350
640 57 -0.00000000 1.77991011
650 57 -0.03175217 1.98205066
660 57 -0.06350433 2.18419120
670 57 -0.08854829 2.56745325
680 57 -0.11269783 2.97128713
690 57 -0.13684736 3.37512101
700 57 -0.21242646 3.66938755
710 57 -0.29381933 3.95068490
720 57 -0.38281484 4.22706290
730 57 -0.50266808 4.48465794
740 57 -0.62117968 4.74180575
750 57 -0.74639949 5.02131425
760 57 -0.88727177 5.35672445
720 66 -0.10688405 -0.50400972
730 66 -0.11046176 -0.19722120
740 66 -0.11359225 0.11090897
750 66 -0.21510974 0.49730152
760 66 -0.31707444 0.88458849
770 66 -0.40875323 1.27590039
780 66 -0.40741159 1.70030609
790 66 -0.40606994 2.12471179
800 66 -0.46376050 2.50171285
810 66 -0.55991142 2.84830339
820 66 -0.65740399 3.19534114
830 66 -0.84031435 3.48513555
840 66 -1.04513817 3.76061912
850 66 -1.24996200 4.03610270
860 66 -1.43823892 4.30756135
870 66 -1.62696306 4.57767836
880 66 -1.77230748 4.77892448
890 66 -1.91809911 4.98106503
900 66 -1.97265917 5.19080820
910 66 -1.96818703 5.40547073
750 69 0.28219178 0.18693528
760 69 0.17128281 0.56751405
770 69 0.05947941 0.94764561
780 69 -0.05232399 1.32777717
790 69 -0.08228730 1.64932374
800 69 -0.07826238 1.94537914
810 69 -0.07423746 2.24143454
820 69 -0.20527104 2.53480666
830 69 -0.35106267 2.82638992
840 69 -0.49730152 3.11886762
850 69 -0.63012396 3.34873540
860 69 -0.76160475 3.57815598
870 69 -0.89353276 3.80847098
880 69 -1.07375984 4.05935781
890 69 -1.25845906 4.31248070
900 69 -1.44315827 4.56560360
910 69 -1.57463907 4.79278810
920 69 -1.68286476 5.00923948
930 69 -1.79064324 5.22479644
940 69 -1.81837048 5.51280199
750 72 0.94049019 0.36403187
760 72 0.81348153 0.65829841
770 72 0.64488200 0.99549746
780 72 0.47583527 1.33359094
790 72 0.35821809 1.65155981
800 72 0.35911252 1.92257125
810 72 0.36090137 2.19402990
820 72 0.36224301 2.46638298
830 72 0.25043961 2.72353080
840 72 0.13729457 2.98112583
850 72 0.02504396 3.23916807
860 72 -0.12700866 3.50078803
870 72 -0.29605540 3.76509126
880 72 -0.46510214 4.02939450
890 72 -0.63951544 4.25076523
900 72 -0.81616481 4.46095562
910 72 -0.99236697 4.67025158
920 72 -1.10148709 4.88178361
930 72 -1.19450751 5.09242121
940 72 -1.24862036 5.33704705
