2310 239 0.00000000 0.00000000
2320 239 0.00000000 0.45258038
2330 239 0.00000000 0.90516076
2340 239 -0.03444250 1.35061975
2350 239 -0.20576234 1.76580346
2360 239 -0.37842339 2.18143571
2370 239 -0.54974986 2.58991121
2380 239 -0.71842266 2.96842077
2390 239 -0.88664913 3.34603546
2400 239 -1.02623538 3.74240483
2410 239 -1.13539169 4.15842154
2420 239 -1.24499653 4.57309705
2430 239 -1.40385008 4.93191950
2440 239 -1.61150822 5.23175795
2450 239 -1.81961269 5.53249127
2460 239 -1.95615197 5.84433422
2470 239 -1.92540605 6.18373912
2480 239 -1.89421380 6.52224916
2490 239 -1.87063788 6.84690309
2500 239 -1.90845215 7.04818667
2190 214 1.02490082 0.79055570
2200 214 0.63352945 1.18314895
2210 214 0.24215809 1.57574219
2220 214 -0.13310343 1.97860544
2230 214 -0.44795358 2.41942216
2240 214 -0.76056766 2.86023667
2250 214 -1.07452294 3.30149973
2260 214 -1.28686754 3.83702449
2270 214 -1.39670659 4.46725729
2280 214 -1.50699418 5.09614889
2290 214 -1.62265099 5.72236252
2300 214 -1.78529613 6.31731761
2310 214 -1.94928247 6.91272123
2320 214 -2.19159302 7.44559232
2330 214 -2.46657622 7.95211008
2340 214 -2.64310176 8.53008476
2350 214 -2.67015331 9.21390141
2360 214 -2.69675853 9.89682320
2370 214 -2.80215859 10.49351058
2380 214 -2.95949197 11.03300590
2190 215 0.86074876 0.31309356
2200 215 0.48232979 0.68867988
2210 215 0.10480569 1.06471253
2220 215 -0.27361328 1.44029885
2230 215 -0.65333809 1.85211078
2240 215 -1.03879448 2.34711014
2250 215 -1.42425087 2.84210951
2260 215 -1.61377080 3.39460584
2270 215 -1.75452811 3.96360090
2280 215 -1.89483910 4.53170109
2290 215 -2.05659379 5.12263038
2300 215 -2.21879482 5.71445453
2310 215 -2.39262471 6.30494853
2320 215 -2.61520617 6.89012414
2330 215 -2.83823395 7.47619462
2340 215 -2.99924182 7.91775375
2350 215 -3.09912242 8.21659128
2360 215 -3.19900302 8.51542880
2370 215 -3.11519912 8.69244266
2380 215 -2.98715115 8.83900226
2210 218 -0.66926233 -0.23323150
2220 218 -0.92731815 0.20574025
2230 218 -1.18492764 0.64381713
2240 218 -1.44298346 1.08278887
2250 218 -1.56868267 1.50284685
2260 218 -1.63759198 1.91658772
2270 218 -1.70560642 2.33077492
2280 218 -1.79553740 2.74185328
2290 218 -1.89888479 3.15294490
2300 218 -2.00268072 3.56269532
2310 218 -2.13735956 3.94698507
2320 218 -2.28680925 4.31832021
2330 218 -2.43536408 4.69010168
2340 218 -2.55567420 5.13296224
2350 218 -2.67015331 5.59325838
2360 218 -2.78373756 6.05400084
2370 218 -2.91792367 6.48435313
2380 218 -3.05614221 6.90710676
2390 218 -3.11878301 7.32844407
2400 218 -3.13088915 7.74928423
2220 220 1.97397643 0.87950786
2230 220 1.47610243 1.20557148
2240 220 0.97688724 1.53208365
2250 220 0.47901325 1.85814728
2260 220 0.01619823 2.36261457
2270 220 -0.44661680 2.86708187
2280 220 -0.83383862 3.38578531
2290 220 -1.16917353 3.91472339
2300 220 -1.50450844 4.44366148
2310 220 -1.68366998 5.06949064
2320 220 -1.86149033 5.69487127
2330 220 -2.09168369 6.27066291
2340 220 -2.39976598 6.77184681
2350 220 -2.68415525 7.26361581
2360 220 -2.75127481 7.67824934
2370 220 -2.81839438 8.09288287
2380 220 -2.62573910 8.45046355
2390 220 -2.46265868 8.74859401
2400 220 -2.41563941 8.81115749
2410 220 -2.36951500 8.87327463
2240 223 0.14179360 0.02713993
2250 223 -0.09479642 0.46564325
2260 223 -0.33138644 0.90414657
2270 223 -0.56797646 1.34264990
2280 223 -0.77504023 1.79140996
2290 223 -0.97583992 2.24329433
2300 223 -1.17529841 2.69473016
2310 223 -1.34794177 3.12825094
2320 223 -1.50136645 3.55012518
2330 223 -1.65613233 3.97244795
2340 223 -1.78361908 4.39384934
2350 223 -1.85028569 4.81429620
2360 223 -1.91695230 5.23474306
2370 223 -1.91562657 5.67122243
2380 223 -1.84451876 6.12462697
2390 223 -1.77430582 6.57758519
2400 223 -1.76583439 7.00421879
2410 223 -1.77302207 7.42415967
2420 223 -1.74621578 7.84988073
2430 223 -1.64113389 8.28894086
2280 227 0.25658647 0.33694567
2290 227 0.11879437 0.73867983
2300 227 -0.01855140 1.13951913
2310 227 -0.15634350 1.54125329
2320 227 -0.34472551 1.88758293
2330 227 -0.55504616 2.20844306
2340 227 -0.76491827 2.53064439
2350 227 -0.96313941 2.87653654
2360 227 -1.14791985 3.24701217
2370 227 -1.33314661 3.61838266
2380 227 -1.50808791 3.98929578
2390 227 -1.59582923 4.35341453
2400 227 -1.68357055 4.71753327
2410 227 -1.77175820 5.08254689
2420 227 -1.81702309 5.43767938
2430 227 -1.84529873 5.78787574
2440 227 -1.87312583 6.13941330
2450 227 -1.87861215 6.47080415
2460 227 -1.87739469 6.79771625
2470 227 -1.87707209 7.12418201
2290 229 -0.50166779 0.10737982
2300 229 -0.67344943 0.50780593
2310 229 -0.84567740 0.90912691
2320 229 -1.03268065 1.29302114
2330 229 -1.22774434 1.66619022
2340 229 -1.42280803 2.03935929
2350 229 -1.59859559 2.45901955
2360 229 -1.76631387 2.89834924
2370 229 -1.93447847 3.33857381
2380 229 -2.10360644 3.70903397
2390 229 -2.27501687 4.03253893
2400 229 -2.44687364 4.35693876
2410 229 -2.47916624 4.71518894
2420 229 -2.49580196 5.07789578
2430 229 -2.51466270 5.45178517
2440 229 -2.54020513 5.85251398
2450 229 -2.56619388 6.25413767
2460 229 -2.59176503 6.62579762
2470 229 -2.61693183 6.95407742
2480 229 -2.64343983 7.28280577
2310 232 -1.02117551 -0.18860959
2320 232 -1.17228679 0.31152477
2330 232 -1.32205687 0.81121060
2340 232 -1.42851752 1.23974663
2350 232 -1.51577936 1.63651151
2360 232 -1.57891732 2.00731415
2370 232 -1.58621768 2.31321561
2380 232 -1.60155639 2.63075258
2390 232 -1.69192929 3.04719794
2400 232 -1.78185586 3.46274843
2410 232 -1.92056050 3.84614773
2420 232 -2.09148704 4.20677096
2430 232 -2.26241359 4.56739420
2440 232 -2.36495228 4.89172554
2450 232 -2.43888611 5.19903448
2460 232 -2.51237140 5.50768463
2470 232 -2.55226044 5.87220330
2480 232 -2.57781612 6.25951572
2490 232 -2.60381814 6.64772300
2500 232 -2.60760531 6.88832778
2310 235 0.47846087 0.39396980
2320 235 0.43685279 0.82914995
2330 235 0.39434984 1.26388378
2340 235 0.35498004 1.70129779
2350 235 0.32545821 2.14809356
2360 235 0.29549005 2.59578420
2370 235 0.23463014 3.00906991
2380 235 0.10079756 3.34461251
2390 235 -0.03303502 3.68015512
2400 235 -0.33828466 3.87991411
2410 235 -0.66367216 4.06627658
2420 235 -0.87218098 4.41039004
2430 235 -1.00455968 4.85952352
2440 235 -1.13648983 5.30999820
2450 235 -1.22026280 5.61686965
2460 235 -1.30493063 5.92329478
2470 235 -1.38914992 6.23106110
2480 235 -1.36738804 6.53022564
2490 235 -1.33355096 6.82982546
2500 235 -1.29926755 7.12853041
2320 242 0.96637419 0.39706538
2330 242 0.95576172 0.97174562
2340 242 0.94514924 1.54642585
2350 242 0.92603219 2.11351186
2360 242 0.81830105 2.61405057
2370 242 0.71146478 3.11503561
2380 242 0.57950369 3.53420535
2390 242 0.38787364 3.76157933
2400 242 0.19669213 3.99029450
2410 242 -0.17759055 4.02599424
2420 242 -0.57201773 4.04158926
2430 242 -0.77749283 4.28775989
2440 242 -0.96102929 4.55940004
2450 242 -1.05999292 4.88104456
2460 242 -1.12181620 5.22456586
2470 242 -1.11386623 5.57606806
2480 242 -1.03793054 5.93689457
2490 242 -0.96065366 6.29727255
2500 242 -0.90657045 6.71983616
2510 242 -0.85783878 7.15761033
2340 244 -0.61222937 -0.44616163
2350 244 -0.82021894 -0.02915283
2360 244 -1.02865484 0.38875083
2370 244 -1.19729229 0.80303746
2380 244 -1.27425763 1.21052530
2390 244 -1.38337857 1.66231908
2400 244 -1.53939064 2.18124127
2410 244 -1.69584903 2.70105832
2420 244 -1.82733949 3.14392993
2430 244 -1.95392916 3.56801371
2440 244 -2.07962396 3.99254383
2450 244 -2.08603608 4.29218342
2460 244 -2.09200187 4.59092814
2470 244 -2.08678512 4.89189788
2480 244 -2.03594553 5.19997796
2490 244 -1.98465961 5.50716317
2500 244 -1.93695317 5.81256307
2510 244 -1.89775350 6.10813266
2520 244 -1.85900016 6.40459713
2530 244 -1.81890563 6.70061306
2400 247 1.81156992 1.26337779
2410 247 1.52251187 1.55614126
2420 247 1.23345382 1.84890472
2430 247 0.91038856 2.12247159
2440 247 0.56495158 2.38488023
2450 247 0.21906606 2.64594767
2460 247 -0.15676110 2.92895817
2470 247 -0.53258827 3.21196867
2480 247 -0.85426151 3.53651654
2490 247 -1.12222938 3.90126059
2500 247 -1.38930238 4.26645097
2510 247 -1.60936053 4.68973269
2520 247 -1.82941868 5.11301440
2530 247 -2.04947683 5.53629612
2540 247 -2.26148337 5.96135874
2550 247 -2.47393623 6.38731622
2560 247 -2.68594277 6.81237884
2570 247 -2.96595491 7.20799254
2580 247 -3.25401866 7.60182534
2590 247 -3.54163608 7.99476328
2450 248 -0.92770703 -0.18780752
2460 248 -1.08704668 0.13166059
2470 248 -1.24683266 0.45202357
2480 248 -1.35605967 0.79648614
2490 248 -1.38743531 1.17754331
2500 248 -1.41881095 1.55860049
2510 248 -1.46495524 1.92893912
2520 248 -1.56838438 2.25729626
2530 248 -1.67136720 2.58475854
2540 248 -1.77478971 2.91982388
2550 248 -1.87815256 3.31526303
2560 248 -1.98106688 3.71204338
2570 248 -2.08353486 4.10792885
2580 248 -2.26345208 4.42160352
2590 248 -2.44247442 4.73572452
2600 248 -2.62239163 5.04939919
2610 248 -2.80811555 5.37023501
2620 248 -3.00188223 5.69823421
2630 248 -3.19475405 6.02667973
2640 248 -3.38852073 6.35467892
2450 250 -0.29151507 0.06915899
2460 250 -0.36943935 0.41135455
2470 250 -0.44825850 0.75310379
2480 250 -0.53378805 1.09262359
2490 250 -0.63542304 1.42634553
2500 250 -0.73750435 1.76096233
2510 250 -0.83913934 2.09468427
2520 250 -0.93763897 2.43332245
2530 250 -1.03569227 2.77106577
2540 250 -1.13419190 3.10970396
2550 250 -1.24610572 3.45059148
2560 250 -1.36741014 3.79238270
2570 250 -1.48871456 4.13417392
2580 250 -1.61001898 4.47596514
2590 250 -1.76891672 4.79006625
2600 250 -1.93721169 5.09836286
2610 250 -2.10640152 5.40621315
2620 250 -2.27201630 5.71137662
2630 250 -2.42780078 6.00803332
2640 250 -2.58313894 6.30379515
2490 252 -0.54830039 -0.46903271
2500 252 -0.44520489 0.22270519
2510 252 -0.34255793 0.91310189
2520 252 -0.28376396 1.57715631
2530 252 -0.40709454 2.13137609
2540 252 -0.52908392 2.68514733
2550 252 -0.63446409 3.30195931
2560 252 -0.73041169 3.96035286
2570 252 -0.86350628 4.59016142
2580 252 -1.15234337 5.10653158
2590 252 -1.44028559 5.62334806
2600 252 -1.82216251 6.12013274
2610 252 -2.26576769 6.60400922
2620 252 -2.70713459 7.09011956
2630 252 -3.11494502 7.59184922
2640 252 -3.52409665 8.09402742
2650 252 -3.89653878 8.63462973
2660 252 -4.21436299 9.23376308
2670 252 -4.53308206 9.83245010
2680 252 -4.76914621 10.35055696
