1480 681 0.00000000 0.00000000
1490 681 -0.00000000 0.22450167
1500 681 -0.00000000 0.44900334
1510 681 0.00006681 0.67250725
1520 681 0.08173213 0.96461643
1530 681 0.21852844 1.30150925
1540 681 0.35525794 1.63939983
1550 681 0.46770253 1.99570898
1560 681 0.57595563 2.35474417
1570 681 0.69166523 2.69222941
1580 681 0.83108068 2.94510949
1590 681 0.96949835 3.19792275
1600 681 1.03863370 3.34787709
1610 681 1.06029501 3.42850456
1620 681 1.08188950 3.51012979
1630 681 1.10355081 3.59075725
1640 681 1.12521212 3.67138471
1650 681 1.15844127 3.77383384
1660 681 1.21932723 3.92724472
1670 681 1.28028001 4.07965784
1490 682 -1.11251733 -0.49343508
1500 682 -0.99148037 -0.17563789
1510 682 -0.87044341 0.14215930
1520 682 -0.75040422 0.45988967
1530 682 -0.55665510 0.75449327
1540 682 -0.34447851 1.04331518
1550 682 -0.13223510 1.33113932
1560 682 0.00330510 1.64188979
1570 682 0.12041781 1.95842195
1580 682 0.23268424 2.24255792
1590 682 0.32636283 2.40016922
1600 682 0.42097237 2.55884510
1610 682 0.51465096 2.71645640
1620 682 0.53963964 2.79229548
1630 682 0.56469513 2.86713680
1640 682 0.58968381 2.94297588
1650 682 0.61367472 3.01874814
1660 682 0.63819124 3.34110654
1670 682 0.66164318 3.66439590
1680 682 0.65362988 3.99359612
1490 683 -1.06026828 0.52232574
1500 683 -0.88048788 0.81599393
1510 683 -0.70070748 1.10966212
1520 683 -0.52185803 1.40226574
1530 683 -0.40309277 1.75398695
1540 683 -0.28532527 2.10564135
1550 683 -0.17572252 2.39962134
1560 683 -0.08709957 2.55789634
1570 683 0.00045879 2.71710228
1580 683 0.09041358 2.87045526
1590 683 0.18296523 3.01496198
1600 683 0.27445230 3.16039965
1610 683 0.36693714 3.30590413
1620 683 0.45842421 3.45134180
1630 683 0.56192900 3.67174996
1640 683 0.66934914 3.92348974
1650 683 0.76319254 4.19837411
1660 683 0.80272899 4.56583685
1670 683 0.84326321 4.93336641
1680 683 0.78935716 5.24445987
1520 100 0.69618636 0.90353448
1530 100 0.79380701 1.22677929
1540 100 0.89142767 1.55002410
1550 100 0.98679444 1.84705975
1560 100 1.07784499 2.11875038
1570 100 1.16896235 2.38944325
1580 100 1.26001290 2.66113387
1590 100 1.38912998 2.87323475
1600 100 1.51824706 3.08533562
1610 100 1.64829509 3.29850107
1620 100 1.84703748 3.57840545
1630 100 2.04677764 3.85837664
1640 100 2.24545323 4.13927878
1650 100 2.37183090 4.39228803
1660 100 2.44819114 4.62891879
1670 100 2.52455137 4.86554954
1680 100 2.51064056 5.11818464
1690 100 2.40652552 5.38582630
1700 100 2.30141272 5.65340114
1710 100 2.20893679 5.92683341
1530 102 1.41995825 0.75155343
1540 102 1.49880399 1.13066865
1550 102 1.58797037 1.47539659
1560 102 1.68199639 1.80742085
1570 102 1.77708700 2.13851416
1580 102 1.87117984 2.46954065
1590 102 1.96811008 2.65342792
1600 102 2.06610489 2.83638424
1610 102 2.16310195 3.01927375
1620 102 2.27579153 3.22225665
1630 102 2.42046306 3.47147974
1640 102 2.56513459 3.72070283
1650 102 2.71080388 3.96999273
1660 102 2.83718602 4.20796869
1670 102 2.95192904 4.44015405
1680 102 3.06673887 4.67134164
1690 102 3.12793218 4.90996347
1700 102 3.06173668 5.16511079
1710 102 2.99554119 5.42025811
1720 102 2.92934569 5.67540543
