3440 295 0.00000000 0.00000000
3450 295 -0.00000000 0.29662266
3460 295 0.00121029 0.59397688
3470 295 0.00121029 0.89059954
3480 295 0.03621773 1.16211285
3490 295 0.07098581 1.43265523
3500 295 0.10696418 1.70392918
3510 295 0.20081406 1.93003801
3520 295 0.30171330 2.15131915
3530 295 0.40358347 2.37236093
3540 295 0.50156991 2.59436016
3550 295 0.59226764 2.82021613
3560 295 0.68272600 3.04510118
3570 295 0.76960406 3.32648562
3580 295 0.84820561 3.69127569
3590 295 0.92700606 4.06940595
3600 295 1.00612342 4.49895506
3610 295 1.08597234 4.92729389
3620 295 1.12870003 5.35963443
3630 295 1.11878507 5.79568339
3280 290 1.59987442 -0.25331174
3290 290 1.61921549 -0.01192424
3300 290 1.63952749 0.22922389
3310 290 1.65886857 0.47061139
3320 290 1.67211772 0.72071029
3330 290 1.68244060 0.97565036
3340 290 1.69179255 1.23082979
3350 290 1.70211543 1.48576985
3360 290 1.67945027 1.81578847
3370 290 1.65336663 2.15282949
3380 290 1.62752234 2.49084143
3390 290 1.62677392 2.86798389
3400 290 1.68563321 3.33651520
3410 290 1.74473187 3.80601743
3420 290 1.70918502 4.29267278
3430 290 1.63214101 4.78646850
3440 290 1.55753106 5.27760429
3450 290 1.50727529 5.73801753
3460 290 1.45701952 6.19843078
3470 290 1.41696526 6.65426919
3430 294 -0.47504800 0.34575916
3440 294 -0.39236045 0.64774553
3450 294 -0.31088320 0.94900034
3460 294 -0.24152235 1.24706253
3470 294 -0.22427147 1.53428267
3480 294 -0.20702060 1.82150281
3490 294 -0.18976973 2.10872294
3500 294 -0.19895985 2.39731182
3510 294 -0.20693969 2.68663227
3520 294 -0.21491952 2.97595272
3530 294 -0.24584434 3.31006746
3540 294 -0.29287716 3.67493170
3550 294 -0.33990998 4.03979594
3560 294 -0.45144900 4.40202383
3570 294 -0.57002389 4.76495632
3580 294 -0.65805830 5.05959329
3590 294 -0.67790843 5.19631919
3600 294 -0.69775857 5.33304509
3610 294 -0.83063446 5.47085655
3620 294 -0.96351035 5.60866801
3460 296 -0.38379739 0.10594605
3470 296 -0.34973728 0.44463900
3480 296 -0.31591653 0.78236101
3490 296 -0.28225423 1.09437359
3500 296 -0.25089115 1.36781528
3510 296 -0.22073836 1.64052540
3520 296 -0.18961465 1.91299615
3530 296 -0.20925913 2.20931202
3540 296 -0.22963519 2.50683818
3550 296 -0.25240486 2.79465504
3560 296 -0.30017599 3.01447978
3570 296 -0.34891805 3.23454389
3580 296 -0.13822275 3.40403870
3590 296 0.18289230 3.55352155
3600 296 0.44352647 3.80442956
3610 296 0.68879769 4.08075370
3620 296 0.83617349 4.47802612
3630 296 0.98354928 4.87529854
3640 296 0.97552562 5.25217467
3650 296 0.96847289 5.62881144
3520 297 -0.42453264 0.32506620
3530 297 -0.33620493 0.60815314
3540 297 -0.24787722 0.89124008
3550 297 -0.23214006 1.12218670
3560 297 -0.23430442 1.33900763
3570 297 -0.23622943 1.55679949
3580 297 -0.22017199 1.76397854
3590 297 -0.19585490 1.96706148
3600 297 -0.17250874 2.17038378
3610 297 -0.16723942 2.41318047
3620 297 -0.16368608 2.66154990
3630 297 -0.16037211 2.90894840
3640 297 -0.11740843 3.12082365
3650 297 -0.03503441 3.29620473
3660 297 0.04831054 3.47134644
3670 297 0.15103364 3.65407017
3680 297 0.28428038 3.84780790
3690 297 0.42796798 4.03794173
3700 297 0.66825644 4.20632064
3710 297 0.90927646 4.37348926
3520 299 0.35740695 -0.04588321
3530 299 0.34160910 0.18665803
3540 299 0.32581126 0.41919927
3550 299 0.31001341 0.65174051
3560 299 0.29397620 0.88331082
3570 299 0.34280591 1.08138065
3580 299 0.39163563 1.27945048
3590 299 0.44046534 1.47752032
3600 299 0.38819692 1.73759148
3610 299 0.31089668 2.01310314
3620 299 0.31349257 2.25758885
3630 299 0.36878505 2.48187381
3640 299 0.42431688 2.70712969
3650 299 0.47984871 2.93238558
3660 299 0.60749237 3.20783993
3670 299 0.78474451 3.51741170
3680 299 0.96102572 3.82722283
3690 299 1.11964138 4.19906563
3700 299 1.27678042 4.57745210
3710 299 1.42879848 4.96431062
3590 301 2.01629575 -0.32301309
3600 301 1.84951483 0.17024660
3610 301 1.68273390 0.66350630
3620 301 1.52688944 1.07579443
3630 301 1.37825615 1.43377787
3640 301 1.23059380 1.79152195
3650 301 1.07491115 2.15433308
3660 301 0.91849693 2.51835450
3670 301 0.87213163 2.82743743
3680 301 0.93508366 3.08279217
3690 301 1.01012513 3.34958568
3700 301 1.19423784 3.71205293
3710 301 1.37858991 4.07549112
3720 301 1.53309598 4.44319735
3730 301 1.65896633 4.81590321
3740 301 1.78483669 5.18860906
3750 301 1.90158098 5.60785215
3760 301 2.01240528 6.05739300
3770 301 2.12322959 6.50693385
3780 301 2.18012005 6.98419004
