2720 563 0.00000000 0.00000000
2730 563 0.00000000 0.23325951
2740 563 -0.00348968 0.48590516
2750 563 -0.05835989 0.64687180
2760 563 -0.16351745 0.71811005
2770 563 -0.26950241 0.78878670
2780 563 -0.24407579 0.93294802
2790 563 -0.21782177 1.07767095
2800 563 -0.18003982 1.20362937
2810 563 -0.09197910 1.25373237
2820 563 -0.00335678 1.30300796
2830 563 0.08015107 1.36694104
2840 563 0.16164828 1.43917818
2850 563 0.24397290 1.51197693
2860 563 0.32490851 1.58504147
2870 563 0.36686178 1.67636465
2880 563 0.24623647 1.83983494
2890 563 0.12504956 2.00413263
2900 563 -0.00083598 2.16644970
2910 563 -0.14276803 2.32391809
2540 245 0.61206936 3.93971929
2550 245 0.57956050 3.71340055
2560 245 0.54761325 3.48625440
2570 245 0.50538132 3.26179624
2580 245 0.37144466 3.05848620
2590 245 0.23833540 2.85573777
2600 245 0.10439874 2.65242774
2610 245 0.03163858 2.43021172
2620 245 -0.01387296 2.19990171
2630 245 -0.06021191 1.96903010
2640 245 -0.10655085 1.73815848
2650 245 -0.27588586 1.48906682
2660 245 -0.44548666 1.23858615
2670 245 -0.61564906 0.98893288
2680 245 -0.77182705 0.69196749
2690 245 -0.92081990 0.36482971
2700 245 -1.06925114 0.03686452
2710 245 -1.05408349 -0.25257277
2720 245 -0.99822296 -0.53251848
2730 245 -0.94236243 -0.81246419
2570 569 -1.18375451 1.33090392
2580 569 -0.98781824 1.31644792
2590 569 -0.79188196 1.30199192
2600 569 -0.59594569 1.28753592
2610 569 -0.43989632 1.20007968
2620 569 -0.31256603 1.06412381
2630 569 -0.18245344 0.89379849
2640 569 -0.04812665 0.58371896
2650 569 0.07801182 0.29104494
2660 569 0.18523146 0.03870796
2670 569 0.23302372 -0.23825395
2680 569 0.22082701 -0.53901339
2690 569 0.21314029 -0.74848395
2700 569 0.20913617 -0.86722723
2710 569 0.19020875 -0.99247400
2720 569 0.02559381 -1.17551476
2730 569 -0.13902113 -1.35855553
2740 569 -0.29066767 -1.50016176
2750 569 -0.43422023 -1.61451937
2760 569 -0.57777279 -1.72887698
2590 571 -0.68688303 0.84993747
2600 571 -0.66489036 0.80685241
2610 571 -0.64345929 0.76459476
2620 571 -0.62202822 0.72233710
2630 571 -0.57863878 0.67443766
2640 571 -0.44910066 0.60645330
2650 571 -0.31956253 0.53846893
2660 571 -0.18541580 0.48328147
2670 571 -0.01416448 0.53546369
2680 571 0.15791425 0.58820752
2690 571 0.32860396 0.64121715
2700 571 0.42641348 0.71969198
2710 571 0.51476572 0.80141641
2720 571 0.62907617 0.79682067
2730 571 0.76961063 0.70729377
2740 571 0.94451454 0.62054918
2750 571 1.20449965 0.54200148
2760 571 1.45739823 0.41513420
2770 571 1.68721094 0.09614185
2780 571 1.91675785 -0.22423952
2760 567 0.02549950 -0.19782259
2770 567 0.11553655 -0.11858037
2780 567 0.30430056 0.02888199
2790 567 0.49279877 0.17495535
2800 567 0.61952886 0.34436752
2810 567 0.65390259 0.54657149
2820 567 0.68744892 0.74821386
2830 567 0.68964819 0.88386106
2840 567 0.67793162 0.99193382
2850 567 0.66538766 1.09944498
2860 567 0.64941403 1.21913142
2870 567 0.62717271 1.35873559
2880 567 0.60493139 1.49833975
2890 567 0.59722752 1.65748010
2900 567 0.59800348 1.83083638
2910 567 0.59934105 2.00336525
2920 567 0.57280837 2.19202636
2930 567 0.43704113 2.44190685
2940 567 0.30044648 2.69122573
2950 567 0.14348825 2.95452046
