4720 524 0.00000000 0.00000000
4730 524 0.00000000 0.25272317
4740 524 0.00000000 0.50544634
4750 524 -0.00000000 0.75816951
4760 524 0.01820569 0.99033659
4770 524 0.04381078 1.21348985
4780 524 0.06956228 1.43565389
4790 524 0.10923415 1.64572565
4800 524 0.16993298 1.83666975
4810 524 0.23176743 2.02677104
4820 524 0.35617629 2.20389370
4830 524 0.50776904 2.37493065
4840 524 0.65936179 2.54596760
4850 524 0.81941439 2.69399519
4860 524 0.98404512 2.83158051
4870 524 1.14852944 2.97015507
4880 524 1.32300494 3.03439136
4890 524 1.50117618 3.06682606
4900 524 1.67821178 3.10010358
4910 524 1.86770767 3.15847575
4530 344 -0.68030565 -0.43731250
4540 344 -0.38193570 -0.20613860
4550 344 -0.08440856 0.02389967
4560 344 0.18128532 0.28460786
4570 344 0.42650225 0.56755778
4580 344 0.67087636 0.84937207
4590 344 0.93107411 1.10623415
4600 344 1.21522693 1.32418409
4610 344 1.49937974 1.54213404
4620 344 1.77169748 1.75125614
4630 344 2.03316935 1.95169680
4640 344 2.29478762 2.15114824
4650 344 2.53775704 2.34682876
4660 344 2.76900216 2.53976319
4670 344 3.00039369 2.73170839
4680 344 3.23163881 2.92464282
4690 344 3.46433611 3.02580093
4700 344 3.69596505 3.08636523
4710 344 3.92843682 3.14806515
4720 344 4.16090858 3.20976507
4570 345 -2.59516373 -0.29916925
4580 345 -2.29653262 0.21711504
4590 345 -1.99804791 0.73438854
4600 345 -1.70902020 1.21993564
4610 345 -1.45811325 1.58055552
4620 345 -1.20804911 1.94003978
4630 345 -1.01193334 2.17225434
4640 345 -0.86976592 2.27719921
4650 345 -0.68872198 2.41317012
4660 345 -0.35246472 2.67522366
4670 345 -0.01635386 2.93826642
4680 345 0.26062114 3.17739368
4690 345 0.47703185 3.39542672
4700 345 0.69457819 3.61261694
4710 345 0.88135172 3.84648153
4720 345 1.02218566 4.10387384
4730 345 1.16287320 4.36225537
4740 345 1.30469637 4.61979409
4750 345 1.37177767 4.86323833
4760 345 1.43123799 5.10353288
4580 673 1.07087530 0.05234581
4590 673 1.10836692 0.38643469
4600 673 1.14670136 0.72165920
4610 673 1.17491800 1.01596146
4620 673 1.18843477 1.25248904
4630 673 1.18448182 1.53192128
4640 673 1.15588136 1.87543549
4650 673 1.14966507 2.21114274
4660 673 1.23481753 2.51690418
4670 673 1.32110563 2.82182280
4680 673 1.46828643 3.13878622
4690 673 1.63015921 3.45893495
4700 673 1.77073595 3.71123473
4710 673 1.88987026 3.89667479
4720 673 2.00915097 4.08112563
4730 673 2.13297816 4.28949987
4740 673 2.25944460 4.50736276
4750 673 2.38591105 4.72522565
4760 673 2.46818684 4.90015619
4770 673 2.50656480 5.03017593
4610 674 1.47129763 0.15406581
4620 674 1.48657522 0.40601738
4630 674 1.50185281 0.65796896
4640 674 1.51977360 0.94670386
4650 674 1.53828397 1.25877656
4660 674 1.56639378 1.57429175
4670 674 1.60578867 1.89552071
4680 674 1.64532996 2.21576044
4690 674 1.66332989 2.54494277
4700 674 1.68019419 2.87496791
4710 674 1.72673128 3.18209052
4720 674 1.84664510 3.43739755
4730 674 1.96670532 3.69171535
4740 674 2.04608862 3.87935940
4750 674 2.10751552 4.03806270
4760 674 2.16894242 4.19676599
4770 674 2.22938009 4.35532288
4780 674 2.24414328 4.59708940
4790 674 2.25905287 4.83786669
4800 674 2.28370435 5.05380257
