960 401 0.00000000 0.00000000
970 401 -0.00000000 0.27963190
980 401 -0.00128025 0.55986459
990 401 -0.00222078 0.83915676
1000 401 0.11610621 1.11793754
1010 401 0.26416514 1.39682561
1020 401 0.40378440 1.68436076
1030 401 0.46410299 2.04425889
1040 401 0.52408184 2.40509755
1050 401 0.60957637 2.87190767
1060 401 0.73095380 3.49840629
1070 401 0.85233122 4.12490491
1080 401 1.01685823 4.59368189
1090 401 1.20046389 4.99492367
1100 401 1.38278930 5.39676623
1110 401 1.56458901 5.83244256
1120 401 1.74657111 6.27350096
1130 401 1.94687372 6.65206650
1140 401 2.16162748 6.99651218
1150 401 2.39195527 7.31255981
970 399 0.61924980 0.28428802
980 399 0.69071876 0.42493363
990 399 0.76312824 0.56591898
1000 399 0.83459719 0.70656459
1010 399 0.90606615 0.84721020
1020 399 0.99044851 1.19347256
1030 399 1.08315253 1.67564573
1040 399 1.17585654 2.15781890
1050 399 1.28856543 2.72589786
1060 399 1.40255457 3.29337603
1070 399 1.52399279 3.82845804
1080 399 1.65779369 4.31165399
1090 399 1.83083904 4.76862259
1100 399 2.09525450 5.16396733
1110 399 2.35332234 5.54745004
1120 399 2.55554176 5.82357376
1130 399 2.75744648 6.11234267
1140 399 2.95139788 6.51732150
1150 399 3.14534929 6.92230033
1160 399 3.28676019 7.32850220
