860 164 0.00000000 0.00000000
870 164 0.00000000 0.33497761
880 164 -0.00079408 0.67112545
890 164 0.00056422 1.00787930
900 164 0.01638318 1.35102761
910 164 0.03239022 1.69515807
920 164 0.04722704 2.03849445
930 164 0.11775414 2.40680264
940 164 0.21172758 2.78589365
950 164 0.30570103 3.16498466
960 164 0.40094918 3.55604960
970 164 0.49715860 3.97340286
980 164 0.59336801 4.39075613
990 164 0.68197095 4.77902089
1000 164 0.75249805 5.09947514
1010 164 0.82400731 5.41974132
1020 164 0.66443844 5.69771213
1030 164 0.44690151 5.96540167
1040 164 0.27113752 6.28109142
1050 164 0.10061866 6.60290397
720 158 -0.19269049 0.17944184
730 158 -0.21076632 0.49446290
740 158 -0.22903023 0.80850180
750 158 -0.25661417 1.11108918
760 158 -0.29993348 1.39530818
770 158 -0.34245871 1.67835694
780 158 -0.38577802 1.96257594
790 158 -0.38609148 2.31186794
800 158 -0.38312411 2.66765888
810 158 -0.37996868 3.02443198
820 158 -0.22326268 3.40678291
830 158 -0.05050785 3.79318784
840 158 0.23176773 4.14538451
850 158 0.56104048 4.48247271
860 158 0.86417119 4.82660317
870 158 1.13054421 5.18082684
880 158 1.39574701 5.53425643
890 158 1.45626449 5.90346320
900 158 1.42945374 6.27921070
910 158 1.33268011 6.67242802
780 161 -0.00315543 0.07391240
790 161 -0.05631720 0.43434246
800 161 -0.10830873 0.79556660
810 161 -0.07859331 1.14216290
820 161 -0.02825263 1.48480968
830 161 0.02110589 1.82764453
840 161 0.12389783 2.18366534
850 161 0.25017791 2.54537011
860 161 0.37645800 2.90707488
870 161 0.55094727 3.39292825
880 161 0.74677230 3.93171351
890 161 0.94161517 4.47068685
900 161 1.17856533 4.96901567
910 161 1.42579678 5.45723039
920 161 1.67302823 5.94544511
930 161 1.94811527 6.45683451
940 161 2.22961767 6.97514079
950 161 2.41969604 7.52113549
960 161 2.47467584 8.11132717
970 161 2.52946756 8.70053670
830 379 -0.88241420 2.11265761
840 379 -0.82908526 2.25822555
850 379 -0.78869152 2.47448776
860 379 -0.75197563 2.70876312
870 379 -0.71446566 2.94186825
880 379 -0.55984936 3.19633004
890 379 -0.32630539 3.46418674
900 379 -0.09257335 3.73302561
910 379 0.14115869 4.00186447
920 379 0.37526687 4.27266764
930 379 0.60918698 4.54248866
940 379 0.77525480 4.83548436
950 379 0.94132261 5.12848006
960 379 1.10739043 5.42147576
970 379 1.28852492 5.76656748
980 379 1.47275216 6.11717599
990 379 1.68057202 6.43679436
1000 379 1.92366588 6.71198589
1010 379 2.16774189 6.98698934
1020 379 2.37420345 7.30483148
850 162 -0.73970914 0.18339136
860 162 -0.74296906 0.53324758
870 162 -0.74604090 0.88408595
880 162 -0.74930082 1.23394217
890 162 -0.72712919 1.51987471
900 162 -0.68755043 1.76378355
910 162 -0.64717758 2.00652216
920 162 -0.60820483 2.25258338
930 162 -0.57543846 2.51408743
940 162 -0.54267209 2.77559147
950 162 -0.48539363 3.08534650
960 162 -0.37000085 3.50717171
970 162 -0.25460806 3.92899691
980 162 -0.15175343 4.34915037
990 162 -0.06223102 4.76880229
1000 162 0.02630922 5.18864229
1010 162 -0.01120075 5.62549238
1020 162 -0.08130991 6.06756670
1030 162 -0.15141907 6.50964102
1040 162 -0.20921995 6.90964985
880 166 0.54777094 -0.09572879
890 166 0.69542857 0.17024720
900 166 0.84425642 0.43701727
910 166 0.99191405 0.70299325
920 166 1.13957168 0.96896924
930 166 1.29023847 1.25065970
940 166 1.43992310 1.53253824
950 166 1.58941966 1.81343463
960 166 1.73511298 2.12764070
970 166 1.86245880 2.57466759
980 166 1.98901054 3.02286471
990 166 2.11635637 3.46989160
1000 166 2.21990060 3.97340286
1010 166 2.31285010 4.50134263
1020 166 2.40696982 5.03007647
1030 166 2.44096911 5.54792302
1040 166 2.43618371 6.05996022
1050 166 2.43139832 6.57199743
1060 166 2.41833774 7.13652770
1070 166 2.40546524 7.70204012
920 167 -0.75759690 0.16441696
930 167 -0.69168802 0.40226569
940 167 -0.62596721 0.63913227
950 167 -0.56005833 0.87698100
960 167 -0.51331192 1.13173534
970 167 -0.47507056 1.39524549
980 167 -0.43584704 1.65856756
990 167 -0.39681159 1.92090748
1000 167 -0.35919714 2.16519247
1010 167 -0.32319175 2.39044036
1020 167 -0.28718636 2.61568825
1030 167 -0.25019881 2.84074806
1040 167 -0.22163272 3.20792783
1050 167 -0.19515633 3.59078028
1060 167 -0.16769777 3.97344466
1070 167 -0.15693586 4.35930627
1080 167 -0.21609504 4.75753885
1090 167 -0.27525422 5.15577144
1100 167 -0.33343124 5.55381595
1110 167 -0.31324482 5.96230892
950 169 0.85117330 -0.09579148
960 169 0.86381594 0.29989168
970 169 0.87744073 0.69538677
980 169 0.88989529 1.09008778
990 169 0.87100448 1.48060940
1000 169 0.83723506 1.86787110
1010 169 0.80346564 2.25513281
1020 169 0.76484813 2.65961357
1030 169 0.68947294 3.21774938
1040 169 0.61390969 3.77490303
1050 169 0.49063876 4.33813769
1060 169 0.25314528 4.91102672
1070 169 0.01583986 5.48489791
1080 169 -0.08929253 5.98865994
1090 169 -0.06145784 6.42114257
1100 169 -0.00840056 6.86304972
1110 169 0.10352334 7.32524777
1120 169 0.21544723 7.78744583
1130 169 0.32269022 8.24646755
1140 169 0.40732274 8.68843738
