2280 227 0.00000000 0.00000000
2290 227 -0.00000000 0.42470814
2300 227 0.00013186 0.84842500
2310 227 0.00013186 1.27313314
2320 227 -0.06569688 1.66184714
2330 227 -0.16054084 2.03358714
2340 227 -0.25452538 2.40645026
2350 227 -0.32980296 2.79794264
2360 227 -0.38439104 3.20832800
2370 227 -0.43911097 3.61970462
2380 227 -0.48425020 4.02731160
2390 227 -0.44911078 4.40020062
2400 227 -0.41397135 4.77308964
2410 227 -0.37896378 5.14696993
2420 227 -0.30656112 5.49757776
2430 227 -0.21968969 5.83800449
2440 227 -0.13195886 6.17955434
2450 227 -0.02963211 6.49479907
2460 227 0.07758269 6.80363233
2470 227 0.18380623 7.11233374
2190 214 0.87392251 0.17980112
2200 214 0.63109457 0.67813394
2210 214 0.38826664 1.17646675
2220 214 0.16400910 1.67928735
2230 214 0.00920868 2.19840856
2240 214 -0.14347736 2.71680221
2250 214 -0.29728651 3.23605527
2260 214 -0.32439925 3.81150458
2270 214 -0.22382430 4.44328197
2280 214 -0.12410876 5.07393624
2290 214 -0.03034084 5.70379939
2300 214 0.00883901 6.31933975
2310 214 0.04689573 6.93573953
2320 214 -0.00942294 7.51840084
2330 214 -0.10519695 8.08673467
2340 214 -0.08465578 8.69071651
2350 214 0.11161312 9.34631968
2360 214 0.30801388 10.00093158
2370 214 0.40190424 10.59953796
2380 214 0.42811518 11.16089523
2190 215 0.56374244 -0.21857599
2200 215 0.32764854 0.25946760
2210 215 0.09254591 0.73764304
2220 215 -0.14354799 1.21568663
2230 215 -0.36912408 1.72841992
2240 215 -0.57313242 2.32170029
2250 215 -0.77714075 2.91498066
2260 215 -0.77715724 3.49907825
2270 215 -0.72569601 4.08296158
2280 215 -0.67410293 4.66585364
2290 215 -0.63538693 5.27729708
2300 215 -0.59680279 5.88973178
2310 215 -0.56965003 6.50468115
2320 215 -0.59033717 7.13041675
2330 215 -0.61115618 7.75714362
2340 215 -0.62019533 8.22705456
2350 215 -0.61771833 8.54213211
2360 215 -0.61524133 8.85720967
2370 215 -0.47854040 8.99745892
2380 215 -0.30986927 9.09454677
2210 218 -1.06075435 -0.23895233
2220 218 -1.16243123 0.25999737
2230 218 -1.26397626 0.75795581
2240 218 -1.36565314 1.25690552
2250 218 -1.34826944 1.69502287
2260 218 -1.27921731 2.10873992
2270 218 -1.20917392 2.52258884
2280 218 -1.16087016 2.94060767
2290 218 -1.12525276 3.36299186
2300 218 -1.09049477 3.78425292
2310 218 -1.09320958 4.19145021
2320 218 -1.11409922 4.59118590
2330 218 -1.13399759 4.99105344
2340 218 -1.10411824 5.44899146
2350 218 -1.06306652 5.92153009
2360 218 -1.02102353 6.39420057
2370 218 -1.00832775 6.84480885
2380 218 -1.00191158 7.28953779
2390 218 -0.92446546 7.70840662
2400 218 -0.79937955 8.11040975
2220 220 1.80051884 -0.04397608
2230 220 1.43536455 0.42597960
2240 220 1.06908713 0.89679469
2250 220 0.70393283 1.36675037
2260 220 0.42982224 1.99408471
2270 220 0.15571164 2.62141906
2280 220 -0.04227609 3.23769405
2290 220 -0.18786313 3.84681588
2300 220 -0.33345017 4.45593772
2310 220 -0.29987653 5.10604065
2320 220 -0.26517976 5.75528415
2330 220 -0.29611159 6.37461300
2340 220 -0.42492475 6.94864015
2350 220 -0.53438110 7.50607473
2360 220 -0.46334643 7.92005550
2370 220 -0.39231177 8.33403627
2380 220 -0.09406460 8.60976915
2390 220 0.15691953 8.83886295
2400 220 0.22169342 8.88278723
2410 220 0.28547605 8.92657966
2240 223 -0.20909654 -0.25580391
2250 223 -0.29062076 0.23573836
2260 223 -0.37214498 0.72728063
2270 223 -0.45366920 1.21882290
2280 223 -0.50393666 1.71048760
2290 223 -0.54726524 2.20307530
2300 223 -0.58947070 2.69480357
2310 223 -0.61212390 3.16088600
2320 223 -0.62037663 3.60971659
2330 223 -0.62975248 4.05940658
2340 223 -0.61362375 4.49937461
2350 223 -0.54027456 4.91870729
2360 223 -0.46692536 5.33803997
2370 223 -0.32406019 5.75047850
2380 223 -0.10969651 6.15628660
2390 223 0.10367590 6.56196284
2400 223 0.25010588 6.96276985
2410 223 0.37955242 7.36232660
2420 223 0.54302939 7.75632188
2430 223 0.78487548 8.13753897
2290 229 -0.79171782 0.02885982
2300 229 -0.82429313 0.46335821
2310 229 -0.85700030 0.89884786
2320 229 -0.90933742 1.32264714
2330 229 -0.97277864 1.73891654
2340 229 -1.03621985 2.15518594
2350 229 -1.06634407 2.60917771
2360 229 -1.08245395 3.07915694
2370 229 -1.09869570 3.55012743
2380 229 -1.13848302 3.95541988
2390 229 -1.19566346 4.31703763
2400 229 -1.25297576 4.67964665
2410 229 -1.16729104 5.02899479
2420 229 -1.06535044 5.37747882
2430 229 -0.96188645 5.73726237
2440 229 -0.85603493 6.12460131
2450 229 -0.75031527 6.51293152
2460 229 -0.65392202 6.87278335
2470 229 -0.57122052 7.19147044
2480 229 -0.48964214 7.51101695
2310 232 -1.37915418 -0.08256965
2320 232 -1.35982797 0.43953714
2330 232 -1.33937863 0.96078452
2340 232 -1.30104642 1.40067955
2350 232 -1.25486177 1.80429320
2360 232 -1.19428134 2.17552226
2370 232 -1.10194028 2.46724495
2380 232 -1.01342773 2.77258169
2390 232 -0.96380070 3.19582058
2400 232 -0.91404183 3.61806821
2410 232 -0.92085356 4.02572934
2420 232 -0.96553366 4.42230050
2430 232 -1.01021376 4.81887167
2440 232 -1.00197987 5.15892638
2450 232 -0.97221119 5.47359894
2460 232 -0.94158309 5.78939464
2470 232 -0.86105014 6.14713678
2480 232 -0.75956398 6.52178937
2490 232 -0.65820967 6.89743322
2500 232 -0.58373028 7.12625154
2310 235 0.22837330 -0.01804533
2320 235 0.33020559 0.40709369
2330 235 0.43104661 0.83210085
2340 235 0.53572084 1.25862670
2350 235 0.65275416 1.69083175
2360 235 0.76965561 2.12402807
2370 235 0.84617404 2.53470304
2380 235 0.82844422 2.89551553
2390 235 0.81071440 3.25632802
2400 235 0.58678650 3.54431638
2410 235 0.33946371 3.82616641
2420 235 0.25387788 4.21931405
2430 235 0.27437666 4.68710118
2440 235 0.29573486 5.15601143
2450 235 0.31605469 5.47346238
2460 235 0.33538326 5.79078147
2470 235 0.35557124 6.10922369
2480 235 0.47321674 6.38514494
2490 235 0.60242547 6.65756025
2500 235 0.73176606 6.92898430
2310 239 -0.35202528 -0.23547230
2320 239 -0.20519032 0.19262640
2330 239 -0.05835537 0.62072510
2340 239 0.05358974 1.05326214
2350 239 0.02623920 1.50157001
2360 239 -0.00223448 1.95073730
2370 239 -0.03176770 2.39270199
2380 239 -0.06851293 2.80546074
2390 239 -0.10512631 3.21722823
2400 239 -0.10856397 3.63744386
2410 239 -0.07684336 4.06637137
2420 239 -0.04598217 4.49417575
2430 239 -0.07982658 4.88512658
2440 239 -0.17897232 5.23611821
2450 239 -0.27824991 5.58810111
2460 239 -0.30622912 5.92737410
2470 239 -0.16703000 6.23844420
2480 239 -0.02769902 6.54852302
2490 239 0.09993216 6.84796631
2500 239 0.12946773 7.05063019
2320 242 0.69089800 -0.17341556
2330 242 0.86730856 0.37362129
2340 242 1.04371912 0.92065814
2350 242 1.20962128 1.46327077
2360 242 1.27011224 1.97168580
2370 242 1.33159446 2.48023269
2380 242 1.34276684 2.91954144
2390 242 1.23527184 3.19678831
2400 242 1.12863626 3.47515830
2410 242 0.78618226 3.63035900
2420 242 0.41815069 3.77307819
2430 242 0.30365795 4.07259682
2440 242 0.21818042 4.38908946
2450 242 0.22892427 4.72544280
2460 242 0.28189712 5.07043973
2470 242 0.40345825 5.40034864
2480 242 0.59235268 5.71702023
2490 242 0.78237023 6.03283241
2500 242 0.97062421 6.41499132
2510 242 1.15875106 6.81327425
2340 244 -1.07588945 -0.45886806
2350 244 -1.13733400 0.00306328
2360 244 -1.19891040 0.46598589
2370 244 -1.22401470 0.91257494
2380 244 -1.16461155 1.32299091
2390 244 -1.12125001 1.78574870
2400 244 -1.10046397 2.32721702
2410 244 -1.07980978 2.86967661
2420 244 -1.06050241 3.33125241
2430 244 -1.04265486 3.77346669
2440 244 -1.02381604 4.21581282
2450 244 -0.93266638 4.50132419
2460 244 -0.84138487 4.78584428
2470 244 -0.73880384 5.06884098
2480 244 -0.59076099 5.34376154
2490 244 -0.44258630 5.61769084
2500 244 -0.29837667 5.89109271
2510 244 -0.16540300 6.15795598
2520 244 -0.03256118 6.42581051
2530 244 0.10140376 6.69280564
2350 246 -2.00141916 -0.41754321
2360 246 -2.13075504 0.17558176
2370 246 -2.26009092 0.76870673
2380 246 -2.33036035 1.32731858
2390 246 -2.37558906 1.87211154
2400 246 -2.42180904 2.41677264
2410 246 -2.20537099 2.90557891
2420 246 -1.98992421 3.39425333
2430 246 -1.79053787 3.87473859
2440 246 -1.60377432 4.35152720
2450 246 -1.46320484 4.81914480
2460 246 -1.51117661 5.25563043
2470 246 -1.55828896 5.69323919
2480 246 -1.64047246 6.18973781
2490 246 -1.72556148 6.69291159
2500 246 -1.76280118 7.21556464
2510 246 -1.68603552 7.78364653
2520 246 -1.61026113 8.35159656
2530 246 -1.50053401 8.87664890
2540 246 -1.36973595 9.37222217
2400 247 1.77144005 0.37182005
2410 247 1.59300222 0.74252875
2420 247 1.41456438 1.11323745
2430 247 1.19773077 1.47682125
2440 247 0.95611543 1.83710868
2450 247 0.71364067 2.19627298
2460 247 0.44996313 2.58590761
2470 247 0.18628558 2.97554225
2480 247 -0.01269107 3.38689769
2490 247 -0.14782622 3.81885080
2500 247 -0.28197011 4.25093576
2510 247 -0.35279522 4.72271622
2520 247 -0.42362033 5.19449669
2530 247 -0.49444544 5.66627715
2540 247 -0.55707669 6.13712991
2550 247 -0.61983979 6.60897395
2560 247 -0.68247103 7.07982671
2570 247 -0.81898361 7.54488727
2580 247 -0.96369004 8.01087551
2590 247 -1.10826462 8.47587249
2450 248 -1.29048152 -0.11213583
2460 248 -1.33755385 0.24174719
2470 248 -1.38475803 0.59662149
2480 248 -1.37631929 0.95788841
2490 248 -1.28236771 1.32851234
2500 248 -1.18841613 1.69913628
2510 248 -1.11191183 2.06441301
2520 248 -1.10321409 2.40856465
2530 248 -1.09438450 2.75172502
2540 248 -1.08350409 3.10221983
2550 248 -1.05297959 3.50980327
2560 248 -1.02159569 3.91850982
2570 248 -0.99007993 4.32622511
2580 248 -1.05849632 4.68130426
2590 248 -1.12592145 5.03651525
2600 248 -1.19433785 5.39159439
2610 248 -1.26592348 5.75533125
2620 248 -1.34279274 6.12845337
2630 248 -1.41867073 6.50170734
2640 248 -1.49553999 6.87482946
2450 250 -0.60533335 -0.07547536
2460 250 -0.56802067 0.27349135
2470 250 -0.53169926 0.62232620
2480 250 -0.50244858 0.97122934
2490 250 -0.49031319 1.31987347
2500 250 -0.47830965 1.66950887
2510 250 -0.46617426 2.01815301
2520 250 -0.44947809 2.37043022
2530 250 -0.43265006 2.72171617
2540 250 -0.41595389 3.07399339
2550 250 -0.41121652 3.43275035
2560 250 -0.41506857 3.79540882
2570 250 -0.41892063 4.15806728
2580 250 -0.42277269 4.52072574
2590 250 -0.47116828 4.86938871
2600 250 -0.53033597 5.21561001
2610 250 -0.59049493 5.56169945
2620 250 -0.64814393 5.90408752
2630 250 -0.69925432 6.23523964
2640 250 -0.75023286 6.56540049
