0 36 0.00000000 0.00000000
10 36 0.00000000 0.12961867
20 36 0.00130382 0.25868958
30 36 0.00260765 0.38776049
40 36 0.00714403 0.50626965
50 36 0.02389316 0.57899837
60 36 0.04064229 0.65172709
70 36 0.05701339 0.72538161
80 36 0.22210535 0.80251555
90 36 0.73159213 0.89065872
100 36 1.33051047 0.96347230
110 36 1.95557474 1.06748510
120 36 2.58563829 1.22538673
130 36 3.09062726 1.44887305
140 36 3.51116853 1.71780807
150 36 3.87792125 1.95181757
160 36 4.02729016 2.04629470
170 36 4.17665907 2.14077183
180 36 4.38794807 2.22380770
190 36 4.60592593 2.30633439
0 35 0.03170839 1.14711097
10 35 0.06013794 1.19652515
20 35 0.08894552 1.24501353
30 35 0.11775310 1.29350192
40 35 0.14656068 1.34199030
50 35 0.17536825 1.39047869
60 35 0.20417583 1.43896707
70 35 0.23298341 1.48745546
80 35 0.69368864 1.54163746
90 35 1.15346808 1.59544144
100 35 1.58026616 1.71678970
110 35 1.97463064 1.90698606
120 35 2.36844736 2.09587860
130 35 2.78941294 2.30557833
140 35 3.21795460 2.52053193
150 35 3.59085612 2.69980394
160 35 3.74023275 2.74135660
170 35 3.88960938 2.78290925
180 35 4.07249969 2.86407040
190 35 4.27728501 2.97361480
