2730 256 0.00000000 0.00000000
2740 256 0.00000000 0.40827074
2750 256 0.00097484 0.81631860
2760 256 0.00194969 1.22436645
2770 256 0.04645447 1.56706796
2780 256 0.12170600 1.86478461
2790 256 0.19598269 2.16272416
2800 256 0.27123423 2.46044081
2810 256 0.33956878 2.62022939
2820 256 0.40726161 2.76375179
2830 256 0.47495443 2.90727420
2840 256 0.54287015 3.05177145
2850 256 0.70913482 3.19122058
2860 256 0.91834893 3.33008187
2870 256 1.12636530 3.46819120
2880 256 1.32176505 3.61841749
2890 256 1.39612257 3.87633213
2900 256 1.47070298 4.13522161
2910 256 1.54528339 4.39411109
2920 256 1.62061576 4.65180283
2650 249 -0.35093869 -0.66449532
2660 249 -0.33030287 -0.30505247
2670 249 -0.30869221 0.05416749
2680 249 -0.29451780 0.42124253
2690 249 -0.28379697 0.79115882
2700 249 -0.27307614 1.16107511
2710 249 -0.26138047 1.53076852
2720 249 -0.21306205 1.84079808
2730 249 -0.14775489 2.12642717
2740 249 -0.08267063 2.41108141
2750 249 -0.02184825 2.69055527
2760 249 -0.00762729 2.92323910
2770 249 0.00637077 3.15494808
2780 249 0.02059173 3.38763191
2790 249 0.03481268 3.62031574
2800 249 0.04616054 3.79108233
2810 249 0.05658745 3.93538853
2820 249 0.06821209 4.08044668
2830 249 0.07863899 4.22475288
2840 249 0.09689404 4.38983696
2650 251 0.28164889 -1.24920291
2660 251 0.25022856 -0.87067713
2670 251 0.19479966 -0.48050712
2680 251 0.13839591 -0.09011422
2690 251 0.15140198 0.29876988
2700 251 0.21103398 0.68519972
2710 251 0.27066598 1.07162957
2720 251 0.33263711 1.45034394
2730 251 0.40463345 1.80112098
2740 251 0.47662979 2.15189801
2750 251 0.54297057 2.48242622
2760 251 0.58810974 2.73368596
2770 251 0.63205117 2.98419375
2780 251 0.67719033 3.23545349
2790 251 0.71775900 3.44877761
2800 251 0.75364450 3.60572738
2810 251 0.78953000 3.76267716
2820 251 0.82519261 3.91865208
2830 251 0.83200182 4.10994671
2840 251 0.81725425 4.32360885
2720 254 0.63065993 -0.26113799
2730 254 0.66998188 0.04992275
2740 254 0.68679915 0.37023226
2750 254 0.66985941 0.70441491
2760 254 0.65194483 1.03882046
2770 254 0.63500509 1.37300311
2780 254 0.70508114 1.74678693
2790 254 0.77418234 2.12079365
2800 254 0.84425839 2.49457747
2810 254 0.96610400 2.73137622
2820 254 1.09435468 2.95132340
2830 254 1.22185341 3.17246832
2840 254 1.35670510 3.38988042
2850 254 1.55645245 3.57706748
2860 254 1.75597691 3.76327970
2870 254 1.95572427 3.95046676
2880 254 2.12391413 4.13871439
2890 254 2.16849239 4.33368305
2900 254 2.21307065 4.52865171
2910 254 2.25742602 4.72264553
