3060 276 0.00000000 0.00000000
3070 276 0.00000000 0.38868110
3080 276 -0.00099825 0.77730303
3090 276 0.05131713 1.17910286
3100 276 0.22805071 1.61131837
3110 276 0.40378603 2.04347470
3120 276 0.56019960 2.48049620
3130 276 0.53902029 2.95607631
3140 276 0.51778180 3.43265466
3150 276 0.49654331 3.90923301
3160 276 0.51085066 4.34384123
3170 276 0.54119688 4.76136860
3180 276 0.57054485 5.17883680
3190 276 0.60658467 5.60171046
3200 276 0.66621968 6.04902317
3210 276 0.72491561 6.49527847
3220 276 0.78455062 6.94259118
3230 276 0.82674974 7.37985453
3240 276 0.82814677 7.79566584
3250 276 0.83054205 8.21153633
3060 278 -0.75031690 -0.20275490
3070 278 -0.68364270 0.26100317
3080 278 -0.61690933 0.72376300
3090 278 -0.49051008 1.17703690
3100 278 -0.32452825 1.62163788
3110 278 -0.15760735 2.06729628
3120 278 -0.08141636 2.52260270
3130 278 -0.09495702 2.98761630
3140 278 -0.10755861 3.45368733
3150 278 -0.11375650 3.91312566
3160 278 -0.09439872 4.34703150
3170 278 -0.07504095 4.78093734
3180 278 -0.05574235 5.21584143
3190 278 -0.02675715 5.65632850
3200 278 0.01091640 6.10233937
3210 278 0.04952904 6.54940767
3220 278 0.08714342 6.99641680
3230 278 0.13400188 7.38887735
3240 278 0.18268704 7.76742161
3250 278 0.23131302 8.14696411
3110 279 -1.93600871 -0.12478096
3120 279 -1.82754190 0.37751771
3130 279 -1.71813601 0.88087380
3140 279 -1.61266394 1.38299494
3150 279 -1.53790085 1.87928869
3160 279 -1.46413601 2.37552326
3170 279 -1.39242684 2.87263772
3180 279 -1.34197674 3.37350077
3190 279 -1.29258406 3.87530288
3200 279 -1.24313221 4.37610675
3210 279 -1.19454482 4.84079618
3220 279 -1.14536569 5.29550313
3230 279 -1.09818305 5.75009174
3240 279 -1.02809989 6.20703960
3250 279 -0.90928012 6.66988176
3260 279 -0.78940293 7.13178484
3270 279 -0.68567522 7.59573588
3280 279 -0.63932102 8.06429995
3290 279 -0.59290765 8.53186577
3300 279 -0.55693472 8.97276706
3230 285 1.49434844 0.02146490
3240 285 1.37198592 0.37885042
3250 285 1.24962340 0.73623595
3260 285 1.12825912 1.09368065
3270 285 1.00795227 1.45018627
3280 285 0.88764542 1.80669190
3290 285 0.74272198 2.18978745
3300 285 0.57106712 2.60135106
3310 285 0.40041051 3.01297385
3320 285 0.31490082 3.42463523
3330 285 0.35764023 3.83588496
3340 285 0.40037964 4.24713470
3350 285 0.43766213 4.64904516
3360 285 0.45194119 5.01653408
3370 285 0.46516283 5.38496207
3380 285 0.49689321 5.72844160
3390 285 0.54607491 6.04791172
3400 285 0.59531580 6.36638360
3410 285 0.63597895 6.69436455
3420 285 0.67247159 7.02510356
