1860 200 0.00000000 0.00000000
1870 200 -0.00000000 0.31492539
1880 200 0.00000000 0.62985078
1890 200 -0.00053028 0.94392834
1900 200 0.17904876 1.30458520
1910 200 0.40240960 1.67678130
1920 200 0.62661826 2.04844711
1930 200 0.91844929 2.40376619
1940 200 1.25500838 2.74762224
1950 200 1.59241528 3.09094801
1960 200 1.86176479 3.41786671
1970 200 2.08648469 3.73377646
1980 200 2.31120458 4.04968621
1990 200 2.53646429 4.39474572
2000 200 2.76364191 4.76927252
2010 200 2.98997171 5.14432962
2020 200 3.21714933 5.51885642
2030 200 3.44210420 5.90302996
2040 200 3.66674153 6.28858160
2050 200 3.89106133 6.67551134
1740 108 1.65032741 2.25384814
1750 108 1.69328362 2.33195553
1760 108 1.73623982 2.41006292
1770 108 1.77919603 2.48817031
1780 108 1.82130442 2.56680798
1790 108 1.93116218 2.69153276
1800 108 2.07070635 2.83543352
1810 108 2.20940269 2.97986455
1820 108 2.28716079 3.15887203
1830 108 2.34965814 3.34742463
1840 108 2.41300330 3.53544694
1850 108 2.48143856 3.72972153
1860 108 2.57192983 3.94794465
1870 108 2.66326893 4.16563748
1880 108 2.75429049 4.38470842
1890 108 2.86216683 4.60621168
1900 108 2.98764100 4.83322100
1910 108 3.11396298 5.05970005
1920 108 3.23890686 5.28586155
1930 108 3.39023794 5.49198021
1760 114 1.17007715 2.35725359
1770 114 1.28478368 2.40109889
1780 114 1.35883297 2.58360561
1790 114 1.42801126 2.78095394
1800 114 1.49687201 2.97968038
1810 114 1.58057438 3.18327781
1820 114 1.69714167 3.40170415
1830 114 1.81455679 3.61960021
1840 114 1.92073749 3.84216404
1850 114 2.01197498 4.07289488
1860 114 2.10268218 4.30277790
1870 114 2.19328141 4.52683097
1880 114 2.27814913 4.72852001
1890 114 2.36269932 4.93158716
1900 114 2.44809733 5.13412402
1910 114 2.58746049 5.37013866
1920 114 2.74018238 5.61431078
1930 114 2.89290427 5.85848290
1940 114 3.04562616 6.10265502
1950 114 3.24192027 6.36557444
1760 190 -2.00002929 1.18490288
1770 190 -1.59833097 1.37832330
1780 190 -1.19578483 1.57121343
1790 190 -0.79960209 1.75392973
1800 190 -0.40691861 1.93293721
1810 190 -0.05980464 2.14280597
1820 190 0.17857881 2.42775917
1830 190 0.41696226 2.71271238
1840 190 0.61962613 3.00467360
1850 190 0.78688797 3.30226473
1860 190 0.95414981 3.59985585
1870 190 1.08166891 3.91876631
1880 190 1.18385819 4.24998127
1890 190 1.28572994 4.58257433
1900 190 1.37445889 4.91866982
1910 190 1.44304974 5.26028406
1920 190 1.51132306 5.60327642
1930 190 1.61680518 5.95484223
1940 190 1.75864831 6.31551179
1950 190 1.90049143 6.67618134
1760 192 -1.47579083 0.76146925
1770 192 -1.05140142 0.97608199
1780 192 -0.62616419 1.19016445
1790 192 -0.21438729 1.40912742
1800 192 0.08441047 1.67752433
1810 192 0.38405605 1.94539095
1820 192 0.67744935 2.21834767
1830 192 0.92421574 2.52990400
1840 192 1.17066459 2.84283844
1850 192 1.41743098 3.15439478
1860 192 1.59199931 3.42972349
1870 192 1.74907461 3.69594210
1880 192 1.90614991 3.96216071
1890 192 1.97261327 4.28151572
1900 192 2.01735085 4.61328002
1910 192 2.06177090 4.94642242
1920 192 2.12453815 5.30701259
1930 192 2.19388156 5.68000253
1940 192 2.26407278 6.05246218
1950 192 2.41365107 6.40475515
1770 111 1.69756717 1.83152906
1780 111 1.88819328 1.94583868
1790 111 2.07828910 2.05930047
1800 111 2.26976302 2.17307980
1810 111 2.43413211 2.37930008
1820 111 2.58738429 2.62432002
1830 111 2.74116674 2.87018778
1840 111 2.86357351 3.11680810
1850 111 2.95375678 3.36471126
1860 111 3.04531815 3.61293196
1870 111 3.13550142 3.86083513
1880 111 3.22228705 4.09199147
1890 111 3.30854240 4.32229999
1900 111 3.39532804 4.55345633
1910 111 3.52323770 4.77304485
1920 111 3.67965888 4.98541578
1930 111 3.83608006 5.19778672
1940 111 3.99250123 5.41015766
1950 111 4.14257170 5.65009068
1960 111 4.29211188 5.88917588
1770 196 0.12963388 -0.32641700
1780 196 0.21114843 -0.00939905
1790 196 0.29266297 0.30761890
1800 196 0.37502534 0.62410656
1810 196 0.49342481 0.93220811
1820 196 0.62242362 1.23839809
1830 196 0.76127873 1.53960277
1840 196 0.99043460 1.80791712
1850 196 1.21906018 2.07538365
1860 196 1.44821605 2.34369799
1870 196 1.68222385 2.54056685
1880 196 1.91644124 2.73022764
1890 196 2.15150644 2.91935816
1900 196 2.36697017 3.13372322
1910 196 2.56505836 3.37311008
1920 196 2.76314655 3.61249694
1930 196 2.96123474 3.85188380
1940 196 3.18412881 4.09698630
1950 196 3.44614007 4.35182761
1960 196 3.70762106 4.60582111
1780 194 -0.40361624 0.09203767
1790 194 -0.30387198 0.40237150
1800 194 -0.20327990 0.71217504
1810 194 -0.10406592 1.02166104
1820 194 0.05863929 1.32328169
1830 194 0.22049667 1.62543262
1840 194 0.38320188 1.92705327
1850 194 0.57813376 2.23682506
1860 194 0.78080399 2.54765424
1870 194 0.98400450 2.85933124
1880 194 1.22249591 3.15011440
1890 194 1.51461272 3.40971557
1900 194 1.80725982 3.67016457
1910 194 2.09852881 3.93029602
1920 194 2.36933899 4.18789037
1930 194 2.63103272 4.44410979
1940 194 2.89187863 4.70085949
1950 194 3.15410265 4.95792673
1960 194 3.35568373 5.18215445
1970 194 3.54252798 5.39790714
1870 202 -0.73297679 0.34994003
1880 202 -0.63499803 0.76871224
1890 202 -0.53617144 1.18695416
1900 202 -0.43766240 1.60657419
1910 202 -0.19352203 1.98936327
1920 202 0.08750327 2.36323595
1930 202 0.36852856 2.73710864
1940 202 0.64955386 3.11098132
1950 202 0.93036005 3.46376012
1960 202 1.21190293 3.80074470
1970 202 1.49344581 4.13772928
1980 202 1.77414086 4.47524415
1990 202 2.04561469 4.81498811
2000 202 2.27161743 5.16312137
2010 202 2.49708988 5.51040680
2020 202 2.72309262 5.85854006
2030 202 2.93205323 6.27748691
2040 202 3.13773369 6.71381883
2050 202 3.34256634 7.15068104
2060 202 3.48760704 7.56360742
2010 204 -1.23469245 0.92441579
2020 204 -1.02706232 1.16962942
2030 204 -0.81858437 1.41431278
2040 204 -0.61095424 1.65952641
2050 204 -0.39282320 1.92530048
2060 204 -0.16280999 2.22138648
2070 204 0.06858132 2.51779002
2080 204 0.29372037 2.81928366
2090 204 0.50625007 3.13456151
2100 204 0.71877978 3.44983936
2110 204 0.93130948 3.76511722
2120 204 1.12519350 4.11092928
2130 204 1.31145032 4.47094789
2140 204 1.49717685 4.83011868
2150 204 1.68300817 5.18568544
2160 204 1.86575304 5.50425931
2170 204 2.04796763 5.82198537
2180 204 2.23156032 6.14002895
2190 204 2.38355505 6.42829723
2200 204 2.51593244 6.69463016
2010 206 -0.50986998 0.28234307
2020 206 -0.32798245 0.57314528
2030 206 -0.14609492 0.86394749
2040 206 0.03579260 1.15474971
2050 206 0.26049980 1.43292353
2060 206 0.52908723 1.70016461
2070 206 0.79714437 1.96655787
2080 206 1.06604933 2.23242084
2090 206 1.26130193 2.55024851
2100 206 1.44945443 2.87369655
2110 206 1.63792447 3.19576648
2120 206 1.82607698 3.51921453
2130 206 2.03338957 3.76580627
2140 206 2.24260738 4.00412938
2150 206 2.45267301 4.24192222
2160 206 2.65648954 4.49423912
2170 206 2.83859617 4.80613522
2180 206 3.01985498 5.11856161
2190 206 3.20196160 5.43045771
2200 206 3.38353794 5.74150599
2010 208 -1.04543175 0.44629301
2020 208 -0.81807949 0.70983798
2030 208 -0.59157504 0.97391322
2040 208 -0.36507060 1.23798847
2050 208 -0.13771833 1.50153344
2060 208 0.08158440 1.78426707
2070 208 0.29665122 2.07908611
2080 208 0.51171803 2.37390515
2090 208 0.72593703 2.66925447
2100 208 0.92839133 2.96842375
2110 208 1.12999781 3.26812331
2120 208 1.33075648 3.56835315
2130 208 1.53151514 3.86858299
2140 208 1.71436480 4.18355284
2150 208 1.88894901 4.50605145
2160 208 2.06353322 4.82855006
2170 208 2.23843497 5.14967056
2180 208 2.40908809 5.44514055
2190 208 2.57665794 5.71305163
2200 208 2.74369750 5.98011488
2030 210 -1.93590934 1.15541336
2040 210 -1.63262163 1.53659253
2050 210 -1.32795581 1.91808925
2060 210 -1.02413782 2.30011624
2070 210 -0.72381907 2.67843442
2080 210 -0.45562538 3.03556346
2090 210 -0.18743170 3.39269249
2100 210 0.08076199 3.74982153
2110 210 0.34895567 4.10695056
2120 210 0.58058514 4.48105187
2130 210 0.79589328 4.86300266
2140 210 1.01204924 5.24442316
2150 210 1.22820520 5.62584367
2160 210 1.35048496 5.81003015
2170 210 1.47276472 5.99421664
2180 210 1.59504447 6.17840312
2190 210 1.71976290 6.36460278
2200 210 1.86218712 6.56213846
2210 210 2.00461133 6.75967414
2220 210 2.14703554 6.95720981
