2700 481 0.00000000 0.00000000
2710 481 0.00000000 0.38010788
2720 481 -0.01764762 0.77861580
2730 481 -0.03521895 1.17812080
2740 481 -0.04051481 1.56766022
2750 481 -0.01964705 1.93213043
2760 481 0.00122071 2.29660064
2770 481 0.02208847 2.66107086
2780 481 -0.04018333 3.02688806
2790 481 -0.11050810 3.39231852
2800 481 -0.18083287 3.75774899
2810 481 -0.30721278 4.09838387
2820 481 -0.48765366 4.41407056
2830 481 -0.66916792 4.72883646
2840 481 -0.84300541 5.02596527
2850 481 -1.01354121 5.31381513
2860 481 -1.18400071 5.60266207
2870 481 -1.35177414 5.88729180
2880 481 -1.48777763 6.12837072
2890 481 -1.62370483 6.37044674
2710 483 -0.06507100 -0.29990959
2720 483 -0.17229845 0.09442056
2730 483 -0.27852882 0.48867443
2740 483 -0.38583257 0.88200750
2750 483 -0.45362911 1.25426498
2760 483 -0.50615894 1.61632798
2770 483 -0.55769168 1.97831469
2780 483 -0.61022150 2.34037769
2790 483 -0.66167794 2.70336148
2800 483 -0.71420777 3.06542448
2810 483 -0.77103111 3.42380432
2820 483 -0.86833770 3.75118243
2830 483 -0.96671766 4.07763975
2840 483 -1.06402425 4.40501787
2850 483 -1.17558468 4.70339895
2860 483 -1.30630283 4.96112315
2870 483 -1.43709728 5.21785027
2880 483 -1.56781543 5.47557447
2890 483 -1.68946774 5.69449390
2900 483 -1.80950735 5.90827531
