3900 306 0.00000000 0.00000000
3910 306 0.00000000 0.30267639
3920 306 -0.05955535 0.60172515
3930 306 -0.20879395 0.89336336
3940 306 -0.35704800 1.18482646
3950 306 -0.53088051 1.45239935
3960 306 -0.73046661 1.69509750
3970 306 -0.93005271 1.93779565
3980 306 -1.12729967 2.15366976
3990 306 -1.31530905 2.13022889
4000 306 -1.50349353 2.10580346
4010 306 -1.69069346 2.08120293
4020 306 -1.84868397 2.06664283
4030 306 -1.96308999 2.06870774
4040 306 -2.07668656 2.06961299
4050 306 -2.19010802 2.07150280
4060 306 -2.12216417 2.19653733
4070 306 -2.05422032 2.32157186
4080 306 -1.98511681 2.44741583
4090 306 -1.91717296 2.57245036
3850 263 -1.11144445 3.56774105
3860 263 -1.12621270 3.57036762
3870 263 -1.14098095 3.57299419
3880 263 -1.15574920 3.57562076
3890 263 -1.17051744 3.57824732
3900 263 -1.18528569 3.58087389
3910 263 -1.20005394 3.58350046
3920 263 -1.21482219 3.58612703
3930 263 -1.24475184 3.60059132
3940 263 -1.27710983 3.61853458
3950 263 -1.30946782 3.63647783
3960 263 -1.34281036 3.65459619
3970 263 -1.37534346 3.67155490
3980 263 -1.39622385 3.56557372
3990 263 -1.39957065 3.27263380
4000 263 -1.40372691 2.98085353
4010 263 -1.40707372 2.68791361
4020 263 -1.43874781 2.48126716
4030 263 -1.47376871 2.28435719
4040 263 -1.50896472 2.08646267
3900 701 -0.80455894 3.98545780
3910 701 -0.80690468 3.92087067
3920 701 -0.80844098 3.85512389
3930 701 -0.80980217 3.79036165
3940 701 -0.81133846 3.72461487
3950 701 -0.84202139 3.60920448
3960 701 -0.91677450 3.41732959
3970 701 -0.99135250 3.22643925
3980 701 -1.02182068 3.05512757
3990 701 -1.05228886 2.88381590
4000 701 -1.01449603 2.68512845
4010 701 -0.94839242 2.47429602
4020 701 -0.88211372 2.26444814
4030 701 -0.90609312 1.96400516
4040 701 -0.93987508 1.65413296
4050 701 -0.94459299 1.46199045
4060 701 -0.92823558 1.34837076
4070 701 -0.91286273 1.23492617
4080 701 -0.93422218 1.16051666
4090 701 -0.95997906 1.08993633
4050 264 -1.54398562 1.88955270
4060 264 -1.57622467 1.73683845
4070 264 -1.60653757 1.59495424
4080 264 -1.63801013 1.45226059
4090 264 -1.66930758 1.31055149
4100 264 -1.69068685 1.26458490
4110 264 -1.70595728 1.28152048
4120 264 -1.72122772 1.29845606
4130 264 -1.73649815 1.31539164
4140 264 -1.75176859 1.33232722
4150 264 -1.76686392 1.35024735
4160 264 -1.78114980 1.36700782
4170 264 -1.79642023 1.38394340
4180 264 -1.81169067 1.40087898
4190 264 -1.82678600 1.41879911
4200 264 -1.84205643 1.43573469
4210 264 -1.85732687 1.45267027
4220 264 -1.87259730 1.46960585
4230 264 -1.89365940 1.57390536
4240 264 -1.92927830 1.88190097
