970 399 0.00000000 0.00000000
980 399 0.00000000 0.15776248
990 399 0.00068457 0.31625390
1000 399 0.00068457 0.47401638
1010 399 0.00068457 0.63177886
1020 399 -0.08095081 0.97869912
1030 399 -0.21673721 1.45055403
1040 399 -0.35252362 1.92240893
1050 399 -0.50939235 2.47991158
1060 399 -0.66484756 3.03745860
1070 399 -0.79898592 3.56949891
1080 399 -0.89859769 4.06088318
1090 399 -0.95134154 4.54666408
1100 399 -0.89471210 5.01889931
1110 399 -0.83836791 5.47768393
1120 399 -0.78317735 5.81545753
1130 399 -0.73399582 6.16436178
1140 399 -0.74454966 6.61326446
1150 399 -0.75510350 7.06216714
1160 399 -0.81305137 7.48835846
960 401 -0.42327555 -0.53397360
970 401 -0.54995332 -0.28468112
980 401 -0.67804462 -0.03543301
990 401 -0.80540697 0.21313052
1000 401 -0.82621039 0.51526827
1010 401 -0.82055632 0.83097071
1020 401 -0.82634350 1.15055874
1030 401 -0.93560903 1.49873405
1040 401 -1.04560349 1.84759393
1050 401 -1.18085745 2.30248663
1060 401 -1.35646321 2.91599752
1070 401 -1.53206897 3.52950842
1080 401 -1.59775633 4.02195757
1090 401 -1.61584047 4.46284187
1100 401 -1.63533814 4.90368180
1110 401 -1.67063170 5.37444646
1120 401 -1.70820084 5.85009187
1130 401 -1.70112691 6.27832424
1140 401 -1.66571292 6.68268527
1150 401 -1.60354985 7.06878468
