200 25 0.00000000 0.00000000
210 25 0.00000000 0.31126195
220 25 -0.00008996 0.62152795
230 25 -0.00008996 0.93278990
240 25 0.10756856 1.22428714
250 25 0.22908036 1.51352905
260 25 0.34959622 1.80286092
270 25 0.47274009 2.08793913
280 25 0.61419650 2.33120047
290 25 0.75556297 2.57346587
300 25 0.89801533 2.81663726
310 25 1.02949944 3.08288889
320 25 1.13877075 3.40335852
330 25 1.24713606 3.72491404
340 25 1.35640737 4.04538367
350 25 1.42846886 4.36519790
360 25 1.44512364 4.68298811
370 25 1.46277437 5.00068837
380 25 1.47942915 5.31847858
390 25 1.50542012 5.61735225
200 16 -0.97769741 0.62548603
210 16 -0.90075900 0.81031428
220 16 -0.82481653 0.99523248
230 16 -0.74796808 1.17906478
240 16 -0.65175972 1.38825836
250 16 -0.55555137 1.59745193
260 16 -0.45843702 1.80555961
270 16 -0.35138892 2.05694915
280 16 -0.23774830 2.33686130
290 16 -0.12320170 2.61568755
300 16 -0.01227905 2.89885740
310 16 0.06766005 3.21695603
320 16 0.14750920 3.53405872
330 16 0.25116466 3.85905187
340 16 0.40958428 4.20118813
350 16 0.56800390 4.54332440
360 16 0.71311640 4.88264631
370 16 0.74697856 5.19084974
380 16 0.78084071 5.49905317
390 16 0.81479282 5.80825255
200 19 -0.43355765 0.74702996
210 19 -0.39656630 1.12322757
220 19 -0.39588521 1.50872923
230 19 -0.39611010 1.89531681
240 19 -0.39533904 2.28181442
250 19 -0.37419287 2.66044727
260 19 -0.34045922 3.03392691
270 19 -0.30681553 3.40641061
280 19 -0.27308189 3.77989025
290 19 -0.29084827 4.12789938
300 19 -0.35902879 4.45134399
310 19 -0.42720930 4.77478860
320 19 -0.44737239 5.04068041
330 19 -0.35510283 5.17291629
340 19 -0.26382923 5.30524214
350 19 -0.16926579 5.38505915
360 19 -0.06974190 5.34193149
370 19 0.03077794 5.29871387
380 19 0.13030183 5.25558621
390 19 0.22072727 5.28958973
200 22 -0.95433445 -0.16080347
210 22 -0.84216526 0.15840035
220 22 -0.70154416 0.43687962
230 22 -0.56092305 0.71535889
240 22 -0.42073244 0.95572235
250 22 -0.28107515 1.17906478
260 22 -0.14033196 1.40331320
270 22 0.00330911 1.62629581
280 22 0.15790559 1.84828889
290 22 0.31150611 2.07037193
300 22 0.46510664 2.29245497
310 22 0.55210732 2.61091986
320 22 0.63095409 2.93915786
330 22 0.70980087 3.26739586
340 22 0.78464458 3.62912977
350 22 0.85430938 4.02245764
360 22 0.92397417 4.41578552
370 22 0.97016678 4.69375718
380 22 1.00579593 4.92147534
390 22 1.04142508 5.14919351
210 38 0.39995894 1.29326441
220 38 0.33896851 1.55179907
230 38 0.30114185 1.83334328
240 38 0.22848922 2.06280917
250 38 0.12019458 2.24227859
260 38 0.01081404 2.42084201
270 38 -0.20912932 2.63148132
280 38 -0.43015859 2.84121463
290 38 -0.57328562 3.13528206
300 38 -0.71632270 3.43034543
310 38 -0.81790917 3.75078293
320 38 -0.89189187 4.08780453
330 38 -0.96902947 4.40101339
340 38 -1.05654418 4.65491529
350 38 -1.14297299 4.90972318
360 38 -1.22187760 5.14778633
370 38 -1.30096211 5.38385759
380 38 -1.34311953 5.63968713
390 38 -1.34934579 5.91536490
400 38 -1.37413520 6.19673563
