560 534 0.00000000 0.00000000
570 534 0.00000000 0.15500323
580 534 0.00000000 0.31000645
590 534 0.00216125 0.47782877
600 534 0.00676760 0.67496015
610 534 0.01137396 0.87209153
620 534 0.01199975 1.07753887
630 534 0.00256124 1.30426318
640 534 -0.00687728 1.53098749
650 534 0.01181911 1.72933175
660 534 0.09563672 1.86372896
670 534 0.17945433 1.99812616
680 534 0.26896214 2.13897484
690 534 0.41552684 2.33924164
700 534 0.56209153 2.53950844
710 534 0.72778485 2.72367880
720 534 0.93578698 2.87146282
730 534 1.14476327 3.01947264
740 534 1.34871387 3.17145013
750 534 1.51470396 3.35876881
400 54 -1.73251233 1.98301034
410 54 -1.39751930 1.79992383
420 54 -1.06155210 1.61706312
430 54 -0.72655907 1.43397661
440 54 -0.39677239 1.28663774
450 54 -0.07339202 1.17579488
460 54 0.24998835 1.06495203
470 54 0.54777570 0.98923748
480 54 0.82777632 0.93711598
490 54 1.10395122 0.88821377
500 54 1.34486233 0.87630434
510 54 1.58577345 0.86439491
520 54 1.81770411 0.83808578
530 54 2.01176458 0.75372625
540 54 2.20485089 0.66914091
550 54 2.39891137 0.58478138
560 54 2.54935985 0.48928659
570 54 2.67320888 0.38454684
580 54 2.79947077 0.26496868
590 54 2.94115815 0.08326923
450 151 1.26232857 -0.35308297
460 151 1.22202618 -0.14377765
470 151 1.18074962 0.06530187
480 151 1.08675158 0.22725979
490 151 0.95703170 0.35732805
500 151 0.82731181 0.48739631
510 151 0.69354041 0.77666126
520 151 0.55976900 1.06592620
530 151 0.41944934 1.38344218
540 151 0.26717508 1.73924767
550 151 0.11564921 2.09625315
560 151 -0.03483798 2.54177936
570 151 -0.18540904 2.99652473
580 151 -0.33523173 3.45247008
590 151 -0.04558615 3.73517388
600 151 0.27998772 3.99130403
610 151 0.68665023 4.18102912
620 151 1.09331273 4.37075420
630 151 1.44062163 4.70583110
640 151 1.78718216 5.03970802
490 154 1.59634742 -0.38139206
500 154 1.59445069 -0.28020707
510 154 1.59157978 -0.17924788
520 154 1.58968305 -0.07806289
530 154 1.57818651 0.02910907
540 154 1.53076169 0.16285468
550 154 1.48356267 0.29562611
560 154 1.43516368 0.42914591
570 154 1.35886849 0.57672993
580 154 1.21620695 0.75820358
590 154 1.07257123 0.93945142
600 154 0.93335477 1.12377661
610 154 0.83031175 1.33804312
620 154 0.72652036 1.55110965
630 154 0.62272898 1.76417619
640 154 0.57262034 2.03793178
650 154 0.52820191 2.31813885
660 154 0.48258351 2.59909430
670 154 0.43052007 2.80156750
680 154 0.37474059 2.97135752
500 155 1.94887557 -0.25040769
510 155 1.93997253 -0.18985411
520 155 1.93106949 -0.12930053
530 155 1.92216645 -0.06874696
540 155 1.91326341 -0.00819338
550 155 1.87136105 0.15044203
560 155 1.82186531 0.33298017
570 155 1.77236957 0.51551830
580 155 1.67666833 0.73353957
590 155 1.57691557 0.95575430
600 155 1.47641443 1.17676906
610 155 1.34741067 1.41889305
620 155 1.21143285 1.66453310
630 155 1.07448086 1.90994735
640 155 1.01628853 2.09457576
650 155 0.97745063 2.26213357
660 155 0.93861272 2.42969137
670 155 0.89625877 2.59027512
680 155 0.84006639 2.72198851
690 155 0.78507398 2.85295353
530 150 1.72949949 0.58975547
540 150 1.68593911 0.68025681
550 150 1.62452103 0.79022872
560 150 1.48882063 0.98152796
570 150 1.35214605 1.17260140
580 150 1.21644565 1.36390065
590 150 1.13991821 1.59663129
600 150 1.07073256 1.83311669
610 150 1.00132110 2.07057626
620 150 0.94773511 2.29733283
630 150 0.89534911 2.52334103
640 150 0.84296310 2.74934923
650 150 0.80647354 2.96877693
660 150 0.79382864 3.17833385
670 150 0.78118374 3.38789078
680 150 0.74842959 3.54248757
690 150 0.68592121 3.61730536
700 150 0.62243866 3.69189736
710 150 0.55250463 3.77217956
720 150 0.42015900 3.90471874
540 531 0.71720443 -0.75146178
550 531 0.61087761 -0.47431271
560 531 0.50552496 -0.19693784
570 531 0.45470667 0.03559281
580 531 0.44004245 0.24057564
590 531 0.42560405 0.44458430
600 531 0.41244948 0.63862542
610 531 0.40366902 0.80493809
620 531 0.39466275 0.97222493
630 531 0.41435912 1.14411167
640 531 0.47714491 1.32495952
650 531 0.53993070 1.50580737
660 531 0.61089051 1.68239079
670 531 0.70134669 1.85014859
680 531 0.79180288 2.01790639
690 531 0.90699403 2.18523839
700 531 1.07795176 2.35112526
710 531 1.24770952 2.51776051
720 531 1.42849285 2.67668623
730 531 1.65007534 2.81016732
700 64 -1.62097917 1.51511040
710 64 -1.34713971 1.55599988
720 64 -1.07307444 1.59591517
730 64 -0.79923498 1.63680465
740 64 -0.62600633 1.77960813
750 64 -0.49689288 1.96659133
760 64 -0.39708851 2.15601965
770 64 -0.42074608 2.35994443
780 64 -0.44417785 2.56289505
790 64 -0.50520239 2.65345446
800 64 -0.60456806 2.63042268
810 64 -0.70393374 2.60739090
820 64 -0.80427358 2.58413332
830 64 -0.92189049 2.59998460
840 64 -1.03950740 2.61583588
850 64 -1.15809848 2.63146136
860 64 -1.21639404 2.61281659
870 64 -1.23531623 2.57044973
880 64 -1.25521259 2.52785707
890 64 -1.27413477 2.48549021
710 381 0.98362469 -0.94428357
720 381 0.96272190 -0.72124305
730 381 0.94204491 -0.49917671
740 381 0.91268423 -0.28836174
750 381 0.81080248 -0.18982186
760 381 0.70892073 -0.09128197
770 381 0.60554224 0.00485796
780 381 0.49521550 0.07783064
790 381 0.38511457 0.14982914
800 381 0.28581341 0.21509230
810 381 0.28708435 0.21846642
820 381 0.28858109 0.22086637
830 381 0.29082621 0.22446630
840 381 0.29209715 0.22784042
850 381 0.29359389 0.23024037
860 381 0.29486483 0.23361449
870 381 0.29733575 0.23624024
880 381 0.29860669 0.23961437
890 381 0.30010343 0.24201432
900 381 0.30137437 0.24538844
