2960 269 0.00000000 0.00000000
2970 269 -0.00000000 0.47264574
2980 269 -0.03868436 0.89606223
2990 269 -0.07854932 1.31870012
3000 269 -0.13016937 1.74374996
3010 269 -0.29193112 2.18425324
3020 269 -0.45271327 2.62455552
3030 269 -0.61053126 3.06935377
3040 269 -0.75219761 3.52819214
3050 269 -0.89386397 3.98703050
3060 269 -1.02221803 4.44109573
3070 269 -1.03407680 4.85594555
3080 269 -1.04495599 5.27059437
3090 269 -1.05563417 5.68622278
3100 269 -1.00216284 6.06623043
3110 269 -0.80024840 6.36371751
3120 269 -0.59715337 6.66198318
3130 269 -0.35319264 6.93553055
3140 269 0.05601447 7.11392208
3150 269 0.46600018 7.29113303
3030 271 -3.71642191 1.69865276
3040 271 -3.48092206 2.04539449
3050 271 -3.24444262 2.39193521
3060 271 -3.02032763 2.61851294
3070 271 -2.79910274 2.81607952
3080 271 -2.57709926 3.01246550
3090 271 -2.35607537 3.20905248
3100 271 -2.18088920 3.45587793
3110 271 -2.01097759 3.70684814
3120 271 -1.84184457 3.95899894
3130 271 -1.70646834 4.24563856
3140 271 -1.59392316 4.55533774
3150 271 -1.48117699 4.86601652
3160 271 -1.36863181 5.17571570
3170 271 -1.33337707 5.44206529
3180 271 -1.34768166 5.68081281
3190 271 -1.36296583 5.91976132
3200 271 -1.37747141 6.15752925
3210 271 -1.41196870 6.43716998
3220 271 -1.47557448 6.77892912
3040 273 -3.25371807 1.31685942
3050 273 -3.04301269 1.60743857
3060 273 -2.83331230 1.89311976
3070 273 -2.62459149 2.17900195
3080 273 -2.41634885 2.44762809
3090 273 -2.20898635 2.69703899
3100 273 -2.00260345 2.94665088
3110 273 -1.79503996 3.19704137
3120 273 -1.57393568 3.48854934
3130 273 -1.35104781 3.78377468
3140 273 -1.12795895 4.07997961
3150 273 -0.90507109 4.37520495
3160 273 -0.88749979 4.63497455
3170 273 -0.87090808 4.89494516
3180 273 -0.85431638 5.15491576
3190 273 -0.83772467 5.41488637
3200 273 -0.83798702 5.67729432
3210 273 -0.83902797 5.94088285
3220 273 -0.84006892 6.20447139
3230 273 -0.84013028 6.46785893
