0 35 0.00000000 0.00000000
10 35 0.00000000 0.05700877
20 35 0.00078935 0.11340360
30 35 0.00157870 0.16979843
40 35 0.00236806 0.22619326
50 35 0.00315741 0.28258809
60 35 0.00394676 0.33898292
70 35 0.00473611 0.39537776
80 35 0.37704724 0.67208956
90 35 0.74874443 0.94801201
100 35 1.05817050 1.26603325
110 35 1.30515004 1.62755657
120 35 1.55230499 1.98767659
130 35 1.81261581 2.37937070
140 35 2.07687339 2.77939686
150 35 2.31069706 3.12074784
160 35 2.41945225 3.23125715
170 35 2.52820745 3.34176647
180 35 2.64625946 3.50332055
190 35 2.76913528 3.70039549
0 36 0.54456532 -1.01010772
10 36 0.47992615 -0.89775659
20 36 0.41669026 -0.78523004
30 36 0.35345438 -0.67270350
40 36 0.29828743 -0.56771966
50 36 0.27653639 -0.49632713
60 36 0.25478535 -0.42493461
70 36 0.23224496 -0.35292815
80 36 0.33687799 -0.20374058
90 36 0.73453609 0.12673488
100 36 1.21735653 0.48852132
110 36 1.70728114 0.89038930
120 36 2.17466536 1.34146024
130 36 2.50093094 1.78700571
140 36 2.73133408 2.22983231
150 36 2.93253119 2.61556243
160 36 3.01488694 2.77194187
170 36 3.09724269 2.92832131
180 36 3.23897527 3.10566245
190 36 3.38675954 3.28589787
