200 16 0.00000000 0.00000000
210 16 0.00000000 0.20020240
220 16 -0.00095403 0.40010510
230 16 -0.00065434 0.59935346
240 16 0.00777213 0.82945560
250 16 0.01619861 1.05955774
260 16 0.02587881 1.28900554
270 16 0.02809657 1.56222904
280 16 0.02543926 1.86431833
290 16 0.02403568 2.16575328
300 16 0.01761717 2.46980559
310 16 -0.03082880 2.79419731
320 16 -0.07897508 3.11763499
330 16 -0.10817553 3.45750605
340 16 -0.09340547 3.83424979
350 16 -0.07863542 4.21099353
360 16 -0.07506903 4.58002507
370 16 -0.16225080 4.87757395
380 16 -0.24943258 5.17512284
390 16 -0.33691405 5.47362576
200 19 0.45564389 0.32132482
210 19 0.34522064 0.68284897
220 19 0.19769993 1.03900854
230 19 0.04892549 1.39582244
240 19 -0.09889492 1.75293605
250 19 -0.22488242 2.11061908
260 19 -0.33726869 2.46838203
270 19 -0.44935526 2.82519094
280 19 -0.56174152 3.18295389
290 19 -0.71188458 3.49741066
300 19 -0.89913009 3.76981499
310 19 -1.08637560 4.04221932
320 19 -1.20717336 4.27994375
330 19 -1.17280813 4.43748432
340 19 -1.13939694 4.59472519
350 19 -1.08276925 4.70475385
360 19 -0.97431401 4.70318543
370 19 -0.86490473 4.70191672
380 19 -0.75644948 4.70034830
390 19 -0.68603574 4.76649137
200 22 0.32374238 -0.71692948
210 22 0.30462672 -0.37913132
220 22 0.32742865 -0.06799619
230 22 0.35023057 0.24313895
240 22 0.38728307 0.51891986
250 22 0.43038446 0.77878188
260 22 0.47414018 1.03989764
270 22 0.52105770 1.30095845
280 22 0.57846960 1.56531592
290 22 0.63492746 1.82937370
300 22 0.69138533 2.09343147
310 22 0.64931790 2.42087510
320 22 0.59596689 2.75420777
330 22 0.54261588 3.08754045
340 22 0.47269664 3.45025838
350 22 0.38585452 3.84015381
360 22 0.29901240 4.23004924
370 22 0.23483235 4.50442657
380 22 0.18021263 4.72834997
390 22 0.12559290 4.95227336
200 25 1.14299330 -0.20172086
210 25 1.02337436 0.08563834
220 25 0.90405511 0.37204350
230 25 0.78443616 0.65940269
240 25 0.77180394 0.96988848
250 25 0.77282791 1.28361600
260 25 0.77289784 1.59704381
270 25 0.77702866 1.90755458
280 25 0.81413610 2.18649729
290 25 0.85154325 2.46448597
300 25 0.88960473 2.74372838
310 25 0.90867044 3.04006349
320 25 0.88639298 3.37791659
330 25 0.86286179 3.71642402
340 25 0.84058434 4.05427712
350 25 0.78420639 4.37722530
360 25 0.67745442 4.67701192
370 25 0.57165649 4.97709824
380 25 0.46490452 5.27688486
390 25 0.37404147 5.56279552
210 38 1.01523260 1.14593533
220 38 0.85957013 1.36117750
230 38 0.71644996 1.60656418
240 38 0.56119208 1.79048805
250 38 0.39224305 1.91455749
260 38 0.22263969 2.03737320
270 38 -0.06136290 2.14731195
280 38 -0.34601983 2.25599696
290 38 -0.59116675 2.47247788
300 38 -0.83661336 2.68991284
310 38 -1.05354383 2.94670297
320 38 -1.25136364 3.22941187
330 38 -1.44294476 3.48892425
340 38 -1.62131425 3.68969607
350 38 -1.79902940 3.89172162
360 38 -1.96336310 4.08117990
370 38 -2.12709740 4.26873010
380 38 -2.26433352 4.48871248
390 38 -2.37602549 4.74082734
400 38 -2.50704290 4.99106410
390 141 -0.06526895 -0.31609012
400 141 -0.24623581 0.02641827
410 141 -0.41670830 0.37222331
420 141 -0.58843451 0.71868270
430 141 -0.70706446 1.06295430
440 141 -0.79091460 1.40662152
450 141 -0.87476475 1.75028873
460 141 -1.01746034 2.11110858
470 141 -1.21995542 2.48878138
480 141 -1.41032277 2.85454124
490 141 -1.50388808 3.11235034
500 141 -1.59663423 3.38089857
510 141 -1.68094391 3.75272229
520 141 -1.76555328 4.12550004
530 141 -1.85081700 4.49702407
540 141 -1.86467297 4.82808903
550 141 -1.87822925 5.15819996
560 141 -1.89713512 5.43526957
570 141 -1.92204491 5.65804413
580 141 -1.94431238 5.86907057
390 143 -0.62475276 -0.37025531
400 143 -0.80694838 -0.04385562
410 143 -0.97320013 0.27182991
420 143 -1.13945189 0.58751544
430 143 -1.30041400 0.91639262
440 143 -1.45608646 1.25846145
450 143 -1.61205862 1.60148432
460 143 -1.74666240 1.93654524
470 143 -1.84825958 2.25996294
480 143 -1.95015647 2.58433468
490 143 -2.04297753 2.90317202
500 143 -2.11669293 3.21124026
510 143 -2.18915460 3.51865416
520 143 -2.26567716 3.82898511
530 143 -2.36168500 4.16464043
540 143 -2.45834718 4.49904202
550 143 -2.53304159 4.82357360
560 143 -2.51991987 5.10546333
570 143 -2.50679815 5.38735306
580 143 -2.51690292 5.64307927
