1490 683 0.00000000 0.00000000
1500 683 -0.00000000 0.34432833
1510 683 0.00000000 0.68865666
1520 683 -0.00023814 1.03159098
1530 683 -0.08258687 1.39357397
1540 683 -0.16575168 1.75497903
1550 683 -0.22576707 2.06293219
1560 683 -0.23282139 2.24419233
1570 683 -0.24126972 2.42569061
1580 683 -0.24461827 2.60344827
1590 683 -0.24113322 2.77501708
1600 683 -0.23904219 2.94682402
1610 683 -0.23613509 3.11920891
1620 683 -0.23404406 3.29101586
1630 683 -0.26084696 3.53303777
1640 683 -0.30066942 3.80382582
1650 683 -0.36415534 4.08726460
1660 683 -0.52229510 4.42130624
1670 683 -0.67961878 4.75592581
1680 683 -0.88802161 4.99310351
1480 681 1.17698999 0.10810902
1490 681 1.05977338 0.29958034
1500 681 0.94255677 0.49105166
1510 681 0.82591810 0.68170690
1520 681 0.74305242 0.97347784
1530 681 0.68382407 1.33222845
1540 681 0.62401778 1.69179515
1550 681 0.53388288 2.05439093
1560 681 0.43874984 2.41712320
1570 681 0.36122790 2.76536931
1580 681 0.34809799 3.05383526
1590 681 0.33415200 3.34172327
1600 681 0.31482161 3.50571210
1610 681 0.29119881 3.58578684
1620 681 0.26699807 3.66667766
1630 681 0.24337527 3.74675239
1640 681 0.21975247 3.82682713
1650 681 0.19460205 3.93155275
1660 681 0.16643127 4.09418241
1670 681 0.13883842 4.25599599
1490 682 0.48578634 -0.89359478
1500 682 0.42308746 -0.55935856
1510 682 0.36038858 -0.22512234
1520 682 0.29687362 0.10853594
1530 682 0.30829877 0.46095539
1540 682 0.33845893 0.81806513
1550 682 0.36919704 1.17435878
1560 682 0.32254680 1.51015746
1570 682 0.25716153 1.84126585
1580 682 0.20455767 2.14221408
1590 682 0.20216170 2.32554782
1600 682 0.20000387 2.51027557
1610 682 0.19760790 2.69360931
1620 682 0.17932303 2.77133745
1630 682 0.16161609 2.84824950
1640 682 0.14333122 2.92597764
1650 682 0.12423027 3.00312784
1660 682 -0.02316975 3.29085903
1670 682 -0.17196378 3.57882836
1680 682 -0.35067983 3.85541031
1520 100 1.29899564 1.24220101
1530 100 1.21348132 1.56885725
1540 100 1.12796701 1.89551350
1550 100 1.05421473 2.19863987
1560 100 0.99001438 2.47789659
1570 100 0.92639197 2.75633723
1580 100 0.86219161 3.03559395
1590 100 0.86157011 3.28390346
1600 100 0.86094861 3.53221297
1610 100 0.86056526 3.78191650
1620 100 0.88392378 4.12440647
1630 100 0.90809838 4.46747438
1640 100 0.93087896 4.81078043
1650 100 0.90656206 5.09254929
1660 100 0.84813817 5.33423431
1670 100 0.78971428 5.57591933
1680 100 0.64594452 5.78412177
1690 100 0.41740684 5.95802556
1700 100 0.18805307 6.13135140
1710 100 -0.03358132 6.31627084
