2730 512 0.00000000 0.00000000
2740 512 -0.00000000 0.48900000
2750 512 -0.00000000 0.97800000
2760 512 0.00300000 1.45700000
2770 512 0.03200000 1.85900000
2780 512 0.06100000 2.26100000
2790 512 0.09000000 2.66300000
2800 512 0.13000000 3.10500000
2810 512 0.17400000 3.55800000
2820 512 0.21700000 4.01100000
2830 512 0.19900000 4.39900000
2840 512 0.12000000 4.72100000
2850 512 0.04000000 5.04400000
2860 512 -0.07800000 5.36600000
2870 512 -0.23300000 5.68600000
2880 512 -0.40700000 5.98600000
2890 512 -0.65400000 6.20300000
2900 512 -0.90100000 6.42100000
2910 512 -1.12300000 6.68500000
2920 512 -1.28900000 7.05800000
2720 266 3.67100000 1.73400000
2730 266 3.47500000 1.93000000
2740 266 3.27900000 2.12500000
2750 266 3.07100000 2.31700000
2760 266 2.75300000 2.47100000
2770 266 2.43500000 2.62500000
2780 266 2.12500000 2.78600000
2790 266 1.89400000 3.01100000
2800 266 1.66300000 3.23500000
2810 266 1.43200000 3.45900000
2820 266 1.25300000 3.66900000
2830 266 1.07400000 3.88000000
2840 266 0.89500000 4.09000000
2850 266 0.74300000 4.35500000
2860 266 0.59900000 4.63300000
2870 266 0.45400000 4.91100000
2880 266 0.25200000 5.17400000
2890 266 0.05100000 5.43700000
2900 266 -0.15000000 5.70000000
2910 266 -0.30700000 6.05900000
2730 267 3.71800000 1.40400000
2740 267 3.40600000 1.58200000
2750 267 3.09400000 1.76000000
2760 267 2.72100000 1.94300000
2770 267 2.33300000 2.12800000
2780 267 1.94500000 2.31200000
2790 267 1.59400000 2.52100000
2800 267 1.26700000 2.74700000
2810 267 0.94000000 2.97300000
2820 267 0.69900000 3.32400000
2830 267 0.46900000 3.68900000
2840 267 0.23800000 4.05400000
2850 267 -0.02900000 4.41700000
2860 267 -0.30100000 4.78000000
2870 267 -0.57300000 5.14200000
2880 267 -0.93100000 5.50400000
2890 267 -1.28900000 5.86600000
2900 267 -1.64700000 6.22800000
2910 267 -1.85800000 6.77100000
2920 267 -2.03300000 7.36100000
