1850 198 0.00000000 0.00000000
1860 198 0.00000000 0.30208111
1870 198 -0.00099973 0.60413906
1880 198 -0.00199946 0.90619700
1890 198 -0.00302237 1.20925467
1900 198 -0.05647490 1.48709064
1910 198 -0.12178517 1.75865016
1920 198 -0.18811835 2.03118623
1930 198 -0.25445152 2.30372230
1940 198 -0.26805052 2.63149519
1950 198 -0.26797769 2.97358873
1960 198 -0.26890460 3.31565911
1970 198 -0.23509911 3.62652594
1980 198 -0.18078919 3.91586214
1990 198 -0.12550271 4.20622123
2000 198 -0.25718589 4.53625842
2010 198 -0.41100219 4.87178419
2020 198 -0.65924346 5.09509176
2030 198 -0.97277514 5.24386637
2040 198 -1.28530709 5.39266415
1980 450 0.60689328 0.14110117
1990 450 0.54539325 0.37773960
2000 450 0.48486977 0.61540093
2010 450 0.42336973 0.85203936
2020 450 0.37390950 1.04394477
2030 450 0.32674999 1.22290002
2040 450 0.28059020 1.40187843
2050 450 0.24847300 1.57918180
2060 450 0.21635580 1.75648517
2070 450 0.17129174 1.97449947
2080 450 0.10486587 2.25103446
2090 450 0.03943974 2.52759263
2100 450 -0.00241657 2.73667886
2110 450 -0.02623468 2.90117110
2120 450 -0.04054209 3.08688943
2130 450 -0.03203775 3.32415020
2140 450 -0.09111129 3.67187469
2150 450 -0.17928959 4.06693745
2160 450 -0.26849080 4.46297677
2170 450 -0.35029995 4.84218287
2010 453 -0.40785072 0.20460399
2020 453 -0.41301821 0.42754411
2030 453 -0.41818569 0.65048423
2040 453 -0.42335318 0.87342435
2050 453 -0.41938736 1.04756300
2060 453 -0.40071025 1.14802278
2070 453 -0.38008003 1.25052836
2080 453 -0.33166588 1.36268035
2090 453 -0.27355566 1.48806058
2100 453 -0.16973256 1.66951516
2110 453 -0.09371655 1.84232305
2120 453 -0.12690631 1.97959081
2130 453 -0.16009607 2.11685858
2140 453 -0.19328583 2.25412635
2150 453 -0.21006278 2.37376971
2160 453 -0.22586318 2.49443597
2170 453 -0.24264013 2.61407933
2180 453 -0.26901715 2.75950716
2190 453 -0.30697053 2.92967338
2200 453 -0.34392418 3.09986276
2010 456 0.19655979 0.10758369
2020 456 0.16165857 0.36184321
2030 456 0.12675734 0.61610273
2040 456 0.09185612 0.87036225
2050 456 0.08343123 1.06121828
2060 456 0.10245924 1.18969370
2070 456 0.12151041 1.31716940
2080 456 0.14735115 1.45380488
2090 456 0.20151210 1.62010459
2100 456 0.25564988 1.78740402
2110 456 0.30978765 1.95470346
2120 456 0.27715735 2.11098930
2130 456 0.23455289 2.26604368
2140 456 0.19294818 2.42112123
2150 456 0.18189154 2.55290040
2160 456 0.17899497 2.67786684
2170 456 0.17612157 2.80183354
2180 456 0.15962269 2.90948012
2190 456 0.13345091 3.00289874
2200 456 0.10825569 3.09734026
