4190 316 0.00000000 0.00000000
4200 316 -0.00000000 0.45825975
4210 316 -0.00000000 0.91651950
4220 316 0.11225948 1.32150816
4230 316 0.33933811 1.67479033
4240 316 0.56504199 2.02840419
4250 316 0.79511019 2.35186921
4260 316 1.03035014 2.63044266
4270 316 1.26592178 2.91039088
4280 316 1.48817128 3.20446427
4290 316 1.67908265 3.53446707
4300 316 1.87084726 3.86499140
4310 316 2.06175863 4.19499420
4320 316 2.15989948 4.52337565
4330 316 2.19442357 4.85037578
4340 316 2.22671966 5.17718606
4350 316 2.23593060 5.49574557
4360 316 2.24599476 5.81482661
4370 316 2.25520569 6.13338612
4380 316 2.26474831 6.45332039
4200 318 -0.73730455 0.20916740
4210 318 -0.71664378 0.74100114
4220 318 -0.61392038 1.22103021
4230 318 -0.38945380 1.62076856
4240 318 -0.16498721 2.02050692
4250 318 0.08740458 2.38222972
4260 318 0.40432309 2.65564452
4270 318 0.72072007 2.92991256
4280 318 1.03763858 3.20332736
4290 318 1.23732228 3.50939177
4300 318 1.36068245 3.83678033
4310 318 1.48266785 4.16450058
4320 318 1.60465325 4.49222083
4330 318 1.65586002 4.85520274
4340 318 1.67520930 5.23387226
4350 318 1.69560167 5.61083532
4360 318 1.75102875 5.96116065
4370 318 1.81560566 6.30418663
4380 318 1.88018258 6.64721261
4390 318 1.94475949 6.99023859
