2180 461 0.00000000 0.00000000
2190 461 0.00000000 0.33812572
2200 461 0.00000000 0.67625143
2210 461 0.00000000 1.01437715
2220 461 0.00000000 1.35250287
2230 461 0.00893750 1.67215912
2240 461 0.02585725 1.97364166
2250 461 0.04373225 2.27482845
2260 461 0.06065200 2.57631099
2270 461 0.07727599 2.87683827
2280 461 0.22389601 3.30984585
2290 461 0.38348163 3.75768224
2300 461 0.54402251 4.20522288
2310 461 0.69846802 4.65674429
2320 461 0.84556716 5.11158695
2330 461 0.99171102 5.56672536
2340 461 1.13815064 6.02281903
2350 461 1.28524977 6.47766169
2360 461 1.37011762 6.91408517
2370 461 1.45498546 7.35050864
2180 459 -0.81538016 0.36549719
2190 459 -0.80107483 0.68558524
2200 459 -0.78772476 1.00596903
2210 459 -0.77437470 1.32635283
2220 459 -0.76006937 1.64644087
2230 459 -0.73048274 1.91783106
2240 459 -0.70023659 2.18797023
2250 459 -0.67094571 2.45840514
2260 459 -0.61820202 2.77078008
2270 459 -0.51470797 3.17945352
2280 459 -0.41025865 3.58783122
2290 459 -0.30580933 3.99620891
2300 459 -0.17829759 4.39116556
2310 459 -0.04917106 4.78457545
2320 459 0.08091073 5.17768959
2330 459 0.17860517 5.59129906
2340 459 0.26190259 6.01250630
2350 459 0.34549576 6.43466881
2360 459 0.43673105 6.85446533
2370 459 0.53435746 7.27123635
2290 462 -0.62275358 0.36552972
2300 462 -0.60503532 0.70340406
2310 462 -0.58731706 1.04127839
2320 462 -0.56959879 1.37915272
2330 462 -0.55283580 1.71732279
2340 462 -0.51580815 2.03979753
2350 462 -0.43436211 2.32653703
2360 462 -0.35196081 2.61298079
2370 462 -0.27051477 2.89972029
2380 462 -0.20896370 3.28788065
2390 462 -0.15593904 3.71950709
2400 462 -0.10321013 4.15017827
2410 462 -0.00367023 4.61032369
2420 462 0.12678125 5.08916334
2430 462 0.25723273 5.56800299
2440 462 0.35545359 6.03065044
2450 462 0.44616837 6.48934078
2460 462 0.53658740 6.94707586
2470 462 0.61301756 7.39343942
2480 462 0.68790095 7.83818820
2310 469 -0.14698971 0.15751834
2320 469 -0.10181716 0.51306361
2330 469 -0.05568935 0.86831313
2340 469 -0.01051680 1.22385841
2350 469 0.01386762 1.59002695
2360 469 0.03663726 1.95774225
2370 469 0.05845163 2.32575330
2380 469 0.25088302 2.80529387
2390 469 0.46105632 3.29818451
2400 469 0.67248065 3.79173467
2410 469 0.78010038 4.33207807
2420 469 0.87684842 4.87788098
2430 469 0.97359646 5.42368389
2440 469 1.06947500 5.89229066
2450 469 1.16546592 6.34097289
2460 469 1.26145685 6.78965512
2470 469 1.38059892 7.19139031
2480 469 1.50303859 7.58687043
2490 469 1.62577401 7.98330582
2500 469 1.71600967 8.42016109
