2710 237 0.00000000 0.00000000
2720 237 0.00000000 0.12124768
2730 237 0.10591543 0.24512634
2740 237 0.31774628 0.37163598
2750 237 0.52957714 0.49814561
2760 237 0.72972118 0.63598742
2770 237 0.88023127 0.82324049
2780 237 1.03074137 1.01049356
2790 237 1.18125146 1.19774663
2800 237 1.20460036 1.38816676
2810 237 1.22794926 1.57858690
2820 237 1.25129817 1.76900704
2830 237 1.28413178 1.99797637
2840 237 1.34145247 2.31529378
2850 237 1.39877315 2.63261119
2860 237 1.44358226 2.91046393
2870 237 1.48048193 3.16312855
2880 237 1.51714243 3.41439934
2890 237 1.55322559 3.66648664
2900 237 1.59012527 3.91915127
2560 566 1.85385815 1.55942777
2570 566 1.84987456 1.43168925
2580 566 1.84531365 1.30476723
2590 566 1.82651742 1.19104959
2600 566 1.79718902 1.08703111
2610 566 1.76843796 0.98219611
2620 566 1.73910956 0.87817762
2630 566 1.67222993 0.79782145
2640 566 1.60059145 0.71899932
2650 566 1.52976947 0.64075453
2660 566 1.46418471 0.56376336
2670 566 1.41907045 0.48899905
2680 566 1.37477269 0.41481206
2690 566 1.32965843 0.34004774
2700 566 1.24409803 0.24280877
2710 566 1.13173299 0.13151592
2720 566 1.01912878 0.01882923
2730 566 0.92020730 -0.07683446
2740 566 0.84231715 -0.15027916
2750 566 0.76466618 -0.22233003
2690 231 0.46687079 0.85184310
2700 231 0.61649014 1.07153390
2710 231 0.76587032 1.28983086
2720 231 0.79194917 1.49197906
2730 231 0.81942186 1.69388808
2740 231 0.84607804 1.89521976
2750 231 0.83138085 2.12732317
2760 231 0.81134748 2.36177714
2770 231 0.78886458 2.59449912
2780 231 0.74073170 2.81153420
2790 231 0.69317615 3.02775277
2800 231 0.64585978 3.24536518
2810 231 0.59923621 3.43774824
2820 231 0.55272810 3.60571846
2830 231 0.50761383 3.77344951
2840 231 0.46192224 3.94199706
2850 231 0.50427356 4.16789829
2860 231 0.55560651 4.40015016
2870 231 0.60775596 4.63297935
2880 231 0.65990541 4.86580855
2710 234 -0.53771750 -1.08074645
2720 234 -0.58396993 -0.68969567
2730 234 -0.61017250 -0.31141214
2740 234 -0.45252000 -0.04072655
2750 234 -0.29510668 0.22856520
2760 234 -0.13357781 0.45912631
2770 234 0.03288310 0.65153411
2780 234 0.19795018 0.84418110
2790 234 0.31895043 1.03506310
2800 234 0.37228753 1.22464199
2810 234 0.42562464 1.41422087
2820 234 0.47896174 1.60379975
2830 234 0.49966317 1.92094397
2840 234 0.48888358 2.36402048
2850 234 0.47810399 2.80709700
2860 234 0.48294532 3.18651045
2870 234 0.49381563 3.53834398
2880 234 0.50607978 3.88993834
2890 234 0.64518348 4.21976733
2900 234 0.78510368 4.55017365
2710 241 -0.25869361 0.42822263
2720 241 -0.03091193 0.68113468
2730 241 0.16193299 0.87260226
2740 241 0.31844733 1.00286455
2750 241 0.47635550 1.13288765
2760 241 0.56542113 1.23382979
2770 241 0.63771942 1.32903986
2780 241 0.70977853 1.42285609
2790 241 0.78265415 1.51724964
2800 241 0.82720758 1.69326951
2810 241 0.85388850 1.92401207
2820 241 0.87975291 2.15417729
2830 241 0.91378243 2.39011583
2840 241 0.97730529 2.64323407
2850 241 1.04222200 2.89611314
2860 241 1.10656138 3.14980871
2870 241 1.11848738 3.38236574
2880 241 1.09500652 3.60091013
2890 241 1.07152565 3.81945451
2900 241 1.04746746 4.03881541
2770 570 1.38476051 1.33429357
2780 570 1.49749669 1.40175878
2790 570 1.60883903 1.46946316
2800 570 1.72075869 1.53635104
2810 570 1.80151075 1.57630232
2820 570 1.75990171 1.50524117
2830 570 1.71910918 1.43475734
2840 570 1.67750013 1.36369619
2850 570 1.63589109 1.29263504
2860 570 1.59428205 1.22157389
2870 570 1.55348951 1.15109006
2880 570 1.51188047 1.08002891
2890 570 1.47027143 1.00896776
2900 570 1.42866238 0.93790660
2910 570 1.42659224 0.94256649
2920 570 1.51174851 1.12525039
2930 570 1.59829862 1.30769512
2940 570 1.68403222 1.48956252
2950 570 1.61123907 1.77611645
2960 570 1.51897339 2.07462113
2790 572 -1.39949894 -0.14081094
2800 572 -1.59222840 0.00705168
2810 572 -1.55293693 0.03115936
2820 572 -1.48778104 0.04293690
2830 572 -1.42204782 0.05389794
2840 572 -1.35713112 0.06428164
2850 572 -1.14842609 0.07223231
2860 572 -0.79756577 0.07659528
2870 572 -0.43851561 0.11614243
2880 572 -0.07458287 0.17996221
2890 572 0.24689957 0.26398031
2900 572 0.53972991 0.36080690
2910 572 0.85058122 0.45812835
2920 572 1.17887616 0.55676117
2930 572 1.50693192 0.65400014
2940 572 1.46012690 1.07527830
2950 572 1.41250537 1.49597913
2960 572 1.23534734 1.76385230
2970 572 1.04311274 2.01494164
2980 572 0.94581603 2.35520382
