830 405 0.00000000 0.00000000
840 405 0.00000000 0.44987220
850 405 0.00824679 0.91304819
860 405 0.06852390 1.33029112
870 405 0.16418218 1.71718322
880 405 0.26373934 2.11376029
890 405 0.37924993 2.54201524
900 405 0.49584748 2.97117490
910 405 0.59342631 3.39002496
920 405 0.68357857 3.80453379
930 405 0.82252025 4.20353154
940 405 1.03677443 4.58057417
950 405 1.25102861 4.95761681
960 405 1.43150876 5.32770858
970 405 1.62919156 5.69923853
980 405 1.89097257 6.06891907
990 405 2.15374942 6.43850848
1000 405 2.27546843 6.80293197
1010 405 2.39827442 7.16826017
1020 405 2.50100804 7.57760086
840 419 0.88120359 1.08118927
850 419 0.87670009 1.11976022
860 419 0.87023381 1.35633408
870 419 0.86169805 1.61418508
880 419 0.92201295 1.94406098
890 419 1.02590468 2.32216614
900 419 1.13514682 2.71484432
910 419 1.25999783 3.16835312
920 419 1.38628703 3.60465925
930 419 1.51307637 3.96962289
940 419 1.64086155 4.33449540
950 419 1.85127463 4.64762210
960 419 2.07119042 4.95485825
970 419 2.31315247 5.33840272
980 419 2.55674832 5.72882693
990 419 2.78157883 6.07879299
1000 419 2.99389913 6.40178694
1010 419 3.15746336 6.79551875
1020 419 3.27136682 7.26107541
1030 419 3.39371267 7.76401824
