1690 119 0.00000000 0.00000000
1700 119 -0.00000000 0.55247172
1710 119 -0.00584645 1.09541354
1720 119 -0.07270055 1.55584435
1730 119 -0.13991666 2.01534298
1740 119 -0.18843498 2.46221653
1750 119 -0.23172227 2.90598586
1760 119 -0.27831289 3.32743729
1770 119 -0.32623389 3.71507704
1780 119 -0.37415490 4.10271680
1790 119 -0.32724752 4.44172962
1800 119 -0.27044823 4.77582817
1810 119 -0.20401949 5.11262369
1820 119 -0.05848263 5.46804460
1830 119 0.08762439 5.82217133
1840 119 0.18351166 6.16576358
1850 119 0.16120282 6.48123674
1860 119 0.13889399 6.79670990
1870 119 0.11344472 7.07371050
1880 119 0.08680987 7.33937116
1680 118 -0.45342592 -0.54051636
1690 118 -0.45456625 0.12503807
1700 118 -0.47049467 0.74698846
1710 118 -0.50379954 1.32419448
1720 118 -0.53581023 1.90197066
1730 118 -0.57931472 2.36727955
1740 118 -0.63024041 2.75823169
1750 118 -0.68116609 3.14918382
1760 118 -0.70771948 3.57250866
1770 118 -0.72532220 4.01059443
1780 118 -0.74199273 4.44831820
1790 118 -0.73954917 4.86896416
1800 118 -0.65857670 5.21834856
1810 118 -0.57760423 5.56773296
1820 118 -0.49756393 5.91747937
1830 118 -0.45064750 6.23717900
1840 118 -0.43778712 6.52719384
1850 118 -0.42492673 6.81720869
1860 118 -0.41170433 7.10815571
1870 118 -0.39884395 7.39817055
