2310 235 0.00000000 0.00000000
2320 235 0.00000000 0.43716473
2330 235 -0.00093329 0.87397032
2340 235 0.00150744 1.31314574
2350 235 0.01464437 1.76072302
2360 235 0.02742216 2.20923358
2370 235 0.00617387 2.62643559
2380 235 -0.09511518 2.97319275
2390 235 -0.19640423 3.31994991
2400 235 -0.48125566 3.54785484
2410 235 -0.78742858 3.76434074
2420 235 -0.96223911 4.12673732
2430 235 -1.05126962 4.58643131
2440 235 -1.13972598 5.04741772
2450 235 -1.19391151 5.36086936
2460 235 -1.24903032 5.67396187
2470 235 -1.30357497 5.98834679
2480 235 -1.25343827 6.28408199
2490 235 -1.19123975 6.57910122
2500 235 -1.12868209 6.87318716
2190 214 0.58170521 0.34277697
2200 214 0.22947643 0.77083758
2210 214 -0.12275236 1.19889819
2220 214 -0.45796696 1.63564888
2230 214 -0.72943213 2.10443098
2240 214 -0.99867160 2.57299806
2250 214 -1.26920349 3.04213930
2260 214 -1.42961442 3.59544331
2270 214 -1.47897110 4.23326924
2280 214 -1.52890194 4.86980275
2290 214 -1.58443249 5.50418147
2300 214 -1.68971317 6.11191577
2310 214 -1.79628627 6.72022423
2320 214 -1.98677968 7.27373869
2330 214 -2.21230565 7.80412914
2340 214 -2.33301987 8.39628122
2350 214 -2.29486492 9.07956827
2360 214 -2.25635083 9.76192204
2370 214 -2.30448143 10.36593234
2380 214 -2.40975296 10.91795309
2190 215 0.37285487 -0.11689415
2200 215 0.03190102 0.29300397
2210 215 -0.30811955 0.70326122
2220 215 -0.64907341 1.11315934
2230 215 -0.98787933 1.55924290
2240 215 -1.32447328 2.08868177
2250 215 -1.66106722 2.61812064
2260 215 -1.79714178 3.18614680
2270 215 -1.88310480 3.76595570
2280 215 -1.96870869 4.34483131
2290 215 -2.07348613 4.94847333
2300 215 -2.17862270 5.55304864
2310 215 -2.29546195 6.15740663
2320 215 -2.46133764 6.76111041
2330 215 -2.62757246 7.36574748
2340 215 -2.74582308 7.82062636
2350 215 -2.81680776 8.12761361
2360 215 -2.88779244 8.43460087
2370 215 -2.78752132 8.60283493
2380 215 -2.64610552 8.73654197
2210 218 -1.20220815 -0.51511704
2220 218 -1.41731242 -0.05357706
2230 218 -1.63205756 0.40702964
2240 218 -1.84716183 0.86856961
2250 218 -1.93231051 1.29868437
2260 218 -1.96152833 1.71710559
2270 218 -1.98981286 2.13588595
2280 218 -2.04021034 2.55365753
2290 218 -2.10396205 2.97271924
2300 218 -2.16828792 3.39048853
2310 218 -2.26577977 3.78585209
2320 218 -2.37920841 4.16972569
2330 218 -2.49170376 4.55395843
2340 218 -2.56931753 5.00625933
2350 218 -2.63946729 5.47536167
2360 218 -2.70868376 5.94482315
2370 218 -2.80130102 6.38599324
2380 218 -2.89865563 6.81998296
2390 218 -2.92091039 7.24536952
2400 218 -2.89290722 7.66545144
2220 220 1.53493856 0.34099503
2230 220 1.07035854 0.71296466
2240 220 0.60448610 1.08550843
2250 220 0.13990607 1.45747806
2260 220 -0.27279419 2.00370465
2270 220 -0.68549446 2.54993124
2280 220 -1.02158974 3.10313461
2290 220 -1.30505954 3.66158772
2300 220 -1.58852934 4.22004082
2310 220 -1.70731294 4.86008102
2320 220 -1.82480412 5.49954706
2330 220 -1.99915030 6.09463396
2340 220 -2.25813277 6.62286504
2350 220 -2.49442585 7.13946894
2360 220 -2.52177710 7.55860842
2370 220 -2.54912834 7.97774791
2380 220 -2.32331415 8.31536893
2390 220 -2.13259886 8.59662446
2400 220 -2.07983842 8.65442876
2410 220 -2.02801128 8.71187392
2240 223 -0.37005273 -0.33312157
2250 223 -0.56383323 0.12590906
2260 223 -0.75761373 0.58493969
2270 223 -0.95139423 1.04397032
2280 223 -1.11480631 1.51040090
2290 223 -1.27168539 1.97934541
2300 223 -1.42727205 2.44771577
2310 223 -1.55787042 2.89570022
2320 223 -1.67044583 3.33026181
2330 223 -1.78431367 3.76539755
2340 223 -1.87111390 4.19701975
2350 223 -1.89746095 4.62190307
2360 223 -1.92380799 5.04678638
2370 223 -1.88094543 5.48115811
2380 223 -1.76700669 5.92573652
2390 223 -1.65400123 6.36995580
2400 223 -1.60496251 6.79384636
2410 223 -1.57214879 7.21256495
2420 223 -1.50494529 7.63380205
2430 223 -1.35855196 8.06086761
2240 426 -0.92147187 4.20457068
2250 426 -0.90058043 4.21153830
2260 426 -0.87932986 4.21757264
2270 426 -0.85843842 4.22454027
2280 426 -0.83718785 4.23057461
2290 426 -0.81500399 4.23696808
2300 426 -0.79411256 4.24393570
2310 426 -0.77286199 4.24997004
2320 426 -0.75161141 4.25600438
2330 426 -0.73071998 4.26297201
2340 426 -0.70853612 4.26936548
2350 426 -0.68764468 4.27633310
2360 426 -0.66639411 4.28236744
2370 426 -0.66186721 4.25946532
2380 426 -0.65863273 4.23713735
2390 426 -0.65410584 4.21423523
2400 426 -0.64993807 4.19226639
2410 426 -0.64541117 4.16936427
2420 426 -0.64124341 4.14739543
2430 426 -0.63764980 4.12413418
2280 227 -0.22629456 -0.03564789
2290 227 -0.32522523 0.37737720
2300 227 -0.42379677 0.78946900
2310 227 -0.52272744 1.20249408
2320 227 -0.67729160 1.56518117
2330 227 -0.85611893 1.90460242
2340 227 -1.03437210 2.24531609
2350 227 -1.19877237 2.60850413
2360 227 -1.34745317 2.99488480
2370 227 -1.49649310 3.38219875
2380 227 -1.63533779 3.76807847
2390 227 -1.68802502 4.13889521
2400 227 -1.74071225 4.50971195
2410 227 -1.79375862 4.88146198
2420 227 -1.80501753 5.23929048
2430 227 -1.79983413 5.59058826
2440 227 -1.79407658 5.94317846
2450 227 -1.76799716 6.27358709
2460 227 -1.73567068 6.59889925
2470 227 -1.70427748 6.92385227
2290 229 -1.00295603 -0.19200314
2300 229 -1.13584644 0.22295486
2310 229 -1.26909598 0.63884614
2320 229 -1.41871235 1.03879607
2330 229 -1.57737337 1.42883668
2340 229 -1.73603438 1.81887730
2350 229 -1.87108187 2.25336340
2360 229 -1.99622463 2.70666164
2370 229 -2.12172652 3.16089316
2380 229 -2.25482738 3.54576867
2390 229 -2.39466940 3.88411939
2400 229 -2.53487056 4.22340340
2410 229 -2.53291935 4.58310076
2420 229 -2.51495816 4.94574438
2430 229 -2.49814756 5.31973155
2440 229 -2.48543382 5.72107225
2450 229 -2.47307921 6.12334625
2460 229 -2.46316075 6.49575278
2470 229 -2.45696857 6.82493761
2480 229 -2.45206882 7.15469660
2310 232 -1.54827678 -0.43720362
2320 232 -1.65110072 0.07504265
2330 232 -1.75263225 0.58671476
2340 232 -1.81782277 1.02343801
2350 232 -1.86692555 1.42670705
2360 232 -1.89448495 1.80183567
2370 232 -1.87263735 2.10704327
2380 232 -1.85768418 2.42459862
2390 232 -1.90801075 2.84775490
2400 232 -1.95797818 3.26997790
2410 232 -2.05956231 3.66483821
2420 232 -2.19538983 4.04009263
2430 232 -2.33121735 4.41534706
2440 232 -2.40242163 4.74796539
2450 232 -2.44677104 5.06091607
2460 232 -2.49054631 5.37515917
2470 232 -2.49556043 5.74181958
2480 232 -2.48413682 6.12980605
2490 232 -2.47307234 6.51872581
2500 232 -2.45394225 6.75859878
2310 239 -0.51378573 -0.34664279
2320 239 -0.47071044 0.10388304
2330 239 -0.42763514 0.55440886
2340 239 -0.41952378 1.00112377
2350 239 -0.55054991 1.43072842
2360 239 -0.68286845 1.86090722
2370 239 -0.81453964 2.28383475
2380 239 -0.94642128 2.67667980
2390 239 -1.07794378 3.06859157
2400 239 -1.17917107 3.47644698
2410 239 -1.24823657 3.90096430
2420 239 -1.31787622 4.32418920
2430 239 -1.44185694 4.69650195
2440 239 -1.62003463 5.01474354
2450 239 -1.79857145 5.33391842
2460 239 -1.90481058 5.65734113
2470 239 -1.84190065 5.99227895
2480 239 -1.77863160 6.32628348
2490 239 -1.72426308 6.64721971
2500 239 -1.74274810 6.85118859
2320 242 0.48599300 -0.04335665
2330 242 0.53012511 0.52972480
2340 242 0.57425722 1.10280626
2350 242 0.60920057 1.66913740
2360 242 0.54959832 2.17765739
2370 242 0.49092936 2.68653650
2380 242 0.39946269 3.11636303
2390 242 0.23034338 3.36094361
2400 242 0.06179822 3.60681660
2410 242 -0.30738756 3.67797742
2420 242 -0.69853989 3.73104208
2430 242 -0.87965239 3.99565172
2440 242 -1.03650174 4.28352719
2450 242 -1.10440291 4.61313063
2460 242 -1.13325016 4.96097662
2470 242 -1.09188132 5.31012648
2480 242 -0.98194793 5.66208762
2490 242 -0.87072212 6.01347462
2500 242 -0.77666604 6.42897246
2510 242 -0.68648951 6.86012115
2340 244 -1.16570017 -0.73250878
2350 244 -1.33305585 -0.29759720
2360 244 -1.50077066 0.13824766
2370 244 -1.62921195 0.56670400
2380 244 -1.66704437 0.97966732
2390 244 -1.73266952 1.43979594
2400 244 -1.83858383 1.97121118
2410 244 -1.94485727 2.50355971
2420 244 -2.03359956 2.95693572
2430 244 -2.11925148 3.39114275
2440 244 -2.20397012 3.82570892
2450 244 -2.18183430 4.12459854
2460 244 -2.15933935 4.42255487
2470 244 -2.12550084 4.72166180
2480 244 -2.04556988 5.02350454
2490 244 -1.96527978 5.32441400
2500 244 -1.88872282 5.62388692
2510 244 -1.82156965 5.91438382
2520 244 -1.75477560 6.20581401
2530 244 -1.68668914 6.49667005
2350 648 0.69931305 4.23893987
2360 648 0.68832635 4.25078438
2370 648 0.67899119 4.26112144
2380 648 0.66893777 4.27332508
2390 648 0.65831020 4.28423630
2400 648 0.64861591 4.29550665
2410 648 0.63892163 4.30677700
2420 648 0.62922734 4.31804735
2430 648 0.60430767 4.35774635
2440 648 0.52300880 4.51611457
2450 648 0.44170993 4.67448279
2460 648 0.36478926 4.84096466
2470 648 0.28959107 5.01132378
2480 648 0.21769597 5.17866802
2490 648 0.18220592 5.31823326
2500 648 0.14671586 5.45779850
2510 648 0.10591431 5.58889096
2520 648 0.04853091 5.70181636
2530 648 -0.00849337 5.81380846
2540 648 -0.06551764 5.92580057
2400 247 1.40980495 0.73857971
2410 247 1.14992351 1.05752585
2420 247 0.89004207 1.37647198
2430 247 0.59448071 1.67954538
2440 247 0.27558719 1.97364047
2450 247 -0.04388048 2.26644314
2460 247 -0.39106540 2.58393902
2470 247 -0.73825032 2.90143490
2480 247 -1.02757375 3.25512537
2490 247 -1.25960985 3.64371802
2500 247 -1.49071267 4.03266980
2510 247 -1.66948510 4.47497447
2520 247 -1.84825753 4.91727914
2530 247 -2.02702995 5.35958381
2540 247 -2.19761782 5.80289496
2550 247 -2.36856483 6.24713940
2560 247 -2.53915270 6.69045055
2570 247 -2.78024031 7.11091906
2580 247 -3.02951248 7.53038108
2590 247 -3.27842551 7.94890981
2450 248 -1.45515628 -0.44530125
2460 248 -1.58336653 -0.11211792
2470 248 -1.71193592 0.22199870
2480 248 -1.78788212 0.57529344
2490 248 -1.78284740 0.95760699
2500 248 -1.77781268 1.33992054
2510 248 -1.78849973 1.71296985
2520 248 -1.86020726 2.04968046
2530 248 -1.93155565 2.38545777
2540 248 -2.00261810 2.72884549
2550 248 -2.06787497 3.13232727
2560 248 -2.13255768 3.53710146
2570 248 -2.19688126 3.94094237
2580 248 -2.34612706 4.27031706
2590 248 -2.49443957 4.60005089
2600 248 -2.64368538 4.92942559
2610 248 -2.79802994 5.26648160
2620 248 -2.95969898 5.61143395
2630 248 -3.12043473 5.95674543
2640 248 -3.28210376 6.30169778
2450 250 -0.79739507 -0.25005220
2460 250 -0.84239641 0.09800653
2470 250 -0.88833104 0.44570613
2480 250 -0.94115781 0.79182509
2490 250 -1.01056872 1.13370537
2500 250 -1.08033876 1.47651894
2510 250 -1.14974966 1.81839922
2520 250 -1.21557153 2.16487502
2530 250 -1.28103427 2.51041753
2540 250 -1.34685614 2.85689334
2550 250 -1.42581722 3.20688498
2560 250 -1.51404026 3.55866999
2570 250 -1.60226330 3.91045500
2580 250 -1.69048634 4.26224002
2590 250 -1.81876750 4.59003865
2600 250 -1.95695568 4.91295354
2610 250 -2.09607715 5.23550929
2620 250 -2.23189552 5.55505017
2630 250 -2.35873787 5.86518727
2640 250 -2.48522108 6.17439108
