1960 115 0.00000000 0.00000000
1970 115 -0.00000000 0.32910940
1980 115 -0.02145791 0.62635099
1990 115 -0.07443421 0.87985939
2000 115 -0.12832511 1.13228913
2010 115 -0.18113733 1.38380427
2020 115 -0.24526495 1.61432032
2030 115 -0.31355531 1.83445989
2040 115 -0.38084904 2.05468149
2050 115 -0.44913940 2.27482105
2060 115 -0.50012245 2.52849353
2070 115 -0.52506248 2.83146877
2080 115 -0.55000251 3.13444401
2090 115 -0.57494255 3.43741924
2100 115 -0.59286060 3.70384737
2110 115 -0.60804704 3.96146990
2120 115 -0.62323348 4.21909244
2130 115 -0.63841992 4.47671498
2140 115 -0.67379721 4.72364502
2150 115 -0.71606887 4.96900416
1840 117 -1.91059262 -0.37601174
1850 117 -1.76118030 -0.03359977
1860 117 -1.61077135 0.30889424
1870 117 -1.49234873 0.63771803
1880 117 -1.37292947 0.96662385
1890 117 -1.25458888 1.29644427
1900 117 -1.13516963 1.62535009
1910 117 -1.08287395 2.01395035
1920 117 -1.03812895 2.40895274
1930 117 -0.99338395 2.80395512
1940 117 -0.92166008 3.18813436
1950 117 -0.82196071 3.56157249
1960 117 -0.72425460 3.93484654
1970 117 -0.62455523 4.30828467
1980 117 -0.62032260 4.63473234
1990 117 -0.64026733 4.95015937
2000 117 -0.65921544 5.26566843
2010 117 -0.67667468 5.57527976
2020 117 -0.68435601 5.86362156
2030 117 -0.69303398 6.15188133
1930 698 -0.34267632 -0.03021488
1940 698 -0.24196817 0.35534688
1950 698 -0.14426206 0.72862093
1960 698 -0.05693244 1.10605773
1970 698 -0.01194132 1.49807023
1980 698 0.03205317 1.89000069
1990 698 0.03678108 2.29575634
2000 698 0.02490661 2.70817238
2010 698 -0.00535384 3.08797010
2020 698 -0.05408232 3.43614611
2030 698 -0.10331519 3.77826031
2040 698 -0.15168208 4.07328682
2050 698 -0.20096357 4.36723467
2060 698 -0.24841587 4.66333985
2070 698 -0.29129523 4.96483837
2080 698 -0.33417459 5.26633690
2090 698 -0.34034275 5.57286415
2100 698 -0.31071431 5.88334145
2110 698 -0.28116790 6.19481538
2120 698 -0.21909736 6.47685837
1940 109 0.64025518 -0.68377870
1950 109 0.63727441 -0.42816157
1960 109 0.62881825 -0.16697487
1970 109 0.59331334 0.11807320
1980 109 0.55872302 0.40419994
1990 109 0.52321811 0.68924800
2000 109 0.48297617 0.97089599
2010 109 0.39668876 1.21463864
2020 109 0.30948675 1.45730263
2030 109 0.22220271 1.70096324
2040 109 0.13599733 1.94370927
2050 109 0.07526069 2.24273445
2060 109 0.02043393 2.55529009
2070 109 -0.03331415 2.86693114
2080 109 -0.08714427 3.17956882
2090 109 -0.11518054 3.45921139
2100 109 -0.12438721 3.71732617
2110 109 -0.13359387 3.97544094
2120 109 -0.14271850 4.23255909
2130 109 -0.16571389 4.48753205
1940 121 1.86623048 -1.12067293
1950 121 1.74276697 -0.76660830
1960 121 1.61830684 -0.41262571
1970 121 1.57141970 -0.05025077
1980 121 1.53258762 0.31178386
1990 121 1.48942872 0.66543525
2000 121 1.43570495 1.00115948
2010 121 1.38305984 1.33596912
2020 121 1.32327425 1.67219773
2030 121 1.25834143 2.01000941
2040 121 1.19241199 2.34773905
2050 121 1.15927711 2.67713103
2060 121 1.19895389 2.98743210
2070 121 1.23863066 3.29773317
2080 121 1.27822540 3.60903087
2090 121 1.24926239 3.87555318
2100 121 1.22038141 4.14107887
2110 121 1.19042177 4.40751914
2120 121 1.16294762 4.66814372
2130 121 1.13571960 4.92577842
1960 191 -1.36196047 -0.50744524
1970 191 -1.41664442 -0.13567829
1980 191 -1.45928677 0.23607651
1990 191 -1.50085046 0.60691672
2000 191 -1.54349281 0.97867152
2010 191 -1.57577083 1.33422198
2020 191 -1.60464877 1.68503541
2030 191 -1.63360874 2.03684547
2040 191 -1.66364739 2.38957012
2050 191 -1.69890314 2.75691605
2060 191 -1.73507348 3.12318331
2070 191 -1.77124382 3.48945057
2080 191 -1.80642969 3.84375829
2090 191 -1.82603715 4.08195263
2100 191 -1.84564462 4.32014698
2110 191 -1.86525208 4.55834133
2120 191 -1.88485954 4.79653568
2130 191 -1.89019819 5.01985048
2140 191 -1.88997942 5.23659907
2150 191 -1.88976064 5.45334766
1960 193 -0.72580424 -0.39788593
1970 193 -0.76618291 -0.00487376
1980 193 -0.80051192 0.37559243
1990 193 -0.82133478 0.72606555
2000 193 -0.84307223 1.07546000
2010 193 -0.86489172 1.42585108
2020 193 -0.90049994 1.77310035
2030 193 -0.93511153 2.12043166
2040 193 -0.97071975 2.46768093
2050 193 -1.01654038 2.81709969
2060 193 -1.07273750 3.17068120
2070 193 -1.12793799 3.52434475
2080 193 -1.18405307 3.87692963
2090 193 -1.19749237 4.13770613
2100 193 -1.20712139 4.38876246
2110 193 -1.21567173 4.63890421
2120 193 -1.22530075 4.88996054
2130 193 -1.23685314 5.12781457
2140 193 -1.24990655 5.35952476
2150 193 -1.26295996 5.59123494
1970 112 1.10429236 0.20027079
1980 112 1.07733476 0.47899877
1990 112 1.03541557 0.74445457
2000 112 0.99341433 1.01090700
2010 112 0.95141310 1.27735943
2020 112 0.88144853 1.56659455
2030 112 0.79331066 1.86938444
2040 112 0.70509076 2.17317096
2050 112 0.62218216 2.47338116
2060 112 0.56509172 2.76467943
2070 112 0.50609007 3.05481699
2080 112 0.44800300 3.34603322
2090 112 0.41049268 3.61887562
2100 112 0.38169374 3.88340468
2110 112 0.35289481 4.14793373
2120 112 0.32101179 4.40117171
2130 112 0.28345285 4.62584776
2140 112 0.24581188 4.85152043
2150 112 0.20725631 5.07611444
2160 112 0.18132876 5.30576148
1980 195 0.84118836 -0.63814038
1990 195 0.86190488 -0.35348124
2000 195 0.87681785 -0.05926601
2010 195 0.89073419 0.23486719
2020 195 0.90564717 0.52908242
2030 195 0.89666535 0.84541188
2040 195 0.88444753 1.16448511
2050 195 0.87322634 1.48364037
2060 195 0.91184875 1.81893921
2070 195 0.98361820 2.16599705
2080 195 1.05546969 2.51205827
2090 195 1.10446859 2.84319435
2100 195 1.13177562 3.15749409
2110 195 1.15900061 3.47279046
2120 195 1.19786610 3.71981166
2130 195 1.23812627 3.94989017
2140 195 1.27946511 4.17905408
2150 195 1.25722934 4.36385281
2160 195 1.23507562 4.54765491
2170 195 1.21283985 4.73245365
2060 201 0.25586628 0.74349744
2070 201 0.14551392 1.16988149
2080 201 0.03615819 1.59634758
2090 201 -0.07004358 2.02106652
2100 201 -0.16395764 2.44278343
2110 201 -0.25878628 2.86342167
2120 201 -0.34449335 3.27076342
2130 201 -0.35401602 3.54490630
2140 201 -0.36362072 3.82004581
2150 201 -0.37322543 4.09518532
2160 201 -0.43018825 4.34836556
2170 201 -0.53558786 4.58050114
2180 201 -0.64098746 4.81263671
2190 201 -0.74730165 5.04369361
2200 201 -0.84152563 5.32290472
2210 201 -0.93615982 5.60709896
2220 201 -1.02979737 5.89137525
2230 201 -1.14612039 6.24402090
2240 201 -1.28405021 6.66412133
2250 201 -1.42297666 7.08413971
