2650 249 0.00000000 0.00000000
2660 249 0.00000000 0.36003472
2670 249 0.00098602 0.71990279
2680 249 -0.00590221 1.08718681
2690 249 -0.01640120 1.45710947
2700 249 -0.02690018 1.82703212
2710 249 -0.03641315 2.19678813
2720 249 -0.00594387 2.50907745
2730 249 0.04288475 2.79798015
2740 249 0.09154673 3.08589682
2750 249 0.13625075 3.36839735
2760 249 0.13711178 3.60151376
2770 249 0.13780615 3.83364415
2780 249 0.13866718 4.06676056
2790 249 0.13952821 4.29987696
2800 249 0.14106973 4.47101323
2810 249 0.14320841 4.61567984
2820 249 0.14649976 4.76116580
2830 249 0.14863844 4.90583241
2840 249 0.15740149 5.07169141
2650 251 0.66506086 -0.54748886
2660 251 0.61199653 -0.17138625
2670 251 0.53429569 0.21496538
2680 251 0.45560884 0.60148366
2690 251 0.44630418 0.99047392
2700 251 0.48368946 1.37968638
2710 251 0.52107474 1.76889884
2720 251 0.56123754 2.15054259
2730 251 0.61301032 2.50486953
2740 251 0.66478311 2.85919646
2750 251 0.71207021 3.19298372
2760 251 0.74273392 3.44641761
2770 251 0.77224496 3.69903213
2780 251 0.80290867 3.95246602
2790 251 0.83118372 4.16776470
2800 251 0.85801447 4.32651328
2810 251 0.88484522 4.48526186
2820 251 0.91150931 4.64302442
2830 251 0.90734305 4.83439485
2840 251 0.88037342 5.04686047
2720 254 0.95686605 0.45895574
2730 254 0.97829454 0.77175890
2740 254 0.97672524 1.09250574
2750 254 0.94065928 1.42516810
2760 254 0.90360730 1.75799711
2770 254 0.86754133 2.09065948
2780 254 0.91607831 2.46784532
2790 254 0.96362928 2.84519781
2800 254 1.01216627 3.22238366
2810 254 1.12023918 3.46577685
2820 254 1.23567249 3.69271330
2830 254 1.35028644 3.92080241
2840 254 1.47245521 4.14558629
2850 254 1.66114534 4.34391438
2860 254 1.84966883 4.54125646
2870 254 2.03835896 4.73958455
2880 254 2.19548270 4.93716272
2890 254 2.22881282 5.13436592
2900 254 2.26214294 5.33156912
2910 254 2.29530640 5.52778631
2730 256 0.31227544 0.68351741
2740 256 0.28887492 1.09111699
2750 256 0.26646041 1.49854992
2760 256 0.24404591 1.90598284
2770 256 0.26883518 2.25067182
2780 256 0.32689903 2.55221218
2790 256 0.38397686 2.85391920
2800 256 0.44204070 3.15545956
2810 256 0.50110445 3.31890213
2820 256 0.56045983 3.46606849
2830 256 0.61981522 3.61323485
2840 256 0.67933726 3.76138723
2850 256 0.83733591 3.91013677
2860 256 1.03824709 4.06076113
2870 256 1.23800560 4.21056613
2880 256 1.42447373 4.37174503
2890 256 1.48392633 4.63349756
2900 256 1.54354558 4.89623611
2910 256 1.60316483 5.15897466
2920 256 1.66360344 5.42056054
