1190 604 0.00000000 0.00000000
1200 604 0.00000000 0.23389955
1210 604 0.00045746 0.46913728
1220 604 0.04746482 0.70938571
1230 604 0.20146255 0.96312712
1240 604 0.31219812 1.23240510
1250 604 0.25567813 1.56110176
1260 604 0.19826032 1.88935805
1270 604 0.09580608 2.05964055
1280 604 -0.01215479 2.21162887
1290 604 -0.15997038 2.41535308
1300 604 -0.34765779 2.66857716
1310 604 -0.52079194 2.95344303
1320 604 -0.67120693 3.28509395
1330 604 -0.81176299 3.61935282
1340 604 -0.91330658 3.96717734
1350 604 -1.01485017 4.31500187
1360 604 -1.09989950 4.59740515
1370 604 -1.18322160 4.87174513
1380 604 -1.26654369 5.14608512
1030 596 -0.67861610 1.79007184
1040 596 -0.68044594 1.78471912
1050 596 -0.68227579 1.77936639
1060 596 -0.68366527 1.77311584
1070 596 -0.68549512 1.76776312
1080 596 -0.68822278 1.76197003
1090 596 -0.69005263 1.75661731
1100 596 -0.69144211 1.75036676
1110 596 -0.69327196 1.74501404
1120 596 -0.69510180 1.73966131
1130 596 -0.69693165 1.73430859
1140 596 -0.69876150 1.72895586
1150 596 -0.70015098 1.72270532
1160 596 -0.70287865 1.71691223
1170 596 -0.70470849 1.71155951
1180 596 -0.70609798 1.70530896
1190 596 -0.70792782 1.69995623
1200 596 -0.70975767 1.69460351
1210 596 -0.71158751 1.68925078
1220 596 -0.71341736 1.68389806
1090 540 -1.11392262 -0.27681113
1100 540 -1.13807401 0.01541260
1110 540 -1.18131479 0.32611863
1120 540 -1.24366207 0.65307094
1130 540 -1.31450017 0.92239596
1140 540 -1.39010100 1.15374313
1150 540 -1.44907931 1.45338885
1160 540 -1.49231582 1.82312877
1170 540 -1.53555233 2.19286868
1180 540 -1.57950709 2.46869649
1190 540 -1.62317541 2.72350245
1200 540 -1.66248716 3.02165608
1210 540 -1.69786559 3.36629120
1220 540 -1.73212816 3.68140082
1230 540 -1.75355189 3.74551809
1240 540 -1.77453526 3.80873754
1250 540 -1.79641644 3.87151662
1260 540 -1.81784017 3.93563389
1270 540 -1.83882354 3.99885334
1280 540 -1.86179494 4.21146170
1110 383 -0.99810794 1.59215782
1120 383 -1.00654319 1.60027242
1130 383 -1.01452097 1.60972519
1140 383 -1.02295622 1.61783979
1150 383 -1.03183182 1.62685220
1160 383 -1.03980961 1.63630498
1170 383 -1.04824485 1.64441957
1180 383 -1.05712046 1.65343199
1190 383 -1.06465788 1.66198694
1200 383 -1.07353348 1.67099936
1210 383 -1.08107091 1.67955431
1220 383 -1.08994651 1.68856673
1230 383 -1.09838176 1.69668132
1240 383 -1.10635954 1.70613410
1250 383 -1.11523515 1.71514652
1260 383 -1.12367039 1.72326111
1270 383 -1.13164817 1.73271389
1280 383 -1.14008342 1.74082848
1290 383 -1.14806120 1.75028126
1300 383 -1.15649645 1.75839585
1120 160 -2.80954366 1.10243478
1130 160 -2.58209987 1.07699223
1140 160 -2.39924360 1.01074585
1150 160 -2.21638732 0.94449946
1160 160 -2.03353105 0.87825308
1170 160 -1.84008904 1.02659453
1180 160 -1.64708739 1.17583381
1190 160 -1.50967797 1.36574867
1200 160 -1.45719818 1.61981927
1210 160 -1.40427803 1.87299205
1220 160 -1.34114409 2.11669496
1230 160 -1.19010062 2.27654135
1240 160 -1.03815932 2.43682811
1250 160 -0.88089951 2.59081301
1260 160 -0.67133519 2.68357505
1270 160 -0.46177087 2.77633709
1280 160 -0.27910699 2.86036034
1290 160 -0.10721697 2.93909927
1300 160 0.06423270 3.01873602
1310 160 0.23478455 3.09793241
