900 547 0.00000000 0.00000000
910 547 -0.00000000 0.14171803
920 547 -0.00083264 0.28457917
930 547 -0.17173538 0.52401236
940 547 -0.34248289 0.76443343
950 547 -0.32924533 0.93241488
960 547 -0.26915418 1.08291090
970 547 -0.14485101 1.43589351
980 547 -0.00540510 1.84014695
990 547 0.13323640 2.13621372
1000 547 0.27297867 2.41996026
1010 547 0.35126088 2.71842616
1020 547 0.38867320 3.02736356
1030 547 0.49899085 3.38153163
1040 547 0.77621740 3.83802964
1050 547 1.08879583 4.22317471
1060 547 1.48483577 4.43729002
1070 547 1.92154802 4.62679308
1080 547 2.45203804 4.75600741
1090 547 2.93985176 4.94861522
800 8 0.00076208 -1.10956947
810 8 0.14849204 -0.87161810
820 8 0.25933186 -0.59142792
830 8 0.33312628 -0.26998682
840 8 0.40593282 0.05160952
850 8 0.43524455 0.34764807
860 8 0.36218398 0.58486560
870 8 0.29011129 0.82192788
880 8 0.21803859 1.05899017
890 8 0.15021377 1.31664263
900 8 0.08238895 1.57429510
910 8 0.01456413 1.83194757
920 8 -0.03392652 2.09668452
930 8 -0.00856631 2.39334402
940 8 0.01679391 2.69000353
950 8 0.04215413 2.98666303
960 8 -0.00304831 3.30453366
970 8 -0.06572205 3.62717433
980 8 -0.12839580 3.94981500
990 8 -0.19071674 4.28758430
850 136 -0.13782297 0.57233367
860 136 -0.16192717 0.76035491
870 136 -0.24001180 0.97204287
880 136 -0.32371322 1.18663800
890 136 -0.40741464 1.40123314
900 136 -0.49481354 1.62450748
910 136 -0.59762332 1.87854714
920 136 -0.69944523 2.13243156
930 136 -0.80126714 2.38631598
940 136 -0.89175668 2.71231544
950 136 -0.97929671 3.05708455
960 136 -1.06683673 3.40185367
970 136 -1.03099091 3.72014768
980 136 -0.98147004 4.03528048
990 136 -0.93194917 4.35041328
1000 136 -0.89968792 4.66522150
1010 136 -0.86742668 4.98002971
1020 136 -0.85335649 5.28858608
1030 136 -0.90831068 5.57660871
1040 136 -0.96227700 5.86447610
920 159 -0.33836203 -1.09676941
930 159 -0.51640571 -0.69020152
940 159 -0.63157807 -0.30869749
950 159 -0.73042223 0.06720387
960 159 -0.82942163 0.44211735
970 159 -0.88423470 0.82122225
980 159 -0.93410838 1.19955097
990 159 -0.98382683 1.57886756
1000 159 -0.96044237 1.94669655
1010 159 -0.91844348 2.31058815
1020 159 -0.87628935 2.67546762
1030 159 -0.91182470 2.99688050
1040 159 -0.98072207 3.29924146
1050 159 -1.04946421 3.60259030
1060 159 -1.17292062 3.79610132
1070 159 -1.29637704 3.98961233
1080 159 -1.49062191 4.08694646
1090 159 -1.70288848 4.15978122
1100 159 -1.91094951 4.24005330
1110 159 -2.08267078 4.39053521
1030 380 1.02924095 -0.48465252
1040 380 1.17801525 -0.11122085
1050 380 1.27440383 0.30890918
1060 380 1.37063717 0.72805133
1070 380 1.32090462 1.05574428
1080 380 1.25433581 1.37292340
1090 380 1.19284752 1.70954959
1100 380 1.13814735 2.07648949
1110 380 1.08427982 2.44228628
1120 380 1.05268186 2.71145457
1130 380 1.03631133 2.91648141
1140 380 1.08403991 3.12358280
1150 380 1.17465646 3.33305508
1160 380 1.29077436 3.57597407
1170 380 1.43369196 3.85416027
1180 380 1.56928515 4.12438700
1190 380 1.68908642 4.37786216
1200 380 1.89528460 4.71088965
1210 380 2.18756922 5.12149372
1220 380 2.48000907 5.53308567
1050 163 -1.76666300 -0.96140202
1060 163 -1.82390342 -0.60418565
1070 163 -1.81165375 -0.22347192
1080 163 -1.73157925 0.18302541
1090 163 -1.65150475 0.58952273
1100 163 -1.54951350 0.95512194
1110 163 -1.42362973 1.27951257
1120 163 -1.29873383 1.60405843
1130 163 -1.17383794 1.92860429
1140 163 -1.12125465 2.25034175
1150 163 -1.11779708 2.56866399
1160 163 -1.11319640 2.88781886
1170 163 -1.07109872 3.25878084
1180 163 -1.02785792 3.63057545
1190 163 -0.98576025 4.00153742
1200 163 -0.97417386 4.15256972
1210 163 -0.96631318 4.27989297
1220 163 -1.01394297 4.36329803
1230 163 -1.06728833 4.44253988
1240 163 -1.12047846 4.52276962
