650 135 0.00000000 0.00000000
660 135 0.00000000 0.05508176
670 135 0.00096221 0.11043584
680 135 0.00165209 0.16675212
690 135 0.00261430 0.22210620
700 135 0.00261430 0.27718796
710 135 0.00357650 0.33254204
720 135 0.00453871 0.38789612
730 135 0.00361281 0.45726573
740 135 -0.00826045 0.65344683
750 135 -0.02013371 0.84962794
760 135 -0.03200697 1.04580904
770 135 -0.02478134 1.24427766
780 135 -0.01054796 1.44369032
790 135 0.00368543 1.64310298
800 135 -0.05736927 1.83679688
810 135 -0.12639393 2.02927440
820 135 -0.19541860 2.22175191
830 135 -0.27972964 2.39847104
840 135 -0.38001692 2.55819724
600 7 0.55221550 -0.81647722
610 7 0.55840629 -0.70248303
620 7 0.56459709 -0.58848885
630 7 0.56982568 -0.47476699
640 7 0.55915064 -0.40399946
650 7 0.53631186 -0.36369573
660 7 0.51320076 -0.32242980
670 7 0.49008966 -0.28116387
680 7 0.46697856 -0.23989794
690 7 0.44386746 -0.19863201
700 7 0.42171857 -0.15709375
710 7 0.39860747 -0.11582782
720 7 0.37549637 -0.07456189
730 7 0.35238527 -0.03329596
740 7 0.32927417 0.00796997
750 7 0.31393334 0.13561659
760 7 0.30313121 0.32066878
770 7 0.29136688 0.50544865
780 7 0.28029244 0.69146305
790 7 0.31491370 0.96939536
730 549 -2.25818866 1.71797351
740 549 -2.22921355 1.71474195
750 549 -2.20092832 1.71027586
760 549 -2.17291542 1.70677198
770 549 -2.07756625 1.54980531
780 549 -1.95202559 1.32655535
790 549 -1.82675726 1.10426760
800 549 -1.76288856 0.93735208
810 549 -1.70600947 0.77677260
820 549 -1.49323485 0.66758945
830 549 -1.24182675 0.57245813
840 549 -1.05072900 0.58393199
850 549 -0.88671826 0.63970363
860 549 -0.70271905 0.72399651
870 549 -0.49873136 0.83681063
880 549 -0.20384244 1.04706173
890 549 0.18125783 1.35351527
900 549 0.51234749 1.64883991
910 549 0.76028801 1.92582817
920 549 0.97447871 2.27432831
