2490 463 0.00000000 0.00000000
2500 463 0.00000000 0.42927031
2510 463 -0.00000000 0.85854062
2520 463 -0.06986973 1.28342675
2530 463 -0.18452942 1.70385648
2540 463 -0.29918910 2.12428620
2550 463 -0.33836256 2.45023933
2560 463 -0.34531622 2.73554907
2570 463 -0.35127284 3.02093568
2580 463 -0.35635588 3.13889399
2590 463 -0.35980825 3.14464561
2600 463 -0.36226358 3.15047411
2610 463 -0.36571595 3.15622573
2620 463 -0.36916832 3.16197735
2630 463 -0.37262069 3.16772897
2640 463 -0.37607306 3.17348059
2650 463 -0.37852839 3.17930908
2660 463 -0.38198076 3.18506071
2670 463 -0.38543313 3.19081233
2680 463 -0.38888550 3.19656395
2380 460 0.04995920 -0.59592288
2390 460 0.00448202 -0.18821241
2400 460 -0.00072216 0.17847263
2410 460 -0.00500617 0.54623158
2420 460 -0.00154215 0.90455825
2430 460 0.04065970 1.22876189
2440 460 0.08286154 1.55296554
2450 460 0.03907328 1.95177952
2460 460 -0.04214827 2.38080523
2470 460 -0.12344669 2.81082798
2480 460 -0.16117583 3.20910616
2490 460 -0.17972825 3.59281544
2500 460 -0.16576502 3.99708518
2510 460 -0.10203128 4.43227251
2520 460 -0.03829755 4.86745984
2530 460 -0.00039369 5.20838256
2540 460 0.02654970 5.50934444
2550 460 0.04635541 5.83783908
2560 460 0.05019681 6.23029576
2570 460 0.05403821 6.62275244
2510 470 0.68174060 0.94019081
2520 470 0.57436071 1.39628571
2530 470 0.49459512 1.83244445
2540 470 0.43178155 2.25687166
2550 470 0.36904486 2.68030183
2560 470 0.33185617 3.05856232
2570 470 0.33203088 3.36849291
2580 470 0.33120856 3.67834662
2590 470 0.32097491 3.86310667
2600 470 0.29390106 3.86302513
2610 470 0.26690409 3.86194656
2620 470 0.23983024 3.86186502
2630 470 0.21283326 3.86078645
2640 470 0.18675645 3.86078179
2650 470 0.15975948 3.85970322
2660 470 0.13268563 3.85962168
2670 470 0.10568865 3.85854311
2680 470 0.07861480 3.85846157
2690 470 0.05161783 3.85738300
2700 470 0.02454398 3.85730147
