2350 478 0.00000000 0.00000000
2360 478 -0.00000000 0.41144258
2370 478 0.00043992 0.82154112
2380 478 -0.00586473 1.22496800
2390 478 -0.06845913 1.55714558
2400 478 -0.12970947 1.88976307
2410 478 -0.18867517 2.23131255
2420 478 -0.22820195 2.61121732
2430 478 -0.26907278 2.99068217
2440 478 -0.27010816 3.29390309
2450 478 -0.26716000 3.58949962
2460 478 -0.26421183 3.88509615
2470 478 -0.25658501 4.21868097
2480 478 -0.24800544 4.56299390
2490 478 -0.20074247 4.94824085
2500 478 -0.13818210 5.35039902
2510 478 -0.11265241 5.60428135
2520 478 -0.09627346 5.82019969
2530 478 -0.10141148 6.02684335
2540 478 -0.11103372 6.23127527
2340 477 0.34468479 -0.18702245
2350 477 0.37639274 0.21619784
2360 477 0.40764862 0.61852616
2370 477 0.43935656 1.02174645
2380 477 0.43962878 1.31869918
2390 477 0.43760419 1.60448390
2400 477 0.43513969 1.89161266
2410 477 0.29240046 2.28907273
2420 477 0.15100527 2.68697272
2430 477 0.14786510 3.09664349
2440 477 0.15993726 3.50757325
2450 477 0.16089001 3.92974394
2460 477 0.13112401 4.37757313
2470 477 0.10135801 4.82540232
2480 477 0.13256528 5.21878649
2490 477 0.17134833 5.60721007
2500 477 0.21789431 5.86053095
2510 477 0.25971303 6.06691941
2520 477 0.23537671 6.36176979
2530 477 0.20658046 6.65888050
2500 480 -0.63007819 0.17470967
2510 480 -0.63802098 0.60587311
2520 480 -0.64461971 1.03747647
2530 480 -0.65256250 1.46863991
2540 480 -0.61173785 1.82127478
2550 480 -0.54123226 2.12187079
2560 480 -0.47028676 2.42112275
2570 480 -0.38504522 2.71761369
2580 480 -0.26721590 3.00319424
2590 480 -0.14893451 3.28966678
2600 480 0.00745669 3.59382100
2610 480 0.25040432 3.94267405
2620 480 0.49424393 4.29107503
2630 480 0.73115913 4.51742253
2640 480 0.96754934 4.72946184
2650 480 1.19506833 4.95496596
2660 480 1.38575836 5.23388945
2670 480 1.57690046 5.51370492
2680 480 1.76124939 5.77790460
2690 480 1.93792532 6.02917660
2510 482 0.05862300 0.08912544
2520 482 -0.03002363 0.48271377
2530 482 -0.11956225 0.87675417
2540 482 -0.15024211 1.23872205
2550 482 -0.09353188 1.55191520
2560 482 -0.03592968 1.86465628
2570 482 0.04870181 2.13118679
2580 482 0.16081466 2.35239870
2590 482 0.27292751 2.57361061
2600 482 0.39912738 2.83589022
2610 482 0.53168050 3.11512967
2620 482 0.66378156 3.39347713
2630 482 0.85712324 3.66657234
2640 482 1.07683312 3.93639371
2650 482 1.29028696 4.20714352
2660 482 1.45679622 4.48038456
2670 482 1.62330548 4.75362560
2680 482 1.76751515 5.03816834
2690 482 1.82563018 5.36298158
2700 482 1.88240117 5.68735491
