1390 104 0.00000000 0.00000000
1400 104 -0.00000000 0.33668086
1410 104 0.00124153 0.67268452
1420 104 0.01450335 1.01743533
1430 104 0.07793434 1.39361947
1440 104 0.14232469 1.77008578
1450 104 0.24988650 2.14152953
1460 104 0.39994255 2.50670919
1470 104 0.54999860 2.87188885
1480 104 0.60812486 3.18814086
1490 104 0.62533701 3.48402047
1500 104 0.64283132 3.77894071
1510 104 0.63509996 3.96116372
1520 104 0.61230092 4.06703253
1530 104 0.58921972 4.17386070
1540 104 0.60908423 4.23390569
1550 104 0.67228948 4.24936841
1560 104 0.73481754 4.26358959
1570 104 0.79802280 4.27905230
1580 104 0.86151022 4.29355565
1320 99 -0.70722167 -0.16839686
1330 99 -0.71754896 0.26010092
1340 99 -0.72759408 0.68763933
1350 99 -0.73701844 1.10597912
1360 99 -0.74418546 1.51664399
1370 99 -0.75202969 1.92606733
1380 99 -0.74632993 2.34260126
1390 99 -0.68972736 2.78453015
1400 99 -0.63312480 3.22645905
1410 99 -0.57652223 3.66838794
1420 99 -0.51297838 4.06545240
1430 99 -0.44875732 4.46375838
1440 99 -0.38521347 4.86082283
1450 99 -0.33916392 5.26420781
1460 99 -0.30220013 5.67013228
1470 99 -0.26523634 6.07605675
1480 99 -0.24655693 6.48389996
1490 99 -0.30129720 6.90037745
1500 99 -0.35575530 7.31589558
1510 99 -0.41049557 7.73237308
1330 101 -0.07212171 -0.33600366
1340 101 -0.11597036 0.11077850
1350 101 -0.15885964 0.55784282
1360 101 -0.20203109 1.00586651
1370 101 -0.22127483 1.45050421
1380 101 -0.22375789 1.89485973
1390 101 -0.22624096 2.33921526
1400 101 -0.21551864 2.78120059
1410 101 -0.08137677 3.19694445
1420 101 0.05248294 3.61364768
1430 101 0.18634264 4.03035091
1440 101 0.24046214 4.45591416
1450 101 0.28577805 4.88305754
1460 101 0.33109396 5.31020092
1470 101 0.35795620 5.72566261
1480 101 0.35857696 6.12402503
1490 101 0.35919773 6.52238745
1500 101 0.35981850 6.92074986
1510 101 0.35705327 7.31290462
1520 101 0.35186141 7.69913388
1380 103 -0.80716499 -0.37082298
1390 103 -0.79548330 0.00056433
1400 103 -0.78256008 0.37127445
1410 103 -0.77087840 0.74266176
1420 103 -0.73318098 1.08938774
1430 103 -0.63447920 1.38109129
1440 103 -0.53549525 1.67183547
1450 103 -0.43538264 1.99418228
1460 103 -0.33086823 2.43977934
1470 103 -0.22663599 2.88633576
1480 103 -0.12144439 3.33317435
1490 103 -0.05541747 3.64028418
1500 103 -0.04424368 3.74050966
1510 103 -0.03374709 3.83949360
1520 103 -0.00643339 3.91319545
1530 103 0.02325051 3.98238263
1540 103 0.05265224 4.05252918
1550 103 0.08233613 4.12171636
1560 103 0.11269723 4.19214508
1570 103 0.14209896 4.26229162
