5100 509 0.00000000 0.00000000
5110 509 0.00000000 0.12314625
5120 509 0.00000000 0.24629251
5130 509 -0.00000000 0.36943876
5140 509 -0.00104753 0.49353511
5150 509 0.01931849 0.65071407
5160 509 0.05359481 0.83059773
5170 509 0.08787113 1.01048140
5180 509 0.12214744 1.19036507
5190 509 0.10190322 1.37960347
5200 509 0.05939279 1.57376285
5210 509 0.01688236 1.76792222
5220 509 -0.02562806 1.96208160
5230 509 -0.03680989 2.17078466
5240 509 -0.00097445 2.40080383
5250 509 0.03581108 2.63187055
5260 509 0.07264533 2.86193844
5270 509 0.17116233 3.22316746
5280 509 0.27693900 3.59976844
5290 509 0.47942993 3.92301822
4930 504 1.30357192 0.04056153
4940 504 1.22008583 0.33584456
4950 504 1.13659973 0.63112760
4960 504 1.05311364 0.92641064
4970 504 0.96962754 1.22169367
4980 504 0.89932090 1.47256610
4990 504 0.83001306 1.72348725
5000 504 0.76202074 1.98848922
5010 504 0.70801179 2.37731956
5020 504 0.65500165 2.76619863
5030 504 0.60204023 3.15407888
5040 504 0.50878527 3.54700191
5050 504 0.38936629 3.94265341
5060 504 0.26999603 4.33730609
5070 504 0.13220865 4.78111983
5080 504 -0.02394714 5.27309582
5090 504 -0.18110173 5.76502308
5100 504 -0.36790400 6.18742326
5110 504 -0.56091840 6.59350139
5120 504 -0.75488289 6.99853198
4970 362 0.12295136 0.08609275
4980 362 0.12139224 0.40539601
4990 362 0.12083193 0.72474799
5000 362 0.13179451 1.03364898
5010 362 0.25840006 1.25007456
5020 362 0.38395808 1.46745023
5030 362 0.50956483 1.68382710
5040 362 0.56391484 1.94478509
5050 362 0.56876273 2.23536640
5060 362 0.57356190 2.52694653
5070 362 0.57940861 2.81757656
5080 362 0.67938729 3.27198746
5090 362 0.79147352 3.74501037
5100 362 0.90256095 4.21798456
5110 362 1.07467337 4.73298195
5120 362 1.27292544 5.26627466
5130 362 1.47217632 5.79961610
5140 362 1.66472785 6.28557485
5150 362 1.84970303 6.70108079
5160 362 2.03367939 7.11653800
4980 364 -0.60067600 -0.22653551
4990 364 -0.57894574 0.14896921
5000 364 -0.55721549 0.52447393
5010 364 -0.53648404 0.89992993
5020 364 -0.51475378 1.27543465
5030 364 -0.57297723 1.52489412
5040 364 -0.63215077 1.77330606
5050 364 -0.69037422 2.02276554
5060 364 -0.74954777 2.27117748
5070 364 -0.81030479 2.61362395
5080 364 -0.87150032 2.96505973
5090 364 -0.93274457 3.31749432
5100 364 -1.00597457 3.66934424
5110 364 -1.18661343 4.02696779
5120 364 -1.36820239 4.38354380
5130 364 -1.54884126 4.74116734
5140 364 -1.76909156 5.08985030
5150 364 -2.08249939 5.41897115
5160 364 -2.39495713 5.74913953
5170 364 -2.70836495 6.07826038
5090 508 0.85639633 -0.02830780
5100 508 0.75575989 0.29016717
5110 508 0.65512346 0.60864214
5120 508 0.55343949 0.92806720
5130 508 0.48430218 1.23706564
5140 508 0.41616369 1.54611280
5150 508 0.34697767 1.85611004
5160 508 0.29153140 2.17178347
5170 508 0.23703522 2.48850443
5180 508 0.18353786 2.80527411
5190 508 0.14078382 3.16862256
5200 508 0.10049027 3.54310411
5210 508 0.06019672 3.91758565
5220 508 -0.01071896 4.28356512
5230 508 -0.11310941 4.63799733
5240 508 -0.21454977 4.99347708
5250 508 -0.31326166 5.33407210
5260 508 -0.40585887 5.65193804
5270 508 -0.49845609 5.96980398
5280 508 -0.59205211 6.28762120
5100 507 1.40888572 0.15983434
5110 507 1.33027188 0.47838239
5120 507 1.25065923 0.79688173
5130 507 1.17204539 1.11542978
5140 507 1.08305365 1.40043236
5150 507 0.99225917 1.68134224
5160 507 0.90146469 1.96225213
5170 507 0.84065894 2.22359991
5180 507 0.78713722 2.47929587
5190 507 0.73356677 2.73599064
5200 507 0.69980204 3.05872884
5210 507 0.71346872 3.53796388
5220 507 0.72718411 4.01620010
5230 507 0.64540331 4.44071971
5240 507 0.52374309 4.84126783
5250 507 0.40108406 5.24176722
5260 507 0.24975181 5.63486078
5270 507 0.09542312 6.02780818
5280 507 -0.05890557 6.42075557
5290 507 -0.20305124 6.81019495
5130 510 0.73726968 0.11505831
5140 510 0.75283654 0.30904716
5150 510 0.76935348 0.50408354
5160 510 0.78591915 0.69812111
5170 510 0.79473793 0.88677484
5180 510 0.78611404 1.06356463
5190 510 0.77749015 1.24035441
5200 510 0.76886626 1.41714420
5210 510 0.76024237 1.59393398
5220 510 0.75488289 1.82694960
5230 510 0.74923107 2.06595808
5240 510 0.74457807 2.30501529
5250 510 0.77322693 2.53868866
5260 510 0.93812841 2.74997402
5270 510 1.10298117 2.96225818
5280 510 1.30408351 3.17030349
5290 510 1.64794293 3.36628996
5300 510 1.99275245 3.56332397
5310 510 2.32857265 3.75991947
5320 510 2.65530609 3.95807410
