2380 452 0.00000000 0.00000000
2390 452 0.00000000 0.18502432
2400 452 0.00298339 0.36900013
2410 452 -0.01247944 0.58727954
2420 452 -0.04640471 0.83886268
2430 452 -0.08132985 1.09046204
2440 452 -0.13651178 1.32638778
2450 452 -0.22407865 1.53883552
2460 452 -0.31066186 1.75026718
2470 452 -0.42835449 1.95520240
2480 452 -0.57517303 2.15260888
2490 452 -0.72200778 2.34901549
2500 452 -0.88005186 2.53260216
2510 452 -1.04214407 2.71325409
2520 452 -1.20323640 2.89388980
2530 452 -1.31182212 3.04367011
2540 452 -1.38672038 3.17390163
2550 452 -1.46161865 3.30413316
2560 452 -1.56126500 3.51177613
2570 452 -1.68565946 3.79683054
2390 560 0.59240860 0.39044596
2400 560 0.69861626 0.71076601
2410 560 0.81867615 1.02186025
2420 560 0.95462044 1.32569598
2430 560 1.01637989 1.61873312
2440 560 0.90570795 1.88656278
2450 560 0.79601967 2.15337635
2460 560 0.44840051 2.48805667
2470 560 0.10079756 2.82373686
2480 560 -0.21847938 3.05594417
2490 560 -0.52647132 3.24396269
2500 560 -0.82691831 3.40385518
2510 560 -1.11303204 3.52250985
2520 560 -1.39914578 3.64116452
2530 560 -1.70958604 3.67820290
2540 560 -2.01904266 3.71422519
2550 560 -2.33082869 3.48325015
2560 560 -2.64263094 3.25127524
2570 560 -2.89544095 3.01834371
2580 560 -3.10923986 2.78577969
2410 455 -0.11895193 -1.29124105
2420 455 -0.11606582 -1.11326445
2430 455 -0.11316350 -0.93428798
2440 455 -0.14065718 -0.71781373
2450 455 -0.18775910 -0.47701837
2460 455 -0.23484480 -0.23522313
2470 455 -0.27446121 0.03545480
2480 455 -0.31294804 0.31411546
2490 455 -0.35143488 0.59277612
2500 455 -0.40836793 0.90574038
2510 455 -0.46531720 1.21770477
2520 455 -0.63962942 1.44656117
2530 455 -0.86350269 1.64121665
2540 455 -1.03295608 1.73797691
2550 455 -1.16543596 1.77112930
2560 455 -1.29891571 1.80429792
2570 455 -1.46134301 1.84093634
2580 455 -1.74157643 1.89048658
2590 455 -2.02180986 1.94003683
2600 455 -2.28243505 1.96526594
2410 458 0.29511255 -1.04392221
2420 458 0.31166713 -0.94817804
2430 458 0.32823793 -0.85143400
2440 458 0.33911758 -0.73559518
2450 458 0.30490586 -0.44000161
2460 458 0.26967806 -0.14539170
2470 458 0.23351524 0.15323391
2480 458 0.18788881 0.48501731
2490 458 0.14226238 0.81680072
2500 458 0.08575089 1.15576156
2510 458 0.00548577 1.51010957
2520 458 -0.07476314 1.86545744
2530 458 -0.32103887 2.03547293
2540 458 -0.61008736 2.15817572
2550 458 -0.90228137 2.27192833
2560 458 -1.19963687 2.37576332
2570 458 -1.49599250 2.47958211
2580 458 -1.76683798 2.55298327
2590 458 -1.97681037 2.55638823
2600 458 -2.18778263 2.55980940
2560 442 0.76205116 1.72387065
2570 442 0.75781388 1.77094554
2580 442 0.75357660 1.81802044
2590 442 0.74935553 1.86609520
2600 442 0.74511825 1.91317009
2610 442 0.77274165 2.07474344
2620 442 0.80885041 2.26618314
2630 442 0.82212975 2.34497818
2640 442 0.82019487 2.34901008
2650 442 0.81925986 2.35302577
2660 442 0.81732498 2.35705768
2670 442 0.81539009 2.36108958
2680 442 0.81445508 2.36510527
2690 442 0.81252020 2.36913717
2700 442 0.81058532 2.37316907
2710 442 0.80965031 2.37718476
2720 442 0.80771543 2.38121666
2730 442 0.80578055 2.38524856
2740 442 0.80484553 2.38926425
2750 442 0.80291065 2.39329615
