370 44 0.00000000 0.00000000
380 44 -0.00000000 0.46449220
390 44 -0.03231486 0.94394266
400 44 -0.06342625 1.42265038
410 44 -0.12123347 1.78405366
420 44 -0.17783722 2.14471418
430 44 -0.26412284 2.47882313
440 44 -0.39507230 2.77152988
450 44 -0.52625211 3.06520973
460 44 -0.58954919 3.33693658
470 44 -0.60816307 3.59355015
480 44 -0.62677695 3.85016372
490 44 -0.60162475 4.13460768
500 44 -0.55982641 4.43121331
510 44 -0.51705497 4.72804930
520 44 -0.47502628 5.02368182
530 44 -0.56838630 5.29651310
540 44 -0.66271942 5.56911402
550 44 -0.75705255 5.84171494
560 44 -0.81504276 6.16916285
200 11 1.70256897 0.79970988
210 11 1.68690240 1.07860154
220 11 1.68539968 1.38448182
230 11 1.69104241 1.69924706
240 11 1.71292221 2.03224297
250 11 1.73359856 2.36598162
260 11 1.71870702 2.70671501
270 11 1.68084632 3.05331502
280 11 1.64201252 3.39968468
290 11 1.60210227 3.73757840
300 11 1.56242238 4.07449903
310 11 1.51377786 4.39285529
320 11 1.44789516 4.67116352
330 11 1.38201246 4.94947175
340 11 1.30206493 5.16998568
350 11 1.20707948 5.33247495
360 11 1.11283678 5.49616769
370 11 1.01785133 5.65865697
380 11 0.90007540 5.82191698
390 11 0.78252983 5.98420388
290 34 0.65527689 -1.76964437
300 34 0.66925775 -1.31211892
310 34 0.68421171 -0.85436312
320 34 0.66513066 -0.42213411
330 34 0.61298769 -0.01520155
340 34 0.56181784 0.39196138
350 34 0.49553900 0.79349234
360 34 0.37100085 1.17198309
370 34 0.24646270 1.55047384
380 34 0.12118180 1.92776113
390 34 -0.05306440 2.26879377
400 34 -0.24910429 2.59336327
410 34 -0.44514419 2.91793277
420 34 -0.62561439 3.24618802
430 34 -0.74449690 3.59210556
440 34 -0.86314906 3.93705000
450 34 -0.98203157 4.28296755
460 34 -1.07792984 4.52745174
470 34 -1.17106381 4.76025866
480 34 -1.26322467 4.99329595
380 49 0.67554849 0.46718331
390 49 0.67641395 0.88460905
400 49 0.60386806 1.34734234
410 49 0.53011870 1.81081837
420 49 0.44112905 2.23882986
430 49 0.31279751 2.58559349
440 49 0.18566943 2.93161438
450 49 0.09679388 3.23325346
460 49 0.03275405 3.50377684
470 49 -0.03128578 3.77430023
480 49 -0.01848255 4.00238371
490 49 0.01431886 4.21978672
500 49 0.04712027 4.43718973
510 49 0.04238392 4.67859098
520 49 0.01237480 4.93558992
530 49 -0.01786467 5.19356196
540 49 -0.04810415 5.45153400
550 49 -0.10791355 5.76930253
560 49 -0.18661670 6.12781447
570 49 -0.26531985 6.48632642
550 47 -3.54546107 0.53876040
560 47 -3.31007068 0.83803346
570 47 -3.07370719 1.13753687
580 47 -2.70091944 1.32957670
590 47 -2.29328288 1.49595409
600 47 -1.88661943 1.66210112
610 47 -1.69574647 1.85423783
620 47 -1.50584661 2.04614417
630 47 -1.31889406 2.21577243
640 47 -1.13414607 2.36432605
650 47 -0.94939808 2.51287968
660 47 -0.76235726 2.78632023
670 47 -0.57451342 3.14318952
680 47 -0.38666958 3.50005881
690 47 -0.35989195 3.89484477
700 47 -0.35173034 4.29447258
710 47 -0.34356874 4.69410040
720 47 -0.41491547 5.11703969
730 47 -0.50705481 5.54533321
740 47 -0.59909510 5.94282105
