2440 427 0.00000000 0.00000000
2450 427 -0.00000000 0.02236068
2460 427 0.00080498 0.04588411
2470 427 0.00080498 0.06824479
2480 427 0.01681523 0.11994269
2490 427 0.03765538 0.17861711
2500 427 0.05769055 0.23612878
2510 427 0.07754684 0.29462432
2520 427 0.09463040 0.37396001
2530 427 0.07709962 0.63808436
2540 427 0.05858498 0.90202982
2550 427 -0.00831817 1.16937411
2560 427 -0.09793978 1.43868614
2570 427 -0.18639863 1.66247182
2580 427 -0.27020645 1.78241451
2590 427 -0.35481927 1.90119444
2600 427 -0.38925471 1.95083515
2610 427 -0.38979137 1.95378676
2620 427 -0.39050691 1.95772224
2630 427 -0.39122245 1.96165772
2360 441 -0.59479408 -0.29516097
2370 441 -0.60221783 -0.28228122
2380 441 -0.60964157 -0.26940147
2390 441 -0.61688643 -0.25750559
2400 441 -0.62431018 -0.24462584
2410 441 -0.63155504 -0.23272996
2420 441 -0.63897879 -0.21985020
2430 441 -0.64738640 -0.20714934
2440 441 -0.65463126 -0.19525346
2450 441 -0.66205501 -0.18237370
2460 441 -0.66929987 -0.17047782
2470 441 -0.67672361 -0.15759807
2480 441 -0.68396847 -0.14570219
2490 441 -0.74532618 -0.07656297
2500 441 -0.88932896 0.07817294
2510 441 -0.97653561 0.21680915
2520 441 -1.01025551 0.34077676
2530 441 -1.04674814 0.47440418
2540 441 -1.09710439 0.64515033
2550 441 -1.14746064 0.81589648
2430 413 -0.18630918 -0.55731758
2440 413 -0.19069188 -0.54998328
2450 413 -0.19391182 -0.54345396
2460 413 -0.19829451 -0.53611966
2470 413 -0.20267720 -0.52878536
2480 413 -0.20607602 -0.52127217
2490 413 -0.31251286 -0.32718147
2500 413 -0.42896728 -0.11153507
2510 413 -0.53379415 0.10724182
2520 413 -0.52127217 0.35142044
2530 413 -0.50892907 0.59658294
2540 413 -0.49926926 0.82296246
2550 413 -0.50204198 0.88852397
2560 413 -0.50597746 0.95489047
2570 413 -0.51885721 1.02572910
2580 413 -0.56661963 1.12071727
2590 413 -0.61536591 1.21552655
2600 413 -0.65937173 1.30103379
2610 413 -0.66160779 1.30774200
2620 413 -0.66384386 1.31445020
2560 442 -1.17169962 0.89889933
2570 442 -1.18502659 0.94424679
2580 442 -1.19835355 0.98959424
2590 442 -1.21185940 1.03592557
2600 442 -1.22518637 1.08127303
2610 442 -1.22956906 1.24513209
2620 442 -1.23144736 1.43993833
2630 442 -1.23377287 1.51981068
2640 442 -1.23645615 1.52338839
2650 442 -1.23815556 1.52714499
2660 442 -1.24083884 1.53072269
2670 442 -1.24352212 1.53430040
2680 442 -1.24522154 1.53805700
2690 442 -1.24790482 1.54163471
2700 442 -1.25058810 1.54521242
2710 442 -1.25228751 1.54896901
2720 442 -1.25497079 1.55254672
2730 442 -1.25765407 1.55612443
2740 442 -1.25935348 1.55988102
2750 442 -1.26203677 1.56345873
2630 414 -0.66590104 1.32017453
2640 414 -0.66912098 1.32670385
2650 414 -0.67135705 1.33341206
2660 414 -0.67341423 1.33913639
2670 414 -0.67565030 1.34584459
2680 414 -0.67788637 1.35255280
2690 414 -0.68110631 1.35908212
2700 414 -0.68316349 1.36480645
2710 414 -0.68539956 1.37151465
2720 414 -0.68763562 1.37822286
2730 414 -0.68969281 1.38394719
2740 414 -0.69192887 1.39065540
2750 414 -0.69514881 1.39718472
2760 414 -0.69738488 1.40389292
2770 414 -0.69944206 1.40961725
2780 414 -0.70167813 1.41632546
2790 414 -0.70391420 1.42303366
2800 414 -0.70695525 1.42857911
2810 414 -0.70820745 1.43546620
2820 414 -0.71142739 1.44199552
