1430 408 0.00000000 0.00000000
1440 408 -0.00000000 0.03124100
1450 408 -0.00000000 0.06248200
1460 408 -0.00064018 0.09449122
1470 408 0.00012804 0.12637240
1480 408 0.00012804 0.15761340
1490 408 0.00012804 0.18885440
1500 408 0.00012804 0.22009540
1510 408 -0.07912679 0.37924524
1520 408 -0.19243943 0.59332290
1530 408 -0.31893987 0.79510902
1540 408 -0.47360842 0.96821489
1550 408 -0.62827697 1.14132075
1560 408 -0.81853977 1.29778181
1570 408 -1.06014537 1.42837943
1580 408 -1.30315936 1.55910509
1590 408 -1.51954169 1.68598963
1600 408 -1.72055959 1.81005737
1610 408 -1.92080927 1.93476529
1620 408 -2.04295646 2.01261172
1440 422 -0.41112642 0.32777441
1450 422 -0.40177973 0.32905478
1460 422 -0.39166482 0.33097533
1470 422 -0.38154990 0.33289589
1480 422 -0.37220321 0.33417626
1490 422 -0.37962935 0.34621172
1500 422 -0.40523672 0.36913032
1510 422 -0.43084410 0.39204893
1520 422 -0.45581129 0.41419931
1530 422 -0.48141867 0.43711791
1540 422 -0.50638586 0.45926829
1550 422 -0.53199324 0.48218689
1560 422 -0.55772865 0.50369709
1570 422 -0.58333602 0.52661569
1580 422 -0.61764991 0.54748570
1590 422 -0.73762047 0.55555202
1600 422 -0.85695084 0.56285012
1610 422 -0.97704943 0.56950804
1620 422 -1.09637980 0.57680614
1630 422 -1.11110404 0.68038798
1530 609 2.17816340 1.54438085
1540 609 2.11414496 1.31660324
1550 609 2.04935830 1.08818544
1560 609 1.94065499 0.95464298
1570 609 1.83323205 0.81956407
1580 609 1.72376051 0.68538142
1590 609 1.51019500 0.60894340
1600 609 1.28382580 0.54005956
1610 609 1.06616310 0.48884481
1620 609 0.85374992 0.44851319
1630 609 0.65951797 0.42853944
1640 609 0.54031563 0.49191769
1650 609 0.42034508 0.55465576
1660 609 0.30050256 0.61880224
1670 609 0.17733108 0.59165842
1680 609 0.05031849 0.47540094
1690 609 -0.07605391 0.35837523
1700 609 -0.09039404 0.21625429
1710 609 -0.10473417 0.07413335
1720 609 -0.06389040 -0.19512821
