2180 459 0.00000000 0.00000000
2190 459 0.00000000 0.32040755
2200 459 -0.00096752 0.64106791
2210 459 -0.00193504 0.96172826
2220 459 -0.00193504 1.28213582
2230 459 0.01550525 1.55457634
2240 459 0.03366026 1.82579654
2250 459 0.05084774 2.09726954
2260 459 0.08959215 2.41168784
2270 459 0.17473683 2.82457449
2280 459 0.26084903 3.23720833
2290 459 0.34696123 3.64984217
2300 459 0.45671208 4.05009803
2310 459 0.56814516 4.44888077
2320 459 0.68054575 4.84741070
2330 459 0.75967622 5.26496952
2340 459 0.82408482 5.68947574
2350 459 0.88874622 6.11494948
2360 459 0.96114775 6.53840080
2370 459 1.04006911 6.95911498
2180 461 0.83088553 -0.32872821
2190 461 0.81578913 0.00906034
2200 461 0.80069274 0.34684888
2210 461 0.78559634 0.68463742
2220 461 0.77049994 1.02242596
2230 461 0.76515674 1.34216249
2240 461 0.76859923 1.64409982
2250 461 0.77300924 1.94578434
2260 461 0.77645173 2.24772167
2270 461 0.77964142 2.54869148
2280 461 0.90678262 2.98781346
2290 461 1.04621441 3.44232834
2300 461 1.18661373 3.89659042
2310 461 1.32074602 4.35455715
2320 461 1.44739097 4.81551382
2330 461 1.57306841 5.27672330
2340 461 1.69899865 5.73890029
2350 461 1.82564360 6.19985697
2360 461 1.89094169 6.63963437
2370 461 1.95623978 7.07941176
2290 462 0.19243304 0.00863276
2300 462 0.19504846 0.34696123
2310 462 0.19766388 0.68528971
2320 462 0.20027930 1.02361819
2330 462 0.20192720 1.36219947
2340 462 0.22452030 1.68600582
2350 462 0.29308298 1.97609574
2360 462 0.36261317 2.26593285
2370 462 0.43117585 2.55602277
2380 462 0.47533524 2.94654415
2390 462 0.50903607 3.38010758
2400 462 0.54248409 3.81270350
2410 462 0.62138048 4.27683426
2420 462 0.73032298 4.76102072
2430 462 0.83926548 5.24520719
2440 462 0.91673245 5.71177859
2450 462 0.98687748 6.17406170
2460 462 1.05676972 6.63537729
2470 462 1.11319473 7.08470814
2480 462 1.16814662 7.53235677
2310 469 0.67700963 -0.17792964
2320 469 0.70626300 0.17927792
2330 469 0.73648389 0.53623268
2340 469 0.76573725 0.89344024
2350 469 0.77374893 1.26033234
2360 469 0.78007836 1.62869756
2370 469 0.78544029 1.99731559
2380 469 0.95626959 2.48496951
2390 469 1.14422708 2.98675231
2400 469 1.33340490 3.48924983
2410 469 1.41679244 4.03385934
2420 469 1.48907538 4.58343752
2430 469 1.56135832 5.13301570
2440 469 1.63621923 5.60543590
2450 469 1.71208199 6.05795644
2460 469 1.78794474 6.51047699
2470 469 1.88903162 6.91713095
2480 469 1.99369208 7.31768330
2490 469 2.09860533 7.71920317
2500 469 2.16924662 8.15965159
