1560 183 0.00000000 0.00000000
1570 183 0.00000000 0.22100000
1580 183 0.00099548 0.44209502
1590 183 0.00199095 0.66319005
1600 183 0.00298643 0.88428507
1610 183 0.00100000 1.08400000
1620 183 -0.00164706 1.26958824
1630 183 -0.00519457 1.45408597
1640 183 -0.00784163 1.63967421
1650 183 -0.01148416 1.82516742
1660 183 -0.07713122 2.00775566
1670 183 -0.17084163 2.18967421
1680 183 -0.26355656 2.37168778
1690 183 -0.35726697 2.55360633
1700 183 -0.32342534 2.79893213
1710 183 -0.20412217 3.08556561
1720 183 -0.08491403 3.37319457
1730 183 0.03429412 3.66082353
1740 183 0.29506335 3.89666968
1750 183 0.55673303 4.13360633
1460 124 -2.41830769 -0.60653846
1470 124 -2.11483258 -0.34451584
1480 124 -1.87448869 -0.13673756
1490 124 -1.77761086 -0.05717195
1500 124 -1.68172851 0.02229864
1510 124 -1.56574661 0.10167873
1520 124 -1.40558371 0.18125792
1530 124 -1.24532579 0.25984163
1540 124 -1.09768326 0.36534842
1550 124 -0.97811765 0.53347059
1560 124 -0.85964253 0.70249321
1570 124 -0.74007692 0.87061538
1580 124 -0.68522172 1.05365611
1590 124 -0.72560633 1.25573303
1600 124 -0.76708145 1.45871041
1610 124 -0.80855656 1.66168778
1620 124 -0.84993665 1.86366968
1630 124 -0.77251131 2.02073756
1640 124 -0.69598643 2.17671493
1650 124 -0.61955656 2.33368778
