1030 406 0.00000000 0.00000000
1040 406 0.00000000 0.51709670
1050 406 -0.01520025 0.78585301
1060 406 -0.03083949 1.02559540
1070 406 -0.11827188 1.25394727
1080 406 -0.22362355 1.47795179
1090 406 -0.33816112 1.65977078
1100 406 -0.48836513 1.66886773
1110 406 -0.63856915 1.67796467
1120 406 -0.78877316 1.68706162
1130 406 -1.12074395 1.63063117
1140 406 -1.53119715 1.54667782
1150 406 -1.89254929 1.50968280
1160 406 -2.20485838 1.52264556
1170 406 -2.54727789 1.54102704
1180 406 -3.01319655 1.58402480
1190 406 -3.44844396 1.59260927
1200 406 -3.76094837 1.46054113
1210 406 -4.07345278 1.32847298
1220 406 -4.36520865 1.00276988
1040 420 0.93498372 0.32014128
1050 420 1.03923502 0.82525183
1060 420 1.19385020 1.26032326
1070 420 1.27611141 1.71299874
1080 420 1.28503817 2.18225913
1090 420 1.29394559 2.65251933
1100 420 1.07899354 2.75138092
1110 420 0.83985838 2.80776689
1120 420 0.59970408 2.86513333
1130 420 0.21047320 2.82159796
1140 420 -0.32983386 2.67712208
1150 420 -0.82443960 2.54853298
1160 420 -1.21374203 2.45698724
1170 420 -1.60404426 2.36542216
1180 420 -2.02670215 2.24022508
1190 420 -2.45722317 2.10787459
1200 420 -2.88168730 1.97264070
1210 420 -3.24973644 1.81649389
1220 420 -3.61780493 1.66134689
1230 420 -3.89919330 1.47186976
