3960 637 0.00000000 0.00000000
3970 637 -0.00000000 0.14807093
3980 637 -0.00000000 0.29614186
3990 637 0.03332862 0.44242310
4000 637 0.14509938 0.58779262
4010 637 0.25666753 0.73218289
4020 637 0.41645582 0.93195201
4030 637 0.64796649 1.21185165
4040 637 0.87849790 1.49195390
4050 637 1.10967089 1.63202191
4060 637 1.33962825 1.73660017
4070 637 1.56860635 1.84138103
4080 637 1.84198885 1.92880535
4090 637 2.14451278 2.00407333
4100 637 2.44703672 2.07934131
4110 637 2.72828706 2.14062951
4120 637 2.99690833 2.19023411
4130 637 3.26573220 2.24081798
4140 637 3.55174377 2.28069752
4150 637 3.84987792 2.31500540
3890 627 -0.08239295 -0.00337676
3900 627 -0.03842753 0.17950857
3910 627 0.00651715 0.36219128
3920 627 0.05048256 0.54507661
3930 627 0.09096992 0.73582979
3940 627 0.13088322 0.92874409
3950 627 0.17059392 1.12067913
3960 627 0.21807117 1.30079551
3970 627 0.27621897 1.46338651
3980 627 0.33416418 1.62499825
3990 627 0.39231198 1.78758924
4000 627 0.45295860 1.85367244
4010 627 0.51471954 1.91033447
4020 627 0.57529861 1.96621985
4030 627 0.63685695 2.02190263
4040 627 0.73110232 2.09737321
4050 627 0.82534770 2.17284380
4060 627 0.91979567 2.24929365
4070 627 1.01404105 2.32476424
4080 627 1.14475543 2.39881658
3900 632 -0.49689024 0.27844764
3910 632 -0.44657652 0.47227366
3920 632 -0.39626279 0.66609969
3930 632 -0.34692833 0.86012832
3940 632 -0.29661460 1.05395435
3950 632 -0.24464627 1.23109919
3960 632 -0.19348835 1.40432698
3970 632 -0.14212783 1.57853403
3980 632 -0.08999066 1.75155921
3990 632 -0.02093591 1.87308881
4000 632 0.05659450 1.97142006
4010 632 0.13432752 2.07073058
4020 632 0.20952796 2.17260743
4030 632 0.28145295 2.28333139
4040 632 0.35317534 2.39307609
4050 632 0.42510032 2.50380005
4060 632 0.54041668 2.62188535
4070 632 0.66555941 2.74304351
4080 632 0.79049953 2.86322240
4090 632 0.93900944 2.95912238
4090 324 0.68814993 4.94003114
4100 324 0.77695872 4.63879037
4110 324 0.86556491 4.33657035
4120 324 0.95437370 4.03532958
4130 324 1.04757228 3.74543473
4140 324 1.16106518 3.49933646
4150 324 1.27455809 3.25323818
4160 324 1.38825360 3.00811917
4170 324 1.59329047 2.78494910
4180 324 1.82209973 2.56809357
4190 324 2.05070639 2.35025877
4200 324 2.25091449 2.16791373
4210 324 2.42113697 2.01832326
4220 324 2.59135944 1.86873279
4230 324 2.77002382 1.72045925
4240 324 2.96577460 1.57579885
4250 324 3.16172799 1.43211771
4260 324 3.35768137 1.28843657
4270 324 3.53502881 1.14860494
4280 324 3.67381365 1.01981531
