5130 528 0.00000000 0.00000000
5140 528 -0.00000000 0.32856658
5150 528 -0.00068784 0.65589750
5160 528 -0.01428021 0.99203028
5170 528 -0.04077712 1.33696493
5180 528 -0.06796187 1.68066391
5190 528 -0.13119411 1.95378968
5200 528 -0.20901091 2.19780719
5210 528 -0.28751554 2.44058903
5220 528 -0.42289145 2.67861080
5230 528 -0.56499964 2.91471515
5240 528 -0.70641998 3.15205517
5250 528 -0.72701855 3.48723229
5260 528 -0.73318472 3.83379827
5270 528 -0.74416576 4.17171456
5280 528 -0.76808785 4.47475207
5290 528 -0.79324561 4.77847741
5300 528 -0.67386037 5.12960868
5310 528 -0.51847634 5.49307230
5320 528 -0.40010764 5.77840868
5070 525 -0.84364635 -0.63019190
5080 525 -0.57945637 -0.41145998
5090 525 -0.31650206 -0.19204022
5100 525 -0.05231208 0.02669170
5110 525 0.17546520 0.23089384
5120 525 0.32011168 0.40206158
5130 525 0.46407032 0.57199365
5140 525 0.55119421 0.78084630
5150 525 0.59946449 1.01294537
5160 525 0.64746085 1.24600620
5170 525 0.58823389 1.54522713
5180 525 0.52873301 1.84540982
5190 525 0.46730254 2.13776456
5200 525 0.39482408 2.35938783
5210 525 0.32330738 2.58128502
5220 525 0.23270169 2.80814314
5230 525 0.10048496 3.04602491
5240 525 -0.03049610 3.28321885
5250 525 -0.07714114 3.51635880
5260 525 -0.06568532 3.74629089
5120 526 -1.05789821 -0.42919155
5130 526 -1.07343844 0.04155626
5140 526 -1.08925258 0.51326583
5150 526 -1.09146827 0.98468930
5160 526 -1.08008549 1.45582668
5170 526 -1.06870271 1.92696407
5180 526 -1.01228797 2.37141584
5190 526 -0.92594322 2.79839778
5200 526 -0.83863671 3.22565365
5210 526 -0.73784131 3.68586478
5220 526 -0.62163351 4.17957902
5230 526 -0.50569963 4.67425501
5240 526 -0.39813544 5.18006421
5250 526 -0.29606176 5.69054825
5260 526 -0.19302632 6.20130622
5270 526 -0.09632751 6.69050387
5280 526 -0.00197220 7.16967615
5290 526 0.09307094 7.65008410
5300 526 0.18742624 8.12925639
5310 526 0.28178155 8.60842867
5120 527 -2.07755150 -0.78822380
5130 527 -1.95843409 -0.26456738
5140 527 -1.83959060 0.26005079
5150 527 -1.74273961 0.76696783
5160 527 -1.69413455 1.23518952
5170 527 -1.64649123 1.70313729
5180 527 -1.59318697 2.20596992
5190 527 -1.53918270 2.72459843
5200 527 -1.48394275 3.24253912
5210 527 -1.34423286 3.75230489
5220 527 -1.20452298 4.26207067
5230 527 -1.07661587 4.78407141
5240 527 -0.97560743 5.33480301
5250 527 -0.87556074 5.88526069
5260 527 -0.80358750 6.37365485
5270 527 -0.74482316 6.83541209
5280 527 -0.68605881 7.29716934
5290 527 -0.57112320 7.74789076
5300 527 -0.43297769 8.19378516
5310 527 -0.29387042 8.63995348
