3270 670 0.00000000 0.00000000
3280 670 0.00000000 0.32896352
3290 670 0.00000000 0.65792705
3300 670 -0.00614962 0.91734791
3310 670 -0.01175510 1.17592977
3320 670 -0.08023382 1.48551120
3330 670 -0.15642160 1.79962810
3340 670 -0.20942139 1.99529113
3350 670 -0.25954245 2.17732651
3360 670 -0.26673474 2.44203063
3370 670 -0.26174938 2.72655153
3380 670 -0.22069012 2.99036802
3390 670 -0.12571303 3.21883104
3400 670 -0.03291246 3.45065005
3410 670 0.05276877 3.68977079
3420 670 0.13845000 3.92889152
3430 670 0.20333561 4.12472782
3440 670 0.25964885 4.30070174
3450 670 0.31754888 4.47055340
3460 670 0.38451680 4.61172103
3250 668 0.14162360 0.29804824
3260 668 0.20635723 0.59152151
3270 668 0.27163498 0.88415578
3280 668 0.30029165 1.15423131
3290 668 0.24391458 1.36796626
3300 668 0.18837651 1.58224533
3310 668 0.12864648 1.83790590
3320 668 0.06925692 2.09855485
3330 668 0.04872881 2.31766121
3340 668 0.11818940 2.43660753
3350 668 0.18848898 2.55609798
3360 668 0.26729407 2.71209400
3370 668 0.35056774 2.89244227
3380 668 0.43438555 3.07195153
3390 668 0.52291816 3.22948875
3400 668 0.62611501 3.29641715
3410 668 0.72931186 3.36334554
3420 668 0.83058145 3.43140780
3430 668 0.91031065 3.50695417
3440 668 0.98865672 3.58279540
3270 669 0.92706327 0.81817278
3280 669 0.99508297 1.08636361
3290 669 1.06448580 1.35425957
3300 669 1.16572195 1.59512518
3310 669 1.27605029 1.83116047
3320 669 1.37635624 2.06427142
3330 669 1.43997424 2.29146682
3340 669 1.50329737 2.51727909
3350 669 1.50294779 2.70894776
3360 669 1.49504721 2.89571922
3370 669 1.48660251 3.08332969
3380 669 1.49981066 3.25041812
3390 669 1.51465121 3.41498956
3400 669 1.47788422 3.57827210
3410 669 1.42778444 3.74005904
3420 669 1.37768466 3.90184597
3430 669 1.39329733 4.08360472
3440 669 1.43759404 4.27443135
3450 669 1.48105174 4.46471385
3460 669 1.52450945 4.65499634
3390 291 0.22607978 0.52803119
3400 291 0.13653793 0.86090092
3410 291 0.04754023 1.19293165
3420 291 -0.05030345 1.48346842
3430 291 -0.16493318 1.67491822
3440 291 -0.28094604 1.86666288
3450 291 -0.39113151 2.05861122
3460 291 -0.45444856 2.24996678
3470 291 -0.51692661 2.44186647
3480 291 -0.55725327 2.60879988
3490 291 -0.54200842 2.71761437
3500 291 -0.52592457 2.82697300
3510 291 -0.51067972 2.93578750
3520 291 -0.52226459 2.96283913
3530 291 -0.53355460 2.99127389
3540 291 -0.54430047 3.01886966
3550 291 -0.55588534 3.04592129
3560 291 -0.56577093 3.05381274
3570 291 -0.57520359 3.05365467
3580 291 -0.58493111 3.05211346
3440 620 0.85230726 4.14037394
3450 620 0.75073977 4.02682639
3460 620 0.64971641 3.91243985
3470 620 0.54191419 3.81034342
3480 620 0.42842136 3.71885912
3490 620 0.31576753 3.62791894
3500 620 0.23023221 3.53192046
3510 620 0.15660095 3.43410718
3520 620 0.09614440 3.34722217
3530 620 0.08335271 3.30078541
3540 620 0.07056101 3.25434865
3550 620 0.05722519 3.20875089
3560 620 0.04590783 3.16922979
3570 620 0.03851491 3.15489994
3580 620 0.03250512 3.14027521
3590 620 0.02565634 3.12510636
3600 620 0.01910242 3.11132064
3610 620 0.01225364 3.09615178
3620 620 0.00569972 3.08236606
3630 620 -0.00085420 3.06858033
