1170 400 0.00000000 0.00000000
1180 400 -0.00000000 0.30782463
1190 400 0.06679128 0.44515607
1200 400 0.13369301 0.58389741
1210 400 0.20741031 0.71004716
1220 400 0.28567565 0.83087570
1230 400 0.36394099 0.95170424
1240 400 0.55005996 1.10025635
1250 400 0.76297989 1.25592941
1260 400 1.02794895 1.47845222
1270 400 1.37104691 1.80195460
1280 400 1.71962201 2.08672714
1290 400 2.07934631 2.27842070
1300 400 2.51972044 2.35882363
1310 400 3.07819428 2.27180655
1320 400 3.60099196 2.19113074
1330 400 4.06772525 2.11910272
1340 400 4.53521871 2.04772441
1350 400 4.78945438 2.04270207
1360 400 4.72320887 2.13867880
1030 380 -0.88163187 -1.09555887
1040 380 -0.52581888 -0.90852381
1050 380 -0.17945283 -0.65194914
1060 380 0.16615305 -0.39602420
1070 380 0.34139569 -0.11469518
1080 380 0.49701027 0.16959007
1090 380 0.66912775 0.46534938
1100 380 0.86611004 0.77972969
1110 380 1.06298188 1.09270010
1120 380 1.21395746 1.31776982
1130 380 1.33480549 1.48420224
1140 380 1.50570800 1.61054042
1150 380 1.71074033 1.71079880
1160 380 1.95689347 1.81989339
1170 380 2.24633750 1.93836344
1180 380 2.52504165 2.05554705
1190 380 2.78085614 2.17026821
1200 380 3.15403616 2.28927104
1210 380 3.64306137 2.41125608
1220 380 4.13284674 2.53389084
