2210 457 0.00000000 0.00000000
2220 457 0.00000000 0.09798469
2230 457 0.04406811 0.36224025
2240 457 0.13075512 0.79519564
2250 457 0.19608165 1.22117034
2260 457 0.21165551 1.63392868
2270 457 0.22722937 2.04668703
2280 457 0.21528873 2.41585694
2290 457 0.19653070 2.77437212
2300 457 0.17750732 3.12367158
2310 457 0.15316678 3.38251814
2320 457 0.12810164 3.64257916
2330 457 0.10305691 3.91088638
2340 457 0.07942057 4.25825696
2350 457 0.05505962 4.60684202
2360 457 0.03166821 4.95518215
2370 457 0.03859787 5.20716028
2380 457 0.05395741 5.43534899
2390 457 0.06931695 5.66353769
2400 457 0.10474085 5.76701304
2180 451 0.04495600 2.09273504
2190 451 0.06019308 2.46741602
2200 451 0.06277511 2.82466569
2210 451 0.06608175 3.18070090
2220 451 0.06963333 3.53770564
2230 451 0.07787951 3.92962400
2240 451 0.08515616 4.32178730
2250 451 0.08309461 4.66473882
2260 451 0.05601895 4.89642807
2270 451 0.02991284 5.12787239
2280 451 -0.01664546 5.32735253
2290 451 -0.09145306 5.48033560
2300 451 -0.16650560 5.63234914
2310 451 -0.16683218 5.79436425
2320 451 -0.14920698 5.95803267
2330 451 -0.13158178 6.12170109
2340 451 -0.08125759 6.26782596
2350 451 -0.01688019 6.40833770
2360 451 0.04073085 6.55881018
2370 451 0.06739828 6.75010537
2210 454 -0.42588285 0.20041906
2220 454 -0.40770654 0.39076512
2230 454 -0.35298371 0.64820329
2240 454 -0.29826087 0.90564146
2250 454 -0.26580682 1.27906713
2260 454 -0.24031305 1.68209947
2270 454 -0.23500610 2.06238336
2280 454 -0.31601875 2.35411260
2290 454 -0.39606186 2.64559691
2300 454 -0.39601084 2.96016645
2310 454 -0.37678334 3.28123701
2320 454 -0.37476262 3.60768596
2330 454 -0.39818464 3.94365680
2340 454 -0.42160667 4.27962765
2350 454 -0.40625733 4.60167795
2360 454 -0.38702984 4.92274851
2370 454 -0.36906785 5.22247900
2380 454 -0.36467941 5.32966921
2390 454 -0.36029097 5.43685943
2400 454 -0.35687207 5.54429457
2390 216 0.70289550 2.16580768
2400 216 0.52869483 2.14174270
2410 216 0.53016444 2.14755993
2420 216 0.53163406 2.15337717
2430 216 0.53310368 2.15919440
2440 216 0.53457329 2.16501164
2450 216 0.53604291 2.17082887
2460 216 0.53751253 2.17664611
2470 216 0.53898215 2.18246334
2480 216 0.54045176 2.18828058
2490 216 0.54192138 2.19409781
2500 216 0.54339100 2.19991505
2510 216 0.54486062 2.20573228
2520 216 0.54633023 2.21154952
2530 216 0.54779985 2.21736675
2540 216 0.54926947 2.22318399
2550 216 0.55073909 2.22900122
2560 216 0.55220870 2.23481846
2570 216 0.55367832 2.24063570
2580 216 0.55539287 2.24742247
