720 158 0.00000000 0.00000000
730 158 0.00000000 0.31553922
740 158 -0.00024403 0.63010867
750 158 -0.01044878 0.93377932
760 158 -0.03741532 1.22001315
770 158 -0.06365611 1.50503319
780 158 -0.09062265 1.79126702
790 158 -0.07092621 2.14000338
800 158 -0.04758204 2.49504007
810 158 -0.02399385 2.85104653
820 158 0.15435799 3.22379258
830 158 0.34896454 3.59966662
840 158 0.65095236 3.93511461
850 158 0.99899467 4.25278669
860 158 1.32134129 4.57898703
870 158 1.60756878 4.91736969
880 158 1.89258248 5.25502660
890 158 1.97415078 5.62016029
900 158 1.96890896 5.99682662
910 158 1.89481992 6.39494195
780 161 0.18317850 -0.11621376
790 161 0.15075147 0.24666981
800 161 0.11953823 0.61027913
810 161 0.16905981 0.95460399
820 161 0.23894652 1.29380430
830 161 0.30786347 1.63324863
840 161 0.43088146 1.98279630
850 161 0.57767462 2.33667307
860 161 0.72446778 2.69054984
870 161 0.92650289 3.16560964
880 161 1.15287095 3.69229219
890 161 1.37826923 4.21921876
900 161 1.64337732 4.70315543
910 161 1.91817042 5.17640563
920 161 2.19296352 5.64965583
930 161 2.49689404 6.14444694
940 161 2.80762562 6.64577606
950 161 3.02866945 7.17998540
960 161 3.11736841 7.76605834
970 161 3.20582334 8.35116152
830 379 -0.57784576 1.96955230
840 379 -0.51626546 2.11182622
850 379 -0.46354935 2.32541932
860 379 -0.41347316 2.55720667
870 379 -0.36267124 2.78778022
880 379 -0.19373186 3.03296686
890 379 0.05477291 3.28700501
900 379 0.30352170 3.54201293
910 379 0.55227049 3.79702085
920 379 0.80150733 4.05396830
930 379 1.05050015 4.30994599
940 379 1.23307967 4.59294726
950 379 1.41565920 4.87594853
960 379 1.59823872 5.15894980
970 379 1.79884452 5.49309843
980 379 2.00285403 5.83257762
990 379 2.22864212 6.13976606
1000 379 2.48710128 6.40057991
1010 379 2.74653020 6.66114974
1020 379 2.97086047 6.96664267
850 162 -0.54589410 0.03527929
860 162 -0.52910697 0.38474773
870 162 -0.51207580 0.73518594
880 162 -0.49528867 1.08465439
890 162 -0.45677364 1.36884727
900 162 -0.40328743 1.61008827
910 162 -0.34907546 1.85011549
920 162 -0.29607096 2.09354006
930 162 -0.24837800 2.35273763
940 162 -0.20068504 2.61193521
950 162 -0.12575616 2.91790034
960 162 0.01361162 3.33242250
970 162 0.15297940 3.74694466
980 162 0.27973385 4.16051607
990 162 0.39314922 4.57435052
1000 162 0.50559483 4.98842900
1010 162 0.49317166 5.42671049
1020 162 0.44850209 5.87207509
1030 162 0.40383252 6.31743969
1040 162 0.36904129 6.72010279
860 164 0.18209464 -0.19018555
870 164 0.20128401 0.14424197
880 164 0.21974764 0.47988329
890 164 0.24039484 0.81600632
900 164 0.27584526 1.15768493
910 164 0.31153972 1.50033330
920 164 0.34602038 1.84225593
930 164 0.43753039 2.20591912
940 164 0.55306595 2.57900428
950 164 0.66860151 2.95208943
960 164 0.78609562 3.33705584
970 164 0.90605535 3.74821233
980 164 1.02601508 4.15936883
990 164 1.13671448 4.54192032
1000 164 1.22548315 4.85780815
1010 164 1.31522160 5.17345196
1020 164 1.17183848 5.46010729
1030 164 0.96999352 5.73981895
1040 164 0.81260263 6.06505902
1050 164 0.66079899 6.39611137
880 166 0.72348217 -0.31713649
890 166 0.88613390 -0.06005593
900 166 1.04999942 0.19775038
910 166 1.21265115 0.45483094
920 166 1.37530288 0.71191150
930 166 1.54185904 0.98450836
940 166 1.70744543 1.25734924
950 166 1.87278779 1.52922036
960 166 2.03624132 1.83456433
970 166 2.18898620 2.27356206
980 166 2.34100534 2.71377358
990 166 2.49375021 3.15277130
1000 166 2.62596833 3.64952413
1010 166 2.74900850 4.17127226
1020 166 2.87326247 4.69374614
1030 166 2.93687104 5.20879463
1040 166 2.96142583 5.72026512
1050 166 2.98598062 6.23173561
1060 166 3.00528092 6.79608701
1070 166 3.02482524 7.36140817
