3630 513 0.00000000 0.00000000
3640 513 0.00000000 0.10028460
3650 513 -0.00000000 0.20056919
3660 513 -0.00028918 0.29989651
3670 513 0.01408990 0.40628374
3680 513 0.04380533 0.51848442
3690 513 0.07227431 0.63001700
3700 513 0.10103247 0.74250686
3710 513 0.13045872 0.85375027
3720 513 0.19554349 1.07957758
3730 513 0.31497360 1.47493242
3740 513 0.43469289 1.87124453
3750 513 0.53128798 2.14605244
3760 513 0.61432167 2.34138653
3770 513 0.69610891 2.53605252
3780 513 0.75420357 2.76294679
3790 513 0.77713830 3.03597975
3800 513 0.79940493 3.31025917
3810 513 0.83301927 3.50798644
3820 513 0.87798131 3.62916159
3650 514 -0.70653922 0.22701393
3660 514 -0.64010828 0.40542618
3670 514 -0.57396652 0.58288115
3680 514 -0.50782476 0.76033612
3690 514 -0.44366734 0.95197074
3700 514 -0.38452566 1.17541483
3710 514 -0.32442670 1.39856974
3720 514 -0.26183483 1.62306085
3730 514 -0.18381687 1.85020441
3740 514 -0.10646700 2.07859442
3750 514 -0.04392499 2.32712711
3760 514 -0.00478638 2.60884536
3770 514 0.03530951 2.89027442
3780 514 0.07854646 3.16135295
3790 514 0.15120966 3.34310569
3800 514 0.22416205 3.52581570
3810 514 0.26481635 3.69843444
3820 514 0.23014502 3.84993328
3830 514 0.19576287 4.00238940
3840 514 0.14938486 4.14279980
