2960 568 0.00000000 0.00000000
2970 568 0.00000000 0.31045934
2980 568 0.06986100 0.60254912
2990 568 0.13217512 0.88259546
3000 568 0.18508382 1.14935503
3010 568 0.26030784 1.42297218
3020 568 0.38387958 1.71279113
3030 568 0.50745132 2.00261009
3040 568 0.58053013 2.22152442
3050 568 0.64754374 2.43261487
3060 568 0.65006903 2.71517039
3070 568 0.60861433 3.04255626
3080 568 0.56703400 3.37093421
3090 568 0.56123292 3.66352325
3100 568 0.56574237 3.94633001
3110 568 0.58524573 4.23809125
3120 568 0.62742838 4.54179608
3130 568 0.66849334 4.84636737
3140 568 0.70811206 5.20216275
3150 568 0.74695128 5.58003511
2920 564 -0.56695992 -0.54554326
2930 564 -0.62310254 -0.34097541
2940 564 -0.63603499 -0.08759279
2950 564 -0.64884182 0.16479775
2960 564 -0.55222047 0.47640377
2970 564 -0.34703740 0.84610759
2980 564 -0.19387080 1.24450436
2990 564 -0.11990942 1.68730309
3000 564 -0.04582243 2.12910974
3010 564 0.11998673 2.30029480
3020 564 0.28492942 2.47036216
3030 564 0.43487821 2.63147505
3040 564 0.54802024 2.77280757
3050 564 0.66004457 2.91500655
3060 564 0.77318660 3.05633906
3070 564 0.88647680 3.26018541
3080 564 0.99887477 3.47903854
3090 564 1.11226482 3.69801730
3100 564 1.11041595 4.07880147
3110 564 1.09514181 4.47804538
