1260 86 0.00000000 0.00000000
1270 86 -0.00000000 0.44050085
1280 86 -0.01222699 0.90644774
1290 86 -0.03577746 1.39988606
1300 86 -0.05928025 1.89232551
1310 86 -0.10632216 2.33258346
1320 86 -0.17072158 2.73797428
1330 86 -0.23512100 3.14336509
1340 86 -0.29337741 3.48297397
1350 86 -0.34296642 3.72488497
1360 86 -0.39255543 3.96679597
1370 86 -0.40517969 4.14739948
1380 86 -0.41342712 4.32020277
1390 86 -0.42167455 4.49300607
1400 86 -0.46207402 4.64725549
1410 86 -0.53457785 4.78195217
1420 86 -0.60708169 4.91664884
1430 86 -0.65814402 5.14747700
1440 86 -0.69423021 5.44209164
1450 86 -0.73026874 5.73570742
1120 68 -1.88392598 2.76433064
1130 68 -1.90034139 2.81460523
1140 68 -1.91580561 2.86592636
1150 68 -1.93465006 2.94611916
1160 68 -1.95539917 3.04524270
1170 68 -1.97719482 3.14531742
1180 68 -1.99794393 3.24444095
1190 68 -2.02250006 3.36040213
1200 68 -2.06128546 3.54376160
1210 68 -2.10002318 3.72612220
1220 68 -2.09557370 3.92656222
1230 68 -2.08042277 4.13351982
1240 68 -2.06622302 4.33943089
1250 68 -2.05102441 4.54538963
1260 68 -2.08223888 4.65402506
1270 68 -2.11896980 4.75238582
1280 68 -2.15465418 4.84979539
1290 68 -2.18914900 4.94325719
1300 68 -2.21065407 4.99529114
1310 68 -2.23215914 5.04732509
1150 71 -1.42461473 2.99949477
1160 71 -1.43889166 3.06789191
1170 71 -1.45416745 3.13624139
1180 71 -1.46944324 3.20459086
1190 71 -1.48467136 3.27194146
1200 71 -1.48963844 3.45991840
1210 71 -1.49299144 3.67700538
1220 71 -1.49534558 3.89414003
1230 71 -1.50901638 4.07569473
1240 71 -1.52962928 4.23489306
1250 71 -1.55019451 4.39309253
1260 71 -1.57075973 4.55129200
1270 71 -1.57538175 4.62715791
1280 71 -1.57857584 4.69408173
1290 71 -1.58176993 4.76100555
1300 71 -1.58496402 4.82792938
1310 71 -1.58815811 4.89485320
1320 71 -1.59130453 4.96077815
1330 71 -1.62651218 5.04819910
1340 71 -1.68440991 5.14955418
1150 74 -0.93280410 3.56057882
1160 74 -0.93989603 3.60429042
1170 74 -0.94703563 3.64900089
1180 74 -0.95417523 3.69371136
1190 74 -0.96126715 3.73742297
1200 74 -0.96740789 3.78218111
1210 74 -0.97454749 3.82689158
1220 74 -0.98163942 3.87060319
1230 74 -0.98877902 3.91531366
1240 74 -1.00795946 4.02352230
1250 74 -1.04669945 4.22690670
1260 74 -1.08448826 4.43133763
1270 74 -1.12322825 4.63472203
1280 74 -1.15544839 4.80638118
1290 74 -1.16439503 4.84700085
1300 74 -1.17338933 4.88861938
1310 74 -1.18233597 4.92923905
1320 74 -1.19232914 4.97080992
1330 74 -1.20127577 5.01142959
1340 74 -1.21027008 5.05304812
1280 88 -0.93173713 1.16790921
1290 88 -0.87413679 1.61816713
1300 88 -0.86781217 2.07298578
1310 88 -0.86243874 2.52675789
1320 88 -0.87827072 2.90042799
1330 88 -0.90346931 3.23961235
1340 88 -0.92819117 3.56880809
1350 88 -0.94981201 3.81205393
1360 88 -0.97048167 4.05634630
1370 88 -0.99490387 4.25340608
1380 88 -1.02293786 4.42126047
1390 88 -1.04792760 4.58825901
1400 88 -1.06093098 4.75582963
1410 88 -1.07498090 4.92435144
1420 88 -1.08798428 5.09192205
1430 88 -1.10098766 5.25949267
1440 88 -1.15171855 5.50435259
1450 88 -1.22690342 5.80010457
1460 88 -1.30204062 6.09485769
1470 88 -1.37722549 6.39060967
1350 403 1.03228177 1.54997430
1360 403 1.01588226 1.89358317
1370 403 0.99948274 2.23719204
1380 403 0.95031144 2.57523225
1390 403 0.82460908 2.90161074
1400 403 0.69890671 3.22798922
1410 403 0.67413718 3.55818382
1420 403 0.69236643 3.88942949
1430 403 0.71054800 4.22167402
1440 403 0.62556973 4.47090623
1450 403 0.52998535 4.71162313
1460 403 0.43344979 4.95129350
1470 403 0.26095069 5.20936337
1480 403 0.06928250 5.47052291
1490 403 -0.12243336 5.73268132
1500 403 -0.20769994 6.00893050
1510 403 -0.29201533 6.28622622
1520 403 -0.37728190 6.56247540
1530 403 -0.48447579 6.83667691
1540 403 -0.59162201 7.10987956
1410 98 -2.00192803 0.05562532
1420 98 -2.02552616 0.55006250
1430 98 -2.04912430 1.04449968
1440 98 -2.03024579 1.52995164
1450 98 -1.94862734 2.00137865
1460 98 -1.86700888 2.47280566
1470 98 -1.78515206 2.93923836
1480 98 -1.70343598 3.38764385
1490 98 -1.62267110 3.83500280
1500 98 -1.56226032 4.24735161
1510 98 -1.53328421 4.60513979
1520 98 -1.50430810 4.96292798
1530 98 -1.48293698 5.27029628
1540 98 -1.46294382 5.56458402
1550 98 -1.44295067 5.85887176
1560 98 -1.43389734 6.15163624
1570 98 -1.42484401 6.44440071
1580 98 -1.41579068 6.73716519
1590 98 -1.39665791 7.07045626
1600 98 -1.37676465 7.40878931
