1460 124 0.00000000 0.00000000
1470 124 -0.00000000 0.40094015
1480 124 -0.00019953 0.71864592
1490 124 0.00288821 0.84397136
1500 124 0.00539731 0.96848122
1510 124 0.02111038 1.10814546
1520 124 0.06554594 1.28138079
1530 124 0.11079709 1.45403748
1540 124 0.12742550 1.63474027
1550 124 0.07831094 1.83511182
1560 124 0.02780215 2.03524643
1570 124 -0.02131241 2.23561799
1580 124 -0.12400853 2.39675925
1590 124 -0.30335451 2.49825320
1600 124 -0.48409470 2.59951021
1610 124 -0.66483490 2.70076722
1620 124 -0.84475951 2.80144559
1630 124 -0.91304651 2.96269659
1640 124 -0.98109657 3.12255337
1650 124 -1.04996221 3.28298878
1560 183 1.12131949 2.22682366
1570 183 0.95404265 2.37125170
1580 183 0.78734445 2.51649532
1590 183 0.62064626 2.66173895
1600 183 0.45394806 2.80698257
1610 183 0.30148390 2.93599684
1620 183 0.15928063 3.05527899
1630 183 0.01731431 3.17316691
1640 183 -0.12488897 3.29244905
1650 183 -0.26767088 3.41091561
1660 183 -0.44877522 3.48055194
1670 183 -0.64771264 3.52850922
1680 183 -0.84607143 3.57728209
1690 183 -1.04500885 3.62523937
1700 183 -1.20858189 3.81117984
1710 183 -1.34757022 4.08880233
1720 183 -1.48737413 4.36700346
1730 183 -1.62717804 4.64520458
1740 183 -1.63527401 4.99671341
1750 183 -1.64360693 5.34961646
