3600 585 0.00000000 0.00000000
3610 585 0.00000000 0.23535718
3620 585 0.05142397 0.34510951
3630 585 0.10284794 0.45486185
3640 585 0.20522425 0.61611039
3650 585 0.34318478 0.81128183
3660 585 0.48036776 1.00582444
3670 585 0.62442116 1.17119862
3680 585 0.78087698 1.26557858
3690 585 0.93748151 1.36136491
3700 585 1.06981230 1.46967263
3710 585 1.16813944 1.59935213
3720 585 1.26583776 1.72980917
3730 585 1.29798465 1.85226560
3740 585 1.33090907 1.97535087
3750 585 1.36305596 2.09780730
3760 585 1.40301225 2.22014901
3770 585 1.45155549 2.34300484
3780 585 1.50009873 2.46586066
3790 585 1.56559918 2.60114441
3430 286 -2.51210527 1.15017526
3440 286 -2.21882761 1.30119254
3450 286 -1.91838213 1.42585413
3460 286 -1.61653028 1.55036701
3470 286 -1.31609754 1.64801009
3480 286 -1.01789971 1.63709902
3490 286 -0.71892433 1.62681677
3500 286 -0.48890797 1.60320585
3510 286 -0.36312468 1.56217459
3520 286 -0.23593502 1.52099463
3530 286 -0.09898147 1.46456125
3540 286 0.07795386 1.34914943
3550 286 0.25629556 1.23358890
3560 286 0.43400844 1.11880592
3570 286 0.61645879 1.08244841
3580 286 0.79890915 1.04609090
3590 286 0.98276587 1.00958469
3600 286 1.21927449 0.93978014
3610 286 1.45578311 0.86997560
3620 286 1.67436153 0.76509246
3480 289 -1.59313605 2.49785459
3490 289 -1.22653155 2.66316079
3500 289 -0.86055588 2.82924453
3510 289 -0.57091100 2.81141630
3520 289 -0.29975717 2.74648096
3530 289 -0.06263246 2.64888036
3540 289 0.04355508 2.41580483
3550 289 0.14896508 2.18210046
3560 289 0.24477265 1.99207438
3570 289 0.33308099 1.83199428
3580 289 0.42201815 1.67113664
3590 289 0.53199568 1.54787293
3600 289 0.68835377 1.51356337
3610 289 0.84471187 1.47925382
3620 289 1.00106997 1.44494426
3630 289 1.18056736 1.34703775
3640 289 1.41706748 1.10231608
3650 289 1.65216123 0.85774313
3660 289 1.88725497 0.61317017
3670 289 2.10299091 0.36708887
3500 577 -0.30415474 -0.22026097
3510 577 -0.30969950 -0.20545369
3520 577 -0.31383789 -0.19079512
3530 577 -0.31797628 -0.17613655
3540 577 -0.32352105 -0.16132926
3550 577 -0.32765944 -0.14667069
3560 577 -0.33257537 -0.13264095
3570 577 -0.33734259 -0.11720484
3580 577 -0.34225853 -0.10317510
3590 577 -0.35684487 -0.03266100
3600 577 -0.38623424 0.11976690
3610 577 -0.41625245 0.27297234
3620 577 -0.32564973 0.50443756
3630 577 -0.20376264 0.75605938
3640 577 -0.08328193 1.00782991
3650 577 0.03097420 1.16711122
3660 577 0.14144459 1.30403927
3670 577 0.25254382 1.44018979
3680 577 0.38488735 1.57551602
3690 577 0.53910402 1.70924043
3540 582 0.37160116 -0.06986828
3550 582 0.36779418 -0.05879999
3560 582 0.36539358 -0.04788042
3570 582 0.36158660 -0.03681213
3580 582 0.35777962 -0.02574385
3590 582 0.35460147 -0.01545311
3600 582 0.35079449 -0.00438482
3610 582 0.34761634 0.00590592
3620 582 0.34380936 0.01697420
3630 582 0.34063121 0.02726494
3640 582 0.44095957 0.16242122
3650 582 0.56580387 0.32769343
3660 582 0.73483207 0.55442117
3670 582 0.96552824 0.87346392
3680 582 1.17020014 1.18174855
3690 582 1.31160650 1.46330359
3700 582 1.44634639 1.73560886
3710 582 1.52016185 1.92263099
3720 582 1.59412603 2.11105950
3730 582 1.67252177 2.20018361
