3640 621 0.00000000 0.00000000
3650 621 0.00000000 0.01526434
3660 621 -0.00032756 0.03190443
3670 621 -0.00117922 0.04769287
3680 621 -0.00065512 0.06380886
3690 621 -0.01480575 0.08660710
3700 621 -0.03183892 0.11235339
3710 621 -0.04802043 0.13757557
3720 621 -0.06557769 0.16247020
3730 621 -0.04055204 -0.09833378
3740 621 -0.01500229 -0.35828610
3750 621 -0.00091717 -0.58535131
3760 621 0.00484790 -0.78968380
3770 621 0.01198873 -0.99368872
3780 621 -0.05005130 -1.24905519
3790 621 -0.12938655 -1.51726205
3800 621 -0.19955009 -1.74766838
3810 621 -0.26054193 -1.94027418
3820 621 -0.32186133 -2.13150423
3830 621 -0.38285317 -2.32411003
3590 292 0.52920738 0.25320457
3600 292 0.53733089 0.25877310
3610 292 0.54578196 0.26296588
3620 292 0.55390547 0.26853442
3630 292 0.56235654 0.27272720
3640 292 0.57048005 0.27829573
3650 292 0.57807946 0.28301261
3660 292 0.58705463 0.28805705
3670 292 0.59550570 0.29224983
3680 292 0.60362921 0.29781836
3690 292 0.61122862 0.30253524
3700 292 0.55783620 0.37414005
3710 292 0.46258149 0.49029314
3720 292 0.36647512 0.60697033
3730 292 0.29867002 0.69331538
3740 292 0.34027025 0.65597344
3750 292 0.38239458 0.61948316
3760 292 0.42314316 0.58266531
3770 292 0.46474339 0.54532337
3780 292 0.49042417 0.49546860
3720 672 -1.25416514 2.41916820
3730 672 -0.95680536 2.15633335
3740 672 -0.67792002 1.91308663
3750 672 -0.56890776 1.84600216
3760 672 -0.46454686 1.76181901
3770 672 -0.37518824 1.63990084
3780 672 -0.30554880 1.50311142
3790 672 -0.31734099 1.30840922
3800 672 -0.32828153 1.11318293
3810 672 -0.30463163 0.89784440
3820 672 -0.26597944 0.67444787
3830 672 -0.22699970 0.44967559
3840 672 -0.24449145 0.25143574
3850 672 -0.26761725 0.05548881
3860 672 -0.29362558 -0.13751006
3870 672 -0.34721454 -0.31236207
3880 672 -0.39995185 -0.48773817
3890 672 -0.45714398 -0.67798553
3900 672 -0.51905299 -0.89116216
3910 672 -0.58181365 -1.10381469
