1750 189 0.00000000 0.00000000
1760 189 0.00000000 0.36677105
1770 189 -0.00054257 0.73484808
1780 189 -0.00108515 1.10292512
1790 189 0.09327072 1.45453139
1800 189 0.25043689 1.79318135
1810 189 0.40667878 2.13221302
1820 189 0.72368035 2.49898134
1830 189 1.20160249 2.89125604
1840 189 1.67990633 3.28445501
1850 189 2.11717639 3.76167916
1860 189 2.54391673 4.26056260
1870 189 2.97158135 4.75906433
1880 189 3.37609529 5.32987820
1890 189 3.78191522 5.90123464
1900 189 4.17202235 6.47908014
1910 189 4.43182476 7.12913146
1920 189 4.69124545 7.77825849
1930 189 4.95159043 8.42700381
1940 189 5.28302063 9.12212684
1660 125 0.41271797 2.65769616
1670 125 0.47989612 2.87013932
1680 125 0.54614998 3.08296419
1690 125 0.61332813 3.29540735
1700 125 0.80475818 3.52577995
1710 125 1.01087587 3.75766031
1720 125 1.21645099 3.99084665
1730 125 1.48769377 4.13416222
1740 125 1.80358566 4.21792565
1750 125 2.11855327 4.30207078
1760 125 2.43900660 4.37854083
1770 125 2.77232080 4.42589735
1780 125 3.10655929 4.47287216
1790 125 3.44079778 4.51984697
1800 125 3.82215286 4.57873930
1810 125 4.20296536 4.63893761
1820 125 4.58432044 4.69782994
1830 125 4.96513294 4.75802826
1840 125 5.20823283 4.77556236
1850 125 5.41667349 4.78252583
1910 449 0.17704233 -0.11098204
1920 449 0.35480991 0.10988599
1930 449 0.52715175 0.34381394
1940 449 0.65098378 0.69082062
1950 449 0.77574008 1.03744558
1960 449 0.90927570 1.40532904
1970 449 1.06342364 1.82312374
1980 449 1.21626558 2.24037587
1990 449 1.46870645 2.66301828
2000 449 1.78729212 3.08863803
2010 449 2.10533522 3.51556377
2020 449 2.43095253 3.95559032
2030 449 2.76054779 4.40262943
2040 449 3.06584997 4.86943836
2050 449 3.27321639 5.41347803
2060 449 3.48058282 5.95751771
2070 449 3.68164013 6.50199907
2080 449 3.85816442 7.04471094
2090 449 4.03468872 7.58742281
2100 449 4.23638948 8.12298308
