550 156 0.00000000 0.00000000
560 156 -0.00000000 0.31282743
570 156 0.00000000 0.62565486
580 156 0.00000000 0.93848229
590 156 0.00000000 1.25130971
600 156 0.00406934 1.59291978
610 156 0.00959315 1.94137708
620 156 0.01511696 2.28983438
630 156 0.17053492 2.59316136
640 156 0.42602083 2.86705358
650 156 0.62077357 3.16304745
660 156 0.75402276 3.48232892
670 156 0.88825012 3.80140260
680 156 0.99460588 4.20102549
690 156 1.09871120 4.60930490
700 156 1.19911161 5.01939362
710 156 1.25946757 5.44310008
720 156 1.31982353 5.86680653
730 156 1.38038727 6.29149116
740 156 1.45352983 6.75132935
640 418 -0.22263393 -0.24917892
650 418 -0.21408928 0.08943589
660 418 -0.20456646 0.42784292
670 418 -0.19418694 0.75584485
680 418 -0.17108474 0.99935930
690 418 -0.14700437 1.24266597
700 418 -0.10034606 1.55376081
710 418 -0.02992385 1.93341422
720 418 0.03854202 2.31348320
730 418 0.08563507 2.69400290
740 418 0.13391409 3.07529300
750 418 0.21851664 3.49282672
760 418 0.30807081 3.91442018
770 418 0.33321247 4.03277937
780 418 0.34235489 4.07581907
790 418 0.35128953 4.11788060
800 418 0.35254581 4.15748391
810 418 0.35282392 4.19729500
820 418 0.35310203 4.23710608
830 418 0.35317236 4.27593899
