2520 562 0.00000000 0.00000000
2530 562 0.00000000 0.25355078
2540 562 -0.03843017 0.52697924
2550 562 -0.07785423 0.80029727
2560 562 -0.04052837 0.97146613
2570 562 0.02882263 1.09890412
2580 562 0.10115528 1.20856262
2590 562 0.17735303 1.29249058
2600 562 0.25255690 1.37630811
2610 562 0.34620283 1.43903322
2620 562 0.47838937 1.45372061
2630 562 0.61156979 1.46851843
2640 562 0.78406384 1.52793059
2650 562 0.96627585 1.59949022
2660 562 1.14948175 1.67116028
2670 562 1.22965504 1.74647458
2680 562 1.29856432 1.82355579
2690 562 1.36758402 1.89964311
2700 562 1.42721704 1.96060131
2710 562 1.47845727 2.00654083
2560 566 -0.45895342 0.80725446
2570 566 -0.39368839 0.91713382
2580 566 -0.32831293 1.02601931
2590 566 -0.25686373 1.11646273
2600 566 -0.18088684 1.19332307
2610 566 -0.10502038 1.27117730
2620 566 -0.02904349 1.34803764
2630 566 0.06835711 1.38602608
2640 566 0.16918110 1.42037029
2650 566 0.26901120 1.45460406
2660 566 0.36365102 1.49027344
2670 566 0.43929661 1.53389390
2680 566 0.51394832 1.57740392
2690 566 0.58959392 1.62102437
2700 566 0.71151032 1.66475526
2710 566 0.86368497 1.70782355
2720 566 1.01674306 1.75199616
2730 566 1.14959219 1.78788641
2740 566 1.25328739 1.81450040
2750 566 1.35609914 1.84001009
2570 569 1.10299008 3.78294236
2580 569 1.26952082 3.67869500
2590 569 1.43605157 3.57444764
2600 569 1.60258231 3.47020028
2610 569 1.69976205 3.32001340
2620 569 1.74890408 3.14034131
2630 569 1.78446303 2.92897537
2640 569 1.75851162 2.59204878
2650 569 1.73344366 2.27433728
2660 569 1.71047391 2.00112968
2670 569 1.62345386 1.73388539
2680 569 1.47227311 1.47359828
2690 569 1.36769445 1.29193842
2700 569 1.30872402 1.18879538
2710 569 1.23352015 1.08686708
2720 569 1.00249739 1.00183480
2730 569 0.77147464 0.91680253
2740 569 0.57126228 0.86235979
2750 569 0.39092760 0.82823645
2760 569 0.21059292 0.79411310
