170 43 0.00000000 0.00000000
180 43 0.00000000 0.58382360
190 43 0.00000000 1.16764721
200 43 -0.02588796 1.66505430
210 43 -0.07827707 2.07477052
220 43 -0.13066618 2.48448674
230 43 -0.15567716 2.67386586
240 43 -0.09772644 2.87747016
250 43 0.28923976 3.13698348
260 43 0.50970190 3.42717901
270 43 0.48121042 3.76261937
280 43 0.42085486 4.13457932
290 43 0.31253789 4.56179055
300 43 0.20549529 4.98838859
310 43 0.13672109 5.43580798
320 43 0.06667254 5.88384056
330 43 0.02016534 6.36448917
340 43 0.00611486 6.89465101
350 43 -0.00793562 7.42481286
360 43 -0.03390921 7.88616454
0 10 0.02989944 1.44831075
10 10 0.05698468 1.85195835
20 10 0.08440049 2.25466218
30 10 0.11148573 2.65830979
40 10 0.24890737 3.06457976
50 10 0.38599844 3.47179351
60 10 0.52464648 3.88061220
70 10 0.66343327 4.30113477
80 10 0.80316383 4.72198791
90 10 0.93109459 5.14930363
100 10 1.01687564 5.60317873
110 10 1.10298727 6.05611006
120 10 1.18669406 6.50078205
130 10 1.26399138 6.90930270
140 10 1.34128870 7.31782335
150 10 1.41924718 7.72445645
160 10 1.51103689 8.11580240
170 10 1.60155224 8.50776154
180 10 1.69334195 8.89910749
190 10 1.62061450 9.10673869
0 12 0.93447746 1.31907993
10 12 0.91447485 1.67868513
20 12 0.89447223 2.03829032
30 12 0.87413903 2.39883929
40 12 0.86319566 2.76585597
50 12 0.85192171 3.13381643
60 12 0.84097833 3.50083311
70 12 0.90630971 3.82251589
80 12 0.97867403 4.13924512
90 12 1.05231271 4.45536115
100 12 1.16718474 4.82618377
110 12 1.31187399 5.23288024
120 12 1.45623266 5.64052049
130 12 1.58912725 6.03248991
140 12 1.71584190 6.41487767
150 12 1.84255654 6.79726543
160 12 1.95133940 7.17337219
170 12 2.02048357 7.53559461
180 12 2.08962774 7.89781703
190 12 2.13419086 8.23341669
20 30 -0.89628613 -0.39659068
30 30 -0.77806721 0.37910081
40 30 -0.65984828 1.15479230
50 30 -0.52567076 1.90004822
60 30 -0.32676308 2.52705439
70 30 -0.12879918 3.15372998
80 30 0.04778841 3.77185846
90 30 0.20837972 4.38120519
100 30 0.36958424 4.99182627
110 30 0.48870241 5.56227597
120 30 0.58880627 6.11441021
130 30 0.68857956 6.66748822
140 30 0.84204543 7.07937804
150 30 1.03111795 7.39566365
160 30 1.04400370 7.77632486
170 30 1.05424480 8.16453629
180 30 1.03176370 8.62499215
190 30 1.01244451 9.08549598
200 30 1.01658103 9.54256040
210 30 1.02166133 9.99995541
90 33 1.87679462 1.05790687
100 33 1.76700804 1.12328963
110 33 1.65689087 1.18961617
120 33 1.54710429 1.25499893
130 33 1.42672375 1.41415146
140 33 1.30553817 1.58467728
150 33 1.18468317 1.75425932
160 33 1.06382818 1.92384137
170 33 0.98717660 2.16082562
180 33 0.92038417 2.41503768
190 33 0.85486609 2.66863654
200 33 0.81038347 2.97410552
210 33 0.78632312 3.33017026
220 33 0.76353713 3.68562180
230 33 0.73262540 4.07637167
240 33 0.69358792 4.50241988
250 33 0.65488103 4.92752431
260 33 0.64557513 5.35339096
270 33 0.70361321 5.78059534
280 33 0.76198187 6.20685594
180 48 0.67057070 0.55699187
190 48 0.62489594 1.10786374
200 48 0.57922119 1.65873561
210 48 0.56909998 2.13835479
220 48 0.58310592 2.57026778
230 48 0.61703740 2.96041988
240 48 0.69856203 3.25704714
250 48 0.73486580 3.59505163
260 48 0.75899124 3.94362439
270 48 0.76084454 4.28015754
280 48 0.76052766 4.61381140
290 48 0.73595003 4.96227796
300 48 0.65553533 5.34310532
310 48 0.57512063 5.72393267
320 48 0.54032759 6.16206330
330 48 0.51048810 6.60722687
340 48 0.52118311 7.06976726
350 48 0.56958129 7.54869274
360 48 0.61892325 8.02794880
370 48 0.60381080 8.46131772
