2410 458 0.00000000 0.00000000
2420 458 -0.00000000 0.09716481
2430 458 -0.00015438 0.19531763
2440 458 -0.00916999 0.31131642
2450 458 -0.09324364 0.59675927
2460 458 -0.17815092 0.88105973
2470 458 -0.26466372 1.16915787
2480 458 -0.36615108 1.48831663
2490 458 -0.46763845 1.80747539
2500 458 -0.58107458 2.13185209
2510 458 -0.72053865 2.46734393
2520 458 -0.86015710 2.80382377
2530 458 -1.13179866 2.92939393
2540 458 -1.43752663 3.00105568
2550 458 -1.74482925 3.06336219
2560 458 -2.05552816 3.11501669
2570 458 -2.36523906 3.16682557
2580 458 -2.64463034 3.19300789
2590 458 -2.85211286 3.16058875
2600 458 -3.06058340 3.12801522
2360 441 0.53559515 1.59885047
2370 441 0.52849381 1.61191076
2380 441 0.52139248 1.62497104
2390 441 0.51444552 1.63704331
2400 441 0.50734418 1.65010360
2410 441 0.50039722 1.66217587
2420 441 0.49329588 1.67523615
2430 441 0.48520653 1.68814206
2440 441 0.47825958 1.70021433
2450 441 0.47115824 1.71327462
2460 441 0.46421128 1.72534689
2470 441 0.45710994 1.73840717
2480 441 0.45016298 1.75047945
2490 441 0.39054263 1.82112231
2500 441 0.25043018 1.97938948
2510 441 0.16669616 2.12015032
2520 441 0.13606778 2.24491772
2530 441 0.10290763 2.37941086
2540 441 0.05681069 2.55135582
2550 441 0.01071376 2.72330079
2380 452 -0.46865733 0.97837892
2390 452 -0.50018109 1.16069801
2400 452 -0.52858644 1.34249223
2410 452 -0.58101283 1.55494569
2420 452 -0.65730588 1.79707039
2430 452 -0.73458695 2.03904071
2440 452 -0.82915822 2.26211530
2450 452 -0.95164084 2.45653755
2460 452 -1.07298107 2.65012615
2470 452 -1.22386903 2.83201299
2480 452 -1.40217433 3.00151881
2490 452 -1.58032525 3.17003661
2500 452 -1.76733740 3.32401211
2510 452 -1.95783847 3.47440607
2520 452 -2.14735153 3.62495440
2530 452 -2.27986864 3.75404435
2540 452 -2.37586019 3.86961088
2550 452 -2.47185173 3.98517741
2560 452 -2.60541861 4.17280707
2570 452 -2.77656082 4.43249986
2390 560 0.04856697 1.46404858
2400 560 0.09864683 1.79778052
2410 560 0.16394825 2.12478163
2420 560 0.24613850 2.44733668
2430 560 0.25706838 2.74661170
2440 560 0.10238275 2.99166956
2450 560 -0.05116050 3.23589379
2460 560 -0.45071874 3.50645471
2470 560 -0.85043136 3.77800364
2480 560 -1.20460280 3.95241864
2490 560 -1.54012551 4.08521363
2500 560 -1.86342157 4.19157930
2510 560 -2.16556800 4.25975213
2520 560 -2.46771443 4.32792496
2530 560 -2.77992623 4.31153014
2540 560 -3.09099565 4.29430168
2550 560 -3.35887041 4.01358276
2560 560 -3.62659080 3.73187583
2570 560 -3.83601847 3.45927713
2580 560 -4.00706806 3.19368715
2410 455 -0.36587321 -0.31424958
2420 455 -0.39335229 -0.13838344
2430 455 -0.42098575 0.03847072
2440 455 -0.48495953 0.24709563
2450 455 -0.57239860 0.47634530
2460 455 -0.65999204 0.70658298
2470 455 -0.74514633 0.96655365
2480 455 -0.83054762 1.23458279
2490 455 -0.91594891 1.50261193
2500 455 -1.02537124 1.80130031
2510 455 -1.13463919 2.09900069
2520 455 -1.34539451 2.29481233
2530 455 -1.59915923 2.44847907
2540 455 -1.78262071 2.51495376
2550 455 -1.91881200 2.52505000
2560 455 -2.05599129 2.53499188
2570 455 -2.22228607 2.54342085
2580 455 -2.50686441 2.54450149
2590 455 -2.79144275 2.54558213
2600 455 -3.05255580 2.52603802
2430 413 0.93743817 1.32662228
2440 413 0.93323912 1.33406325
2450 413 0.93018245 1.34067058
2460 413 0.92598340 1.34811154
2470 413 0.92178435 1.35555251
2480 413 0.91857331 1.36314785
2490 413 0.81699333 1.55982400
2500 413 0.70593460 1.77829816
2510 413 0.60657764 1.99961285
2520 413 0.62516461 2.24340482
2530 413 0.64359721 2.48818481
2540 413 0.65888053 2.71425431
2550 413 0.65773814 2.77986448
2560 413 0.65545336 2.84630829
2570 413 0.64433822 2.91744516
2580 413 0.59895142 3.01359108
2590 413 0.55257661 3.10958262
2600 413 0.51070960 3.19615718
2610 413 0.50864095 3.20291889
2620 413 0.50657229 3.20968059
