3720 300 0.00000000 0.00000000
3730 300 0.00000000 0.43677454
3740 300 -0.04240174 0.87903475
3750 300 -0.14940431 1.32946393
3760 300 -0.25640689 1.77989312
3770 300 -0.36904166 2.22397578
3780 300 -0.49018425 2.65953688
3790 300 -0.61132684 3.09509798
3800 300 -0.75793337 3.50409618
3810 300 -0.94226646 3.87377889
3820 300 -1.12665907 4.24445984
3830 300 -1.33656142 4.57254673
3840 300 -1.60587199 4.80492749
3850 300 -1.87618078 5.03724872
3860 300 -2.03216515 5.35152070
3870 300 -2.07370603 5.74574698
3880 300 -2.11630467 6.14091195
3890 300 -2.09011266 6.57524129
3900 300 -2.05617296 7.01403976
3910 300 -2.02293384 7.44778757
3720 298 -0.38826897 -0.72940607
3730 298 -0.45667039 -0.30472472
3740 298 -0.51808423 0.12037332
3750 298 -0.55747755 0.54578273
3760 298 -0.59687087 0.97119214
3770 298 -0.63526596 1.39666107
3780 298 -0.67512177 1.81302692
3790 298 -0.71573769 2.22534033
3800 298 -0.75535538 2.63771326
3810 298 -0.83910568 3.01740114
3820 298 -0.95055449 3.37439997
3830 298 -1.06200329 3.73139880
3840 298 -1.27564669 4.03822529
3850 298 -1.53114236 4.32452403
3860 298 -1.78757672 4.60976501
3870 298 -2.00371111 4.87436835
3880 298 -2.21467578 5.13627464
3890 298 -2.42569999 5.39917916
3900 298 -2.57690386 5.68368292
3910 298 -2.68689653 5.98266555
3790 302 -0.00864061 2.19437698
3800 302 -0.13639531 2.67362195
3810 302 -0.28638574 3.05537039
3820 302 -0.44685297 3.39441945
3830 302 -0.60737972 3.73446675
3840 302 -0.82890820 3.98873065
3850 302 -1.06515824 4.22107936
3860 302 -1.30146780 4.45442629
3870 302 -1.53244280 4.69911088
3880 302 -1.76253863 4.94585145
3890 302 -1.99163623 5.19265155
3900 302 -2.04830162 5.55492083
3910 302 -2.08477810 5.93141714
3920 302 -2.12125459 6.30791344
3930 302 -2.18213726 6.65690814
3940 302 -2.26748564 6.97939946
3950 302 -2.35289355 7.30288901
3960 302 -2.43924015 7.62532081
3970 302 -2.46232300 7.99560338
3980 302 -2.47765815 8.37035508
3820 304 0.49585308 2.68828397
3830 304 0.27130244 2.97642806
3840 304 -0.01938758 3.21454633
3850 304 -0.33686945 3.39797277
3860 304 -0.66507997 3.55972213
3870 304 -0.93600236 3.75193571
3880 304 -1.16918445 3.96643539
3890 304 -1.40466062 4.18580715
3900 304 -1.67066056 4.46346528
3910 304 -1.93666050 4.74112340
3920 304 -2.05563721 5.03957029
3930 304 -2.13879682 5.34215660
3940 304 -2.24667399 5.63926183
3950 304 -2.45699760 5.90721701
3960 304 -2.66837897 6.17611089
3970 304 -2.87874837 6.42803491
3980 304 -3.08916357 6.66392778
3990 304 -3.29957876 6.89982065
4000 304 -3.53607148 7.06904297
4010 304 -3.78381486 7.20854286
3840 700 -2.72825425 3.60198192
3850 700 -2.70302384 3.69965702
3860 700 -2.67873214 3.79627438
3870 700 -2.65344220 3.89295126
3880 700 -2.61037192 4.07784299
3890 700 -2.56624389 4.26179602
3900 700 -2.47031797 4.36669224
3910 700 -2.36016503 4.45139956
3920 700 -2.25553897 4.54479328
3930 700 -2.20646560 4.71301279
3940 700 -2.15639400 4.88129183
3950 700 -2.12548103 5.06846391
3960 700 -2.13905324 5.29605959
3970 700 -2.15268499 5.52465350
3980 700 -2.12203760 5.96826452
3990 700 -2.09238844 6.41181602
4000 700 -2.09219154 6.89568579
4010 700 -2.09622566 7.38331037
4020 700 -1.93388103 7.91992589
4030 700 -1.77159593 8.45753965
