4920 502 0.00000000 0.00000000
4930 502 0.00000000 0.23872369
4940 502 0.00017594 0.47843178
4950 502 0.00017594 0.71715547
4960 502 0.02889952 0.95176143
4970 502 0.07059626 1.18506463
4980 502 0.11229300 1.41836782
4990 502 0.15398974 1.65167102
5000 502 0.22482896 1.86046471
5010 502 0.30902673 2.05874415
5020 502 0.39340042 2.25800800
5030 502 0.47141111 2.46145659
5040 502 0.52681827 2.68621435
5050 502 0.58320982 2.91079616
5060 502 0.65637390 3.14964971
5070 502 0.88692496 3.51884642
5080 502 1.11863636 3.88885159
5090 502 1.36200978 4.18769499
5100 502 1.61536126 4.44005788
5110 502 1.86772834 4.69259671
4780 351 1.35564678 -0.58259405
4790 351 1.34028592 -0.32182395
4800 351 1.32510100 -0.06006945
4810 351 1.30974015 0.20070065
4820 351 1.29357082 0.46263109
4830 351 1.28622761 0.73415839
4840 351 1.29741627 1.02980144
4850 351 1.30744460 1.32463603
4860 351 1.31863327 1.62027908
4870 351 1.32883754 1.91609807
4880 351 1.36716637 2.19876377
4890 351 1.41695615 2.47734944
4900 351 1.46656999 2.75495072
4910 351 1.51618384 3.03255199
4920 351 1.62669235 3.31552349
4930 351 1.77833629 3.60130158
4940 351 1.92998022 3.88707967
4950 351 2.08162416 4.17285776
4960 351 2.19171378 4.47622103
4970 351 2.26024908 4.79716949
4850 357 0.01555774 -0.11757107
4860 357 -0.01442672 0.15800275
4870 357 -0.04458711 0.43259217
4880 357 -0.07474750 0.70718160
4890 357 -0.10473196 0.98275542
4900 357 -0.14171195 1.26465874
4910 357 -0.19770975 1.56519866
4920 357 -0.25388348 1.86475419
4930 357 -0.30988127 2.16529411
4940 357 -0.35631571 2.46818823
4950 357 -0.31105417 2.79532794
4960 357 -0.26579264 3.12246766
4970 357 -0.22053111 3.44960737
4980 357 -0.16985327 3.79000091
4990 357 -0.11038284 4.15117160
5000 357 -0.05189682 4.51251822
5010 357 0.00757361 4.87368892
5020 357 0.05291054 5.23535390
5030 357 0.04832365 5.60187806
5040 357 0.04373676 5.96840222
4860 359 0.60896763 -0.28153050
4870 359 0.55205246 -0.00317522
4880 359 0.49612169 0.27500413
4890 359 0.44019092 0.55318347
4900 359 0.38426015 0.83136282
4910 359 0.32832938 1.10954217
4920 359 0.31585470 1.39214504
4930 359 0.34880493 1.67881956
4940 359 0.38077076 1.96567002
4950 359 0.41273658 2.25252048
4960 359 0.44390651 2.62586005
4970 359 0.47487118 3.03783844
4980 359 0.50565991 3.44883242
4990 359 0.53760898 3.86063487
5000 359 0.58158032 4.26013020
5010 359 0.63075433 4.65463231
5020 359 0.68073680 5.04797409
5030 359 0.72720475 5.45007076
5040 359 0.75989526 5.88307345
5050 359 0.79258577 6.31607614
4930 503 0.71318016 -0.25545852
4940 503 0.65975438 0.08220801
4950 503 0.60615266 0.41889014
4960 503 0.57533042 0.73524752
4970 503 0.63302473 0.97280249
4980 503 0.69054311 1.20937306
4990 503 0.74707709 1.44611957
5000 503 0.76130274 1.59392225
5010 503 0.77454399 1.74190086
5020 503 0.78778524 1.88987947
5030 503 0.82792370 2.04625691
5040 503 0.92927518 2.22115367
5050 503 1.03062666 2.39605043
5060 503 1.15740084 2.59383139
5070 503 1.38523328 2.88529388
5080 503 1.61288978 3.17577196
5090 503 1.86388708 3.43769821
5100 503 2.16965061 3.63091741
5110 503 2.47639855 3.82396067
5120 503 2.87802606 3.93401678
4930 504 -0.95176562 0.00045659
4940 504 -0.96708458 0.30693225
4950 504 -0.98240355 0.61340791
4960 504 -0.99772251 0.91988357
4970 504 -1.01304148 1.22635923
4980 504 -1.02544913 1.48660152
4990 504 -1.03687238 1.74666788
5000 504 -1.04386373 2.02016398
5010 504 -1.00952696 2.41122279
5020 504 -0.97420579 2.80210565
5030 504 -0.93906055 3.19200412
5040 504 -0.94205984 3.59583082
5050 504 -0.96994982 4.00816945
5060 504 -0.99801574 4.41952368
5070 504 -1.03303531 4.88291297
5080 504 -1.07518445 5.39735291
5090 504 -1.11831800 5.91196878
5100 504 -1.20590043 6.36545121
5110 504 -1.30318864 6.80441477
5120 504 -1.40163718 7.24256986
4970 362 -2.09228502 0.30892619
4980 362 -2.02237994 0.62048723
4990 362 -1.95149045 0.93187233
5000 362 -1.87170783 1.23049372
5010 362 -1.69989832 1.41311489
5020 362 -1.52889728 1.59689640
5030 362 -1.35807217 1.77969351
5040 362 -1.24672587 2.02188145
5050 362 -1.17700091 2.30401516
5060 362 -1.10710001 2.58713327
5070 362 -1.03639065 2.86909104
5080 362 -0.83729855 3.28962325
5090 362 -0.62224239 3.72558752
5100 362 -0.40817064 4.16172773
5110 362 -0.12522008 4.62517566
5120 362 0.18730022 5.10060816
5130 362 0.50080493 5.57586472
5140 362 0.79718104 6.00643783
5150 362 1.07041325 6.37003811
5160 362 1.34266105 6.73381432
4980 506 1.41165295 -0.34880074
4990 506 1.39423951 -0.17908989
5000 506 1.37700201 -0.00839464
5010 506 1.36074891 0.16212467
5020 506 1.34333547 0.33183552
5030 506 1.31032241 0.57341188
5040 506 1.26553842 0.86280503
5050 506 1.22173882 1.15202224
5060 506 1.17793923 1.44123945
5070 506 1.12150579 1.64839946
5080 506 1.06120176 1.83390262
5090 506 1.00107367 2.02039019
5100 506 0.94094558 2.20687775
5110 506 0.95042097 2.56682527
5120 506 0.96636827 2.94593302
5130 506 0.98231558 3.32504077
5140 506 1.03863592 3.78226393
5150 506 1.12020722 4.28982981
5160 506 1.20195445 4.79838009
5170 506 1.43258091 5.20210207
4990 363 -1.52053196 0.14883734
5000 363 -1.38892793 0.43616534
5010 363 -1.25633950 0.72331741
5020 363 -1.12455953 1.01162981
5030 363 -1.00428240 1.25831668
5040 363 -0.88284493 1.50581201
5050 363 -0.76355221 1.75267482
5060 363 -0.62536735 2.08250803
5070 363 -0.47141949 2.49485504
5080 363 -0.31666317 2.90604171
5090 363 -0.16271531 3.31838872
5100 363 0.05002017 3.75273607
5110 363 0.26918987 4.18898100
5120 363 0.48755111 4.62638627
5130 363 0.74528422 5.02831119
5140 363 1.01261421 5.42141001
5150 363 1.27994419 5.81450882
5160 363 1.64529126 6.18196293
5170 363 2.07472916 6.53288328
5180 363 2.50515146 6.88362769
5100 507 -0.82244037 0.09314953
5110 507 -0.82780641 0.42121082
5120 507 -0.83415685 0.74944803
5130 507 -0.83952288 1.07750932
5140 507 -0.86250761 1.37519657
5150 507 -0.88816489 1.66929809
5160 507 -0.91382217 1.96339961
5170 507 -0.91462645 2.23172657
5180 507 -0.90959553 2.49291556
5190 507 -0.90438867 2.75508895
5200 507 -0.86510476 3.07720194
5210 507 -0.74458467 3.54123632
5220 507 -0.62424052 4.00428630
5230 507 -0.60898858 4.43634229
5240 507 -0.63796769 4.85395480
5250 507 -0.66793120 5.27174325
5260 507 -0.72749797 5.68872742
5270 507 -0.79001795 6.10623940
5280 507 -0.85253793 6.52375138
5290 507 -0.90591763 6.93556640
