150 45 0.00000000 0.00000000
160 45 -0.00000000 0.26297528
170 45 0.00134613 0.52638407
180 45 0.01859490 0.77039940
190 45 0.04868899 1.00220825
200 45 0.05911582 1.23511227
210 45 -0.00237285 1.47680038
220 45 -0.06431783 1.71759868
230 45 -0.15717827 1.99672757
240 45 -0.26947780 2.29931114
250 45 -0.38524533 2.61266378
260 45 -0.53149482 3.00683010
270 45 -0.67915888 3.39385507
280 45 -0.84048963 3.71259224
290 45 -0.95470569 4.00267274
300 45 -0.88274455 4.17367740
310 45 -0.66533249 4.39820801
320 45 -0.30203599 4.67491842
330 45 -0.00102671 4.98357100
340 45 0.04770791 5.42047138
90 33 0.35633767 0.29601261
100 33 0.32809167 0.42063269
110 33 0.30030199 0.54614258
120 33 0.27205599 0.67076266
130 33 0.30447728 0.86766329
140 33 0.34458752 1.07298297
150 33 0.38424143 1.27741282
160 33 0.42389535 1.48184268
170 33 0.54285710 1.70066933
180 33 0.68109823 1.92421886
190 33 0.81977286 2.14642225
200 33 1.01053603 2.38911426
210 33 1.25204162 2.65186138
220 33 1.49398070 2.91326237
230 33 1.75590646 3.20487153
240 33 2.03781888 3.52668884
250 33 2.31927499 3.84761634
260 33 2.62153914 4.14775862
270 33 2.97116896 4.40001046
280 33 3.32034245 4.65137248
190 50 -0.46685756 0.61926732
200 50 -0.48207572 0.88105618
210 50 -0.49640407 1.14238873
220 50 -0.57336187 1.44595338
230 50 -0.67651225 1.76856925
240 50 -0.77922912 2.08983898
250 50 -0.89698163 2.38398069
260 50 -1.01838468 2.67100387
270 50 -1.16896917 2.99097310
280 50 -1.32708289 3.31817495
290 50 -1.37499614 3.61920704
300 50 -1.31316523 3.89317956
310 50 -1.23221466 4.15622329
320 50 -0.98137740 4.32540269
330 50 -0.72965032 4.49412577
340 50 -0.47926937 4.66241535
350 50 -0.32685961 4.95961438
360 50 -0.17490617 5.25592359
370 50 -0.09192499 5.58647937
380 50 -0.05523713 5.93852767
