1120 160 0.00000000 0.00000000
1130 160 -0.00000000 0.22886240
1140 160 0.04550769 0.41794982
1150 160 0.09101539 0.60703723
1160 160 0.13652308 0.79612464
1170 160 -0.03240375 0.97187653
1180 160 -0.20217388 1.14709098
1190 160 -0.40618729 1.26253589
1200 160 -0.66451718 1.28644546
1210 160 -0.92200377 1.31089246
1220 160 -1.17121465 1.34654270
1230 160 -1.34686167 1.47887986
1240 160 -1.52304614 1.61206032
1250 160 -1.69355907 1.75122691
1260 160 -1.80904331 1.94917991
1270 160 -1.92452754 2.14713291
1280 160 -2.02833664 2.31932371
1290 160 -2.12569645 2.48139489
1300 160 -2.22389956 2.64292863
1310 160 -2.32156523 2.80361907
930 538 1.39521387 1.44651107
940 538 1.19040522 1.37527612
950 538 0.98697731 1.30373532
960 538 0.70497818 1.28291495
970 538 0.41507473 1.26891527
980 538 0.06728934 1.21921292
990 538 -0.28371195 1.16153197
1000 538 -0.60331884 1.06575390
1010 538 -0.92208242 0.97051327
1020 538 -1.06325895 1.05248392
1030 538 -1.20527878 1.13391713
1040 538 -1.33241631 1.21060513
1050 538 -1.40309196 1.26754327
1060 538 -1.47430506 1.32532471
1070 538 -1.54498071 1.38226285
1080 538 -1.61057471 1.52426084
1090 538 -1.67137543 1.72386112
1100 538 -1.79620153 1.89925908
1110 538 -1.94786471 2.06466852
1120 538 -2.09952789 2.23007795
940 539 1.18305582 1.81290152
950 539 0.92916965 1.72936224
960 539 0.62266671 1.65023610
970 539 0.18822663 1.58206850
980 539 -0.24590758 1.51528164
990 539 -0.46039017 1.45922613
1000 539 -0.67402945 1.40370805
1010 539 -0.89088027 1.44812339
1020 539 -1.10697081 1.50250978
1030 539 -1.22827950 1.57935508
1040 539 -1.30863783 1.66451105
1050 539 -1.38899616 1.74966702
1060 539 -1.47567269 1.87822898
1070 539 -1.56381299 2.01653042
1080 539 -1.65249072 2.15567516
1090 539 -1.71214666 2.24928162
1100 539 -1.76857794 2.33782828
1110 539 -1.86092601 2.46040411
1120 539 -2.00600008 2.63594190
1130 539 -2.15107414 2.81147969
970 600 -1.82666525 2.03637204
980 600 -1.82202054 1.85790236
990 600 -1.81821912 1.67889524
1000 600 -1.94463132 1.58884550
1010 600 -2.20156300 1.58637239
1020 600 -2.45903211 1.58474259
1030 600 -2.51941337 1.61622439
1040 600 -2.49681900 1.66264093
1050 600 -2.47422464 1.70905746
1060 600 -2.45078698 1.75601144
1070 600 -2.42819262 1.80242798
1080 600 -2.40475495 1.84938195
1090 600 -2.38216059 1.89579849
1100 600 -2.27818108 1.81265246
1110 600 -2.12130080 1.64463885
1120 600 -1.90422277 1.49008747
1130 600 -1.64949329 1.34530178
1140 600 -1.40379981 1.17934180
1150 600 -1.18046912 0.96474124
1160 600 -0.95713842 0.75014068
1030 596 -0.92026911 2.04127455
1040 596 -0.91474614 2.04005110
1050 596 -0.90922317 2.03882766
1060 596 -0.90285690 2.03814166
1070 596 -0.89733393 2.03691822
1080 596 -0.89127352 2.03485147
1090 596 -0.88575055 2.03362803
1100 596 -0.87938428 2.03294203
1110 596 -0.87386131 2.03171859
1120 596 -0.86833834 2.03049514
1130 596 -0.86281537 2.02927170
1140 596 -0.85729240 2.02804826
1150 596 -0.85092613 2.02736226
1160 596 -0.84486572 2.02529551
1170 596 -0.83934275 2.02407207
1180 596 -0.83297648 2.02338607
1190 596 -0.82745351 2.02216263
1200 596 -0.82193054 2.02093918
1210 596 -0.81640757 2.01971574
1220 596 -0.81088460 2.01849230
1090 540 1.18219504 1.83844088
1100 540 0.89446758 1.78195279
1110 540 0.59049454 1.70443897
1120 540 0.27249998 1.60613099
1130 540 0.01271943 1.50579123
1140 540 -0.20878921 1.40494024
1150 540 -0.50002096 1.31301601
1160 540 -0.86266244 1.22894366
1170 540 -1.22530392 1.14487131
1180 540 -1.49453555 1.07052533
1190 540 -1.74290750 0.99880101
1200 540 -2.03484273 0.92658731
1210 540 -2.37340861 0.85311522
1220 540 -2.68275605 0.78403441
1230 540 -2.74409422 0.75561559
1240 540 -2.80458908 0.72773421
1250 540 -2.86454651 0.69900952
1260 540 -2.92588467 0.67059070
1270 540 -2.98637954 0.64270932
1280 540 -3.19511631 0.59624472
1110 383 -0.68806408 1.74576511
1120 383 -0.69519063 1.73648005
1130 383 -0.70369793 1.72750086
1140 383 -0.71082448 1.71821581
1150 383 -0.71879434 1.70839331
1160 383 -0.72730163 1.69941412
1170 383 -0.73442818 1.69012906
1180 383 -0.74239804 1.68030656
1190 383 -0.75006203 1.67186481
1200 383 -0.75803189 1.66204232
1210 383 -0.76569588 1.65360056
1220 383 -0.77366573 1.64377807
1230 383 -0.78079229 1.63449301
1240 383 -0.78929958 1.62551382
1250 383 -0.79726944 1.61569132
1260 383 -0.80439599 1.60640627
1270 383 -0.81290328 1.59742707
1280 383 -0.82002984 1.58814202
1290 383 -0.82853713 1.57916282
1300 383 -0.83566369 1.56987777
1150 542 2.53531375 0.63628625
1160 542 2.24236480 0.70335274
1170 542 1.94972172 0.77179998
1180 542 1.63725013 0.90113097
1190 542 1.31755148 1.05668732
1200 542 1.00813850 1.19982573
1210 542 0.78776591 1.23488172
1220 542 0.56739332 1.26993772
1230 542 0.34449083 1.30338140
1240 542 0.11223774 1.32730844
1250 542 -0.12001534 1.35123548
1260 542 -0.35320786 1.28918509
1270 542 -0.58493662 1.21739523
1280 542 -0.81639447 1.19913972
1290 542 -1.04164771 1.30697744
1300 542 -1.26774426 1.41427772
1310 542 -1.42583926 1.56372997
1320 542 -1.53870183 1.74082328
1330 542 -1.65156440 1.91791658
1340 542 -1.76442698 2.09500989
1190 604 0.78326539 2.91468580
1200 604 0.55081568 2.88868328
1210 604 0.31698522 2.86298662
1220 604 0.07300019 2.88299427
1230 604 -0.19628825 3.00782910
1240 604 -0.47620753 3.08794274
1250 604 -0.79658344 2.99523202
1260 604 -1.11642190 2.90167799
1270 604 -1.27425910 2.78092858
1280 604 -1.41330334 2.65674042
1290 604 -1.59933215 2.48719313
1300 604 -1.83012147 2.27251829
1310 604 -2.09397433 2.06878889
1320 604 -2.40684791 1.88243675
1330 604 -2.72340930 1.70559250
1340 604 -3.05778925 1.56601082
1350 604 -3.39216921 1.42642913
1360 604 -3.66336709 1.31051232
1370 604 -3.92674369 1.19720843
1380 604 -4.19012028 1.08390455
1230 597 -0.80451833 2.01780630
1240 597 -0.79899536 2.01658285
1250 597 -0.79293495 2.01451611
1260 597 -0.78741199 2.01329267
1270 597 -0.78104571 2.01260667
1280 597 -0.77552275 2.01138322
1290 597 -0.76999978 2.01015978
1300 597 -0.76447681 2.00893634
1310 597 -0.73953169 1.98095883
1320 597 -0.67013628 1.88881613
1330 597 -0.60127831 1.79751673
1340 597 -0.45424674 1.67658817
1350 597 -0.30721516 1.55565962
1360 597 -0.17751277 1.42843033
1370 597 -0.06682618 1.29382544
1380 597 0.04470372 1.15975798
1390 597 0.10713861 1.03946300
1400 597 0.13758485 0.92842685
1410 597 0.16749365 0.81823400
1420 597 0.19793989 0.70719785
1310 384 -0.84363354 1.56005527
1320 384 -0.83109762 1.50875370
1330 384 -0.80611755 1.42862259
1340 384 -0.78083161 1.34987221
1350 384 -0.75585154 1.26974110
1360 384 -0.73002816 1.19014742
1370 384 -0.70420478 1.11055375
1380 384 -0.61229366 0.95331079
1390 384 -0.49190692 0.76441127
1400 384 -0.37098273 0.57466844
1410 384 -0.27368846 0.39595407
1420 384 -0.23278179 0.24059434
1430 384 -0.19187511 0.08523462
1440 384 -0.15012514 -0.06958766
1450 384 -0.12494407 -0.22073962
1460 384 -0.12292976 -0.36531120
1470 384 -0.12175875 -0.51042023
1480 384 -0.12166262 -0.65384265
1490 384 -0.13407619 -0.78507871
1500 384 -0.14648977 -0.91631476
