2210 205 0.00000000 0.00000000
2220 205 -0.00000000 0.27740584
2230 205 0.02039971 0.52466451
2240 205 0.04074536 0.77092465
2250 205 0.06114507 1.01818332
2260 205 0.10556375 1.26514280
2270 205 0.14998242 1.51210227
2280 205 0.19545371 1.76000621
2290 205 0.24961623 2.02045855
2300 205 0.34086521 2.33698757
2310 205 0.43211419 2.65351660
2320 205 0.52231056 2.96910116
2330 205 0.61355954 3.28563018
2340 205 0.62276266 3.56654352
2350 205 0.63191171 3.84645832
2360 205 0.64111484 4.12737165
2370 205 0.64729351 4.38942093
2380 205 0.62468764 4.48979012
2390 205 0.60108324 4.59021339
2400 205 0.57853144 4.69158112
2060 201 1.20669414 0.79391263
2070 201 1.15527128 1.23133313
2080 201 1.10484696 1.66869955
2090 201 1.05731011 2.10390668
2100 201 1.02153942 2.53447080
2110 201 0.98471611 2.96409045
2120 201 0.95512409 3.37929800
2130 201 0.98292091 3.65219420
2140 201 1.01077180 3.92608894
2150 201 1.03862269 4.19998368
2160 201 1.01657197 4.45855430
2170 201 0.94367516 4.70285341
2180 201 0.87077835 4.94715252
2190 201 0.79682894 5.19050717
2200 201 0.74139751 5.47992789
2210 201 0.68623645 5.77434131
2220 201 0.63207393 6.06870065
2230 201 0.56472135 6.43387681
2240 201 0.48512317 6.86881718
2250 201 0.40452645 7.30381163
2210 207 1.24635804 -0.39697434
2220 207 1.25729148 -0.08410782
2230 207 1.26927753 0.22970317
2240 207 1.28120951 0.54251562
2250 207 1.30250683 0.86183117
2260 207 1.34264297 1.19615002
2270 207 1.38377765 1.53041479
2280 207 1.42485825 1.86368102
2290 207 1.46682925 2.19489611
2300 207 1.51910645 2.49450769
2310 207 1.57238218 2.79406519
2320 207 1.62465938 3.09367676
2330 207 1.67693658 3.39328833
2340 207 1.70953142 3.60683827
2350 207 1.72144537 3.73438065
2360 207 1.73335933 3.86192302
2370 207 1.74527328 3.98946540
2380 207 1.75818577 4.11695370
2390 207 1.66241273 4.17922348
2400 207 1.55516913 4.23310122
2210 209 0.57602969 -0.49587276
2220 209 0.61311615 -0.16239024
2230 209 0.67025626 0.19003565
2240 209 0.72734229 0.54146301
2250 209 0.78348387 0.89394297
2260 209 0.80804716 1.21808899
2270 209 0.81898060 1.53095551
2280 209 0.82891550 1.84387611
2290 209 0.83984894 2.15674263
2300 209 0.91919118 2.41983731
2310 209 0.99858749 2.68393052
2320 209 1.07798379 2.94802373
2330 209 1.13114778 3.20853015
2340 209 1.17311157 3.46563721
2350 209 1.21512943 3.72374280
2360 209 1.23944038 3.95076038
2370 209 1.21959221 4.10205495
2380 209 1.20074257 4.25329546
2390 209 1.18194700 4.40553451
2400 209 1.12465909 4.47573490
2230 211 -0.40670377 -0.00201149
2240 211 -0.38676187 0.25528662
2250 211 -0.37227046 0.52289454
2260 211 -0.35777906 0.79050246
2270 211 -0.34328765 1.05811038
2280 211 -0.32874218 1.32671684
2290 211 -0.30636702 1.62894912
2300 211 -0.27705257 1.96685838
2310 211 -0.24673958 2.30471356
2320 211 -0.21642659 2.64256874
2330 211 -0.16689987 2.96536295
2340 211 -0.08755403 3.26551164
2350 211 -0.00815412 3.56665887
2360 211 0.07024726 3.86786017
2370 211 0.08130687 4.09058800
2380 211 0.04645540 4.26072141
2390 211 0.01260247 4.43080074
2400 211 -0.02219492 4.60193268
2410 211 -0.05704638 4.77206608
2420 211 -0.09189785 4.94219949
