1280 88 0.00000000 0.00000000
1290 88 -0.00000000 0.45392731
1300 88 -0.05143995 0.90587192
1310 88 -0.10369061 1.35665775
1320 88 -0.16681085 1.72529828
1330 88 -0.23484597 2.05854326
1340 88 -0.30114073 2.38194086
1350 88 -0.35345307 2.62047685
1360 88 -0.40495471 2.86017162
1370 88 -0.45418506 3.05253942
1380 88 -0.50329204 3.21547961
1390 88 -0.54927077 3.37795717
1400 88 -0.58343262 3.54252316
1410 88 -0.61875326 3.70789986
1420 88 -0.65291512 3.87246586
1430 88 -0.68707697 4.03703186
1440 88 -0.76846886 4.27347500
1450 88 -0.88057492 4.55729578
1460 88 -0.99250693 4.84013181
1470 88 -1.10461299 5.12395259
1120 68 -1.14706692 1.46269015
1130 68 -1.16972914 1.51047533
1140 68 -1.19158066 1.55941929
1150 68 -1.22044872 1.63657262
1160 68 -1.25360821 1.73226195
1170 68 -1.28792648 1.82876198
1180 68 -1.32108598 1.92445131
1190 68 -1.36015831 2.03635910
1200 68 -1.42189727 2.21331474
1210 68 -1.48346220 2.38928565
1220 68 -1.50448318 2.58867000
1230 68 -1.51571626 2.79587718
1240 68 -1.52776004 3.00192559
1250 68 -1.53881908 3.20814804
1260 68 -1.58356633 3.31194439
1270 68 -1.63248165 3.40484914
1280 68 -1.68023820 3.49694318
1290 68 -1.72631386 3.58527230
1300 68 -1.75424784 3.63415678
1310 68 -1.78218183 3.68304126
1150 71 -0.72130933 1.75423683
1160 71 -0.74414999 1.82026943
1170 71 -0.76797539 1.88612799
1180 71 -0.79180079 1.95198655
1190 71 -0.81545215 2.01686038
1200 71 -0.84423209 2.20268749
1210 71 -0.87510488 2.41759415
1220 71 -0.90499292 2.63267484
1230 71 -0.94159129 2.81102719
1240 71 -0.98223877 2.96632298
1250 71 -1.02271221 3.12063403
1260 71 -1.06318565 3.27494508
1270 71 -1.07739718 3.34961122
1280 71 -1.08905764 3.41558874
1290 71 -1.10071809 3.48156627
1300 71 -1.11237855 3.54754379
1310 71 -1.12403901 3.61352132
1320 71 -1.13552543 3.67851410
1330 71 -1.18154161 3.76076075
1340 71 -1.25183260 3.85394968
1150 74 -0.30467213 2.37319276
1160 74 -0.31725344 2.41565110
1170 74 -0.33000879 2.45909418
1180 74 -0.34276413 2.50253726
1190 74 -0.35534544 2.54499560
1200 74 -0.36711605 2.58861272
1210 74 -0.37987140 2.63205580
1220 74 -0.39245271 2.67451414
1230 74 -0.40520805 2.71795722
1240 74 -0.43796440 2.82285727
1250 74 -0.50219935 3.01968174
1260 74 -0.56562361 3.21766498
1270 74 -0.62985856 3.41448945
1280 74 -0.68360065 3.58067244
1290 74 -0.69762932 3.61982849
1300 74 -0.71183204 3.65996928
1310 74 -0.72586072 3.69912533
1320 74 -0.74104817 3.73909208
1330 74 -0.75507685 3.77824813
1340 74 -0.76927956 3.81838892
1260 86 1.07240519 -1.04023704
1270 86 1.01650858 -0.60329704
1280 86 0.94525488 -0.14266822
1290 86 0.85928076 0.34379293
1300 86 0.77348068 0.82926934
1310 86 0.67095325 1.25999910
1320 86 0.55563302 1.65394104
1330 86 0.44031279 2.04788297
1340 86 0.33943320 2.37735422
1350 86 0.25954817 2.61101719
1360 86 0.17966313 2.84468015
1370 86 0.14422353 3.02222179
1380 86 0.11411519 3.19258167
1390 86 0.08400684 3.36294155
1400 86 0.02436073 3.51081765
1410 86 -0.06464912 3.63522523
1420 86 -0.15365896 3.75963282
1430 86 -0.23359908 3.98211558
1440 86 -0.30677820 4.26976957
1450 86 -0.37978328 4.55643881
1350 403 1.89966100 0.62819750
1360 403 1.83979238 0.96694778
1370 403 1.77992376 1.30569805
1380 403 1.68825490 1.63476616
1390 403 1.52215341 1.94255553
1400 403 1.35605193 2.25034490
1410 403 1.28958314 2.57472724
1420 403 1.26563216 2.90560841
1430 403 1.24150716 3.23747432
1440 403 1.12558992 3.47390865
1450 403 1.00023284 3.70055067
1460 403 0.87406506 3.92603391
1470 403 0.67021304 4.16012866
1480 403 0.44695482 4.39485567
1490 403 0.22352257 4.63056742
1500 403 0.10389108 4.89376375
1510 403 -0.01492970 5.15811885
1520 403 -0.13456119 5.42131518
1530 403 -0.27568291 5.67969796
1540 403 -0.41663059 5.93709600
1410 98 -0.92039847 -1.23909267
1420 98 -1.00654663 -0.75164678
1430 98 -1.09269478 -0.26420089
1440 98 -1.13556949 0.21972241
1450 98 -1.11443174 0.69769541
1460 98 -1.09329400 1.17566842
1470 98 -1.07128607 1.64871773
1480 98 -1.04713022 2.10386770
1490 98 -1.02378507 2.55785890
1500 98 -1.01618694 2.97454015
1510 98 -1.03284599 3.33311298
1520 98 -1.04950505 3.69168581
1530 98 -1.06730966 3.99928132
1540 98 -1.08482128 4.29372715
1550 98 -1.10233289 4.58817297
1560 98 -1.13050260 4.87971965
1570 98 -1.15867231 5.17126633
1580 98 -1.18684202 5.46281301
1590 98 -1.21015632 5.79583770
1600 98 -1.23335607 6.13396012
