1440 182 0.00000000 0.00000000
1450 182 0.00000000 0.35300000
1460 182 0.00000000 0.70500000
1470 182 0.00000000 1.05800000
1480 182 -0.03700000 1.43300000
1490 182 -0.13000000 1.84300000
1500 182 -0.22300000 2.25200000
1510 182 -0.31600000 2.66100000
1520 182 -0.45100000 3.20700000
1530 182 -0.59600000 3.78700000
1540 182 -0.74200000 4.36700000
1550 182 -0.88700000 4.94700000
1560 182 -0.92500000 5.48900000
1570 182 -0.91500000 6.01600000
1580 182 -0.88500000 6.54500000
1590 182 -0.66200000 7.10700000
1600 182 -0.43900000 7.66800000
1610 182 -0.17700000 8.20900000
1620 182 0.44400000 8.57100000
1630 182 1.06400000 8.93300000
1250 175 -1.38300000 -0.14400000
1260 175 -1.39200000 0.29300000
1270 175 -1.40000000 0.72900000
1280 175 -1.39500000 1.15900000
1290 175 -1.26100000 1.52100000
1300 175 -1.12800000 1.88300000
1310 175 -0.96100000 2.34100000
1320 175 -0.77100000 2.86300000
1330 175 -0.58200000 3.38600000
1340 175 -0.44200000 4.00000000
1350 175 -0.32200000 4.65400000
1360 175 -0.20300000 5.30800000
1370 175 -0.14100000 5.95300000
1380 175 -0.08400000 6.59700000
1390 175 -0.02800000 7.24100000
1400 175 0.04500000 7.89600000
1410 175 0.13400000 8.56200000
1420 175 0.23200000 9.23200000
1430 175 0.40800000 9.93000000
1440 175 0.58000000 10.61800000
1300 180 -1.20900000 0.06500000
1310 180 -1.09700000 0.30900000
1320 180 -0.98500000 0.55200000
1330 180 -0.89400000 0.81200000
1340 180 -0.85100000 1.11200000
1350 180 -0.80700000 1.41200000
1360 180 -0.76400000 1.71200000
1370 180 -0.71800000 2.16000000
1380 180 -0.67200000 2.60800000
1390 180 -0.62500000 3.05600000
1400 180 -0.58400000 3.63000000
1410 180 -0.54200000 4.21800000
1420 180 -0.50100000 4.80500000
1430 180 -0.43400000 5.36400000
1440 180 -0.36700000 5.92300000
1450 180 -0.30000000 6.48300000
1460 180 -0.22300000 7.05000000
1470 180 -0.14300000 7.61900000
1480 180 -0.06500000 8.18700000
1490 180 0.00400000 8.74300000
1300 181 0.65600000 -0.34900000
1310 181 0.62700000 0.01400000
1320 181 0.59800000 0.37800000
1330 181 0.56900000 0.74200000
1340 181 0.53700000 1.14800000
1350 181 0.49500000 1.65300000
1360 181 0.45500000 2.15800000
1370 181 0.41400000 2.66300000
1380 181 0.40600000 3.29600000
1390 181 0.40600000 3.96200000
1400 181 0.40600000 4.62700000
1410 181 0.37000000 5.29100000
1420 181 0.31900000 5.95400000
1430 181 0.26900000 6.61700000
1440 181 0.22200000 7.28900000
1450 181 0.17900000 7.97300000
1460 181 0.13600000 8.65700000
1470 181 0.20100000 9.30300000
1480 181 0.33700000 9.92500000
1490 181 0.53300000 10.56900000
