1330 95 0.00000000 0.00000000
1340 95 0.00000000 0.23830233
1350 95 -0.00610989 0.43485937
1360 95 -0.01557685 0.60455137
1370 95 -0.02509417 0.77324465
1380 95 -0.03461150 0.94193792
1390 95 -0.04641163 1.14478948
1400 95 -0.06010013 1.36976420
1410 95 -0.07383898 1.59374019
1420 95 -0.08652874 1.81866456
1430 95 -0.10021723 2.04363928
1440 95 -0.09852191 2.27584851
1450 95 -0.09173221 2.50980342
1460 95 -0.08594125 2.74380869
1470 95 -0.07910120 2.97876233
1480 95 -0.07216044 3.21571343
1490 95 -0.06496789 3.45765819
1500 95 -0.05777535 3.69960295
1510 95 -0.05063316 3.94054898
1520 95 -0.04443935 4.18254410
1330 92 -0.51316326 0.22813038
1340 92 -0.50878227 0.43417117
1350 92 -0.50345291 0.63916287
1360 92 -0.49912227 0.84420493
1370 92 -0.55002400 1.04602419
1380 92 -0.61500868 1.24655097
1390 92 -0.67894427 1.44802613
1400 92 -0.69812998 1.66326532
1410 92 -0.68679983 1.88797987
1420 92 -0.67546969 2.11269442
1430 92 -0.66413954 2.33740896
1440 92 -0.65066087 2.56501899
1450 92 -0.63298584 2.79642252
1460 92 -0.61526046 3.02882478
1470 92 -0.59653634 3.26117669
1480 92 -0.57576441 3.49442661
1490 92 -0.55294466 3.72857455
1500 92 -0.53007455 3.96372123
1510 92 -0.50625607 4.19781881
1520 92 -0.50910119 4.43926841
