3500 577 0.00000000 0.00000000
3510 577 -0.00000000 0.01581139
3520 577 0.00126491 0.03099032
3530 577 0.00252982 0.04616925
3540 577 0.00252982 0.06198064
3550 577 0.00379473 0.07715957
3560 577 0.00411096 0.09202228
3570 577 0.00505964 0.10814990
3580 577 0.00537587 0.12301260
3590 577 0.01644384 0.19416385
3600 577 0.04237452 0.34721809
3610 577 0.06798897 0.50122101
3620 577 0.23400855 0.68621425
3630 577 0.43639432 0.87911319
3640 577 0.63751518 1.07264458
3650 577 0.80037248 1.18174316
3660 577 0.95184558 1.27123562
3670 577 1.10363490 1.35977939
3680 577 1.27503035 1.44010125
3690 577 1.46634815 1.51125249
3320 579 0.47971752 -0.16159239
3330 579 0.46738464 -0.12143146
3340 579 0.48382848 0.03162278
3350 579 0.50280215 0.19606121
3360 579 0.51102407 0.35164528
3370 579 0.47813638 0.46928200
3380 579 0.44398378 0.58755119
3390 579 0.41014741 0.70487169
3400 579 0.38326805 0.83294394
3410 579 0.37061894 0.98473326
3420 579 0.35891851 1.13683882
3430 579 0.51956222 1.30317462
3440 579 0.94141006 1.48911655
3450 579 1.34523292 1.70067293
3460 579 1.67379357 2.01152482
3470 579 2.03049849 2.33913679
3480 579 2.49756690 2.73410526
3490 579 2.96337040 3.11389481
3500 579 3.42031952 3.43802827
3510 579 3.87726864 3.76216173
3340 581 0.72194799 -0.75230586
3350 581 0.72669141 -0.71277738
3360 581 0.73111860 -0.67230023
3370 581 0.73586201 -0.63277176
3380 581 0.74028920 -0.59229461
3390 581 0.74503262 -0.55276613
3400 581 0.72764009 -0.46580350
3410 581 0.71024756 -0.37884086
3420 581 0.69285504 -0.29187823
3430 581 0.67925724 -0.21946207
3440 581 0.67988970 -0.20871033
3450 581 0.68020592 -0.19700990
3460 581 0.68083838 -0.18625815
3470 581 0.68115461 -0.17455773
3480 581 0.68178706 -0.16380598
3490 581 0.68305197 -0.15178933
3500 581 0.68368443 -0.14103758
3510 581 0.68400066 -0.12933716
3520 581 0.68463311 -0.11858541
3530 581 0.68494934 -0.10688498
3400 584 0.06514292 -1.05873056
3410 584 0.06798897 -1.04829504
3420 584 0.07051879 -1.03691084
3430 584 0.07304861 -1.02552665
3440 584 0.07589466 -1.01509113
3450 584 0.07842449 -1.00370693
3460 584 0.08000562 -0.99263896
3470 584 0.08253545 -0.98125476
3480 584 0.08538150 -0.97081924
3490 584 0.08791132 -0.95943504
3500 584 0.09044114 -0.94805084
3510 584 0.09328719 -0.93761533
3520 584 0.09581701 -0.92623113
3530 584 0.09834684 -0.91484693
3540 584 0.10119289 -0.90441141
3550 584 0.10372271 -0.89302721
3560 584 0.13408057 -0.75641682
3570 584 0.16854940 -0.60684108
3580 584 0.20270200 -0.45631667
3590 584 0.28270762 -0.17772000
3430 286 -1.58714716 2.05769407
3440 286 -1.25953519 2.09627386
3450 286 -0.93445305 2.10765806
3460 286 -0.60810599 2.11840980
3470 286 -0.29251068 2.10449578
3480 286 -0.01707630 1.98970510
3490 286 0.25930677 1.87523065
3500 286 0.46643595 1.77245663
3510 286 0.56984243 1.68992118
3520 286 0.67451382 1.60675328
3530 286 0.78297995 1.50587662
3540 286 0.90820614 1.33574608
3550 286 1.03469725 1.16498309
3560 286 1.16087213 0.99516878
3570 286 1.31898601 0.89713817
3580 286 1.47709990 0.79910756
3590 286 1.63647869 0.70044450
3600 286 1.83348859 0.55213368
3610 286 2.03049849 0.40382286
3620 286 2.19841543 0.22894890
3540 582 0.68558180 -0.09613324
3550 582 0.68589802 -0.08443281
3560 582 0.68747916 -0.07336484
3570 582 0.68779539 -0.06166441
3580 582 0.68811162 -0.04996399
3590 582 0.68874407 -0.03921224
3600 582 0.68906030 -0.02751182
3610 582 0.68969276 -0.01676007
3620 582 0.69000899 -0.00505964
3630 582 0.69064144 0.00569210
3640 582 0.83199525 0.09708192
3650 582 1.00686921 0.20807787
3660 582 1.24467249 0.36113211
3670 582 1.57260068 0.57901304
3680 582 1.87238460 0.79594529
3690 582 2.10354710 1.01003148
3700 582 2.32522276 1.21779313
3710 582 2.45993579 1.36705263
3720 582 2.59528128 1.51757705
3730 582 2.69995267 1.57354936
3600 585 0.36208079 0.09961175
3610 585 0.44461624 0.32002250
3620 585 0.53126265 0.40477154
3630 585 0.61790905 0.48952058
3640 585 0.77033084 0.60462749
3650 585 0.96797319 0.73902429
3660 585 1.16466686 0.87310486
3670 585 1.35756580 0.97746002
3680 585 1.53718317 1.01098017
3690 585 1.71743300 1.04576522
3700 585 1.87934161 1.10078885
3710 585 2.01690069 1.18775149
3720 585 2.15414354 1.27566281
3730 585 2.22719216 1.37906929
3740 585 2.30118945 1.48279199
3750 585 2.37423807 1.58619847
3760 585 2.45455992 1.68675890
3770 585 2.54310369 1.78478951
3780 585 2.63164747 1.88282012
3790 585 2.74042982 1.98654283
