4100 523 0.00000000 0.00000000
4110 523 0.00000000 0.40907945
4120 523 0.00000000 0.81815891
4130 523 -0.00754621 1.22440028
4140 523 -0.08250231 1.60727700
4150 523 -0.15668839 1.98951571
4160 523 -0.23377855 2.35727800
4170 523 -0.31933894 2.59569868
4180 523 -0.40566936 2.83475737
4190 523 -0.46548903 3.11678327
4200 523 -0.49815995 3.44254639
4210 523 -0.53083086 3.76830951
4220 523 -0.54370122 4.11013309
4230 523 -0.54865136 4.45838084
4240 523 -0.55360150 4.80662859
4250 523 -0.37396647 4.98894769
4260 523 -0.19433144 5.17126680
4270 523 -0.01097831 5.35180385
4280 523 0.20777382 5.51080230
4290 523 0.42575592 5.67043877
4090 324 -0.71160993 -0.55320549
4100 324 -0.64884217 -0.24548287
4110 324 -0.58543639 0.06300976
4120 324 -0.52266863 0.37073238
4130 324 -0.46909713 0.67049077
4140 324 -0.45398271 0.94107635
4150 324 -0.43886829 1.21166193
4160 324 -0.42439188 1.48147748
4170 324 -0.50088803 1.77472369
4180 324 -0.60134284 2.07353606
4190 324 -0.70115963 2.37311845
4200 324 -0.79252819 2.62803959
4210 324 -0.87276444 2.83997152
4220 324 -0.95300068 3.05190345
4230 324 -1.04131116 3.26662947
4240 324 -1.14640810 3.48617361
4250 324 -1.25214306 3.70494774
4260 324 -1.35787802 3.92372187
4270 324 -1.44898257 4.13037365
4280 324 -1.51120031 4.30919466
