940 539 0.00000000 0.00000000
950 539 -0.00000000 0.26727701
960 539 0.02063776 0.58315528
970 539 0.09167268 1.01713574
980 539 0.16392356 1.45039411
990 539 0.17771450 1.67165145
1000 539 0.19175237 1.89193975
1010 539 0.30172068 2.08404382
1020 539 0.42092285 2.27230917
1030 539 0.53183400 2.36352165
1040 539 0.63784012 2.41323786
1050 539 0.74384624 2.46295407
1060 539 0.89305848 2.50510510
1070 539 1.05197974 2.54560241
1080 539 1.21187004 2.58634665
1090 539 1.31943260 2.61375642
1100 539 1.42118097 2.63968457
1110 539 1.56647966 2.68909399
1120 539 1.77856674 2.77203415
1130 539 1.99065382 2.85497432
810 391 1.11909363 3.68341071
820 391 1.05875923 3.56380820
830 391 0.99842482 3.44420570
840 391 0.93687444 3.32532529
850 391 0.87654004 3.20572278
860 391 0.80434902 3.08000303
870 391 0.72755977 2.95207957
880 391 0.65077052 2.82415611
890 391 0.56501306 2.69497927
900 391 0.40068916 2.56229296
910 391 0.23661220 2.42863762
920 391 0.07131927 2.29570437
930 391 -0.04111839 2.11329063
940 391 -0.15355604 1.93087688
950 391 -0.26574676 1.74749411
960 391 -0.31582215 1.61193063
970 391 -0.35888609 1.48124973
980 391 -0.40195002 1.35056884
990 391 -0.53361866 1.39750890
1000 391 -0.66528730 1.44444896
820 541 2.12746693 0.60508384
830 541 1.96955211 0.55658734
840 541 1.81188423 0.50712181
850 541 1.62577769 0.52471030
860 541 1.39920751 0.64034314
870 541 1.17239040 0.75694501
880 541 1.12874654 0.75407907
890 541 1.10577412 0.73893748
900 541 1.08207960 0.72257992
910 541 1.05813815 0.70719139
920 541 1.03444363 0.69083383
930 541 1.01147121 0.67569223
940 541 0.98777669 0.65933467
950 541 0.96383524 0.64394614
960 541 0.94110975 0.62783552
970 541 0.91716830 0.61244699
980 541 0.89322684 0.59705846
990 541 0.86953233 0.58070090
1000 541 0.84655990 0.56555931
1010 541 0.84855409 0.55368399
830 595 1.40110442 2.20011441
840 595 1.34261828 2.15425188
850 595 1.28413215 2.10838935
860 595 1.22564601 2.06252682
870 595 1.17992939 2.03539766
880 595 1.14795133 2.02724881
890 595 1.11597327 2.01909996
900 595 1.08399522 2.01095111
910 595 1.05201716 2.00280226
920 595 1.02003910 1.99465341
930 595 0.98806104 1.98650456
940 595 0.95608298 1.97835572
950 595 0.92410492 1.97020687
960 595 0.89503396 1.96279882
970 595 0.89239250 1.95696592
980 595 0.88950411 1.95210205
990 595 0.88564669 1.94699125
1000 595 0.88275830 1.94212738
1010 595 0.88011685 1.93629448
1020 595 0.87722846 1.93143062
910 382 0.62258628 1.65911763
920 382 0.62015435 1.66056183
930 382 0.61675338 1.66175909
940 382 0.61432145 1.66320328
950 382 0.61092048 1.66440054
960 382 0.60824161 1.66681377
970 382 0.60484065 1.66801103
980 382 0.60240871 1.66945522
990 382 0.59802001 1.67452861
1000 382 0.59118066 1.68516926
1010 382 0.58458825 1.69484087
1020 382 0.57871794 1.70572845
1030 382 0.57212553 1.71540006
1040 382 0.56625521 1.72628765
1050 382 0.55941587 1.73692829
1060 382 0.55282345 1.74659990
1070 382 0.54695314 1.75748749
1080 382 0.54036073 1.76715910
1090 382 0.53352138 1.77779975
1100 382 0.52789800 1.78771829
930 538 -0.41434540 -0.08701085
940 538 -0.41799704 0.12980166
950 538 -0.42237078 0.34539821
960 538 -0.35400725 0.61977646
970 538 -0.27669421 0.89953116
980 538 -0.21520369 1.24542698
990 538 -0.16028689 1.59687135
1000 538 -0.15137104 1.93040172
1010 538 -0.14220827 2.26296306
1020 538 -0.02021872 2.37144602
1030 538 0.10152388 2.48089800
1040 538 0.21410745 2.57769645
1050 538 0.29028310 2.62703478
1060 538 0.36742779 2.67662004
1070 538 0.44360344 2.72595836
1080 538 0.59898904 2.74388358
1090 538 0.80759284 2.73925169
1100 538 1.01321846 2.80300203
1110 538 1.21774409 2.89536687
1120 538 1.42226973 2.98773172
970 600 1.15298357 2.78908388
980 600 0.98200365 2.84045381
990 600 0.81077680 2.89279276
1000 600 0.76474965 3.04101726
1010 600 0.84270622 3.28584939
1020 600 0.92163183 3.53092846
1030 600 0.97040894 3.57844470
1040 600 1.00743794 3.54247453
1050 600 1.04446694 3.50650436
1060 600 1.08174287 3.46956515
1070 600 1.11877187 3.43359498
1080 600 1.15604780 3.39665578
1090 600 1.19307680 3.36068561
1100 600 1.08159695 3.28790344
1110 600 0.87296696 3.19139682
1120 600 0.65830952 3.03350071
1130 600 0.44116028 2.83678720
1140 600 0.20672186 2.65527514
1150 600 -0.06693056 2.51020842
1160 600 -0.34058298 2.36514169
1030 596 0.87434007 1.92656675
1040 596 0.87145168 1.92170288
1050 596 0.86856329 1.91683901
1060 596 0.86592184 1.91100611
1070 596 0.86303345 1.90614225
1080 596 0.85917603 1.90103144
1090 596 0.85628764 1.89616758
1100 596 0.85364619 1.89033468
1110 596 0.85075780 1.88547081
1120 596 0.84786941 1.88060694
1130 596 0.84498102 1.87574307
1140 596 0.84209263 1.87087921
1150 596 0.83945118 1.86504631
1160 596 0.83559375 1.85993550
1170 596 0.83270536 1.85507164
1180 596 0.83006391 1.84923874
1190 596 0.82717552 1.84437487
1200 596 0.82428713 1.83951100
1210 596 0.82139874 1.83464713
1220 596 0.81851035 1.82978327
1090 540 0.02452886 -0.00716485
1100 540 0.06080209 0.28380294
1110 540 0.08218066 0.59677411
1120 540 0.08818940 0.92956368
1130 540 0.07407296 1.20769085
1140 540 0.04750876 1.44962337
1150 540 0.05121653 1.75499569
1160 540 0.08470238 2.12574587
1170 540 0.11818824 2.49649605
1180 540 0.13171728 2.77547628
1190 540 0.14121678 3.03382248
1200 540 0.16386744 3.33370237
1210 540 0.19989748 3.67826997
1220 540 0.23096637 3.99371050
1230 540 0.22314302 4.06085806
1240 540 0.21556661 4.12703659
1250 540 0.20702117 4.19296819
1260 540 0.19919783 4.26011575
1270 540 0.19162142 4.32629428
1280 540 0.21272686 4.53909598
1110 383 0.52105866 1.79835894
1120 383 0.51446625 1.80803055
1130 383 0.50859593 1.81891813
1140 383 0.50200352 1.82858975
1150 383 0.49516417 1.83923039
1160 383 0.48929386 1.85011797
1170 383 0.48270145 1.85978959
1180 383 0.47586210 1.87043023
1190 383 0.47023872 1.88034878
1200 383 0.46339938 1.89098943
1210 383 0.45777600 1.90090798
1220 383 0.45093665 1.91154862
1230 383 0.44434424 1.92122024
1240 383 0.43847393 1.93210782
1250 383 0.43163458 1.94274846
1260 383 0.42504217 1.95242008
1270 383 0.41917185 1.96330766
1280 383 0.41257944 1.97297927
1290 383 0.40670913 1.98386685
1300 383 0.40011672 1.99353847
1120 160 -1.35230112 1.69041849
1130 160 -1.13490494 1.61888596
1140 160 -0.96951474 1.51655767
1150 160 -0.80412453 1.41422938
1160 160 -0.63873432 1.31190109
1170 160 -0.41898852 1.41743205
1180 160 -0.19948966 1.52393204
1190 160 -0.02606285 1.68164108
1200 160 0.07739162 1.91955530
1210 160 0.18109302 2.15650048
1220 160 0.29284973 2.38208292
1230 160 0.47345636 2.50756696
1240 160 0.65503202 2.63329794
1250 160 0.84052123 2.75177053
1260 160 1.06465199 2.79959732
1270 160 1.28878275 2.84742410
1280 160 1.48479288 2.89221284
1290 160 1.66917461 2.93403836
1300 160 1.85330942 2.97683291
1310 160 2.03647519 3.01938053
