60 137 0.00000000 0.00000000
70 137 0.00000000 0.24809877
80 137 -0.00002821 0.49519794
90 137 0.00083031 0.73827049
100 137 0.00647323 0.93819086
110 137 0.01208793 1.13711164
120 137 0.01770263 1.33603242
130 137 0.00649338 1.54143045
140 137 -0.04139077 1.75886805
150 137 -0.09024632 1.97733346
160 137 -0.13813047 2.19477105
170 137 -0.16726000 2.43869004
180 137 -0.19222183 2.68849377
190 137 -0.21618406 2.93826930
200 137 -0.24111768 3.18907263
210 137 -0.24003343 3.44014200
220 137 -0.23994879 3.69123957
230 137 -0.23883633 3.94330854
240 137 -0.23043242 4.17016174
250 137 -0.21104901 4.36069069
0 4 1.61027400 1.93633769
10 4 1.50351007 2.12342447
20 4 1.39674614 2.31051125
30 4 1.28998221 2.49759803
40 4 1.26734606 2.54625607
50 4 1.26676968 2.56127831
60 4 1.26516548 2.57532917
70 4 1.26356128 2.58938002
80 4 1.26195708 2.60343088
90 4 1.26035288 2.61748173
100 4 1.25874868 2.63153259
110 4 1.25714448 2.64558344
120 4 1.25554028 2.65963430
130 4 1.25393608 2.67368515
140 4 1.25333148 2.68770780
150 4 1.25172728 2.70175865
160 4 1.25012308 2.71580951
170 4 1.24851888 2.72986036
180 4 1.24691468 2.74391122
190 4 1.24531048 2.75796207
0 15 -0.49875701 0.79538887
10 15 -0.50510528 1.06667598
20 15 -0.51148178 1.33696350
30 15 -0.51683045 1.60822240
40 15 -0.56524665 1.87769572
50 15 -0.65667395 2.14738267
60 15 -0.74712986 2.41604180
70 15 -0.82898436 2.67045257
80 15 -0.83248296 2.79460071
90 15 -0.83600979 2.91774924
100 15 -0.83950839 3.04189738
110 15 -0.82814598 3.30268061
120 15 -0.81114872 3.62132790
130 15 -0.79412324 3.94097479
140 15 -0.77821022 4.25665148
150 15 -0.76329681 4.57235639
160 15 -0.74841161 4.88706170
170 15 -0.73249859 5.20273840
180 15 -0.69943918 5.48791917
190 15 -0.66540838 5.77207213
0 18 -0.12324124 0.59571436
10 18 -0.11064545 0.75842375
20 18 -0.09804966 0.92113314
30 18 -0.08545387 1.08384253
40 18 -0.04282569 1.28271897
50 18 0.00394198 1.48648056
60 18 0.05068143 1.68924255
70 18 0.05588903 1.90918318
80 18 0.00079807 2.15483534
90 18 -0.05529249 2.40051572
100 18 -0.11141127 2.64519650
110 18 -0.14958962 2.95839838
120 18 -0.17550268 3.31627197
130 18 -0.20141575 3.67414557
140 18 -0.21241943 4.02859715
150 18 -0.18863455 4.37506400
160 18 -0.16484967 4.72153085
170 18 -0.14109300 5.06699810
180 18 -0.12354354 5.44065171
190 18 -0.10693725 5.81633273
0 21 -0.11053662 0.19519645
10 21 -0.15029901 0.38139246
20 21 -0.19103279 0.56861628
30 21 -0.23079518 0.75481229
40 21 -0.27152896 0.94203611
50 21 -0.29005787 1.17165030
60 21 -0.30325019 1.41311865
70 21 -0.31747034 1.65361561
80 21 -0.34602348 1.88251235
90 21 -0.41040913 2.08240854
100 21 -0.47579438 2.28233295
110 21 -0.54018002 2.48222915
120 21 -0.56531114 2.72603527
130 21 -0.58630278 2.97472655
140 21 -0.60732264 3.22241822
150 21 -0.62529935 3.50703874
160 21 -0.63928975 3.82656068
170 21 -0.65328014 4.14608262
180 21 -0.64354612 4.49094527
190 21 -0.59875347 4.87283350
0 24 0.38253313 -0.09282996
10 24 0.33774452 0.09250751
20 24 0.29195630 0.27787320
30 24 0.24613987 0.46223929
40 24 0.20035166 0.64760498
50 24 0.17780822 0.84131816
60 24 0.20989221 1.05649858
70 24 0.24197621 1.27167901
80 24 0.27408842 1.48785905
90 24 0.26931613 1.74409570
100 24 0.23928776 2.02705559
110 24 0.20925940 2.31001548
120 24 0.18025885 2.59394675
130 24 0.19673616 2.92961548
140 24 0.22557548 3.27794047
150 24 0.25438659 3.62526585
160 24 0.28322591 3.97359083
170 24 0.31299631 4.35490268
180 24 0.34273850 4.73521492
190 24 0.37348029 5.11549895
50 132 -0.71290962 0.08414794
60 132 -0.71312324 0.28923561
70 132 -0.71333687 0.49432329
80 132 -0.71355049 0.69941096
90 132 -0.70102322 0.89513543
100 132 -0.67578328 1.08049709
110 132 -0.64954373 1.26583054
120 132 -0.62427556 1.45219180
130 132 -0.67396142 1.67668304
140 132 -0.72364728 1.90117427
150 132 -0.77336135 2.12466591
160 132 -0.79116071 2.30924159
170 132 -0.78670281 2.46717869
180 132 -0.78224491 2.62511579
190 132 -0.77778701 2.78305289
200 132 -0.76410697 2.94873287
210 132 -0.71251058 3.14635578
220 132 -0.66191380 3.34400690
230 132 -0.61131702 3.54165802
240 132 -0.53119973 3.68645519
190 140 0.38151338 0.04825498
200 140 0.41744262 0.29333882
210 140 0.45337186 0.53842266
220 140 0.48932931 0.78450610
230 140 0.52525855 1.02958995
240 140 0.51660071 1.28993787
250 140 0.48914793 1.55781909
260 140 0.46166694 1.82470070
270 140 0.40714027 2.09034490
280 140 0.29146859 2.35171258
290 140 0.17576871 2.61208066
300 140 0.06392615 2.86733787
310 140 -0.03474020 3.09321162
320 140 -0.13237873 3.32005676
330 140 -0.23104508 3.54593051
340 140 -0.32104552 3.90161143
350 140 -0.41101776 4.25829196
360 140 -0.50101820 4.61397288
370 140 -0.59733871 4.99384175
380 140 -0.69457418 5.37673765
190 142 -0.08859778 0.01550592
200 142 -0.09420039 0.27776841
210 142 -0.09980299 0.54003089
220 142 -0.10543382 0.80129377
230 142 -0.11009325 1.06152884
240 142 -0.10917829 1.30660059
250 142 -0.10726373 1.55164413
260 142 -0.10634877 1.79671588
270 142 -0.10446243 2.04075981
280 142 -0.21491038 2.30998323
290 142 -0.35417749 2.58602249
300 142 -0.49244500 2.86203353
310 142 -0.58236484 3.14968509
320 142 -0.65109553 3.44374137
330 142 -0.71982622 3.73779764
340 142 -0.82569534 4.06291413
350 142 -0.95501884 4.40770020
360 142 -1.08534194 4.75251448
370 142 -1.17988896 5.12433011
380 142 -1.25907516 5.50871734
200 5 1.24370628 2.77201293
210 5 1.24210208 2.78606378
220 5 1.24149749 2.80008643
230 5 1.23989329 2.81413728
240 5 1.23828909 2.82818814
250 5 1.23668489 2.84223899
260 5 1.23508069 2.85628985
270 5 1.23347649 2.87034070
280 5 1.23187229 2.88439156
290 5 1.23604401 2.96130448
300 5 1.24938950 3.18601740
310 5 1.26470598 3.40967429
320 5 1.25283571 3.62709576
330 5 1.18145285 3.82718946
340 5 1.10907039 4.02731137
350 5 1.03768753 4.22740507
360 5 0.97956148 4.33008595
370 5 0.92212468 4.42174299
380 5 0.87148759 4.50620532
390 5 0.87279755 4.51717273
