3110 279 0.00000000 0.00000000
3120 279 0.00000000 0.51387644
3130 279 0.00069472 1.02898470
3140 279 -0.00219508 1.54205551
3150 279 -0.03387196 2.04294828
3160 279 -0.06651210 2.54357252
3170 279 -0.10134732 3.04462292
3180 279 -0.15775387 3.54485017
3190 279 -0.21539224 4.04577214
3200 279 -0.27276206 4.54573084
3210 279 -0.32335399 5.01020630
3220 279 -0.37126045 5.46504910
3230 279 -0.42109344 5.91935481
3240 279 -0.44903985 6.38080036
3250 279 -0.43059183 6.85829452
3260 279 -0.41091200 7.33509395
3270 279 -0.40745008 7.81048644
3280 279 -0.46104273 8.27827788
3290 279 -0.51436683 8.74510605
3300 279 -0.57226791 9.18366672
2950 274 -2.77720844 -0.77009951
2960 274 -2.62643679 -0.00760105
2970 274 -2.47593369 0.75586068
2980 274 -2.32427466 1.48538624
2990 274 -2.16788688 2.13837005
3000 274 -2.01219381 2.79012205
3010 274 -1.85580602 3.44310587
3020 274 -1.66441371 3.98542495
3030 274 -1.47275285 4.52678076
3040 274 -1.28136054 5.06909984
3050 274 -1.11929240 5.60116742
3060 274 -0.97552633 6.12813262
3070 274 -0.83272352 6.65482926
3080 274 -0.69157869 7.18002555
3090 274 -0.57653548 7.68341115
3100 274 -0.46122371 8.18583348
3110 274 -0.34618049 8.68921907
3120 274 -0.30109378 9.18659739
3130 274 -0.26425029 9.68375386
3140 274 -0.22617499 10.18021561
2950 275 -1.83581678 -0.63534144
2960 275 -1.70468409 0.06354640
2970 275 -1.57451467 0.76216570
2980 275 -1.44177070 1.45527394
2990 275 -1.28216035 2.09669856
3000 275 -1.12185528 2.73935499
3010 275 -0.96406054 3.37612089
3020 275 -0.82672791 3.97084751
3030 275 -0.68870057 4.56680594
3040 275 -0.55136795 5.16153256
3050 275 -0.39063087 5.74305951
3060 275 -0.22962524 6.32362319
3070 275 -0.06888815 6.90515014
3080 275 0.02739180 7.43860133
3090 275 0.09483797 7.95259453
3100 275 0.16324741 8.46685628
3110 275 0.21507699 8.96611443
3120 275 0.23112560 9.43359645
3130 275 0.24621094 9.90080993
3140 275 0.26252809 10.36732868
3060 276 1.86605168 0.53061393
3070 276 1.78401055 0.91053794
3080 276 1.70100617 1.29019341
3090 276 1.66733270 1.69398308
3100 276 1.74885424 2.15376481
3110 276 1.82941252 2.61327799
3120 276 1.89005745 3.07346837
3130 276 1.76897192 3.53386309
3140 276 1.64761785 3.99522107
3150 276 1.52626377 4.45657906
3160 276 1.44851356 4.88441536
3170 276 1.39004620 5.29894108
3180 276 1.33061557 5.71319825
3190 276 1.27658508 6.13415157
3200 276 1.24045966 6.58397371
3210 276 1.20363953 7.03256403
3220 276 1.16751411 7.48238617
3230 276 1.11646682 7.91870506
3240 276 1.03006473 8.32544291
3250 276 0.94462590 8.73244931
3060 278 1.17543625 0.17405351
3070 278 1.14272021 0.64143629
3080 278 1.11027272 1.10785580
3090 278 1.13814908 1.57759712
3100 278 1.20654684 2.04721585
3110 278 1.27563932 2.51806638
3120 278 1.25400961 2.97919669
3130 278 1.14262097 3.43087530
3140 278 1.03192704 3.88378573
3150 278 0.92889255 4.33156457
3160 278 0.85622722 4.75978035
3170 278 0.78356189 5.18799612
3180 278 0.71062802 5.61717516
3190 278 0.64598408 6.05385601
3200 278 0.58866680 6.49777011
3210 278 0.53204424 6.94291603
3220 278 0.47445841 7.38779339
3230 278 0.43742227 7.78130238
3240 278 0.40510905 8.16159419
3250 278 0.37252729 8.54284926
3120 280 -1.18379040 -0.17015374
3130 280 -1.25278364 0.33798397
3140 280 -1.32150833 0.84515841
3150 280 -1.39072341 1.36153935
3160 280 -1.46771468 1.95049805
3170 280 -1.54470595 2.53945674
3180 280 -1.62073395 3.12868398
3190 280 -1.65691775 3.69787528
3200 280 -1.67419816 4.25884086
3210 280 -1.69217330 4.81857464
3220 280 -1.68761384 5.37940011
3230 280 -1.63155756 5.93797212
3240 280 -1.57453802 6.49681268
3250 280 -1.51848175 7.05538469
3260 280 -1.49357693 7.55440348
3270 280 -1.47604547 8.03890905
3280 280 -1.45947729 8.52314608
3290 280 -1.43240658 8.99577720
3300 280 -1.40014007 9.46466617
3310 280 -1.36856828 9.93232334
3130 281 -0.58413652 0.03231905
3140 281 -0.62737260 0.52998927
3150 281 -0.66964541 1.02792803
3160 281 -0.71191821 1.52586679
3170 281 -0.80333513 2.02879118
3180 281 -0.89983693 2.53133611
3190 281 -0.99730199 3.03361249
3200 281 -1.09407233 3.53712068
3210 281 -1.14208387 4.10405268
3220 281 -1.18496383 4.67864411
3230 281 -1.22784379 5.25323554
3240 281 -1.26611174 5.81873140
3250 281 -1.27042017 6.30337708
3260 281 -1.27472860 6.78802276
3270 281 -1.27903703 7.27266844
3280 281 -1.28203191 7.72653630
3290 281 -1.28301853 8.15085814
3300 281 -1.28523696 8.57587470
3310 281 -1.28622358 9.00019655
3320 281 -1.29954001 9.38682256
3280 288 2.96171194 0.49556270
3290 288 2.65448244 0.86772804
3300 288 2.34875331 1.23823539
3310 288 2.07738652 1.61209374
3320 288 1.85933216 1.98835734
3330 288 1.64031453 2.36435239
3340 288 1.46809415 2.84059722
3350 288 1.29587376 3.31684205
3360 288 1.16682523 3.82069469
3370 288 1.08094856 4.35215512
3380 288 0.99144066 4.87429815
3390 288 0.87684696 5.31885443
3400 288 0.76155855 5.76217889
3410 288 0.67747414 6.20901198
3420 288 0.66334623 6.66185235
3430 288 0.64921832 7.11469273
3440 288 0.63605367 7.56780164
3450 288 0.46585907 7.99581893
3460 288 0.29496974 8.42260440
3470 288 0.14137250 8.84694376
