3790 518 0.00000000 0.00000000
3800 518 0.00000000 0.21542516
3810 518 -0.00075200 0.43150948
3820 518 -0.00141116 0.64618264
3830 518 0.07531154 0.92334618
3840 518 0.20390376 1.24147987
3850 518 0.33324798 1.55895439
3860 518 0.47061355 1.79758947
3870 518 0.61003088 2.01580910
3880 518 0.75265117 2.23919990
3890 518 0.92032889 2.50179690
3900 518 1.08725461 2.76505306
3910 518 1.25418033 3.02830921
3920 518 1.38215053 3.28049888
3930 518 1.51012072 3.53268855
3940 518 1.64487750 3.80020605
3950 518 1.79283607 4.10402386
3960 518 1.90257256 4.37485573
3970 518 1.95243674 4.59710461
3980 518 2.00305293 4.81869432
3720 672 0.80083496 0.96824344
3730 672 0.55162544 1.27711173
3740 672 0.31735383 1.56357780
3750 672 0.22109766 1.64795049
3760 672 0.13228724 1.74840301
3770 672 0.06457927 1.88354971
3780 672 0.01880003 2.03005999
3790 672 0.06299171 2.22004708
3800 672 0.10643139 2.41069334
3810 672 0.11913186 2.62695405
3820 672 0.11838914 2.85366852
3830 672 0.11755359 3.08179415
3840 672 0.16795624 3.27431576
3850 672 0.22353006 3.46363441
3860 672 0.28145273 3.64956441
3870 672 0.36353228 3.81299007
3880 672 0.44485983 3.97707490
3890 672 0.53306679 4.15507639
3900 672 0.62975931 4.35489520
3910 672 0.72720382 4.55405485
3770 519 -0.89214277 -1.57304745
3780 519 -0.90048906 -1.32770006
3790 519 -0.90958734 -1.08169352
3800 519 -0.89115867 -0.76939016
3810 519 -0.86179348 -0.42943916
3820 519 -0.81653415 -0.09411157
3830 519 -0.62390112 0.19847264
3840 519 -0.43117526 0.48964568
3850 519 -0.23854224 0.78222989
3860 519 -0.07595213 1.03598855
3870 519 0.08663798 1.28974721
3880 519 0.25477990 1.54528839
3890 519 0.44333726 1.80288133
3900 519 0.63189462 2.06047426
3910 519 0.80652603 2.31431648
3920 519 0.92620564 2.55249664
3930 519 1.04588526 2.79067680
3940 519 1.17262997 3.03995131
3950 519 1.30474081 3.29383066
3960 519 1.43544050 3.54761717
3780 517 -0.67704255 -0.65255144
3790 517 -0.71212666 -0.32392688
3800 517 -0.74645877 0.00403853
3810 517 -0.74579961 0.32792827
3820 517 -0.60612233 0.62836671
3830 517 -0.46719705 0.92946432
3840 517 -0.33156758 1.22680191
3850 517 -0.19998592 1.52103867
3860 517 -0.06840427 1.81527542
3870 517 0.07717761 2.09059145
3880 517 0.24362057 2.33964314
3890 517 0.41015636 2.58728366
3900 517 0.57641363 2.83915768
3910 517 0.73912443 3.12339560
3920 517 0.90108323 3.40829268
3930 517 1.04938531 3.67457541
3940 517 1.13657104 3.86809970
3950 517 1.22441594 4.06237598
3960 517 1.31160167 4.25590027
3970 517 1.41295473 4.51413380
