2290 462 0.00000000 0.00000000
2300 462 -0.00000000 0.33833859
2310 462 0.00000000 0.67667718
2320 462 0.00000000 1.01501576
2330 462 -0.00096944 1.35359967
2340 462 0.01911990 1.67757099
2350 462 0.08543808 1.96818224
2360 462 0.15272571 2.25854817
2370 462 0.21904389 2.54915943
2380 462 0.26018315 2.94001050
2390 462 0.29053145 3.37382149
2400 462 0.32063443 3.80666305
2410 462 0.39594065 4.27138982
2420 462 0.50113704 4.75640396
2430 462 0.60633344 5.24141811
2440 462 0.68019141 5.70857440
2450 462 0.74676082 6.17138593
2460 462 0.81308491 6.63322802
2470 462 0.86603483 7.08298162
2480 462 0.91752467 7.53104166
2180 459 -0.19236056 -0.01012004
2190 459 -0.19483737 0.31027794
2200 459 -0.19828362 0.63092124
2210 459 -0.20172987 0.95156453
2220 459 -0.20420668 1.27196251
2230 459 -0.18887293 1.54452971
2240 459 -0.17281505 1.81588214
2250 459 -0.15772661 2.08747990
2260 459 -0.12141388 2.40218831
2270 459 -0.03946343 2.81572080
2280 459 0.04345647 3.22900798
2290 459 0.12637636 3.64229516
2300 459 0.23302988 4.04338745
2310 459 0.34137696 4.44301967
2320 459 0.45069349 4.84240657
2330 459 0.52659379 5.26056461
2340 459 0.58771895 5.68555604
2350 459 0.64908943 6.11151691
2360 459 0.71821545 6.53551525
2370 459 0.79388225 6.95682693
2180 461 0.64104128 -0.33241553
2190 461 0.62333416 0.00524622
2200 461 0.60562705 0.34290797
2210 461 0.58791993 0.68056973
2220 461 0.57021282 1.01823148
2230 461 0.56239816 1.33791715
2240 461 0.56350652 1.63987207
2250 461 0.56558432 1.94158167
2260 461 0.56669268 2.24353659
2270 461 0.56755572 2.54452206
2280 461 0.69129862 2.98461375
2290 461 0.82721277 3.44019288
2300 461 0.96409636 3.89552669
2310 461 1.09468448 4.35451661
2320 461 1.21776237 4.81643850
2330 461 1.33987082 5.27860571
2340 461 1.46222458 5.74174236
2350 461 1.58530247 6.20366425
2360 461 1.64719905 6.64393327
2370 461 1.70909562 7.08420229
2310 469 0.48600427 -0.18281095
2320 469 0.51249549 0.17461207
2330 469 0.53995615 0.53178977
2340 469 0.56644736 0.88921279
2350 469 0.57162265 1.25615586
2360 469 0.57510437 1.62455901
2370 469 0.57761665 1.99320747
2380 469 0.74467119 2.48216736
2390 469 0.92874420 2.98538812
2400 469 1.11403196 3.48933300
2410 469 1.19320708 4.03457084
2420 469 1.26123953 4.58469136
2430 469 1.32927197 5.13481188
2440 469 1.40047874 5.60779665
2450 469 1.47284117 6.06089011
2460 469 1.54520359 6.51398356
2470 469 1.64314394 6.92140679
2480 469 1.74470492 7.32275622
2490 469 1.84651122 7.72507510
2500 469 1.91374565 8.16605643
