4450 337 0.00000000 0.00000000
4460 337 0.00000000 0.52587451
4470 337 -0.00743904 1.04586168
4480 337 -0.07577473 1.51846113
4490 337 -0.14327373 1.99051291
4500 337 -0.23033632 2.41441632
4510 337 -0.33528912 2.78907605
4520 337 -0.44078957 3.16289907
4530 337 -0.59665946 3.55654432
4540 337 -0.77367507 3.95805456
4550 337 -0.95123835 4.35872809
4560 337 -1.27408343 4.75290579
4570 337 -1.61244553 5.14528837
4580 337 -1.95080762 5.53767096
4590 337 -2.30862683 5.90215335
4600 337 -2.67002103 6.26299990
4610 337 -3.03086757 6.62468314
4620 337 -3.29505228 6.90397411
4630 337 -3.51817775 7.14921893
4640 337 -3.74080121 7.43357574
4490 339 0.63417411 1.85811630
4500 339 0.66558845 2.50684902
4510 339 0.69671375 3.15696610
4520 339 0.62063476 3.59399812
4530 339 0.53199004 4.00818058
4540 339 0.43033841 4.41892497
4550 339 0.19890677 4.79390416
4560 339 -0.03114051 5.16917240
4570 339 -0.30268818 5.53216394
4580 339 -0.67024355 5.86716402
4590 339 -1.03808797 6.20354845
4600 339 -1.38974601 6.52814300
4610 339 -1.73081597 6.84700234
4620 339 -2.07188593 7.16586168
4630 339 -2.36756104 7.56137810
4640 339 -2.65859625 7.96580919
4650 339 -2.89296395 8.32717296
4660 339 -3.06956882 8.64714284
4670 339 -3.24672135 8.96627601
4680 339 -3.39557816 9.28481588
