4060 321 0.00000000 0.00000000
4070 321 -0.00000000 0.44225445
4080 321 0.00020350 0.88352983
4090 321 0.00138608 1.32500871
4100 321 0.02256846 1.79311479
4110 321 0.04958684 2.26754077
4120 321 0.07640172 2.74294582
4130 321 0.07223217 3.16594891
4140 321 0.03883285 3.53793612
4150 321 0.00425095 3.91069891
4160 321 -0.04305892 4.28081615
4170 321 -0.20202171 4.63283296
4180 321 -0.36118800 4.98582884
4190 321 -0.52035429 5.33882472
4200 321 -0.69877194 5.69599015
4210 321 -0.88506062 6.05662643
4220 321 -1.07134931 6.41726271
4230 321 -1.24784725 6.77993402
4240 321 -1.38167292 7.15351759
4250 321 -1.51647767 7.52689767
3990 315 -1.28321150 -0.46997153
4000 315 -1.44070455 -0.02674705
4010 315 -1.59938017 0.41725301
4020 315 -1.75687321 0.86047749
4030 315 -1.91599428 1.31153457
4040 315 -2.08142393 1.79294295
4050 315 -2.24705709 2.27533040
4060 315 -2.38414333 2.74322394
4070 315 -2.41160716 3.16036389
4080 315 -2.44005006 3.57730034
4090 315 -2.47713957 3.99652506
4100 315 -2.53800724 4.42204254
4110 315 -2.59789584 4.84776353
4120 315 -2.43637118 5.27456534
4130 315 -2.17776440 5.70111842
4140 315 -1.97038831 6.13336506
4150 315 -1.77459604 6.56728946
4160 315 -1.57860028 7.00023479
4170 315 -1.43343950 7.41240023
4180 315 -1.29374616 7.82138651
4100 633 1.69149682 1.02160193
4110 633 1.54792111 1.12760199
4120 633 1.42803085 1.29163652
4130 633 1.31410322 1.47120961
4140 633 1.20037910 1.64980363
4150 633 1.08825586 1.85017923
4160 633 0.98166112 2.09766571
4170 633 0.87486287 2.34613127
4180 633 0.77536359 2.58896433
4190 633 0.70252995 2.80669871
4200 633 0.63067539 3.02463660
4210 633 0.55784176 3.24237098
4220 633 0.49214202 3.45035306
4230 633 0.43060053 3.65307120
4240 633 0.36828346 3.85460676
4250 633 0.30694547 4.05634583
4260 633 0.22721987 4.27775457
4270 633 0.14631170 4.49993888
4280 633 0.06520002 4.72310226
4290 633 -0.02113715 4.93700853
4160 327 0.29020171 0.03376337
4170 327 0.32431782 0.68534076
4180 327 0.35823042 1.33789722
4190 327 0.23248833 1.99199578
4200 327 0.10674624 2.64609434
4210 327 -0.01510217 3.25197631
4220 327 -0.13394778 3.82375574
4230 327 -0.25299689 4.39651425
4240 327 -0.41156171 4.90386245
4250 327 -0.57457647 5.40313612
4260 327 -0.73681565 5.90359236
4270 327 -0.61938551 6.50814026
4280 327 -0.50077280 7.11191258
4290 327 -0.38236359 7.71666399
4300 327 -0.23571498 8.34771247
4310 327 -0.07739436 8.99140073
4320 327 0.10113409 9.58209235
4330 327 0.36110434 9.95786019
4340 327 0.61989201 10.33440361
4350 327 0.93980512 10.66747657
