0 511 0.00000000 0.00000000
10 511 0.00000000 0.16824387
20 511 -0.00094506 0.33681465
30 511 -0.00094506 0.50505852
40 511 -0.00094506 0.67330239
50 511 -0.00189011 0.84187317
60 511 -0.01323079 1.01403991
70 511 -0.05074182 1.19314302
80 511 -0.08825284 1.37224613
90 511 -0.12576387 1.55134924
100 511 -0.11709193 1.78748860
110 511 -0.06161889 2.07939225
120 511 -0.00676399 2.37256786
130 511 0.04372819 2.67148514
140 511 0.05055756 3.02465699
150 511 0.05738693 3.37782885
160 511 0.06185664 3.71806116
170 511 0.06073327 4.03906542
180 511 0.06022805 4.35879772
190 511 -0.02096956 4.70220994
0 14 -0.51483599 0.50611056
10 14 -0.50583715 0.74319498
20 14 -0.49622016 0.97900743
30 14 -0.48627626 1.21576494
40 14 -0.47727742 1.45284936
50 14 -0.48427321 1.53357147
60 14 -0.49032395 1.61396667
70 14 -0.49731975 1.69468878
80 14 -0.50431555 1.77541089
90 14 -0.51036629 1.85580609
100 14 -0.50309114 1.99613810
110 14 -0.44160301 2.37272834
120 14 -0.38011489 2.74931858
130 14 -0.35651819 3.04695796
140 14 -0.35976942 3.29145423
150 14 -0.36302065 3.53595051
160 14 -0.36802529 3.82126254
170 14 -0.37386800 4.11638770
180 14 -0.37876566 4.41118596
190 14 -0.44091948 4.59246448
