1080 87 0.00000000 0.00000000
1090 87 0.00000000 0.66071552
1100 87 0.00092627 1.32180791
1110 87 0.04343927 1.79577589
1120 87 0.10426424 2.18758748
1130 87 0.19773109 2.55489382
1140 87 0.31321044 2.90524581
1150 87 0.25920989 3.02470267
1160 87 0.16210153 3.08559574
1170 87 0.45971071 3.28549267
1180 87 0.50363581 3.55167228
1190 87 0.44577582 4.07332946
1200 87 0.27379408 4.58094279
1210 87 0.02387866 5.07843980
1220 87 -0.22586423 5.57816622
1230 87 -0.47413144 6.07957263
1240 87 -0.71869357 6.58248650
1250 87 -0.92747632 7.09563927
1260 87 -1.13663593 7.60971831
1270 87 -1.22419555 8.06639140
1060 85 0.54171726 -0.10023679
1070 85 0.51180877 0.34210639
1080 85 0.51483731 0.80432801
1090 85 0.53193241 1.27443200
1100 85 0.54844633 1.74861792
1110 85 0.55842642 2.26009069
1120 85 0.56785710 2.77026033
1130 85 0.61148707 3.21229475
1140 85 0.69007006 3.58434141
1150 85 0.74970995 3.86231278
1160 85 0.80253904 4.09864747
1170 85 0.73061247 4.39218379
1180 85 0.62665699 4.70075834
1190 85 0.56226316 5.03946387
1200 85 0.55849906 5.42550899
1210 85 0.55418556 5.81025097
1220 85 0.47550268 6.17876964
1230 85 0.36529488 6.53985999
1240 85 0.25546395 6.90002407
1250 85 0.11320909 7.31069249
1120 89 0.46602205 0.42280072
1130 89 0.44380068 0.94708234
1140 89 0.42065305 1.47098709
1150 89 0.50189679 1.95855396
1160 89 0.61030199 2.43773901
1170 89 0.67467766 2.79428883
1180 89 0.69704886 3.03118655
1190 89 0.69894680 3.27594847
1200 89 0.51985005 3.60469207
1210 89 0.36728364 3.96906069
1220 89 0.25525055 4.38770682
1230 89 0.16829028 4.80575815
1240 89 0.17866994 5.21807024
1250 89 0.18850019 5.62907920
1260 89 0.20762491 6.03847174
1270 89 0.24478916 6.44332828
1280 89 0.28287969 6.84856168
1290 89 0.28168553 7.30258764
1300 89 0.24213295 7.80578302
1310 89 0.20350665 8.30935527
1130 91 1.19496360 0.72477789
1140 91 1.06380125 1.01796458
1150 91 0.94735023 1.30418156
1160 91 0.88638450 1.56547102
1170 91 0.82504192 1.82768674
1180 91 0.74873828 2.07625817
1190 91 0.67188523 2.32352647
1200 91 0.62096770 2.58134696
1210 91 0.58154226 2.84276355
1220 91 0.54119056 3.10380328
1230 91 0.49881377 3.36185988
1240 91 0.45643698 3.61991647
1250 91 0.41406020 3.87797307
1260 91 0.31745584 4.13663810
1270 91 0.19615553 4.39497167
1280 91 0.07578148 4.65368211
1290 91 -0.04413851 4.92985089
1300 91 -0.16616531 5.24834651
1310 91 -0.28781525 5.56591586
1320 91 -0.40946518 5.88348521
1130 94 1.70172330 0.75822345
1140 94 1.59595161 0.99696462
1150 94 1.48980305 1.23663207
1160 94 1.38886702 1.47410189
1170 94 1.33591080 1.69978450
1180 94 1.28257771 1.92639337
1190 94 1.23017089 2.15337911
1200 94 1.17895369 2.43051048
1210 94 1.12877173 2.72101826
1220 94 1.07858977 3.01152604
1230 94 1.02748154 3.30165696
1240 94 0.95431540 3.58497254
1250 94 0.88114927 3.86828812
1260 94 0.80705687 4.15122683
1270 94 0.72120449 4.44449526
1280 94 0.60737335 4.75876818
1290 94 0.49223908 5.07359051
1300 94 0.37748167 5.38748657
1310 94 0.26740555 5.66334206
1320 94 0.16659666 5.87927160
1210 97 2.39997540 1.00560980
1220 97 2.20469620 1.27594853
1230 97 2.00811387 1.54683668
1240 97 1.82418599 1.81315704
1250 97 1.66892704 2.06739051
1260 97 1.48507182 2.19555157
1270 97 1.29887822 2.31088562
1280 97 1.14678856 2.59447818
1290 97 0.99432203 2.87899699
1300 97 0.78401367 3.21015616
1310 97 0.57370531 3.54131532
1320 97 0.33880996 3.88514257
1330 97 0.08659703 4.23703835
1340 97 -0.16561591 4.58893412
1350 97 -0.39269245 4.92946494
1360 97 -0.61976900 5.26999577
1370 97 -0.84684555 5.61052659
1380 97 -1.13174578 5.96315793
1390 97 -1.43077614 6.31867705
1400 97 -1.73073276 6.67381930
