5100 507 0.00000000 0.00000000
5110 507 0.00000000 0.32810517
5120 507 -0.00098139 0.65640234
5130 507 -0.00098139 0.98450751
5140 507 -0.01909449 1.28253086
5150 507 -0.03993841 1.57701266
5160 507 -0.06078234 1.87149446
5170 507 -0.05719812 2.13979868
5180 507 -0.04789623 2.40087046
5190 507 -0.03840232 2.66292363
5200 507 0.00614437 2.98435106
5210 507 0.13423745 3.44635232
5220 507 0.26213851 3.90737219
5230 507 0.28445453 4.33912095
5240 507 0.26230919 4.75715155
5250 507 0.23918246 5.17537417
5260 507 0.18644327 5.59327676
5270 507 0.13075990 6.01175539
5280 507 0.07507654 6.43023402
5290 507 0.02843905 6.84286696
4920 502 0.82080695 -0.10658778
4930 502 0.82471118 0.13210399
4940 502 0.82880743 0.37177714
4950 502 0.83271167 0.61046890
4960 502 0.86526830 0.84457372
4970 502 0.91077505 1.07716378
4980 502 0.95628180 1.30975384
4990 502 1.00178855 1.54234390
5000 502 1.07603304 1.74995111
5010 502 1.16346233 1.94682701
5020 502 1.25108362 2.14468430
5030 502 1.33241121 2.34682986
5040 502 1.39148678 2.57065139
5050 502 1.45154374 2.79428090
5060 502 1.52860440 3.03190593
5070 502 1.76516270 3.39728269
5080 502 2.00289440 3.76344882
5090 502 2.25112274 4.05827197
5100 502 2.50856763 4.30645764
5110 502 2.76503114 4.55483532
4930 504 -0.13082391 -0.09056547
4940 504 -0.14112853 0.21611973
4950 504 -0.15143315 0.52280493
4960 504 -0.16173778 0.82949014
4970 504 -0.17204240 1.13617534
4980 504 -0.18019223 1.39658575
4990 504 -0.18736066 1.65680415
5000 504 -0.18987814 1.93037802
5010 504 -0.14915035 2.32082295
5020 504 -0.10744116 2.71107587
5030 504 -0.06592398 3.10034740
5040 504 -0.06231843 3.50416915
5050 504 -0.08346104 3.91690876
5060 504 -0.10479567 4.32866699
5070 504 -0.13223199 4.79256703
5080 504 -0.16596203 5.30762749
5090 504 -0.20067346 5.82287997
5100 504 -0.28082764 6.27773413
5110 504 -0.37092375 6.71823009
5120 504 -0.46219327 7.15793667
4970 362 -1.26614587 0.23651563
4980 362 -1.19115467 0.54689172
4990 362 -1.11518208 0.85707581
5000 362 -1.03052629 1.15435244
5010 362 -0.85575306 1.33413931
5020 362 -0.68176921 1.51509958
5030 362 -0.50797737 1.69507846
5040 362 -0.39268507 1.93541299
5050 362 -0.31835524 2.21636864
5060 362 -0.24383341 2.49830568
5070 362 -0.16852219 2.77906932
5080 362 0.03742093 3.19628920
5090 362 0.25957836 3.62867801
5100 362 0.48075439 4.06125882
5110 362 0.77124662 4.52001722
5120 362 1.09150064 4.99027498
5130 362 1.41273606 5.46034072
5140 362 1.71611440 5.88600912
5150 362 1.99525661 6.24509216
5160 362 2.27341742 6.60436721
4980 364 -2.04360086 0.10637443
4990 364 -1.93253281 0.46573482
5000 364 -1.82146477 0.82509521
5010 364 -1.71137811 1.18464761
5020 364 -1.60031007 1.54400800
5030 364 -1.59706720 1.80015148
5040 364 -1.59499774 2.05550558
5050 364 -1.59175488 2.31164906
5060 364 -1.58968542 2.56700317
5070 364 -1.56662270 2.91403214
5080 364 -1.54183186 3.26989365
5090 364 -1.51684902 3.62673656
5100 364 -1.50364289 3.98588360
5110 364 -1.59333364 4.37637120
5120 364 -1.68419780 4.76606942
5130 364 -1.77388856 5.15655703
5140 364 -1.90417910 5.54785535
5150 364 -2.12960073 5.94248187
5160 364 -2.35384895 6.33789777
5170 364 -2.57927057 6.73252429
4990 363 -0.69708747 0.06709739
5000 363 -0.56080190 0.35223462
5010 363 -0.42353493 0.63717985
5020 363 -0.28705735 0.92329848
5030 363 -0.16276184 1.16798527
5040 363 -0.03729292 1.41346144
5050 363 0.08602120 1.65834024
5060 363 0.22958188 1.98586937
5070 363 0.39025292 2.39564347
5080 363 0.55171335 2.80424417
5090 363 0.71238439 3.21401828
5100 363 0.93219501 3.64482832
5110 363 1.15847003 4.07743047
5120 363 1.38395565 4.51120602
5130 363 1.64822763 4.90886206
5140 363 1.92195084 5.29753622
5150 363 2.19567405 5.68621038
5160 363 2.56698183 6.04764022
5170 363 3.00210147 6.39149034
5180 363 3.43820249 6.73514845
5090 508 -0.58147515 -0.05028571
5100 508 -0.60287377 0.28302511
5110 508 -0.62427240 0.61633592
5120 508 -0.64646041 0.95082014
5130 508 -0.63954799 1.26738328
5140 508 -0.63165418 1.58375440
5150 508 -0.62454975 1.90129893
5160 508 -0.60274577 2.22106225
5170 508 -0.57976838 2.54161496
5180 508 -0.55580960 2.86197566
5190 508 -0.51026018 3.22498427
5200 508 -0.45965445 3.59821217
5210 508 -0.40904873 3.97144006
5220 508 -0.39021025 4.34375056
5230 508 -0.40469646 4.71239151
5240 508 -0.41800927 5.08182184
5250 508 -0.43223946 5.43614726
5260 508 -0.44597896 5.76694059
5270 508 -0.45971845 6.09773392
5280 508 -0.47443934 6.42871926
5100 509 -1.40614366 0.18238969
5110 509 -1.37663788 0.30194892
5120 509 -1.34713210 0.42150815
5130 509 -1.31762631 0.54106737
5140 509 -1.28890991 0.66180000
5150 509 -1.23147710 0.80952093
5160 509 -1.15509915 0.97595233
5170 509 -1.07872120 1.14238372
5180 509 -1.00234325 1.30881511
5190 509 -0.97665637 1.49739185
5200 509 -0.97140805 1.69608119
5210 509 -0.96615973 1.89477053
5220 509 -0.96091142 2.09345988
5230 509 -0.92176238 2.29876295
5240 509 -0.83185828 2.51349593
5250 509 -0.74078078 2.72901829
5260 509 -0.64989528 2.94355926
5270 509 -0.46769760 3.27066170
5280 509 -0.27476861 3.61094894
5290 509 -0.00072538 3.87626631
5130 510 -0.66278140 0.11744710
5140 510 -0.60118834 0.30205559
5150 510 -0.53842188 0.48745346
5160 510 -0.47584743 0.67186995
5170 510 -0.42208418 0.85291556
5180 510 -0.38809813 1.02662206
5190 510 -0.35411207 1.20032856
5200 510 -0.32012602 1.37403506
5210 510 -0.28613996 1.54774156
5220 510 -0.23551290 1.77525397
5230 510 -0.18373377 2.00865475
5240 510 -0.13097325 2.24186351
5250 510 -0.04717085 2.46186614
5260 510 0.16355122 2.62748682
5270 510 0.37446530 2.79408889
5280 510 0.61955745 2.94789019
5290 510 1.00035913 3.05577938
5300 510 1.38233422 3.16445795
5310 510 1.75547678 3.27486462
5320 510 2.12017082 3.38896218
