380 49 0.00000000 0.00000000
390 49 -0.00000000 0.41742664
400 49 -0.07350513 0.88000852
410 49 -0.14821526 1.34333065
420 49 -0.23809214 1.77115672
430 49 -0.36714236 2.11765353
440 49 -0.49498757 2.46341010
450 49 -0.58448833 2.76486426
460 49 -0.64908890 3.03525429
470 49 -0.71368948 3.30564431
480 49 -0.70135917 3.53375386
490 49 -0.66900857 3.75122440
500 49 -0.63665798 3.96869495
510 49 -0.64189482 4.21008587
520 49 -0.67243672 4.46702203
530 49 -0.70321099 4.72493083
540 49 -0.73398526 4.98283962
550 49 -0.79445337 5.30048345
560 49 -0.87389966 5.65883145
570 49 -0.95334596 6.01717945
200 11 1.02632884 0.33465521
210 11 1.01008407 0.61351379
220 11 1.00794717 0.91939029
230 11 1.01293727 1.23416656
240 11 1.03412662 1.56720711
250 11 1.05411097 1.90098792
260 11 1.03851302 2.24168970
270 11 0.99993378 2.58821047
280 11 0.96038192 2.93449886
290 11 0.91977120 3.27230912
300 11 0.87939284 3.60914675
310 11 0.83008837 3.92740147
320 11 0.76362879 4.20557250
330 11 0.69716921 4.48374354
340 11 0.61676466 4.70409124
350 11 0.52144252 4.86638323
360 11 0.42686063 5.02988022
370 11 0.33153849 5.19217221
380 11 0.21342433 5.35518768
390 11 0.09554254 5.51723052
200 13 1.47072070 -0.56572575
210 13 1.44524077 -0.26542628
220 13 1.42394601 0.13354682
230 13 1.40747126 0.52955892
240 13 1.42483958 0.89150276
250 13 1.44220790 1.25344659
260 13 1.48135251 1.61031169
270 13 1.54250577 1.96112543
280 13 1.60439928 2.31314417
290 13 1.56587035 2.59490386
300 13 1.50243166 2.86043076
310 13 1.43347583 3.13183653
320 13 1.31649240 3.44934382
330 13 1.20024922 3.76805610
340 13 1.09504032 4.07501064
350 13 1.09988189 4.28282440
360 13 1.10472345 4.49063816
370 13 1.10956502 4.69845192
380 13 1.11417422 4.90723831
390 13 1.09160259 5.16093798
290 34 -0.01563388 -2.23686490
300 34 -0.00260165 -1.77931145
310 34 0.01140320 -1.32152562
320 34 -0.00857396 -0.88933711
330 34 -0.06156052 -0.48251353
340 34 -0.11357445 -0.07545757
350 34 -0.18068564 0.32593512
360 34 -0.30600826 0.70416684
370 34 -0.43133088 1.08239857
380 34 -0.55739375 1.45942530
390 34 -0.73234665 1.80009594
400 34 -0.92905906 2.12425829
410 34 -1.12577146 2.44842064
420 34 -1.30692186 2.77630100
430 34 -1.42652132 3.12197132
440 34 -1.54588840 3.46666902
450 34 -1.66548786 3.81233933
460 34 -1.76189282 4.05662417
470 34 -1.85550927 4.28923750
480 34 -1.94815309 4.52208321
370 44 -0.67457841 -0.46858293
380 44 -0.67554146 -0.00409174
390 44 -0.70885030 0.47529070
400 44 -0.74095415 0.95393289
410 44 -0.79951054 1.31521553
420 44 -0.85686194 1.67575792
430 44 -0.94384010 2.00968726
440 44 -1.07539615 2.30212188
450 44 -1.20718457 2.59552912
460 44 -1.27104489 2.86712415
470 44 -1.29019077 3.12369857
480 44 -1.30933665 3.38027300
490 44 -1.28477425 3.66476849
500 44 -1.24359097 3.96146015
510 44 -1.20143506 4.25838418
520 44 -1.16001940 4.55410320
530 44 -1.25394488 4.82674033
540 44 -1.34884300 5.09914508
550 44 -1.44374111 5.37154983
560 44 -1.50241010 5.69887681
550 47 -4.22114889 0.06282541
560 47 -3.98637950 0.36258587
570 47 -3.75063747 0.66257870
580 47 -3.37824869 0.85539102
590 47 -2.97095796 1.02261322
600 47 -2.56463986 1.18960304
610 47 -2.37416567 1.38213507
620 47 -2.18466411 1.57443473
630 47 -1.99806366 1.74445023
640 47 -1.81362406 1.89338658
650 47 -1.62918447 2.04232293
660 47 -1.44271099 2.31615069
670 47 -1.25560745 2.67340867
680 47 -1.06850392 3.03066666
690 47 -1.04254486 3.42550729
700 47 -1.03521184 3.82515117
710 47 -1.02787881 4.22479504
720 47 -1.10010228 4.64758550
730 47 -1.19312941 5.07568707
740 47 -1.28599363 5.47298323
