550 47 0.00000000 0.00000000
560 47 0.00000000 0.38075320
570 47 0.00062245 0.76228906
580 47 0.17491120 1.14369886
590 47 0.39245632 1.52648224
600 47 0.60937899 1.90848297
610 47 0.64062232 2.17750500
620 47 0.67124321 2.44574438
630 47 0.71332033 2.69465102
640 47 0.76669349 2.92563003
650 47 0.82006664 3.15660905
660 47 0.79803400 3.48716701
670 47 0.72505497 3.88379663
680 47 0.65207594 4.28042626
690 47 0.42905746 4.60728366
700 47 0.18841339 4.92643790
710 47 -0.05223068 5.24559215
720 47 -0.36978021 5.53391539
730 47 -0.70698289 5.81359262
740 47 -1.02506295 6.06911772
370 44 3.11981619 1.76841849
380 44 2.83265642 2.13351063
390 44 2.51084954 2.49038222
400 44 2.19044777 2.84741401
410 44 1.92158332 3.09574023
420 44 1.65412398 3.34422665
430 44 1.37974940 3.55349344
440 44 1.09586472 3.70260577
450 44 0.81119738 3.85234056
460 44 0.59345791 4.02678690
470 44 0.42018294 4.21697834
480 44 0.24690797 4.40716978
490 44 0.09082786 4.64629318
500 44 -0.05968696 4.90526671
510 44 -0.20957933 5.16502289
520 44 -0.35931149 5.42337397
530 44 -0.60136330 5.58010279
540 44 -0.84403755 5.73604895
550 44 -1.08671181 5.89199512
560 44 -1.33472811 6.11351919
380 49 3.36197568 2.55326547
390 49 3.10459373 2.88189829
400 49 2.76150009 3.20075838
410 49 2.41700135 3.51945827
420 49 2.08244868 3.80086102
430 49 1.76720248 3.99408067
440 49 1.45336139 4.18746053
450 49 1.19702474 4.36960476
460 49 0.97944548 4.54264599
470 49 0.76186621 4.71568721
480 49 0.63092313 4.90287671
490 49 0.52230158 5.09403465
500 49 0.41368004 5.28519260
510 49 0.26071744 5.47200653
520 49 0.07824754 5.65545607
530 49 -0.10500503 5.83952806
540 49 -0.28825759 6.02360005
550 49 -0.53171976 6.23639143
560 49 -0.81522099 6.46952670
570 49 -1.09872221 6.70266197
600 373 4.23665775 -0.31189757
610 373 4.20788583 0.19012053
620 373 4.08870102 0.74232337
630 373 3.96951620 1.29452621
640 373 3.68672672 1.71491664
650 373 3.38570758 2.12041816
660 373 3.07580080 2.46654788
670 373 2.76175223 2.78658458
680 373 2.44647713 3.09865287
690 373 2.12347263 3.32870741
700 373 1.80046812 3.55876194
710 373 1.47684116 3.78803381
720 373 1.16281097 4.10166742
730 373 0.85336643 4.44998491
740 373 0.54329944 4.79751975
750 373 0.25403069 5.08123896
760 373 -0.00372945 5.26962609
770 373 -0.26132939 5.45660810
780 373 -0.51971198 5.64421256
790 373 -0.84717870 5.85098430
