3910 626 0.00000000 0.00000000
3920 626 0.00000000 0.06657327
3930 626 0.13801335 0.40701021
3940 626 0.27548595 0.74660598
3950 626 0.47941165 1.06012522
3960 626 0.69144871 1.36961881
3970 626 0.90931393 1.72886210
3980 626 1.13162539 2.12091136
3990 626 1.35477802 2.51241985
4000 626 1.64828922 2.89317328
4010 626 1.97268369 3.26833888
4020 626 2.30284624 3.66357260
4030 626 2.64887102 4.10567197
4040 626 2.99435504 4.54693016
4050 626 3.23523250 4.94012102
4060 626 3.47749190 5.33361229
4070 626 3.68880795 5.68636649
4080 626 3.85506087 5.98011803
4090 626 4.02131379 6.27386957
4100 626 4.15325864 6.59562034
3820 592 1.97526731 0.15081128
3830 592 1.73324825 0.34205922
3840 592 1.50234476 0.61532205
3850 592 1.27528665 0.92415472
3860 592 1.16455151 1.26044586
3870 592 1.10548877 1.60869375
3880 592 1.24872945 1.85185441
3890 592 1.52794062 2.02543760
3900 592 1.81478248 2.22383555
3910 592 2.11484286 2.46128822
3920 592 2.41490323 2.69874089
3930 592 2.67134250 3.05696275
3940 592 2.92255444 3.42924431
3950 592 3.17376639 3.76823923
3960 592 3.42533884 4.08560385
3970 592 3.67000160 4.43475301
3980 592 3.88630464 4.90437093
3990 592 4.10230726 5.37537079
4000 592 4.26994211 5.68606607
4010 592 4.43343115 5.97921677
3890 624 0.25619893 0.82201162
3900 624 0.31165663 1.18936628
3910 624 0.48596082 1.56591382
3920 624 0.66867680 1.95369709
3930 624 0.92409464 2.43977808
3940 624 1.17951248 2.92585907
3950 624 1.40248486 3.29489609
3960 624 1.60316601 3.58672493
3970 624 1.75475838 3.86136971
3980 624 1.83328840 4.10927702
3990 624 1.90701169 4.29607873
4000 624 1.97166226 4.34486708
4010 624 2.03577208 4.39281425
4020 624 2.10072307 4.44022067
4030 624 2.18039469 4.51977212
4040 624 2.40048303 4.87877507
4050 624 2.61973019 5.23831879
4060 624 2.87418668 5.61564742
4070 624 3.15033356 6.00637482
4080 624 3.36303154 6.39271608
3900 701 1.54590579 1.19717722
3910 701 1.57294366 1.25587946
3920 701 1.59968112 1.31596364
3930 701 1.62587782 1.37520664
3940 701 1.65261528 1.43529082
3950 701 1.72537722 1.52998348
3960 701 1.86825739 1.67827123
3970 701 2.01059681 1.82571780
3980 701 2.10468863 1.97208285
3990 701 2.19878045 2.11844791
4000 701 2.24041878 2.31636518
4010 701 2.26060707 2.53639344
4020 701 2.28025459 2.75558052
4030 701 2.41808770 3.02361603
4040 701 2.56859856 3.29657845
4050 701 2.64694833 3.47208433
4060 701 2.67560848 3.58324005
4070 701 2.70510981 3.69385502
4080 701 2.75347757 3.75429970
4090 701 2.80442895 3.80951706
