3240 666 0.00000000 0.00000000
3250 666 -0.00000000 0.20028230
3260 666 0.00124325 0.40123865
3270 666 0.00245653 0.54587450
3280 666 0.00459851 0.63390524
3290 666 0.00769913 0.72165139
3300 666 0.06442407 0.88110132
3310 666 0.14385695 1.07136277
3320 666 0.22396387 1.26038097
3330 666 0.31239905 1.55124042
3340 666 0.40204751 1.85321418
3350 666 0.45962624 2.14906159
3360 666 0.46790954 2.43346515
3370 666 0.47619285 2.71786872
3380 666 0.48462595 2.95007096
3390 666 0.49319385 3.16867241
3400 666 0.50101282 3.38123737
3410 666 0.51217207 3.53126561
3420 666 0.52304672 3.68033519
3430 666 0.53353192 3.83160667
3230 617 2.66403470 -0.20777173
3240 617 2.68087094 -0.13349158
3250 617 2.69770718 -0.05921142
3260 617 2.71425881 0.01411008
3270 617 2.70199113 0.11685007
3280 617 2.62459537 0.28482297
3290 617 2.54652557 0.45403912
3300 617 2.36866662 0.68417429
3310 617 2.17919905 0.92088517
3320 617 2.02266999 1.12799783
3330 617 1.87987655 1.32164449
3340 617 1.73068713 1.57456250
3350 617 1.57224078 1.91576589
3360 617 1.42359060 2.24780222
3370 617 1.31384051 2.54221166
3380 617 1.20406046 2.84706136
3390 617 1.09750087 3.19789616
3400 617 0.99065668 3.54777231
3410 617 0.87407624 3.88593499
3420 617 0.75291226 4.21919958
