3280 288 0.00000000 0.00000000
3290 288 0.00000000 0.48259403
3300 288 0.00010153 0.96295430
3310 288 0.02883583 1.42402300
3320 288 0.10021467 1.85300675
3330 288 0.17067969 2.28239664
3340 288 0.34105478 2.75930474
3350 288 0.51142986 3.23621283
3360 288 0.73267379 3.70692731
3370 288 1.00478657 4.17144818
3380 288 1.26816736 4.63109539
3390 288 1.46280922 5.04687965
3400 288 1.65613113 5.46215623
3410 288 1.87575051 5.86027346
3420 288 2.15314308 6.21848759
3430 288 2.43053565 6.57670172
3440 288 2.70884203 6.93450970
3450 288 2.85007669 7.37293618
3460 288 2.98999139 7.81085498
3470 288 3.14168410 8.23587888
3110 279 -2.59948925 1.50332153
3120 279 -2.27234472 1.89961114
3130 279 -1.94388023 2.29640842
3140 279 -1.61947713 2.69391645
3150 279 -1.32502675 3.10035952
3160 279 -1.03149017 3.50720872
3170 279 -0.73937508 3.91578402
3180 279 -0.46441934 4.33745728
3190 279 -0.18997127 4.76045050
3200 279 0.08407066 5.18252990
3210 279 0.34075017 5.57293050
3220 279 0.59336830 5.95419298
3230 279 0.84415880 6.33626774
3240 279 1.11637311 6.70991513
3250 279 1.43458260 7.06640317
3260 279 1.75329976 7.42157126
3270 279 2.05861435 7.78597900
3280 279 2.31509079 8.18084712
3290 279 2.57116109 8.57480143
3300 279 2.80570606 8.94987031
3230 285 0.51447590 0.05696092
3240 285 0.57001534 0.43060831
3250 285 0.62555477 0.80425570
3260 285 0.68200802 1.17749695
3270 285 0.73896894 1.54941825
3280 285 0.79592986 1.92133955
3290 285 0.84324499 2.32818876
3300 285 0.87989899 2.77260577
3310 285 0.91746679 3.21661665
3320 285 1.03067789 3.62153670
3330 285 1.25760776 3.96716054
3340 285 1.48453763 4.31278437
3350 285 1.70232938 4.65262073
3360 285 1.88387327 4.97245477
3370 285 2.06490950 5.29360877
3380 285 2.25092091 5.58409930
3390 285 2.44139985 5.84524634
3400 285 2.63147266 6.10547956
3410 285 2.81829635 6.37810001
3420 285 3.00268321 6.65508644
