2320 242 0.00000000 0.00000000
2330 242 0.00000000 0.57477822
2340 242 0.00000000 1.14955644
2350 242 -0.00864333 1.71689874
2360 242 -0.10711436 2.21934123
2370 242 -0.20468243 2.72221346
2380 242 -0.32888163 3.14374822
2390 242 -0.51628087 3.37462162
2400 242 -0.70320688 3.60682770
2410 242 -1.07676662 3.64943196
2420 242 -1.47083862 3.67230687
2430 242 -1.67173350 3.92222936
2440 242 -1.85022321 4.19721194
2450 242 -1.94323126 4.52062886
2460 242 -1.99870135 4.86523308
2470 242 -1.98426274 5.21652858
2480 242 -1.90167784 5.57589153
2490 242 -1.81776025 5.93478126
2500 242 -1.75588421 6.35627427
2510 242 -1.69907796 6.79307405
2150 647 1.13449150 1.45580151
2160 647 1.08351183 1.50241775
2170 647 0.92446962 1.65043659
2180 647 0.76542741 1.79845542
2190 647 0.65870798 1.94590359
2200 647 0.55645985 2.09326478
2210 647 0.47129135 2.29083838
2220 647 0.41133431 2.56575137
2230 647 0.35137727 2.84066436
2240 647 0.30117356 3.08810241
2250 647 0.26630967 3.29632707
2260 647 0.23054284 3.50412200
2270 647 0.18754190 3.66196027
2280 647 0.13683365 3.76850920
2290 647 0.08612539 3.87505812
2300 647 0.04659014 3.95813016
2310 647 0.00705490 4.04120220
2320 647 -0.03248035 4.12427424
2330 647 -0.07201560 4.20734628
2340 647 -0.10557811 4.27554128
2220 220 1.01633810 0.46375627
2230 220 0.52456929 0.79895686
2240 220 0.03146779 1.13463068
2250 220 -0.46030102 1.46983127
2260 220 -0.91372286 1.98275781
2270 220 -1.36714471 2.49568434
2280 220 -1.74472339 3.02144887
2290 220 -2.07023503 3.55648829
2300 220 -2.39574667 4.09152770
2310 220 -2.56332261 4.72055815
2320 220 -2.72956586 5.34911537
2330 220 -2.94908879 5.92905906
2340 220 -3.24786490 6.43584583
2350 220 -3.52312585 6.93278185
2360 220 -3.58257835 7.34858397
2370 220 -3.64203085 7.76438609
2380 220 -3.44280618 8.11834870
2390 220 -3.27424899 8.41341729
2400 220 -3.22608259 8.47510196
2410 220 -3.17881914 8.53635689
2230 412 -1.51470771 4.75114908
2240 412 -1.50856099 4.74521461
2250 412 -1.50374696 4.73975338
2260 412 -1.49760024 4.73381891
2270 412 -1.49145353 4.72788445
2280 412 -1.48620976 4.72152026
2290 412 -1.48006305 4.71558579
2300 412 -1.47434606 4.71055429
2310 412 -1.46910230 4.70419009
2320 412 -1.46295558 4.69825563
2330 412 -1.45771182 4.69189144
2340 412 -1.45156510 4.68595697
2350 412 -1.44584811 4.68092547
2360 412 -1.43970139 4.67499101
2370 412 -1.43445763 4.66862681
2380 412 -1.42831091 4.66269235
2390 412 -1.42306715 4.65632816
2400 412 -1.41735016 4.65129665
2410 412 -1.41120344 4.64536219
2420 412 -1.40595968 4.63899799
2240 223 -0.83127019 -0.35463766
2250 223 -1.05972353 0.08815922
2260 223 -1.28817686 0.53095610
2270 223 -1.51663019 0.97375298
2280 223 -1.71537294 1.42625968
2290 223 -1.90779498 1.88177451
2300 223 -2.09888434 2.33681611
2310 223 -2.26349392 2.77345061
2320 223 -2.40910312 3.19808570
2330 223 -2.55604502 3.62319402
2340 223 -2.67572944 4.04687743
2350 223 -2.73462172 4.46848353
2360 223 -2.79351400 4.89008962
2370 223 -2.78412951 5.32647011
2380 223 -2.70466234 5.77848446
2390 223 -2.62609812 6.23006907
2400 223 -2.60975095 6.65647354
2410 223 -2.60918377 7.07647554
2420 223 -2.57452171 7.50162909
2430 223 -2.46135110 7.93867418
2240 426 -1.72947055 4.12732063
2250 426 -1.70917576 4.13587176
2260 426 -1.68845125 4.14351993
2270 426 -1.66815646 4.15207105
2280 426 -1.64743195 4.15971922
2290 426 -1.62580448 4.16779712
2300 426 -1.60550969 4.17634824
2310 426 -1.58478518 4.18399641
2320 426 -1.56406066 4.19164458
2330 426 -1.54376588 4.20019570
2340 426 -1.52213840 4.20827360
2350 426 -1.50184362 4.21682472
2360 426 -1.48111911 4.22447289
2370 426 -1.47484712 4.20198596
2380 426 -1.46990782 4.17997225
2390 426 -1.46363584 4.15748531
2400 426 -1.45779359 4.13590134
2410 426 -1.45152160 4.11341440
2420 426 -1.44567935 4.09183042
2430 426 -1.44031032 4.06891376
2280 227 -0.71077676 -0.04700422
2290 227 -0.84112791 0.35720560
2300 227 -0.97104932 0.76051247
2310 227 -1.10140047 1.16472229
2320 227 -1.28335587 1.51447110
2330 227 -1.48771643 1.83915981
2340 227 -1.69160377 2.16518121
2350 227 -1.88340470 2.51467428
2360 227 -2.06131333 2.88849846
2370 227 -2.23965168 3.26322561
2380 227 -2.40771476 3.63730555
2390 227 -2.48871818 4.00298224
2400 227 -2.56972160 4.36865894
2410 227 -2.65115474 4.73523859
2420 227 -2.68985489 5.09114630
2430 227 -2.71165982 5.44180503
2440 227 -2.73299153 5.79379645
2450 227 -2.73235824 6.12523211
2460 227 -2.72510501 6.45206600
2470 227 -2.71875473 6.77847016
2290 229 -1.47314038 -0.26253083
2300 229 -1.63749942 0.14099873
2310 229 -1.80228820 0.54543125
2320 229 -1.98217150 0.93271280
2330 229 -2.17031189 1.30941984
2340 229 -2.35845228 1.68612687
2350 229 -2.52646143 2.10896127
2360 229 -2.68603950 2.55131276
2370 229 -2.84604731 2.99456720
2380 229 -3.00830641 3.36808692
2390 229 -3.17371456 3.69470160
2400 229 -3.33955244 4.02221923
2410 229 -3.36522495 4.38100457
2420 229 -3.37516096 4.74395674
2430 229 -3.38711513 5.11813062
2440 229 -3.40525430 5.51926273
2450 229 -3.42382320 5.92129780
2460 229 -3.44252781 6.29336653
2470 229 -3.46162909 6.62205505
2480 229 -3.48206306 6.95121679
2310 232 -1.99802457 -0.54887779
2320 232 -2.13987580 -0.04603863
2330 232 -2.28039435 0.45632731
2340 232 -2.37892453 0.88675594
2350 232 -2.45884579 1.28506435
2360 232 -2.51512663 1.65696954
2370 232 -2.51677770 1.96295365
2380 232 -2.52625092 2.28071969
2390 232 -2.60891932 2.69876267
2400 232 -2.69115800 3.11590270
2410 232 -2.82276006 3.50179763
2420 232 -2.98699906 3.86551531
2430 232 -3.15123807 4.22923299
2440 232 -3.24777095 4.55540227
2450 232 -3.31601814 4.86402392
2460 232 -3.38379211 5.17397825
2470 232 -3.41694403 5.53917128
2480 232 -3.43534417 5.92688952
2490 232 -3.45417404 6.31551072
2500 232 -3.45351814 6.55614441
2310 235 -0.48788731 0.00591359
2320 235 -0.52145330 0.44178779
2330 235 -0.55592225 0.87723227
2340 235 -0.58720910 1.31529863
2350 235 -0.60847643 1.76256331
2360 235 -0.63017350 2.21073096
2370 235 -0.68339229 2.62506990
2380 235 -0.81100672 2.96302634
2390 235 -0.93862116 3.30098278
2400 235 -1.24013050 3.50634373
2410 235 -1.56202161 3.69868226
2420 235 -1.76414131 4.04658689
2430 235 -1.88820482 4.49808799
2440 235 -2.01179510 4.95092178
2450 235 -2.08988782 5.25928768
2460 235 -2.16888351 5.56722384
2470 235 -2.24740597 5.87649270
2480 235 -2.22012414 6.17520443
2490 235 -2.18076114 6.47412843
2500 235 -2.14096840 6.77214946
2310 239 -0.97354072 -0.37915494
2320 239 -0.96518445 0.07334829
2330 239 -0.95682819 0.52585152
2340 239 -0.98304004 0.97187051
2350 239 -1.14666489 1.39014662
2360 239 -1.31162242 1.80889597
2370 239 -1.47537776 2.22046515
2380 239 -1.63703316 2.60202449
2390 239 -1.79825882 2.98268088
2400 239 -1.93050287 3.38155995
2410 239 -2.03195939 3.79952116
2420 239 -2.13388914 4.21614968
2430 239 -2.28609046 4.57784397
2440 239 -2.48817710 4.88146543
2450 239 -2.69069347 5.18598984
2460 239 -2.82145173 5.50030064
2470 239 -2.78444442 5.83908000
2480 239 -2.74700737 6.17695641
2490 239 -2.71744118 6.50111971
2500 239 -2.75153259 6.70306716
2340 244 -1.59390348 -0.81393655
2350 244 -1.79415811 -0.39315860
2360 244 -1.99484247 0.02852231
2370 244 -2.15580194 0.44585197
2380 244 -2.22523046 0.85469140
2390 244 -2.32599107 1.30842293
2400 244 -2.47239536 1.83013720
2410 244 -2.61922939 2.35275443
2420 244 -2.74252042 2.79797833
2430 244 -2.86125839 3.22432713
2440 244 -2.97909341 3.65110565
2450 244 -2.97997201 3.95081255
2460 244 -2.98042088 4.24961650
2470 244 -2.96964802 4.55043862
2480 244 -2.91312883 4.85752750
2490 244 -2.85617991 5.16371342
2500 244 -2.80284282 5.46818042
2510 244 -2.75819255 5.76297587
2520 244 -2.71397202 6.05867427
2530 244 -2.66841879 6.35389944
2350 648 -0.11610913 4.28603403
2360 648 -0.12797284 4.29699999
2370 648 -0.13807413 4.30658978
2380 648 -0.14903488 4.31798548
2390 648 -0.16046885 4.32804849
2400 648 -0.17099987 4.33854123
2410 648 -0.18153089 4.34903398
2420 648 -0.19206191 4.35952672
2430 648 -0.21995614 4.39719516
2440 648 -0.31317471 4.54885366
2450 648 -0.40639327 4.70051215
2460 648 -0.49586952 4.86059651
2470 648 -0.58392609 5.02467893
2480 648 -0.66845783 5.18600898
2490 648 -0.71455909 5.32243725
2500 648 -0.76066035 5.45886553
2510 648 -0.81140688 5.58643821
2520 648 -0.87729142 5.69462429
2530 648 -0.94274623 5.80190741
2540 648 -1.00820104 5.90919052
2400 247 0.86104689 0.85055937
2410 247 0.57744359 1.14860998
2420 247 0.29384029 1.44666060
2430 247 -0.02411887 1.72614579
2440 247 -0.36465195 1.99488770
2450 247 -0.70565826 2.26229693
2460 247 -1.07619597 2.55219832
2470 247 -1.44673367 2.84209970
2480 247 -1.76235976 3.17253150
2490 247 -2.02354745 3.54216102
2500 247 -2.28383220 3.91222028
2510 247 -2.49603752 4.33949291
2520 247 -2.70824285 4.76676553
2530 247 -2.92044818 5.19403816
2540 247 -3.12457039 5.62294273
2550 247 -3.32912233 6.05275024
2560 247 -3.53324454 6.48165481
2570 247 -3.80590449 6.88237110
2580 247 -4.08664756 7.28145547
2590 247 -4.36696089 7.67963688
2450 250 -1.26372917 -0.30462532
2460 250 -1.33532200 0.03895068
2470 250 -1.40781779 0.38209694
2480 250 -1.48706401 0.72313805
2490 250 -1.58251996 1.05867965
2500 250 -1.67840563 1.39512420
2510 250 -1.77386158 1.73066579
2520 250 -1.86609194 2.07106491
2530 250 -1.95789257 2.41056108
2540 250 -2.05012292 2.75096020
2550 250 -2.15572365 3.09385593
2560 250 -2.27069669 3.43782861
2570 250 -2.38566974 3.78180128
2580 250 -2.50064278 4.12577395
2590 250 -2.65371399 4.44275534
2600 250 -2.81628800 4.75410674
2610 250 -2.97976497 5.06502840
2620 250 -3.13971710 5.37319770
2630 250 -3.28999767 5.67268017
2640 250 -3.43984852 5.97125968
