850 136 0.00000000 0.00000000
860 136 0.00000000 0.18956002
870 136 -0.05053281 0.40945871
880 136 -0.10626714 0.63295521
890 136 -0.16200146 0.85645171
900 136 -0.22029962 1.08902712
910 136 -0.28997149 1.35407774
920 136 -0.35868323 1.61884877
930 136 -0.42739498 1.88361979
940 136 -0.47569631 2.21847944
950 136 -0.51868533 2.57158133
960 136 -0.56167435 2.92468322
970 136 -0.48564566 3.23583533
980 136 -0.39645491 3.54211300
990 136 -0.30726416 3.84839067
1000 136 -0.23523421 4.15654109
1010 136 -0.16320425 4.46469152
1020 136 -0.11001265 4.76895400
1030 136 -0.12789617 5.06162647
1040 136 -0.14481957 5.35401936
800 8 -0.07640852 -1.68587240
810 8 0.10037982 -1.46863777
820 8 0.24594849 -1.20481631
830 8 0.36001790 -0.89536814
840 8 0.47312720 -0.58564038
850 8 0.53984486 -0.29573220
860 8 0.49754163 -0.05115003
870 8 0.45619852 0.19315255
880 8 0.41485542 0.43745512
890 8 0.38034392 0.70164058
900 8 0.34583242 0.96582604
910 8 0.31132093 1.23001150
920 8 0.29688750 1.49876543
930 8 0.35976469 1.78979199
940 8 0.42264187 2.08081855
950 8 0.48551905 2.37184511
960 8 0.48110357 2.69288328
970 8 0.45996514 3.02087439
980 8 0.43882672 3.34886550
990 8 0.41996198 3.69181757
900 547 0.06392698 -0.58521307
910 547 0.08194766 -0.44464546
920 547 0.09928782 -0.30283812
930 547 -0.03978160 -0.04361679
940 547 -0.17857141 0.21656466
950 547 -0.14408102 0.38149923
960 547 -0.06534078 0.52313247
970 547 0.10283814 0.85744348
980 547 0.29255642 1.24068358
990 547 0.46771994 1.51671753
1000 547 0.64240868 1.78039127
1010 547 0.75800795 2.06648009
1020 547 0.83440064 2.36815235
1030 547 0.98885832 2.70541757
1040 547 1.32188214 3.12295815
1050 547 1.68089772 3.46522970
1060 547 2.10094938 3.62724699
1070 547 2.55821353 3.75967998
1080 547 3.10082796 3.82038898
1090 547 3.60917355 3.94940353
920 159 -0.41115211 -1.63005366
930 159 -0.53605186 -1.20414634
940 159 -0.60177775 -0.81109404
950 159 -0.65202041 -0.42567521
960 159 -0.70254267 -0.04121650
970 159 -0.70870430 0.34178094
980 159 -0.71006535 0.72338040
990 159 -0.71114680 1.10593997
1000 159 -0.64117952 1.46780953
1010 159 -0.55324958 1.82340667
1020 159 -0.46504005 2.17996393
1030 159 -0.45941650 2.50328634
1040 159 -0.48930677 2.81195375
1050 159 -0.51891745 3.12158128
1060 159 -0.61676509 3.32922000
1070 159 -0.71461272 3.53685873
1080 159 -0.89490391 3.65810265
1090 159 -1.09618581 3.75733771
1100 159 -1.29235059 3.86341493
1110 159 -1.44354281 4.03451114
