3790 309 0.00000000 0.00000000
3800 309 0.00000000 0.25441895
3810 309 -0.00085292 0.50996595
3820 309 -0.00184342 0.76452247
3830 309 -0.01648069 1.00078239
3840 309 -0.04404939 1.21662716
3850 309 -0.07148053 1.43346243
3860 309 -0.09904923 1.64930720
3870 309 -0.12747085 1.86628004
3880 309 -0.15591999 2.09032389
3890 309 -0.18538714 2.32157632
3900 309 -0.21485428 2.55282875
3910 309 -0.24432143 2.78408118
3920 309 -0.26055450 3.03065873
3930 309 -0.22426396 3.33556527
3940 309 -0.18783585 3.64146230
3950 309 -0.15154532 3.94636884
3960 309 -0.12931427 4.26635287
3970 309 -0.13677047 4.61973850
3980 309 -0.14521717 4.97326170
3620 303 0.13341381 0.09555499
3630 303 0.18607498 0.37294785
3640 303 0.23788323 0.65146878
3650 303 0.29068197 0.92985214
3660 303 0.36483132 1.20930852
3670 303 0.44208972 1.48934270
3680 303 0.51934812 1.76937688
3690 303 0.59102124 2.06734997
3700 303 0.61754442 2.52000494
3710 303 0.64420517 2.97365040
3720 303 0.67086592 3.42729586
3730 303 0.63397008 3.93217178
3740 303 0.58161156 4.44929129
3750 303 0.53024353 4.96627323
3760 303 0.50845270 5.47813763
3770 303 0.55558362 5.97740076
3780 303 0.60384261 6.47751682
3790 303 0.65196403 6.97664238
3800 303 0.61253693 7.36879478
3810 303 0.56339751 7.74917133
3700 305 -0.93524482 -0.03164073
3710 305 -1.01674032 0.30476897
3720 305 -1.09724533 0.64104110
3730 305 -1.12153990 0.88772870
3740 305 -1.14583448 1.13441630
3750 305 -1.17098198 1.38223197
3760 305 -1.19527655 1.62891957
3770 305 -1.08029691 1.80982198
3780 305 -0.95114772 1.98370840
3790 305 -0.82100804 2.15745725
3800 305 -0.69086836 2.33120611
3810 305 -0.62442284 2.55519493
3820 305 -0.57330243 2.79241783
3830 305 -0.52218202 3.02964073
3840 305 -0.47106162 3.26686363
3850 305 -0.50894795 3.59014930
3860 305 -0.56925792 3.93371255
3870 305 -0.62956789 4.27727580
3880 305 -0.68874981 4.62169197
3890 305 -0.70025052 4.92414980
3790 311 0.57586120 -0.14257586
3800 311 0.59660651 0.08675061
3810 311 0.61735182 0.31607709
3820 311 0.63795956 0.54441307
3830 311 0.65969537 0.77360198
3840 311 0.66407004 0.99409656
3850 311 0.66109856 1.21258265
3860 311 0.65898001 1.42994068
3870 311 0.65587097 1.64743627
3880 311 0.64904758 1.87453414
3890 311 0.63083352 2.12138683
3900 311 0.61275704 2.36923000
3910 311 0.59454299 2.61608269
3920 311 0.57632893 2.86293537
3930 311 0.56727694 3.15394751
3940 311 0.56169166 3.46265093
3950 311 0.55709688 3.77121679
3960 311 0.55151160 4.07992021
3970 311 0.56309486 4.44681506
3980 311 0.58207929 4.83792194
