530 150 0.00000000 0.00000000
540 150 0.00000000 0.10043904
550 150 -0.00764643 0.22616704
560 150 -0.04695386 0.45739188
570 150 -0.08723700 0.68883576
580 150 -0.12654442 0.92006060
590 150 -0.09456483 1.16295421
600 150 -0.05434142 1.40604694
610 150 -0.01389898 1.65011540
620 150 0.03616124 1.87767632
630 150 0.08697813 2.10404249
640 150 0.13779503 2.33040866
650 150 0.20008157 2.54395113
660 150 0.27957258 2.73825805
670 150 0.35906358 2.93256498
680 150 0.39659879 3.08607103
690 150 0.37272361 3.18059603
700 150 0.34787271 3.27534007
710 150 0.31967650 3.37800932
720 150 0.25790769 3.55483300
450 151 -0.82985663 -0.64693970
460 151 -0.77539573 -0.44086445
470 151 -0.72191055 -0.23457015
480 151 -0.73636708 -0.04786983
490 151 -0.79684158 0.12558862
500 151 -0.85731607 0.29904707
510 151 -0.85239767 0.61770804
520 151 -0.84747926 0.93636900
530 151 -0.83620874 1.28332573
540 151 -0.81910384 1.66996823
550 151 -0.80080418 2.05736741
560 151 -0.74317718 2.52407838
570 151 -0.68162741 2.99913272
580 151 -0.61888288 3.47494374
590 151 -0.23528700 3.60405688
600 151 0.16915734 3.69364357
610 151 0.61786734 3.68822735
620 151 1.06657734 3.68281112
630 151 1.52484538 3.83410688
640 151 1.98191866 3.98464596
490 154 -0.54116409 -0.81731171
500 154 -0.49898926 -0.72531560
510 154 -0.45779014 -0.63310046
520 154 -0.41561530 -0.54110436
530 154 -0.37949388 -0.43955022
540 154 -0.36422094 -0.29846961
550 154 -0.34916703 -0.15836472
560 154 -0.33486980 -0.01706508
570 154 -0.33960899 0.14900581
580 154 -0.38945017 0.37439626
590 154 -0.44026707 0.60000576
600 154 -0.48576731 0.82647149
610 154 -0.48568766 1.06422765
620 154 -0.48680276 1.30122714
630 154 -0.48791786 1.53822663
640 154 -0.41434089 1.80662825
650 154 -0.33283872 2.07837518
660 154 -0.25209322 2.35131687
670 154 -0.21119279 2.55633676
680 154 -0.18781542 2.73351886
500 155 -0.16670809 -0.85217863
510 155 -0.14846817 -0.79375513
520 155 -0.13022825 -0.73533163
530 155 -0.11198833 -0.67690813
540 155 -0.09374841 -0.61848463
550 155 -0.06270470 -0.45737197
560 155 -0.02813647 -0.27142833
570 155 0.00643176 -0.08548469
580 155 0.01475522 0.15247060
590 155 0.02124672 0.39596159
600 155 0.02654346 0.63869589
610 155 0.01531277 0.91281242
620 155 -0.00067703 1.19312176
630 155 -0.01764254 1.47365014
640 155 0.00999611 1.66524895
650 155 0.04767071 1.83307215
660 155 0.08534530 2.00089534
670 155 0.11682709 2.16395943
680 155 0.12331859 2.30701138
690 155 0.13056676 2.44886858
540 531 -1.49382158 -0.76948170
550 531 -1.46942868 -0.47364055
560 531 -1.44406005 -0.17801843
570 531 -1.38900178 0.05354492
580 531 -1.31331408 0.24460609
590 531 -1.23784541 0.43469155
600 531 -1.16554284 0.61523888
610 531 -1.10132479 0.76890423
620 531 -1.03688769 0.92354530
630 531 -0.94459289 1.06988283
640 531 -0.80958563 1.20560695
650 531 -0.67457836 1.34133107
660 531 -0.53405530 1.46966763
670 531 -0.37979257 1.58159622
680 531 -0.22552984 1.69352481
690 531 -0.04916415 1.79434219
700 531 0.17682368 1.86967146
710 531 0.40205483 1.94619550
720 531 0.63387705 2.01099102
730 531 0.89142632 2.03516489
560 534 -1.81415520 0.21867992
570 534 -1.74693034 0.35834673
580 534 -1.67970548 0.49801354
590 534 -1.60497358 0.64829376
600 534 -1.51532716 0.82392268
610 534 -1.42568074 0.99955161
620 534 -1.33601441 1.18440005
630 534 -1.24618878 1.39278517
640 534 -1.15636315 1.60117028
650 534 -1.05349478 1.77178124
660 534 -0.91968226 1.85652916
670 534 -0.78586975 1.94127709
680 534 -0.64413203 2.02937033
690 534 -0.42521316 2.14625715
700 534 -0.20629429 2.26314398
710 534 0.02287955 2.35723090
720 534 0.27439531 2.40018233
730 534 0.52688678 2.44291472
740 534 0.77657057 2.49140184
750 534 1.00737725 2.58819688
