1060 85 0.00000000 0.00000000
1070 85 0.00000000 0.44335313
1080 85 0.03420298 0.90431751
1090 85 0.08297223 1.37219736
1100 85 0.13143699 1.84418907
1110 85 0.17589816 2.35382345
1120 85 0.21972327 2.86219473
1130 85 0.29307338 3.30027893
1140 85 0.39657552 3.66617687
1150 85 0.47483143 3.93949173
1160 85 0.54348325 4.17172422
1170 85 0.49152241 4.46944401
1180 85 0.40862010 4.78432844
1190 85 0.36722195 5.12660639
1200 85 0.38950892 5.51202602
1210 85 0.41115983 5.89618254
1220 85 0.35751636 6.26916965
1230 85 0.27191868 6.63687202
1240 85 0.18663452 7.00362482
1250 85 0.07240729 7.42295421
1080 87 -0.53372128 0.13655255
1090 87 -0.48914958 0.79576296
1100 87 -0.44362831 1.45528689
1110 87 -0.36923840 1.92530725
1120 87 -0.28212048 2.31212306
1130 87 -0.16408816 2.67228742
1140 87 -0.02523722 3.01405111
1150 87 -0.07105623 3.13687871
1160 87 -0.16383554 3.20418397
1170 87 0.14658067 3.38354889
1180 87 0.20836212 3.64615897
1190 87 0.18582478 4.17053104
1200 87 0.04847829 4.68858986
1210 87 -0.16730681 5.20181280
1220 87 -0.38276937 5.71724843
1230 87 -0.59664629 6.23426068
1240 87 -0.80672487 6.75252701
1250 87 -0.98041486 7.27859524
1260 87 -1.15441837 7.80561306
1270 87 -1.21097148 8.26715260
1120 89 -0.04023880 0.52695241
1130 89 -0.02704165 1.05153875
1140 89 -0.01479408 1.57581158
1150 89 0.09915572 2.05678709
1160 89 0.23963967 2.52756757
1170 89 0.32792145 2.87896240
1180 89 0.36622274 3.11381131
1190 89 0.38462794 3.35788763
1200 89 0.22811613 3.69796417
1210 89 0.10047747 4.07179485
1220 89 0.01694135 4.49704503
1230 89 -0.04161919 4.92001035
1240 89 -0.00344872 5.33068299
1250 89 0.03408570 5.74009252
1260 89 0.08078436 6.14726231
1270 89 0.14517547 6.54868949
1280 89 0.21051616 6.95043020
1290 89 0.23995319 7.40350245
1300 89 0.23443615 7.90821975
1310 89 0.22986868 8.41325058
1130 91 0.70741352 0.77906746
1140 91 0.59632826 1.08043446
1150 91 0.49945063 1.37385519
1160 91 0.45625030 1.63866216
1170 91 0.41273645 1.90441871
1180 91 0.35337520 2.15757131
1190 91 0.29337788 2.40946082
1200 91 0.25996884 2.67012887
1210 91 0.23826831 2.93360959
1220 91 0.21561819 3.19677678
1230 91 0.19074637 3.45710425
1240 91 0.16587455 3.71743173
1250 91 0.14100273 3.97775920
1260 91 0.06206790 4.24235189
1270 91 -0.04152897 4.50827987
1280 91 -0.14417627 4.77452136
1290 91 -0.24519281 5.05815080
1300 91 -0.34545600 5.38415278
1310 91 -0.44540567 5.70920518
1320 91 -0.54535534 6.03425758
1130 94 1.21527505 0.77825096
1140 94 1.12584972 1.02358361
1150 94 1.03611087 1.26986584
1160 94 0.95142443 1.51360383
1170 94 0.91381332 1.74234474
1180 94 0.87588870 1.97203524
1190 94 0.83891366 2.20203925
1200 94 0.80650834 2.48199442
1210 94 0.77603827 2.77522568
1220 94 0.74556821 3.06845695
1230 94 0.71414856 3.36137469
1240 94 0.66026149 3.64898065
1250 94 0.60637442 3.93658660
1260 94 0.55153777 4.22387903
1270 94 0.48566478 4.52227097
1280 94 0.39329371 4.84350700
1290 94 0.29965955 5.16537909
1300 94 0.20633891 5.48630160
1310 94 0.11512268 5.76895439
1320 94 0.02910998 5.99119259
1210 97 1.92862515 0.97796986
1220 97 1.75202777 1.26086625
1230 97 1.57416729 1.54439870
1240 97 1.40862431 1.82252011
1250 97 1.27086956 2.08664816
1260 97 1.09607887 2.22692010
1270 97 0.91808983 2.35455199
1280 97 0.78547770 2.64775844
1290 97 0.65255206 2.94191448
1300 97 0.46506269 3.28650661
1310 97 0.27757332 3.63109874
1320 97 0.06640756 3.98998873
1330 97 -0.16149204 4.35809710
1340 97 -0.38939163 4.72620547
1350 97 -0.59297878 5.08127909
1360 97 -0.79656593 5.43635270
1370 97 -1.00015308 5.79142632
1380 97 -1.26061588 6.16247366
1390 97 -1.53498182 6.53735541
1400 97 -1.81029735 6.91192365
1240 421 0.56416879 2.00075275
1250 421 0.64373291 2.28924288
1260 421 0.77584881 2.70881812
1270 421 0.90827823 3.12744379
1280 421 1.00843090 3.53857204
1290 421 1.07630682 3.94220289
1300 421 1.14323315 4.34552022
1310 421 1.19738637 4.81623077
1320 421 1.25185312 5.28599175
1330 421 1.22169882 5.68990228
1340 421 1.13386139 6.04844041
1350 421 1.07096345 6.39204461
1360 421 1.10527921 6.67086073
1370 421 1.13864539 6.94936333
1380 421 1.17087027 7.04951600
1390 421 1.20328235 7.10444738
1400 421 1.23474486 7.15906524
1410 421 1.24932015 7.16914299
1420 421 1.25848440 7.16690324
1430 421 1.26859823 7.16497701
