2310 469 0.00000000 0.00000000
2320 469 0.00000000 0.35840340
2330 469 0.00098492 0.71663382
2340 469 0.00098492 1.07503722
2350 469 -0.02097636 1.44135908
2360 469 -0.04473451 1.80901184
2370 469 -0.06947758 2.17683758
2380 469 0.06097877 2.67680772
2390 469 0.20735294 3.19225763
2400 469 0.35488502 3.70851946
2410 469 0.39354258 4.25811804
2420 469 0.42072703 4.81176233
2430 469 0.44791148 5.36540663
2440 469 0.48396304 5.84236081
2450 469 0.52263734 6.29956349
2460 469 0.56131163 6.75676618
2470 469 0.62886959 7.17031415
2480 469 0.70048721 7.57807256
2490 469 0.77227782 7.98681588
2500 469 0.80673341 8.43156054
2180 459 -0.68927359 0.12207752
2190 459 -0.71542568 0.44141601
2200 459 -0.74256270 0.76092748
2210 459 -0.76969972 1.08043896
2220 459 -0.79585182 1.39977744
2230 459 -0.80070668 1.67273244
2240 459 -0.80474961 1.94452952
2250 459 -0.80977747 2.21649960
2260 459 -0.79682558 2.53303119
2270 459 -0.74566535 2.95148982
2280 459 -0.69352020 3.36977547
2290 459 -0.64137505 3.78806112
2300 459 -0.56465982 4.19593950
2310 459 -0.48614773 4.60248698
2320 459 -0.40665071 5.00886147
2330 459 -0.36186598 5.43148580
2340 459 -0.33232106 5.85983274
2350 459 -0.30260315 6.28916460
2360 459 -0.26500585 6.71711254
2370 459 -0.22068708 7.14286464
2180 461 0.16567086 -0.13773586
2190 461 0.12305408 0.19769343
2200 461 0.08043729 0.53312273
2210 461 0.03782051 0.86855202
2220 461 -0.00479627 1.20398131
2230 461 -0.03621896 1.52221490
2240 461 -0.05743249 1.82342576
2250 461 -0.07766109 2.12446364
2260 461 -0.09887462 2.42567451
2270 461 -0.12026113 2.72590045
2280 461 -0.02938588 3.17393470
2290 461 0.07248257 3.63831366
2300 461 0.17533595 4.10251963
2310 461 0.27164084 4.56990637
2320 461 0.36023932 5.03966196
2330 461 0.44785289 5.50959053
2340 461 0.53563944 5.98050402
2350 461 0.62423793 6.45025961
2360 461 0.65342292 6.89389937
2370 461 0.68260791 7.33753913
2290 462 -0.49818723 0.14638812
2300 462 -0.52319537 0.48380121
2310 462 -0.54820350 0.82121430
2320 462 -0.57321163 1.15862739
2330 462 -0.59920469 1.49621347
2340 462 -0.60311648 1.82078349
2350 462 -0.55846010 2.11550167
2360 462 -0.51281879 2.41004686
2370 462 -0.46816241 2.70476505
2380 462 -0.45602524 3.09758777
2390 462 -0.45782489 3.53245529
2400 462 -0.45979753 3.96633789
2410 462 -0.41904736 4.43535966
2420 462 -0.34998831 4.92682263
2430 462 -0.28092925 5.41828559
2440 462 -0.24180295 5.88962319
2450 462 -0.20962413 6.35608918
2460 462 -0.17761829 6.82157025
2470 462 -0.15805653 7.27400736
2480 462 -0.13982568 7.72464762
2340 476 0.35530355 -0.03499130
2350 476 0.34509159 0.41556804
2360 476 0.33586456 0.86595439
2370 476 0.33916252 1.30094189
2380 476 0.37238207 1.69818421
2390 476 0.40675953 2.09623846
2400 476 0.53411602 2.56121730
2410 476 0.72515773 3.07085253
2420 476 0.97702476 3.57995763
2430 476 1.47711767 4.08607726
2440 476 1.97738356 4.59318182
2450 476 2.39651463 5.07189379
2460 476 2.80608942 5.54822297
2470 476 3.20313922 6.03995100
2480 476 3.59172370 6.54128832
2490 476 3.90392218 7.08751639
2500 476 4.13956169 7.67765029
2510 476 4.36624759 8.16478015
2520 476 4.57146049 8.41403839
2530 476 4.76795695 8.62523058
