2310 238 0.00000000 0.00000000
2320 238 -0.00000000 0.68769325
2330 238 -0.00114586 1.37621535
2340 238 -0.04035956 2.04951119
2350 238 -0.10757267 2.71426106
2360 238 -0.09635546 3.32576918
2370 238 -0.06664599 3.92302821
2380 238 0.04196639 4.54611997
2390 238 0.22750696 5.19472748
2400 238 0.41769350 5.79546626
2410 238 0.61007579 6.35098138
2420 238 0.80799252 6.89725692
2430 238 1.04508951 7.36981064
2440 238 1.28218651 7.84236436
2450 238 1.56389932 8.27042731
2460 238 1.91180444 8.63315590
2470 238 2.25970956 8.99588449
2480 238 2.61614028 9.21717647
2490 238 2.97427816 9.42152485
2500 238 3.28815357 9.67447193
2190 214 3.05272738 0.92657301
2200 214 2.79656811 1.41818610
2210 214 2.54040884 1.90979919
2220 214 2.30269239 2.40639851
2230 214 2.13396890 2.92116291
2240 214 1.96737864 3.43525695
2250 214 1.79964251 3.95017985
2260 214 1.75704358 4.52469036
2270 214 1.84056919 5.15894699
2280 214 1.92326595 5.79205776
2290 214 2.00003855 6.42421752
2300 214 2.02262856 7.04058973
2310 214 2.04407272 7.65779079
2320 214 1.97208422 8.23872422
2330 214 1.86104053 8.80427289
2340 214 1.86530987 9.40858885
2350 214 2.04385314 10.06923951
2360 214 2.22255491 10.72890282
2370 214 2.30029161 11.32982045
2380 214 2.31137649 11.89167998
2190 215 2.75338752 0.51998766
2200 215 2.50450620 0.99150021
2210 215 2.25661225 1.46317127
2220 215 2.00773093 1.93468383
2230 215 1.76842947 2.44115674
2240 215 1.54851892 3.02872831
2250 215 1.32860837 3.61629988
2260 215 1.31286297 4.20018521
2270 215 1.34858239 4.78524258
2280 215 1.38446030 5.36931259
2290 215 1.40669696 5.98157685
2300 215 1.42877512 6.59482848
2310 215 1.43935833 7.21028603
2320 215 1.40182851 7.83523764
2330 215 1.36414020 8.46117660
2340 215 1.34245029 8.93067373
2350 215 1.33644180 9.24570372
2360 215 1.33043331 9.56073372
2370 215 1.46330796 9.70461327
2380 215 1.62930348 9.80620799
2210 218 1.13002855 0.45587332
2220 218 1.01495253 0.95190407
2230 218 0.90003501 1.44694747
2240 218 0.78495900 1.94297822
2250 218 0.79053852 2.38140481
2260 218 0.84842479 2.79683131
2270 218 0.90729843 3.21241631
2280 218 0.94432802 3.63158431
2290 218 0.96855830 4.05477445
2300 218 0.99195972 4.47681873
2310 218 0.97828066 4.88379524
2320 218 0.94663428 5.28282344
2330 218 0.91597526 5.68201015
2340 218 0.93351215 6.14058670
2350 218 0.96182419 6.61405944
2360 218 0.99112359 7.08769067
2370 218 0.99168053 7.53847741
2380 218 0.98611845 7.98321786
2390 218 1.05225695 8.40402031
2400 218 1.16647212 8.80924604
2220 220 3.98501369 0.72782887
2230 220 3.60733658 1.18778104
2240 220 3.22851361 1.64856207
2250 220 2.85083649 2.10851424
2260 220 2.55993208 2.72823968
2270 220 2.26902767 3.34796512
2280 220 2.05451633 3.95868509
2290 220 1.89257930 4.56366559
2300 220 1.73064227 5.16864608
2310 220 1.74669739 5.81941734
2320 220 1.76389838 6.46935975
2330 220 1.71630012 7.08763105
2340 220 1.57207593 7.65798128
2350 220 1.44764836 8.21226621
2360 220 1.50750935 8.62800971
2370 220 1.56737035 9.04375321
2380 220 1.85808427 9.32741748
2390 220 2.10280821 9.56318685
2400 220 2.16637579 9.60883947
2410 220 2.22895602 9.65433359
2240 223 1.98183130 0.46196179
2250 223 1.88710011 0.95113047
2260 223 1.79236892 1.44029915
2270 223 1.69763773 1.92946784
2280 223 1.63414867 2.41960062
2290 223 1.57757111 2.91084290
2300 223 1.52213942 3.40125632
2310 223 1.48694350 3.86655972
2320 223 1.46660740 4.31500530
2330 223 1.44512543 4.76427974
2340 223 1.44940060 5.20452254
2350 223 1.51143116 5.62567835
2360 223 1.57346172 6.04683415
2370 223 1.70516870 6.46297027
2380 223 1.90852682 6.87440371
2390 223 2.11089757 7.28567865
2400 223 2.24648128 7.69028347
2410 223 2.36512138 8.09318113
2420 223 2.51792934 8.49143573
2430 223 2.74942209 8.87902715
2290 229 1.39175571 0.73083312
2300 229 1.34749179 1.16429673
2310 229 1.30306936 1.59874771
2320 229 1.23933891 2.02098393
2330 229 1.16471116 2.43539399
2340 229 1.09008341 2.84980406
2350 229 1.04774477 3.30281999
2360 229 1.01898485 3.77219497
2370 229 0.99006643 4.24255730
2380 229 0.93937959 4.64663136
2390 229 0.87248203 5.00657818
2400 229 0.80542597 5.36751237
2410 229 0.88167218 5.71904119
2420 229 0.97419162 6.07014396
2430 229 1.06792964 6.43258317
2440 229 1.16331228 6.82263208
2450 229 1.25853643 7.21366835
2460 229 1.34520443 7.57598542
2470 229 1.41929415 7.89678397
2480 229 1.49223801 8.21841139
2310 232 0.80753302 0.60362524
2320 232 0.81279263 1.12606312
2330 232 0.81919810 1.64767214
2340 232 0.84567066 2.08843988
2350 232 0.88096983 2.49315085
2360 232 0.93153162 2.86587663
2370 232 1.01598351 3.15998014
2380 232 1.09624168 3.46758968
2390 232 1.13445349 3.89201147
2400 232 1.17282379 4.31544590
2410 232 1.15503679 4.72277577
2420 232 1.09969380 5.11799996
2430 232 1.04435081 5.51322414
2440 232 1.04342453 5.85337725
2450 232 1.06470873 6.16873734
2460 232 1.08682178 6.48524328
2470 232 1.15769205 6.84502433
2480 232 1.24905255 7.22227393
2490 232 1.34025455 7.60051089
2500 232 1.40854517 7.83125185
2340 244 1.12082095 0.23562977
2350 244 1.04695953 0.69573898
2360 244 0.97293961 1.15683556
2370 244 0.93581841 1.60258663
2380 244 0.98414810 2.01445340
2390 244 1.01503251 2.47821105
2400 244 1.02123004 3.02004275
2410 244 1.02726907 3.56286181
2420 244 1.03413986 4.02479015
2430 244 1.04007274 4.46732467
2440 244 1.04699298 4.91001769
2450 244 1.13042117 5.19788005
2460 244 1.21400785 5.48475505
2470 244 1.30893099 5.77041148
2480 244 1.44951693 6.04921893
2490 244 1.59026137 6.32703902
2500 244 1.72705637 6.60422511
2510 244 1.85279557 6.87457239
2520 244 1.97837627 7.14590703
2530 244 2.10510283 7.41641282
2350 246 0.19451405 0.25201643
2360 246 0.04925306 0.84144348
2370 246 -0.09600792 1.43087053
2380 246 -0.18129450 1.98738756
2390 246 -0.24117730 2.53076500
2400 246 -0.30204746 3.07398395
2410 246 -0.09885076 3.56844133
2420 246 0.10335858 4.06274021
2430 246 0.28973383 4.54842042
2440 246 0.46359042 5.03006540
2450 246 0.59151664 5.50129876
2460 246 0.53180834 5.93633430
2470 246 0.47292889 6.37251569
2480 246 0.37740519 6.86662117
2490 246 0.27879727 7.36732116
2500 246 0.22749678 7.88878186
2510 246 0.28893697 8.45872493
2520 246 0.34938979 9.02850950
2530 246 0.44493821 9.55632623
2540 246 0.56234375 10.05524199
2490 252 1.17499336 0.19469873
2500 252 1.48010324 0.82401420
2510 252 1.78438426 1.45218381
2520 252 2.03894398 2.06832045
2530 252 2.08687814 2.63406979
2540 252 2.13595816 3.19899027
2550 252 2.21972807 3.81910687
2560 252 2.32492614 4.47608584
2570 252 2.38613220 5.11688754
2580 252 2.26481212 5.69597859
2590 252 2.14447940 6.27522813
2600 252 1.92851829 6.86343370
2610 252 1.64979227 7.45776846
2620 252 1.37386983 8.05356609
2630 252 1.13463816 8.65424088
2640 252 0.89426064 9.25574454
2650 252 0.70039804 9.88294569
2660 252 0.57614933 10.54968047
2670 252 0.45091326 11.21625674
2680 252 0.38047342 11.78123393
