3990 312 0.00000000 0.00000000
4000 312 0.00000000 0.37159386
4010 312 0.03145908 0.69733659
4020 312 0.06397307 1.02402121
4030 312 0.09543215 1.34976394
4040 312 0.09264416 1.70749321
4050 312 0.07461641 2.07910591
4060 312 0.05658866 2.45071861
4070 312 0.03955932 2.82227480
4080 312 0.06472658 3.12533686
4090 312 0.08995035 3.42939731
4100 312 0.13075297 3.72556474
4110 312 0.31054065 3.94675785
4120 312 0.49038485 4.16894935
4130 312 0.67866836 4.39867597
4140 312 0.93454180 4.70770959
4150 312 1.19147016 5.01768511
4160 312 1.39651929 5.36665481
4170 312 1.48379468 5.81143342
4180 312 1.57101356 6.25521362
3820 587 -2.79149389 1.46810282
3830 587 -2.61468257 1.60132353
3840 587 -2.43370811 1.73731340
3850 587 -2.24968192 1.87413213
3860 587 -2.06665415 2.01100737
3870 587 -1.83048501 2.14888101
3880 587 -1.57029773 2.28639674
3890 587 -1.28496201 2.44352259
3900 587 -0.99651807 2.60247569
3910 587 -0.71502526 2.74479505
3920 587 -0.43848679 2.87036763
3930 587 -0.16920086 3.00937154
3940 587 0.04536135 3.27867631
3950 587 0.25986705 3.54698268
3960 587 0.47571022 3.82122294
3970 587 0.70895950 4.13754679
3980 587 0.94226529 4.45486904
3990 587 1.17562759 4.77318968
4000 587 1.41637430 5.09810355
4010 587 1.65712101 5.42301742
3990 310 -0.75918100 0.03596130
4000 310 -0.77975184 0.36264592
4010 310 -0.78276588 0.66329674
4020 310 -0.78577993 0.96394756
4030 310 -0.78979237 1.26465490
4040 310 -0.79280642 1.56530572
4050 310 -0.76016056 1.91201489
4060 310 -0.71979122 2.27130769
4070 310 -0.67942187 2.63060049
4080 310 -0.63276072 2.95948912
4090 310 -0.57507946 3.21764193
4100 310 -0.51734170 3.47679314
4110 310 -0.45866204 3.73488944
4120 310 -0.26791077 4.04360283
4130 310 -0.07616111 4.35225970
4140 310 0.11558856 4.66091657
4150 310 0.25025978 5.02288433
4160 310 0.36021585 5.40828629
4170 310 0.47117032 5.79363172
4180 310 0.57031351 6.18265052
