4100 307 0.00000000 0.00000000
4110 307 0.00000000 0.06484597
4120 307 -0.00033927 0.13063263
4130 307 -0.00067853 0.19641930
4140 307 -0.00067853 0.26126527
4150 307 -0.00101780 0.32705193
4160 307 -0.06066684 0.45117683
4170 307 -0.26194380 0.71450854
4180 307 -0.46228007 0.97817950
4190 307 -0.68582518 1.15587751
4200 307 -0.91196105 1.32307371
4210 307 -1.15040300 1.48902080
4220 307 -1.41499924 1.65085043
4230 307 -1.68053616 1.81234081
4240 307 -1.86062445 1.94618104
4250 307 -1.98368530 2.06338185
4260 307 -2.10810320 2.18434541
4270 307 -2.23822694 2.34471004
4280 307 -2.36835067 2.50507467
4290 307 -2.51418857 2.63532177
4250 265 0.15109651 -0.43663468
4260 265 0.03306296 -0.22726161
4270 265 -0.04069644 -0.04337972
4280 265 -0.11445584 0.14050217
4290 265 -0.23967564 0.34622043
4300 265 -0.57288062 0.63638495
4310 265 -0.90574632 0.92560877
4320 265 -1.22787890 1.20275783
4330 265 -1.50478122 1.42818433
4340 265 -1.78228497 1.65233087
4350 265 -2.06399869 1.86751771
4360 265 -2.38235309 1.98976123
4370 265 -2.70070748 2.11200476
4380 265 -3.02034183 2.23484971
4390 265 -3.33869623 2.35709323
4400 265 -3.63805176 2.49150405
4410 265 -3.86005475 2.67082128
4420 265 -4.08333771 2.85073993
4430 265 -4.30534071 3.03005716
4440 265 -4.58068549 3.10084028
