900 79 0.00000000 0.00000000
910 79 0.00000000 0.42912120
920 79 -0.00099739 0.85831463
930 79 -0.00199477 1.28750807
940 79 -0.03974868 1.65218826
950 79 -0.10177078 1.97250569
960 79 -0.16471803 2.29389275
970 79 -0.19436234 2.64595413
980 79 -0.21537738 3.00641407
990 79 -0.23738981 3.36694625
1000 79 -0.22027111 3.67250795
1010 79 -0.19205064 3.96523411
1020 79 -0.16489980 4.25703512
1030 79 -0.13767672 4.54983353
1040 79 -0.07329165 4.88505817
1050 79 -0.00890657 5.22028282
1060 79 0.05547850 5.55550746
1070 79 0.09465391 5.90258423
1080 79 0.09708446 6.26836435
1090 79 0.09951501 6.63414446
1010 392 0.77454576 1.80676697
1020 392 0.61766467 1.88330012
1030 392 0.41189762 1.94933741
1040 392 0.20613058 2.01537470
1050 392 0.02443133 2.06763733
1060 392 -0.06505854 2.06409287
1070 392 -0.15454841 2.06054842
1080 392 -0.24403828 2.05700397
1090 392 -0.33352815 2.05345951
1100 392 -0.51328856 2.04943501
1110 392 -0.70416471 2.04421038
1120 392 -0.89397122 2.03991089
1130 392 -1.03081601 2.06085136
1140 392 -1.11362945 2.10795694
1150 392 -1.19744027 2.15513475
1160 392 -1.28025371 2.20224033
1170 392 -1.36136832 2.45275463
1180 392 -1.44281617 2.72635333
1190 392 -1.49350581 3.05086306
1200 392 -1.47354409 3.49257510
