1910 449 0.00000000 0.00000000
1920 449 0.00000000 0.28352072
1930 449 -0.01241532 0.57381344
1940 449 -0.13352110 0.92178095
1950 449 -0.25366753 1.27003062
1960 449 -0.38030377 1.64034571
1970 449 -0.52217700 2.06246653
1980 449 -0.66472743 2.48334582
1990 449 -0.73306811 2.97087279
2000 449 -0.75174752 3.50219198
2010 449 -0.77166846 4.03418837
2020 449 -0.79390317 4.58113957
2030 449 -0.81743584 5.13604786
2040 449 -0.87228897 5.69112546
2050 449 -1.05185962 6.24496152
2060 449 -1.23143027 6.79879758
2070 449 -1.41619278 7.34902191
2080 449 -1.61895750 7.88248556
2090 449 -1.82172222 8.41594921
2100 449 -2.00038994 8.95962729
1750 189 -0.20750511 -0.02454847
1760 189 -0.43747067 0.26117315
1770 189 -0.66867775 0.54757197
1780 189 -0.89988484 0.83397079
1790 189 -1.04683706 1.16703992
1800 189 -1.13673525 1.52939791
1810 189 -1.22759281 1.89147374
1820 189 -1.21060640 2.37595331
1830 189 -1.08425232 2.98120008
1840 189 -0.95818040 3.58740621
1850 189 -0.91675839 4.23334136
1860 189 -0.89711961 4.88954736
1870 189 -0.87652147 5.54603553
1880 189 -0.91929788 6.24434075
1890 189 -0.96139710 6.94388750
1900 189 -1.01980553 7.63863742
1910 189 -1.22499688 8.30793594
1920 189 -1.42990606 8.97627510
1930 189 -1.63385588 9.64489642
1940 189 -1.81150780 10.39421731
