1380 103 0.00000000 0.00000000
1390 103 0.00000000 0.37157099
1400 103 0.00126221 0.74250415
1410 103 0.00126221 1.11407514
1420 103 0.02804040 1.46181488
1430 103 0.11752263 1.75647728
1440 103 0.20731705 2.05018966
1450 103 0.29724603 2.37552453
1460 103 0.38769980 2.82418712
1470 103 0.47784140 3.27379972
1480 103 0.56893301 3.72372451
1490 103 0.62527217 4.03275833
1500 103 0.63328948 4.13328555
1510 103 0.64066896 4.23255056
1520 103 0.66565208 4.30707468
1530 103 0.69314615 4.37716089
1540 103 0.72032803 4.44819711
1550 103 0.74782211 4.51828331
1560 103 0.77595401 4.58963172
1570 103 0.80313590 4.66066795
1320 99 0.09352991 0.20546814
1330 99 0.06973634 0.63342943
1340 99 0.04625496 1.06044070
1350 99 0.02368323 1.47827741
1360 99 0.00360900 1.88851396
1370 99 -0.01710306 2.29748830
1380 99 -0.02450137 2.71399552
1390 99 0.01817957 3.15748547
1400 99 0.06086051 3.60097542
1410 99 0.10354145 4.04446537
1420 99 0.15457073 4.44333128
1430 99 0.20623784 4.84345940
1440 99 0.25726712 5.24232531
1450 99 0.29061203 5.64695862
1460 99 0.31479584 6.05384453
1470 99 0.33897964 6.46073044
1480 99 0.34482778 6.86895930
1490 99 0.27702109 7.28350996
1500 99 0.20952658 7.69711060
1510 99 0.14171989 8.11166126
1330 101 0.73358526 0.05791087
1340 101 0.67571206 0.50309364
1350 101 0.61878889 0.94858859
1360 101 0.56155353 1.39503356
1370 101 0.52834049 1.83884647
1380 101 0.51188873 2.28290428
1390 101 0.49543696 2.72696209
1400 101 0.49225856 3.16906603
1410 101 0.61326370 3.58882162
1420 101 0.73395665 4.00952723
1430 101 0.85464961 4.43023284
1440 101 0.89536323 4.85728717
1450 101 0.92722793 5.28564408
1460 101 0.95909264 5.71400099
1470 101 0.97288004 6.13010183
1480 101 0.96097653 6.52828684
1490 101 0.94907302 6.92647186
1500 101 0.93716950 7.32465687
1510 101 0.92207683 7.71653085
1520 101 0.90474501 8.10240597
1390 104 0.79510782 0.39601585
1400 104 0.78452303 0.73253028
1410 104 0.77520046 1.06840688
1420 104 0.77761722 1.41340421
1430 104 0.82919014 1.79139658
1440 104 0.88171308 2.16970114
1450 104 0.97754402 2.54434288
1460 104 1.11604515 2.91405958
1470 104 1.25454627 3.28377628
1480 104 1.30270127 3.60169938
1490 104 1.31060286 3.89797385
1500 104 1.31881663 4.19329831
1510 104 1.30536025 4.37518818
1520 104 1.27924411 4.48028788
1530 104 1.25281578 4.58633760
1540 104 1.27078274 4.64697743
1550 104 1.33347063 4.66441959
1560 104 1.39552068 4.68059954
1570 104 1.45820857 4.69804170
1580 104 1.52120864 4.71453383
