450 151 0.00000000 0.00000000
460 151 0.00000000 0.21315018
470 151 -0.00099930 0.42626283
480 151 -0.06267881 0.60307244
490 151 -0.16546549 0.75532190
500 151 -0.26825218 0.90757136
510 151 -0.34491643 1.21691193
520 151 -0.42158069 1.52625251
530 151 -0.49933338 1.86457265
540 151 -0.58158524 2.24275202
550 151 -0.66287534 2.62196821
560 151 -0.72640801 3.08791198
570 151 -0.78827988 3.56292448
580 151 -0.84918999 4.03897380
590 151 -0.51131554 4.26181199
600 151 -0.14318543 4.45176256
610 151 0.29201476 4.56117368
620 151 0.72721496 4.67058480
630 151 1.13161527 4.93394841
640 151 1.53505382 5.19627518
490 154 0.32264106 -0.09095465
500 154 0.33991057 0.00876377
510 154 0.35618079 0.10844466
520 154 0.37345030 0.20816309
530 154 0.38242520 0.31557562
540 154 0.36114443 0.45587575
550 154 0.33990119 0.59517660
560 154 0.31762112 0.73543920
570 154 0.27060732 0.89478695
580 154 0.16483214 1.09996153
590 154 0.05805766 1.30509858
600 154 -0.04379541 1.51242189
610 154 -0.10446625 1.74230675
620 154 -0.16609885 1.97115478
630 154 -0.22773145 2.20000282
640 154 -0.22517457 2.47829486
650 154 -0.21581028 2.76184611
660 154 -0.20748282 3.04635912
670 154 -0.22032353 3.25502420
680 154 -0.24299299 3.43229827
500 155 0.69357670 -0.02898895
510 155 0.69628371 0.03215573
520 155 0.69899072 0.09330041
530 155 0.70169774 0.15444509
540 155 0.70440475 0.21558978
550 155 0.69325299 0.37928656
560 155 0.67916433 0.56789067
570 155 0.66507567 0.75649478
580 155 0.61232413 0.98867849
590 155 0.55638705 1.22574608
600 155 0.49948820 1.46177684
610 155 0.41859218 1.72392534
620 155 0.33151274 1.99084512
630 155 0.24343399 2.25772737
640 155 0.22120084 2.45002841
650 155 0.21474530 2.62190722
660 155 0.20828976 2.79378603
670 155 0.19706293 2.95948141
680 155 0.16678850 3.09944376
690 155 0.13755090 3.23844434
530 150 0.63701564 0.83749870
540 150 0.61135299 0.93460394
550 150 0.57183625 1.05420506
560 150 0.47475446 1.26771180
570 150 0.37667338 1.48118100
580 150 0.27959160 1.69468774
590 150 0.24844924 1.93769011
600 150 0.22522617 2.18299134
610 150 0.20196558 2.42929185
620 150 0.19222128 2.66209015
630 150 0.18351380 2.89392669
640 150 0.17480633 3.12576323
650 150 0.18046431 3.34813226
660 150 0.20767048 3.55630004
670 150 0.23487665 3.76446782
680 150 0.23194444 3.92246909
690 150 0.18471014 4.00775638
700 150 0.13647654 4.09300613
710 150 0.08298374 4.18506328
720 150 -0.02191413 4.34023557
540 531 -0.61061642 -0.28812080
550 531 -0.66262200 0.00413324
560 531 -0.71362829 0.29642480
570 531 -0.71956307 0.53436971
580 531 -0.69520466 0.73842771
590 531 -0.67080872 0.94148641
600 531 -0.64703675 1.13451463
610 531 -0.62421246 1.29948751
620 531 -0.60142571 1.46545969
630 531 -0.54958433 1.63052172
640 531 -0.45373642 1.79623586
650 531 -0.35788851 1.96195000
660 531 -0.25482033 2.12193110
670 531 -0.13427622 2.26955941
680 531 -0.01373210 2.41718771
690 531 0.13102030 2.55972102
700 531 0.33026010 2.69029093
710 531 0.52846307 2.82182260
720 531 0.73603503 2.94369911
730 531 0.97885912 3.03287567
560 534 -1.17279750 0.58539476
570 534 -1.14348952 0.73760200
580 534 -1.11418155 0.88980923
590 534 -1.08032749 1.05419568
600 534 -1.03853066 1.24690018
610 534 -0.99673384 1.43960468
620 534 -0.95727340 1.64122778
630 534 -0.92367268 1.86564701
640 534 -0.89007196 2.09006624
650 534 -0.83420994 2.28129761
660 534 -0.72649246 2.39742230
670 534 -0.61877498 2.51354700
680 534 -0.50425010 2.63493090
690 534 -0.32246278 2.80387281
700 534 -0.14067546 2.97281473
710 534 0.05685193 3.12233372
720 534 0.28904503 3.22812298
730 534 0.52223742 3.33394977
740 534 0.75124496 3.44462291
750 534 0.94965905 3.59717732
