3740 308 0.00000000 0.00000000
3750 308 0.00000000 0.41467216
3760 308 -0.00088021 0.83045122
3770 308 0.05191812 1.24916512
3780 308 0.14005763 1.66887982
3790 308 0.22743027 2.09069497
3800 308 0.40458226 2.54957314
3810 308 0.64012014 3.03500481
3820 308 0.86606248 3.52455058
3830 308 1.05728342 4.03617403
3840 308 1.24850436 4.54779747
3850 308 1.43216994 5.08141902
3860 308 1.60262507 5.66687188
3870 308 1.77220000 6.25343163
3880 308 1.91007518 6.80032873
3890 308 2.01636396 7.30855672
3900 308 2.12165919 7.81689806
3910 308 2.22794798 8.32512605
3920 308 2.35573326 8.93356333
3930 308 2.48351855 9.54200061
3880 314 -0.41168426 -0.03556786
3890 314 -0.39559926 0.29071158
3900 314 -0.38062116 0.61611081
3910 314 -0.36564307 0.94151004
3920 314 -0.36812937 1.29909614
3930 314 -0.37214941 1.66088314
3940 314 -0.37628280 2.02167660
3950 314 -0.36645335 2.39899394
3960 314 -0.30199278 2.84053311
3970 314 -0.23642532 3.28295249
3980 314 -0.17196476 3.72449166
3990 314 -0.03274876 4.23902825
4000 314 0.11444221 4.76171345
4010 314 0.26063963 5.28451199
4020 314 0.41047125 5.80387649
4030 314 0.56129642 6.32312765
4040 314 0.71200825 6.84138526
4050 314 0.86405367 7.36251019
4060 314 1.01967299 7.89731822
4070 314 1.17517897 8.43113269
