0 24 0.00000000 0.00000000
10 24 -0.00000000 0.19067249
20 24 -0.00096501 0.38160722
30 24 -0.00219224 0.57157694
40 24 -0.00315725 0.76251166
50 24 0.02043294 0.95610015
60 24 0.10216471 1.15772336
70 24 0.18389648 1.35934657
80 24 0.26589047 1.56193478
90 24 0.32144122 1.81212294
100 24 0.35871981 2.09421921
110 24 0.39599839 2.37631548
120 24 0.43450420 2.65911453
130 24 0.52936844 2.98152076
140 24 0.63922172 3.31332531
150 24 0.74881278 3.64416485
160 24 0.85866606 3.97596939
170 24 0.97717293 4.33961911
180 24 1.09541757 4.70230383
190 24 1.21462721 5.06472632
0 4 1.67003637 1.68399748
10 4 1.61020603 1.89092822
20 4 1.55037569 2.09785896
30 4 1.49054535 2.30478970
40 4 1.47997225 2.35740347
50 4 1.48294069 2.37214079
60 4 1.48468190 2.38617532
70 4 1.48642310 2.40020986
80 4 1.48816431 2.41424439
90 4 1.48990551 2.42827893
100 4 1.49164672 2.44231347
110 4 1.49338792 2.45634800
120 4 1.49512913 2.47038254
130 4 1.49687033 2.48441707
140 4 1.49957655 2.49818938
150 4 1.50131775 2.51222392
160 4 1.50305896 2.52625845
170 4 1.50480016 2.54029299
180 4 1.50654137 2.55432753
190 4 1.50828257 2.56836206
0 15 -0.64799068 1.07037987
10 15 -0.59043650 1.33556757
20 15 -0.53314454 1.59979027
30 15 -0.47462535 1.86471574
40 15 -0.45838809 2.13802207
50 15 -0.48390829 2.42163927
60 15 -0.50872571 2.70402924
70 15 -0.52852930 2.97054907
80 15 -0.50276785 3.09204536
90 15 -0.47726863 3.21257664
100 15 -0.45150718 3.33407292
110 15 -0.37920519 3.58489043
120 15 -0.28783386 3.89062934
130 15 -0.19620030 4.19733325
140 15 -0.10658066 4.50043937
150 15 -0.01792603 4.80380772
160 15 0.07046638 5.10621107
170 15 0.16008602 5.40931719
180 15 0.25920886 5.67875301
190 15 0.35903448 5.94696160
0 18 -0.32988502 0.78808431
10 18 -0.27942153 0.94328236
20 18 -0.22895804 1.09848041
30 18 -0.17849454 1.25367847
40 18 -0.09034339 1.43697706
50 18 0.00297893 1.62405176
60 18 0.09603902 1.81016146
70 18 0.15276456 2.02272489
80 18 0.15691828 2.27444447
90 18 0.16010699 2.52642628
100 18 0.16303348 2.77744308
110 18 0.19949390 3.09084959
120 18 0.25836973 3.44479681
130 18 0.31724555 3.79874404
140 18 0.38980976 4.14586280
150 18 0.49431356 4.47704848
160 18 0.59881736 4.80823416
170 18 0.70305893 5.13845484
180 18 0.80788790 5.49753128
190 18 0.91227631 5.85879996
0 21 -0.41161679 0.39578860
10 21 -0.40652953 0.58611495
20 21 -0.40214505 0.77766854
30 21 -0.39705779 0.96799489
40 21 -0.39267331 1.15954848
50 21 -0.35674784 1.38709047
60 21 -0.31285058 1.62490139
70 21 -0.27018055 1.86200952
80 21 -0.24416736 2.09120881
90 21 -0.25979626 2.30063598
100 21 -0.27639015 2.51032537
110 21 -0.29201905 2.71975254
120 21 -0.25917739 2.96264022
130 21 -0.22116457 3.20930401
140 21 -0.18341397 3.45500280
150 21 -0.13403087 3.73588232
160 21 -0.07257470 4.04975035
170 21 -0.01111854 4.36361838
180 21 0.07935072 4.69654527
190 21 0.21259490 5.05722655
50 132 -1.02322048 0.42934352
60 132 -0.97525341 0.62874302
70 132 -0.92728634 0.82814252
80 132 -0.87931928 1.02754202
90 132 -0.82116721 1.21484749
100 132 -0.75309237 1.38909391
110 132 -0.68405252 1.56307810
120 132 -0.61571545 1.73828953
130 132 -0.61127852 1.96817062
140 132 -0.60684159 2.19805170
150 132 -0.60266690 2.42696778
160 132 -0.57661175 2.61056007
170 132 -0.53517945 2.76303094
180 132 -0.49374715 2.91550180
190 132 -0.45231485 3.06797267
200 132 -0.40009966 3.22580351
210 132 -0.30352569 3.40577703
220 132 -0.20791672 3.58601278
230 132 -0.11230776 3.76624853
240 132 -0.00041957 3.88817487
60 137 -0.35002427 0.18008890
70 137 -0.29174633 0.42124587
80 137 -0.23373062 0.66143783
90 137 -0.17579882 0.89750753
100 137 -0.12335287 1.09050863
110 137 -0.07116915 1.28254472
120 137 -0.01898543 1.47458081
130 137 0.01836657 1.67686483
140 137 0.02289790 1.89946642
150 137 0.02672646 2.12329524
160 137 0.03125779 2.34589683
170 137 0.06023942 2.58983343
180 137 0.09465445 2.83851115
190 137 0.13003449 3.08692663
200 137 0.16471175 3.33656935
210 137 0.22474138 3.58035910
220 137 0.28380601 3.82441109
230 137 0.34409787 4.06916584
240 137 0.40555404 4.28769762
250 137 0.46915000 4.46834245
190 140 0.03214937 0.13737692
200 140 0.12464304 0.36716360
210 140 0.21713672 0.59695029
220 140 0.30989263 0.82770198
230 140 0.40238630 1.05748866
240 140 0.45512595 1.31258576
250 140 0.49136610 1.57942026
260 140 0.52734402 1.84528976
270 140 0.53674234 2.11630944
280 140 0.48570194 2.39753511
290 140 0.43439931 2.67779578
300 140 0.38564556 2.95218250
310 140 0.34279722 3.19491284
320 140 0.30117611 3.43834596
330 140 0.25832777 3.68107631
340 140 0.25439432 4.04794621
350 140 0.25072311 4.41578112
360 140 0.24678966 4.78265103
370 140 0.24239469 5.17451667
380 140 0.23782140 5.56953957
190 142 -0.43250077 0.21597242
200 142 -0.37634164 0.47221284
210 142 -0.32018252 0.72845326
220 142 -0.26428563 0.98372868
230 142 -0.20768596 1.23777685
240 142 -0.14922970 1.47577657
250 142 -0.08980844 1.71351406
260 142 -0.03135219 1.95151378
270 142 0.02780684 2.18828627
280 142 -0.01631069 2.47592083
290 142 -0.08684000 2.77695009
300 142 -0.15640431 3.07771712
310 142 -0.17623937 3.37844220
320 142 -0.17397370 3.68041549
330 142 -0.17170804 3.98238877
340 142 -0.19824569 4.32327696
350 142 -0.24296111 4.68879376
360 142 -0.28864153 5.05457279
370 142 -0.29320433 5.43819393
380 142 -0.27988305 5.83042670
