2010 453 0.00000000 0.00000000
2020 453 0.00000000 0.22300000
2030 453 0.00000000 0.44600000
2040 453 0.00000000 0.66900000
2050 453 0.00800000 0.84300000
2060 453 0.02900000 0.94300000
2070 453 0.05200000 1.04500000
2080 453 0.10300000 1.15600000
2090 453 0.16400000 1.28000000
2100 453 0.27200000 1.45900000
2110 453 0.35200000 1.63000000
2120 453 0.32200000 1.76800000
2130 453 0.29200000 1.90600000
2140 453 0.26200000 2.04400000
2150 453 0.24800000 2.16400000
2160 453 0.23500000 2.28500000
2170 453 0.22100000 2.40500000
2180 453 0.19800000 2.55100000
2190 453 0.16400000 2.72200000
2200 453 0.13100000 2.89300000
1850 198 0.40300000 -0.21400000
1860 198 0.41000000 0.08800000
1870 198 0.41600000 0.39000000
1880 198 0.42200000 0.69200000
1890 198 0.42800000 0.99500000
1900 198 0.38100000 1.27400000
1910 198 0.32200000 1.54700000
1920 198 0.26200000 1.82100000
1930 198 0.20200000 2.09500000
1940 198 0.19600000 2.42300000
1950 198 0.20400000 2.76500000
1960 198 0.21100000 3.10700000
1970 198 0.25200000 3.41700000
1980 198 0.31300000 3.70500000
1990 198 0.37500000 3.99400000
2000 198 0.25100000 4.32700000
2010 198 0.10500000 4.66600000
2020 198 -0.13800000 4.89500000
2030 198 -0.44800000 5.05100000
2040 198 -0.75700000 5.20700000
1980 450 1.01300000 -0.08700000
1990 450 0.95700000 0.15100000
2000 450 0.90200000 0.39000000
2010 450 0.84600000 0.62800000
2020 450 0.80100000 0.82100000
2030 450 0.75800000 1.00100000
2040 450 0.71600000 1.18100000
2050 450 0.68800000 1.35900000
2060 450 0.66000000 1.53700000
2070 450 0.62000000 1.75600000
2080 450 0.56000000 2.03400000
2090 450 0.50100000 2.31200000
2100 450 0.46400000 2.52200000
2110 450 0.44400000 2.68700000
2120 450 0.43400000 2.87300000
2130 450 0.44800000 3.11000000
2140 450 0.39700000 3.45900000
2150 450 0.31800000 3.85600000
2160 450 0.23800000 4.25400000
2170 450 0.16500000 4.63500000
2010 456 0.60200000 -0.11100000
2020 456 0.57300000 0.14400000
2030 456 0.54400000 0.39900000
2040 456 0.51500000 0.65400000
2050 456 0.51100000 0.84500000
2060 456 0.53300000 0.97300000
2070 456 0.55500000 1.10000000
2080 456 0.58400000 1.23600000
2090 456 0.64200000 1.40100000
2100 456 0.70000000 1.56700000
2110 456 0.75800000 1.73300000
2120 456 0.72900000 1.89000000
2130 456 0.69000000 2.04600000
2140 456 0.65200000 2.20200000
2150 456 0.64400000 2.33400000
2160 456 0.64400000 2.45900000
2170 456 0.64400000 2.58300000
2180 456 0.63000000 2.69100000
2190 456 0.60600000 2.78500000
2200 456 0.58300000 2.88000000
