2150 655 0.00000000 0.00000000
2160 655 0.00000000 0.27593115
2170 655 0.00089515 0.55230807
2180 655 0.01918957 0.80271836
2190 655 0.07942923 0.99581725
2200 655 0.14011466 1.18802099
2210 655 0.18289345 1.36907340
2220 655 0.19836470 1.53317593
2230 655 0.21473110 1.69772423
2240 655 0.23643579 1.84482252
2250 655 0.26882793 1.96372899
2260 655 0.30032492 2.08218970
2270 655 0.33227129 2.20199132
2280 655 0.37539074 2.31730270
2290 655 0.44801393 2.42496361
2300 655 0.51929621 2.53307391
2310 655 0.59102424 2.64028906
2320 655 0.66364743 2.74794998
2330 655 0.73492971 2.85606028
2340 655 0.80665775 2.96327543
2140 654 -0.48500867 -0.14098082
2150 654 -0.49621799 0.11707993
2160 654 -0.50742730 0.37514068
2170 654 -0.53969260 0.61042764
2180 654 -0.57150851 0.84705550
2190 654 -0.58277219 1.07157528
2200 654 -0.51450153 1.25303359
2210 654 -0.44668027 1.43315098
2220 654 -0.37840961 1.61460929
2230 654 -0.27837741 1.80182991
2240 654 -0.17879098 1.98994567
2250 654 -0.08859819 2.17673502
2260 654 -0.07801221 2.36186454
2270 654 -0.06832139 2.54654829
2280 654 -0.05863057 2.73123204
2290 654 -0.04804459 2.91636155
2300 654 0.00137353 3.05491786
2310 654 0.11149520 3.12092708
2320 654 0.22161688 3.18693630
2330 654 0.33173855 3.25294552
2310 656 -1.11765924 -0.59566671
2320 656 -1.06018113 -0.17493132
2330 656 -1.00270303 0.24580407
2340 656 -0.96029752 0.47247293
2350 656 -0.91789201 0.69914179
2360 656 -0.83151902 1.01249895
2370 656 -0.71687810 1.38350092
2380 656 -0.60585766 1.72812312
2390 656 -0.51692243 1.96679135
2400 656 -0.42709205 2.20590534
2410 656 -0.32875955 2.44813606
2420 656 -0.21520586 2.70018082
2430 656 -0.03853860 2.98700599
2440 656 0.11212942 3.23630731
2450 656 0.15878961 3.32880502
2460 656 0.20455465 3.42085697
2470 656 0.25121484 3.51335468
2480 656 0.29787503 3.60585239
2490 656 0.34364007 3.69790434
2500 656 0.39030026 3.79040205
2310 657 -1.76118209 -1.13620010
2320 657 -1.72214699 -0.78162251
2330 657 -1.68266612 -0.42794008
2340 657 -1.64363102 -0.07336250
2350 657 -1.62347020 0.22489668
2360 657 -1.60241422 0.52360163
2370 657 -1.51258384 0.76271562
2380 657 -1.40623122 0.98659756
2390 657 -1.35213802 1.25036626
2400 657 -1.33243745 1.54057633
2410 657 -1.31273689 1.83078641
2420 657 -1.17405374 2.13556171
2430 657 -1.03581998 2.43899610
2440 657 -0.90972693 2.70175367
2450 657 -0.78768925 2.94573482
2460 657 -0.66616980 3.14588983
2470 657 -0.54565786 3.27628105
2480 657 -0.42559167 3.40756742
2490 657 -0.30595676 3.54869320
2500 657 -0.18976473 3.77300641
