4630 336 0.00000000 0.00000000
4640 336 0.00000000 0.45905337
4650 336 -0.04114772 0.92748039
4660 336 -0.08229544 1.39590740
4670 336 -0.12344316 1.86433441
4680 336 -0.14840976 2.32100680
4690 336 -0.17136134 2.77670980
4700 336 -0.19331303 3.23242805
4710 336 -0.29931160 3.49384209
4720 336 -0.41395840 3.73212157
4730 336 -0.52575804 3.98044564
4740 336 -0.62280993 4.31100415
4750 336 -0.71986183 4.64156266
4760 336 -0.75396679 4.97608150
4770 336 -0.72512483 5.31456066
4780 336 -0.69628287 5.65303982
4790 336 -0.68186624 6.01930224
4800 336 -0.67361666 6.39647189
4810 336 -0.66538232 6.77464142
4820 336 -0.65714799 7.15281095
4620 334 -1.29190860 -0.34373999
4630 334 -1.31395396 -0.01303770
4640 334 -1.33598408 0.31666470
4650 334 -1.34256502 0.68260690
4660 334 -1.33266638 1.08280437
4670 334 -1.32276775 1.48300184
4680 334 -1.27031634 1.91285164
4690 334 -1.17431225 2.37236901
4700 334 -1.07932330 2.83287102
4710 334 -1.11921190 3.28431526
4720 334 -1.21606339 3.73289055
4730 334 -1.31391475 4.18145059
4740 334 -1.30658881 4.55360557
4750 334 -1.27297616 4.90715923
4760 334 -1.23936351 5.26071289
4770 334 -1.21176541 5.61517494
4780 334 -1.23429874 5.97787350
4790 334 -1.25583218 6.34058732
4800 334 -1.27738087 6.70430102
4810 334 -1.29892957 7.06801471
