530 146 0.00000000 0.00000000
540 146 0.00000000 0.45327696
550 146 -0.01989953 0.88197733
560 146 -0.04079625 1.31075271
570 146 -0.06069578 1.73945308
580 146 -0.08059532 2.16815345
590 146 -0.08815802 2.46756422
600 146 -0.09572073 2.76697498
610 146 -0.11481281 3.12641968
620 146 -0.14087634 3.52650179
630 146 -0.16701489 3.92558671
640 146 -0.19974543 4.27703189
650 146 -0.25999116 4.43599871
660 146 -0.32023688 4.59496554
670 146 -0.40458708 4.76677661
680 146 -0.58879675 4.98420660
690 146 -0.77293142 5.20263376
700 146 -0.96848515 5.41590293
710 146 -1.26075237 5.58329727
720 146 -1.55401679 5.75076663
400 20 -0.72839794 2.40842157
410 20 -0.64463899 2.49538385
420 20 -0.58500657 2.60822877
430 20 -0.62050805 2.82951511
440 20 -0.65608453 3.04980427
450 20 -0.69265820 3.27016844
460 20 -0.73312352 3.47879144
470 20 -0.77466104 3.68649227
480 20 -0.81512637 3.89511527
490 20 -0.83781448 4.11343213
500 20 -0.78969379 4.36653566
510 20 -0.74050091 4.62056137
520 20 -0.69138304 4.87358990
530 20 -0.48835485 5.09297895
540 20 -0.28632384 5.31244300
550 20 -0.12698638 5.47093771
560 20 -0.07148830 5.48882523
570 20 -0.01499304 5.50663774
580 20 0.04150222 5.52445025
590 20 0.09700030 5.54233777
400 23 -0.00953942 2.41953177
410 23 -0.08001730 2.64244626
420 23 -0.15049519 2.86536075
430 23 -0.20823472 3.08430856
440 23 -0.21694021 3.28853690
450 23 -0.22557070 3.49376242
460 23 -0.22512947 3.68627166
470 23 -0.18710415 3.83182946
480 23 -0.15007602 3.97746228
490 23 -0.14431795 4.20065915
500 23 -0.17082713 4.50149510
510 23 -0.19840850 4.80140886
520 23 -0.13548891 5.01128055
530 23 -0.01195296 5.16043439
540 23 0.11158299 5.30958824
550 23 0.23233036 5.47499704
560 23 0.34782267 5.66386612
570 23 0.46338998 5.85373238
580 23 0.57274917 6.04105714
590 23 0.61449406 6.20940014
400 26 0.50761901 2.92215604
410 26 0.54968159 3.17471245
420 26 0.59181919 3.42826604
430 26 0.62577635 3.66638977
440 26 0.59254281 3.77117780
450 26 0.55930926 3.87596583
460 26 0.52615073 3.98175105
470 26 0.51190778 4.05903713
480 26 0.51035023 4.11832097
490 26 0.50886769 4.17860200
500 26 0.50731015 4.23788584
510 26 0.52404164 4.36699455
520 26 0.54808434 4.52664087
530 26 0.57312421 4.68621218
540 26 0.59808908 4.84478632
550 26 0.81435421 4.94685195
560 26 1.05218232 5.04228146
570 26 1.30314588 5.12569184
580 26 1.67422585 5.11282112
590 26 2.04423363 5.09902823
540 148 0.71596845 0.35930792
550 148 0.68564703 0.78277529
560 148 0.65928346 1.17886866
570 148 0.63284488 1.57396485
580 148 0.60948168 2.00994554
590 148 0.58831581 2.46180615
600 148 0.56615276 2.91374176
610 148 0.50742928 3.30625234
620 148 0.43179782 3.67396130
630 148 0.35716353 4.04159526
640 148 0.32811286 4.34863932
650 148 0.30467024 4.65024742
660 148 0.28122762 4.95185551
670 148 0.19660827 5.14675181
680 148 0.09700030 5.31569929
690 148 -0.00360486 5.48472178
700 148 -0.15601058 5.67168032
710 148 -0.38768792 5.88465828
720 148 -0.61929025 6.09863342
730 148 -0.86489285 6.24647239
