3540 582 0.00000000 0.00000000
3550 582 -0.00000000 0.01170470
3560 582 0.00128154 0.02281135
3570 582 0.00128154 0.03451605
3580 582 0.00128154 0.04622075
3590 582 0.00162328 0.05698566
3600 582 0.00162328 0.06869036
3610 582 0.00196502 0.07945526
3620 582 0.00196502 0.09115996
3630 582 0.00230677 0.10192487
3640 582 0.14113989 0.19710031
3650 582 0.31295121 0.31278034
3660 582 0.54653259 0.47220348
3670 582 0.86845456 0.69886456
3680 582 1.16226816 0.92381694
3690 582 1.38756227 1.14407034
3700 582 1.60354389 1.35774519
3710 582 1.73417517 1.51058977
3720 582 1.86540451 1.66471590
3730 582 1.96852548 1.72349570
3400 584 -0.59420575 -0.97900844
3410 584 -0.59164268 -0.96849984
3420 584 -0.58942135 -0.95705145
3430 584 -0.58720002 -0.94560306
3440 584 -0.58463695 -0.93509446
3450 584 -0.58241562 -0.92364606
3460 584 -0.58113408 -0.91253941
3470 584 -0.57891275 -0.90109102
3480 584 -0.57634968 -0.89058242
3490 584 -0.57412835 -0.87913403
3500 584 -0.57190702 -0.86768564
3510 584 -0.56934394 -0.85717704
3520 584 -0.56712261 -0.84572865
3530 584 -0.56490128 -0.83428025
3540 584 -0.56233821 -0.82377165
3550 584 -0.56011688 -0.81232326
3560 584 -0.53346092 -0.67494255
3570 584 -0.50304579 -0.52449017
3580 584 -0.47297240 -0.37309799
3590 584 -0.40052287 -0.09244150
3430 286 -2.33008964 2.09163842
3440 286 -2.00363958 2.13905527
3450 286 -1.67898367 2.15921811
3460 286 -1.35304622 2.17878290
3470 286 -1.03719020 2.17340045
3480 286 -0.75875504 2.06609312
3490 286 -0.47938008 1.95912754
3500 286 -0.26954984 1.86198708
3510 286 -0.16395123 1.78227551
3520 286 -0.05707109 1.70196589
3530 286 0.05408084 1.60405650
3540 286 0.18385777 1.43737132
3550 286 0.31491623 1.27008809
3560 286 0.44563295 1.10374466
3570 286 0.60633763 1.01002162
3580 286 0.76704231 0.91629859
3590 286 0.92902852 0.82197750
3600 286 1.12997344 0.67904347
3610 286 1.33091836 0.53610943
3620 286 1.50349861 0.36583595
3480 289 -1.02275155 3.06714399
3490 289 -0.62231412 3.10422311
3500 289 -0.22221843 3.14224203
3510 289 0.04587901 3.03117553
3520 289 0.28116911 2.88157751
3530 289 0.47365589 2.71215838
3540 289 0.49826139 2.45721806
3550 289 0.52192709 2.20193599
3560 289 0.55071895 1.99108052
3570 289 0.58215931 1.81098193
3580 289 0.61394141 1.62994354
3590 289 0.67784737 1.47761157
3600 289 0.81454459 1.39431170
3610 289 0.95124182 1.31101183
3620 289 1.08793904 1.22771195
3630 289 1.22583237 1.07674696
3640 289 1.36987707 0.76840928
3650 289 1.51264023 0.46066965
3660 289 1.65540340 0.15293002
3670 289 1.77937069 -0.14993977
3500 577 -0.68792879 0.07757568
3510 577 -0.68835596 0.09338129
3520 577 -0.68750161 0.10858886
3530 577 -0.68664725 0.12379642
3540 577 -0.68707443 0.13960204
3550 577 -0.68622007 0.15480961
3560 577 -0.68630551 0.16967543
3570 577 -0.68579289 0.18582279
3580 577 -0.68587833 0.20068861
3590 577 -0.67673670 0.27211291
3600 577 -0.65495058 0.42581186
3610 577 -0.63350620 0.58045059
3620 577 -0.47254522 0.76986169
3630 577 -0.27544491 0.96815810
3640 577 -0.07962613 1.16705256
3650 577 0.08022418 1.28051126
3660 577 0.22922416 1.37406342
3670 577 0.37856588 1.46667579
3680 577 0.54772869 1.55159894
3690 577 0.73705435 1.62789308
3600 585 -0.32867139 0.18693346
3610 585 -0.25212094 0.40949363
3620 585 -0.16779584 0.49655267
3630 585 -0.08347074 0.58361172
3640 585 0.06578554 0.70279461
3650 585 0.25972473 0.84248209
3660 585 0.45272412 0.98182782
3670 585 0.64273327 1.09135647
3680 585 0.82137945 1.12971713
3690 585 1.00062369 1.16935933
3700 585 1.16098662 1.22873718
3710 585 1.29614600 1.31938453
3720 585 1.43096364 1.41097167
3730 585 1.50119184 1.51631397
3740 585 1.57235983 1.62199801
3750 585 1.64258803 1.72734031
3760 585 1.72016371 1.83003410
3770 585 1.80602665 1.93042113
3780 585 1.89188960 2.03080815
3790 585 1.99782995 2.13743199
