1520 100 0.00000000 0.00000000
1530 100 -0.00000000 0.33766403
1540 100 0.00000000 0.67532807
1550 100 0.00541959 0.98725054
1560 100 0.01403466 1.27366245
1570 100 0.02300215 1.55913851
1580 100 0.03161723 1.84555042
1590 100 0.09390103 2.08592248
1600 100 0.15618483 2.32629454
1610 100 0.21905205 2.56795487
1620 100 0.32838558 2.89336412
1630 100 0.43865495 3.21912579
1640 100 0.54763606 3.54547088
1650 100 0.59547059 3.82421244
1660 100 0.60015868 4.07281458
1670 100 0.60484677 4.32141671
1680 100 0.51849170 4.55924186
1690 100 0.34144590 4.78535419
1700 100 0.16346426 5.01111409
1710 100 -0.00411356 5.24613468
1480 681 -0.40524008 -1.06622253
1490 681 -0.47014483 -0.85130772
1500 681 -0.53504958 -0.63639292
1510 681 -0.59960191 -0.42241395
1520 681 -0.60587442 -0.11916875
1530 681 -0.57231739 0.24288640
1540 681 -0.53911279 0.60587738
1550 681 -0.53448097 0.97947950
1560 681 -0.53464978 1.35447946
1570 681 -0.52145026 1.71100544
1580 681 -0.46109738 1.99339264
1590 681 -0.40168033 2.27542741
1600 681 -0.37884994 2.43896571
1610 681 -0.38142351 2.52241256
1620 681 -0.38434949 2.60679525
1630 681 -0.38692306 2.69024210
1640 681 -0.38949662 2.77368895
1650 681 -0.38730509 2.88136995
1660 681 -0.37337112 3.04583223
1670 681 -0.35908473 3.20935868
1490 683 -1.57123930 -0.87273138
1500 683 -1.48403724 -0.53962810
1510 683 -1.39683517 -0.20652481
1520 683 -1.31021653 0.12529022
1530 683 -1.29820755 0.49632766
1540 683 -1.28713442 0.86701268
1550 683 -1.26720336 1.18012569
1560 683 -1.22812310 1.35726330
1570 683 -1.19033110 1.53498433
1580 683 -1.14855288 1.70779515
1590 683 -1.10173120 1.87288824
1600 683 -1.05619777 2.03856476
1610 683 -1.00972850 2.20459369
1620 683 -0.96419508 2.37027021
1630 683 -0.92883153 2.61119015
1640 683 -0.89877798 2.88323571
1650 683 -0.88841265 3.17351240
1660 683 -0.95680015 3.53671365
1670 683 -1.02425182 3.90026733
1680 683 -1.16579487 4.18249164
1530 102 0.73680337 0.06375568
1540 102 0.70267774 0.44947636
1550 102 0.68837358 0.80526195
1560 102 0.68239426 1.15029130
1570 102 0.67770321 1.49473722
1580 102 0.67207632 1.83883072
1590 102 0.71170446 2.04288858
1600 102 0.75262087 2.24636302
1610 102 0.79260144 2.44948504
1620 102 0.84179531 2.67637921
1630 102 0.90823709 2.95678514
1640 102 0.97467887 3.23719108
1650 102 1.04205650 3.51794944
1660 102 1.09424150 3.78230096
1670 102 1.13695852 4.03774421
1680 102 1.18002796 4.29225163
1690 102 1.16962116 4.53837497
1700 102 1.03248781 4.76348926
1710 102 0.89535446 4.98860355
1720 102 0.75822111 5.21371784
