1660 125 0.00000000 0.00000000
1670 125 0.00000000 0.22281158
1680 125 -0.00099636 0.44570843
1690 125 -0.00099636 0.66852001
1700 125 0.11206778 0.94588890
1710 125 0.23868149 1.22912373
1720 125 0.36438411 1.51344019
1730 125 0.57979482 1.73186690
1740 125 0.85573201 1.90697450
1750 125 1.13067283 2.08216737
1760 125 1.41315815 2.25169626
1770 125 1.71668367 2.39734398
1780 125 2.02120554 2.54290644
1790 125 2.32572742 2.68846889
1800 125 2.67158018 2.85960003
1810 125 3.01652186 3.03181280
1820 125 3.36237462 3.20294395
1830 125 3.70731630 3.37515672
1840 125 3.93381709 3.46516999
1850 125 4.13045858 3.53465471
1750 189 0.40778850 -2.65845698
1760 189 0.29720628 -2.30875344
1770 189 0.18571297 -1.95796826
1780 189 0.07421966 -1.60718308
1790 189 0.05817471 -1.24349013
1800 189 0.10592358 -0.87321314
1810 189 0.15267609 -0.50285089
1820 189 0.34434476 -0.05757331
1830 189 0.68175541 0.46054159
1840 189 1.01925134 0.97965285
1850 189 1.29228921 1.56650745
1860 189 1.54875703 2.17083870
1870 189 1.80622121 2.77508468
1880 189 2.01980975 3.44129781
1890 189 2.23447992 4.10842202
1900 189 2.43221201 4.77699589
1910 189 2.48393284 5.47512837
1920 189 2.53556840 6.17226449
1930 189 2.58820031 6.86931533
1940 189 2.69462656 7.63201806
