1040 420 0.00000000 0.00000000
1050 420 0.00000000 0.51575673
1060 420 0.06348148 0.97310025
1070 420 0.05254415 1.43305935
1080 420 -0.03356621 1.89443773
1090 420 -0.11989761 2.35679137
1100 420 -0.35039582 2.41016343
1110 420 -0.59599223 2.41704846
1120 420 -0.84278494 2.42468772
1130 420 -1.21518144 2.30337471
1140 420 -1.71513226 2.05266737
1150 420 -2.17353637 1.82675660
1160 420 -2.53629848 1.65840978
1170 420 -2.90003586 1.48984194
1180 420 -3.28866288 1.28179618
1190 420 -3.68354479 1.06515528
1200 420 -4.07191200 0.84691479
1210 420 -4.40080155 0.61959638
1220 420 -4.72991214 0.39325323
1230 420 -4.96719262 0.15080947
1030 406 -0.85097291 -0.50252374
1040 406 -0.95549505 0.00389913
1050 406 -1.02470598 0.26403534
1060 406 -1.08848217 0.49566780
1070 406 -1.22026717 0.70163312
1080 406 -1.36872282 0.89971876
1090 406 -1.51764768 1.05463288
1100 406 -1.66659000 1.03318090
1110 406 -1.81553231 1.01172893
1120 406 -1.96447462 0.99027696
1130 406 -2.27818648 0.86790919
1140 406 -2.66319746 0.70272278
1150 406 -3.00961272 0.59345033
1160 406 -3.31809536 0.54301764
1170 406 -3.65716220 0.49180551
1180 406 -4.12215468 0.43973833
1190 406 -4.55015298 0.36016787
1200 406 -4.82951143 0.16765850
1210 406 -5.10886988 -0.02485086
1220 406 -5.32876813 -0.40280425
