50 132 0.00000000 0.00000000
60 132 -0.00000000 0.20508779
70 132 -0.00000000 0.41017557
80 132 -0.00000000 0.61526336
90 132 0.01273113 0.81097467
100 132 0.03816414 0.99630994
110 132 0.06459673 1.18161595
120 132 0.09005900 1.36795079
130 132 0.04060700 1.59249366
140 132 -0.00884499 1.81703653
150 132 -0.05832624 2.04057983
160 132 -0.07593334 2.22517395
170 132 -0.07131093 2.38310632
180 132 -0.06668852 2.54103869
190 132 -0.06206610 2.69897106
200 132 -0.04821350 2.86463671
210 132 0.00358871 3.06220576
220 132 0.05439134 3.25980407
230 132 0.10519398 3.45740238
240 132 0.18546204 3.60211602
0 15 0.21489334 0.71101748
10 15 0.20882765 0.98231106
20 15 0.20273270 1.25260507
30 15 0.19766657 1.52386939
40 15 0.14953109 1.79339300
50 15 0.05838475 2.06317503
60 15 -0.03179126 2.33192824
70 15 -0.11338072 2.58642414
80 15 -0.11675000 2.71057585
90 15 -0.12014855 2.83372799
100 15 -0.12351784 2.95787970
110 15 -0.11188380 3.21865096
120 15 -0.09455463 3.53728037
130 15 -0.07719621 3.85690935
140 15 -0.06095439 4.17256930
150 15 -0.04571213 4.48825850
160 15 -0.03049913 4.80294814
170 15 -0.01425731 5.11860809
180 15 0.01909914 5.40375427
190 15 0.05342590 5.68787163
0 18 0.59020092 0.51095193
10 18 0.60296619 0.67364811
20 18 0.61573145 0.83634430
30 18 0.62849672 0.99904048
40 18 0.67133203 1.19787241
50 18 0.71831191 1.40158517
60 18 0.76526254 1.60429837
70 18 0.77069924 1.82423345
80 18 0.71586418 2.06994287
90 18 0.66002955 2.31568154
100 18 0.60416567 2.56042064
110 18 0.56631359 2.87366211
120 18 0.54077331 3.23156251
130 18 0.51523302 3.58946290
140 18 0.50459855 3.94392575
150 18 0.52874431 4.29036764
160 18 0.55289007 4.63680953
170 18 0.57700657 4.98225184
180 18 0.59494523 5.35588696
190 18 0.61194283 5.73155049
0 21 0.60248834 0.11042101
10 21 0.56291992 0.29665833
20 21 0.52238118 0.48392448
30 21 0.48281276 0.67016180
40 21 0.44227402 0.85742795
50 21 0.42398429 1.08706132
60 21 0.41104349 1.32854328
70 21 0.39707387 1.56905492
80 21 0.36875916 1.79798128
90 21 0.30458177 1.99794443
100 21 0.23940480 2.19793684
110 21 0.17522740 2.39789999
120 21 0.15035025 2.64173216
130 21 0.12961767 2.89044517
140 21 0.10885582 3.13815860
150 21 0.09117559 3.42279769
160 21 0.07751802 3.74233403
170 21 0.06386046 4.06187036
180 21 0.07395370 4.40672269
190 21 0.11914410 4.78856405
0 24 1.09525781 -0.17811885
10 24 1.05066228 0.00726518
20 24 1.00506717 0.19267847
30 24 0.95944280 0.37709218
40 24 0.91384769 0.56250546
50 24 0.89150604 0.75624201
60 24 0.92381416 0.97138891
70 24 0.95612227 1.18653580
80 24 0.98845964 1.40268226
90 24 0.98395426 1.65892375
100 24 0.95422065 1.94191477
110 24 0.92448704 2.22490578
120 24 0.89578226 2.50886710
130 24 0.91260920 2.84451849
140 24 0.94181133 3.19281325
150 24 0.97098420 3.54010843
160 24 1.00018633 3.88840318
170 24 1.03035390 4.26968381
180 24 1.06049221 4.64996487
190 24 1.09163010 5.03021667
60 137 0.71282158 -0.08489048
70 137 0.71308001 0.16320816
80 137 0.71330918 0.41030722
90 137 0.71442090 0.65337874
100 137 0.72027205 0.85329314
110 137 0.72609395 1.05220796
120 137 0.73191584 1.25112277
130 137 0.72092055 1.45653237
140 137 0.67326291 1.67401973
150 137 0.62463495 1.89253591
160 137 0.57697731 2.11002326
170 137 0.54810187 2.35397246
180 137 0.52340026 2.60380206
190 137 0.49969821 2.85360241
200 137 0.47502585 3.10443158
210 137 0.47637162 3.35549968
220 137 0.47671781 3.60659703
230 137 0.47809283 3.85866470
240 137 0.48673303 4.08550902
250 137 0.50631489 4.27601768
190 140 1.09438502 -0.03703292
200 140 1.13056952 0.20801336
210 140 1.16675403 0.45305965
220 140 1.20296779 0.69910550
230 140 1.23915229 0.94415179
240 140 1.23076564 1.20450859
250 140 1.20359191 1.47241825
260 140 1.17638892 1.73932835
270 140 1.12213898 2.00502920
280 140 1.00673962 2.26651723
290 140 0.89131100 2.52700568
300 140 0.77973439 2.78237925
310 140 0.68130337 3.00835565
320 140 0.58390118 3.23530237
330 140 0.48547016 3.46127877
340 140 0.39584025 3.81705325
350 140 0.30623959 4.17382730
360 140 0.21660968 4.52960178
370 140 0.12068491 4.90957077
380 140 0.02384832 5.29256774
190 142 0.62424000 -0.06929228
200 142 0.61891058 0.19297590
210 142 0.61358115 0.45524408
220 142 0.60822247 0.71651268
230 142 0.60383411 0.97675246
240 142 0.60500434 1.22182313
250 142 0.60717414 1.46686454
260 142 0.60834437 1.71193520
270 142 0.61048492 1.95597704
280 142 0.50031746 2.22531536
290 142 0.36133795 2.50149953
300 142 0.22335801 2.77765444
310 142 0.13373785 3.06539952
320 142 0.06531349 3.35952722
330 142 -0.00311086 3.65365493
340 142 -0.10864128 3.97888151
350 142 -0.23760557 4.32380210
360 142 -0.36756943 4.66875194
370 142 -0.46172911 5.04066585
380 142 -0.54051488 5.42513536
