1960 193 0.00000000 0.00000000
1970 193 -0.00000000 0.39508100
1980 193 0.00473574 0.77706343
1990 193 0.01984150 1.12782947
2000 193 0.03392722 1.47761597
2010 193 0.04803319 1.82840226
2020 193 0.04810153 2.17747244
2030 193 0.04916966 2.52652238
2040 193 0.04923800 2.87559257
2050 193 0.03936914 3.22786463
2060 193 0.01960357 3.58533816
2070 193 0.00083780 3.94279143
2080 193 -0.01894801 4.29926517
2090 193 -0.00566466 4.56004966
2100 193 0.01041559 4.81077546
2110 193 0.02747538 5.06048121
2120 193 0.04355562 5.31120701
2130 193 0.05637325 5.54899622
2140 193 0.06706979 5.78082716
2150 193 0.07776633 6.01265810
1820 691 -1.31821574 1.97809814
1830 691 -1.23270670 2.39745265
1840 691 -1.10965851 2.84305241
1850 691 -0.99909385 3.26490007
1860 691 -0.91869767 3.62934685
1870 691 -0.83930130 3.99381388
1880 691 -0.87691131 4.16160985
1890 691 -0.91452132 4.32940582
1900 691 -0.94199163 4.50399786
1910 691 -0.88316319 4.74185542
1920 691 -0.82433475 4.97971297
1930 691 -0.83998217 5.09605366
1940 691 -0.86389119 5.19955902
1950 691 -0.88782046 5.30206458
1960 691 -0.90566997 5.40844783
1970 691 -0.90330083 5.52542384
1980 691 -0.90091145 5.64339965
1990 691 -0.89854231 5.76037566
2000 691 -0.90684694 5.89357113
2010 691 -0.91809020 6.02982673
1820 693 -0.57338621 1.81398243
1830 693 -0.48529035 2.26229049
1840 693 -0.45421065 2.75976316
1850 693 -0.41745616 3.24111761
1860 693 -0.33952531 3.58260960
1870 693 -0.26259425 3.92412185
1880 693 -0.22050668 4.22433117
1890 693 -0.23164364 4.46460594
1900 693 -0.24380064 4.70390117
1910 693 -0.26233354 4.87531159
1920 693 -0.28724236 4.97883720
1930 693 -0.31315097 5.08238305
1940 693 -0.33905958 5.18592890
1950 693 -0.36266487 5.30443118
1960 693 -0.38097504 5.48683935
1970 693 -0.39928521 5.66924751
1980 693 -0.41759537 5.85165567
1990 693 -0.43492600 6.03304379
2000 693 -0.42165530 6.24381829
2010 693 -0.40024450 6.46142936
1840 117 -1.17634863 0.14284919
1850 117 -0.99272300 0.46819766
1860 117 -0.80809757 0.79352588
1870 117 -0.65668811 1.10852457
1880 117 -0.50427886 1.42350301
1890 117 -0.35284916 1.73950150
1900 117 -0.20043991 2.05447994
1910 117 -0.10870176 2.43570050
1920 117 -0.02382043 2.82406136
1930 117 0.06106090 3.21242223
1940 117 0.17167365 3.58725928
1950 117 0.30901764 3.94855228
1960 117 0.44436204 4.30988577
1970 117 0.58170602 4.67117877
1980 117 0.61928060 4.99548442
1990 117 0.63167805 5.31129813
2000 117 0.64507531 5.62709160
2010 117 0.65935086 5.93686605
2020 117 0.68117929 6.22448301
2030 117 0.70200793 6.51212023
1870 695 -0.54243813 2.50249693
1880 695 -0.69509543 2.86666275
1890 695 -0.84079466 3.22868725
1900 695 -0.93772668 3.57872179
1910 695 -1.03465870 3.92875634
1920 695 -0.89548218 4.18299028
1930 695 -0.69776324 4.41403404
1940 695 -0.51556769 4.61938686
1950 695 -0.38938597 4.72585363
1960 695 -0.26422430 4.83134086
1970 695 -0.14993887 4.94304960
1980 695 -0.13468124 5.10377360
1990 695 -0.11842382 5.26447735
2000 695 -0.10218664 5.42418131
2010 695 -0.08313991 5.62383657
2020 695 -0.05519121 5.91733081
2030 695 -0.02826256 6.20984551
2040 695 -0.00031386 6.50333975
2050 695 0.02600226 6.66684040
2060 695 0.05331818 6.83032080
1930 698 0.41869895 0.32658872
1940 698 0.55828551 0.69983876
1950 698 0.69362991 1.06117225
1960 698 0.81907760 1.42770721
1970 698 0.90389818 1.81306869
1980 698 0.98771896 2.19845042
1990 698 1.03389177 2.60159812
2000 698 1.06422986 3.01306817
2010 698 1.07294452 3.39396981
2020 698 1.06005603 3.74530282
2030 698 1.04604624 4.09065731
2040 698 1.02808537 4.38908219
2050 698 1.00910445 4.68652752
2060 698 0.99216362 4.98593194
2070 698 0.98032301 5.29023410
2080 698 0.96848240 5.59453625
2090 698 0.99367470 5.90008878
2100 698 1.05487987 6.20591214
2110 698 1.11610529 6.51273529
2120 698 1.20667659 6.78695754
1940 109 1.32968681 -0.42401178
1950 109 1.35284662 -0.16942855
1960 109 1.37112894 0.09125470
1970 109 1.36494287 0.37843885
1980 109 1.35977684 0.66660254
1990 109 1.35359077 0.95378668
2000 109 1.34234497 1.23807269
2010 109 1.28142076 1.48935786
2020 109 1.21947650 1.73966349
2030 109 1.15755249 1.99096892
2040 109 1.09660803 2.24125430
2050 109 1.06675086 2.54492114
2060 109 1.04415549 2.86144357
2070 109 1.02253967 3.17694596
2080 109 1.00094410 3.49344814
2090 109 1.00163510 3.77449177
2100 109 1.01885688 4.03219589
2110 109 1.03607867 4.28990000
2120 109 1.05328020 4.54660432
2130 109 1.05646436 4.80259233
1960 115 0.76266891 0.32162265
1970 115 0.79630505 0.64900868
1980 115 0.80533864 0.94688683
1990 115 0.77854920 1.20448211
2000 115 0.75073971 1.46109783
2010 115 0.72390977 1.71669352
2020 115 0.68367752 1.95255654
2030 115 0.63824380 2.17852286
2040 115 0.59380987 2.40446893
2050 115 0.54837615 2.63043525
2060 115 0.52358630 2.88799003
2070 115 0.52974200 3.19192770
2080 115 0.53589770 3.49586537
2090 115 0.54205340 3.79980304
2100 115 0.55145906 4.06666730
2110 115 0.56268208 4.32449290
2120 115 0.57390509 4.58231851
2130 115 0.58512811 4.84014412
2140 115 0.57517319 5.08939680
2150 115 0.55819945 5.33779143
1960 191 -0.64402236 -0.04396820
1970 191 -0.66042406 0.33144089
1980 191 -0.66484847 0.70560720
1990 191 -0.66829333 1.07875346
2000 191 -0.67271774 1.45291977
2010 191 -0.66848823 1.80990732
2020 191 -0.66136057 2.16183514
2030 191 -0.65421267 2.51476277
2040 191 -0.64804432 2.86871044
2050 191 -0.64557141 3.23773602
2060 191 -0.64411854 3.60578207
2070 191 -0.64266567 3.97382811
2080 191 -0.64145580 4.32987661
2090 191 -0.63661628 4.56882761
2100 191 -0.63177677 4.80777861
2110 191 -0.62693725 5.04672960
2120 191 -0.62209774 5.28568060
2130 191 -0.60458488 5.50837164
2140 191 -0.58221478 5.72396287
2150 191 -0.55984468 5.93955410
1970 112 1.88164703 0.40798216
1980 112 1.88331758 0.68800574
1990 112 1.86874841 0.95635577
2000 112 1.85419950 1.22570560
2010 112 1.83965058 1.49505543
2020 112 1.79961322 1.78992660
2030 112 1.74288309 2.10013894
2040 112 1.68617320 2.41135106
2050 112 1.63438129 2.71846277
2060 112 1.60736151 3.01407050
2070 112 1.57832190 3.30871894
2080 112 1.55030233 3.60434692
2090 112 1.54087388 3.87959427
2100 112 1.53926155 4.14568147
2110 112 1.53764922 4.41176868
2120 112 1.53181498 4.66693913
2130 112 1.51741540 4.89427732
2140 112 1.50303607 5.12261531
2150 112 1.48763670 5.34997374
2160 112 1.48531565 5.58106812
2060 201 1.09318341 1.03507634
2070 201 1.02698686 1.47050603
2080 201 0.96179010 1.90591547
2090 201 0.89955223 2.33926458
2100 201 0.84923091 2.76837152
2110 201 0.79788954 3.19649891
2120 201 0.75426304 3.61046718
2130 201 0.77280861 3.88414776
2140 201 0.79137442 4.15882814
2150 201 0.80994023 4.43350852
2160 201 0.77915161 4.69118479
2170 201 0.69802900 4.93287700
2180 201 0.61690640 5.17456921
2190 201 0.53476375 5.41528187
2200 201 0.46956953 5.70266091
2210 201 0.40447655 5.99503893
2220 201 0.34038336 6.28739669
2230 201 0.26071109 6.65008434
2240 201 0.16643929 7.08208182
2250 201 0.07116768 7.51409956
