3060 278 0.00000000 0.00000000
3070 278 -0.00000000 0.46852641
3080 278 0.00020063 0.93607316
3090 278 0.06080981 1.40272134
3100 278 0.16183293 1.86641772
3110 278 0.26363508 2.33129439
3120 278 0.27425775 2.79280946
3130 278 0.19468059 3.25116356
3140 278 0.11588247 3.71069795
3150 278 0.04436676 4.16457844
3160 278 0.00178005 4.59682302
3170 278 -0.04080666 5.02906759
3180 278 -0.08359401 5.46229183
3190 278 -0.11758782 5.90242070
3200 278 -0.14376778 6.34925356
3210 278 -0.16916869 6.79726673
3220 278 -0.19554927 7.24507926
3230 278 -0.20501726 7.64021387
3240 278 -0.21069677 8.02183376
3250 278 -0.21657690 8.40443332
3060 276 0.71382742 0.30746612
3070 276 0.65851570 0.69219150
3080 276 0.60222432 1.07671624
3090 276 0.59682868 1.48187163
3100 276 0.71025665 1.93483862
3110 276 0.82270495 2.38760498
3120 276 0.91533580 2.84243740
3130 276 0.82669405 3.31016343
3140 276 0.73785168 3.77886913
3150 276 0.64900930 4.24757483
3160 276 0.60132362 4.67979593
3170 276 0.57194428 5.09739245
3180 276 0.54158526 5.51478834
3190 276 0.51708077 5.93848697
3200 276 0.51245350 6.38973367
3210 276 0.50704719 6.83980008
3220 276 0.50241991 7.29104679
3230 276 0.48196429 7.72986516
3240 276 0.42417459 8.14164344
3250 276 0.36736456 8.55362235
3110 279 -1.18472083 -0.09155087
3120 279 -1.14883811 0.42107124
3130 279 -1.11217636 0.93487365
3140 279 -1.07923264 1.44689388
3150 279 -1.07585610 1.94877594
3160 279 -1.07345922 2.45045736
3170 279 -1.07322231 2.95271720
3180 279 -1.09456156 3.45566217
3190 279 -1.11708110 3.95938617
3200 279 -1.13940001 4.46213050
3210 279 -1.15743528 4.92900493
3220 279 -1.17346426 5.38608268
3230 279 -1.19145257 5.84275917
3240 279 -1.18710917 6.30502980
3250 279 -1.13536395 6.78007026
3260 279 -1.08243844 7.25433167
3270 279 -1.04578949 7.72832203
3280 279 -1.06658661 8.19871386
3290 279 -1.08718310 8.66812603
3300 279 -1.11431925 9.10965930
3230 285 2.18991282 0.54136756
3240 285 2.01793746 0.87770292
3250 285 1.84596210 1.21403828
3260 285 1.67496640 1.55057427
3270 285 1.50515100 1.88633122
3280 285 1.33533560 2.22208817
3290 285 1.13737024 2.58066134
3300 285 0.90889433 2.96360880
3310 285 0.68139808 3.34675689
3320 285 0.53817670 3.74206011
3330 285 0.52195777 4.15520650
3340 285 0.50573883 4.56835290
3350 285 0.48544755 4.97147852
3360 285 0.44728535 5.33725939
3370 285 0.40794285 5.70381930
3380 285 0.39047105 6.04831856
3390 285 0.39368965 6.37153619
3400 285 0.39710888 6.69377416
3410 285 0.39068448 7.02420377
3420 285 0.37973953 7.35676987
