1820 447 0.00000000 0.00000000
1830 447 0.00000000 0.32669558
1840 447 -0.00071320 0.65409211
1850 447 -0.00001224 0.98150089
1860 447 -0.00001224 1.30819647
1870 447 -0.04369205 1.61612840
1880 447 -0.11767224 1.91177672
1890 447 -0.19093922 2.20672409
1900 447 -0.31800553 2.50827699
1910 447 -0.47974938 2.81306533
1920 447 -0.65541444 3.09227633
1930 447 -0.86237776 3.31111003
1940 447 -1.05168244 3.53221801
1950 447 -1.17461951 3.76521473
1960 447 -1.29183873 3.99118963
1970 447 -1.35411689 4.16036242
1980 447 -1.41639506 4.32953520
1990 447 -1.47867322 4.49870798
2000 447 -1.50286699 4.67952463
2010 447 -1.52777397 4.86104224
1820 448 -0.64825181 0.63151452
1830 448 -0.66998152 0.93610083
1840 448 -0.69242443 1.24138810
1850 448 -0.71485510 1.54526120
1860 448 -0.73658481 1.84984751
1870 448 -0.73210970 2.14971077
1880 448 -0.70922601 2.44690488
1890 448 -0.72727951 2.73525895
1900 448 -0.84271419 3.00014163
1910 448 -0.95955079 3.26359790
1920 448 -1.09812935 3.50635907
1930 448 -1.23670790 3.74912024
1940 448 -1.29916666 4.02082579
1950 448 -1.30944840 4.30995428
1960 448 -1.31973014 4.59908277
1970 448 -1.38849752 4.86436950
1980 448 -1.49601352 5.11305667
1990 448 -1.60500796 5.28748205
2000 448 -1.71548083 5.38764564
2010 448 -1.82666691 5.48851018
