4980 506 0.00000000 0.00000000
4990 506 0.00000000 0.17060188
5000 506 0.00027550 0.34216505
5010 506 0.00151229 0.51345274
5020 506 0.00151229 0.68405461
5030 506 -0.00667050 0.92773892
5040 506 -0.02168206 1.22019174
5050 506 -0.03573232 1.51236907
5060 506 -0.04978257 1.80454640
5070 506 -0.08477632 2.01638463
5080 506 -0.12583097 2.20707421
5090 506 -0.16661013 2.39872509
5100 506 -0.20738928 2.59037597
5110 506 -0.16122332 2.94747639
5120 506 -0.10666354 3.32297636
5130 506 -0.05210376 3.69847633
5140 506 0.05059147 4.14756284
5150 506 0.18354429 4.64415175
5160 506 0.31677260 5.14170197
5170 506 0.58740269 5.51977518
4850 357 -1.36520187 0.37252228
4860 357 -1.36690174 0.64971736
4870 357 -1.36887709 0.92595113
4880 357 -1.37085245 1.20218491
4890 357 -1.37255232 1.47937998
4900 357 -1.38056513 1.76358553
4910 357 -1.40559416 2.06827152
4920 357 -1.43089869 2.37199619
4930 357 -1.45592772 2.67668218
4940 357 -1.47120305 2.98273391
4950 357 -1.39278656 3.30354516
4960 357 -1.31437007 3.62435640
4970 357 -1.23595359 3.94516764
4980 357 -1.15079626 4.27861064
4990 357 -1.05477152 4.63182481
5000 357 -0.95970809 4.98531447
5010 357 -0.86368335 5.33852864
5020 357 -0.78166784 5.69367714
5030 357 -0.74881943 6.05875519
5040 357 -0.71597103 6.42383324
4860 359 -0.79162670 0.14884948
4870 359 -0.81983272 0.43156032
4880 359 -0.84707744 0.71399567
4890 359 -0.87432216 0.99643101
4900 359 -0.90156688 1.27886636
4910 359 -0.92881159 1.56130171
4920 359 -0.91237567 1.84370189
4930 359 -0.85033649 2.12551590
4940 359 -0.78925861 2.40760542
4950 359 -0.72818074 2.68969493
4960 359 -0.65906661 3.05790307
4970 359 -0.58621278 3.46456918
4980 359 -0.51363445 3.87027398
4990 359 -0.43981931 4.27666458
5000 359 -0.35530090 4.66958524
5010 359 -0.26611665 5.05700770
5020 359 -0.17624660 5.44319338
5030 359 -0.08897909 5.83844694
5040 359 -0.01226247 6.26585139
5050 359 0.06445416 6.69325583
4920 502 -1.36867780 0.49106729
4930 502 -1.34431113 0.72854416
4940 502 -1.31966896 0.96698233
4950 502 -1.29530229 1.20445921
4960 502 -1.24278235 1.43490802
4970 502 -1.17748998 1.66273670
4980 502 -1.11219762 1.89056538
4990 502 -1.04690525 2.11839406
5000 502 -0.95512432 2.31886665
5010 502 -0.85112780 2.50751639
5020 502 -0.74685580 2.69712744
5030 502 -0.64848642 2.89155086
5040 502 -0.57042749 3.10947929
5050 502 -0.49140726 3.32713223
5060 502 -0.39424537 3.55727038
5070 502 -0.12721431 3.90100635
5080 502 0.14105355 4.24542812
5090 502 0.41365899 4.51786944
5100 502 0.69144609 4.74305453
5110 502 0.96827189 4.96851513
4930 503 -0.68529727 0.16414825
4940 503 -0.70397819 0.50550441
4950 503 -0.72293461 0.84589926
4960 503 -0.72130508 1.16375039
4970 503 -0.63966471 1.39417576
4980 503 -0.55829984 1.62363983
4990 503 -0.47789627 1.85337939
5000 503 -0.44865861 1.99895809
5010 503 -0.42038225 2.14481229
5020 503 -0.39210589 2.29066649
5030 503 -0.33621553 2.44213024
5040 503 -0.21754157 2.60576854
5050 503 -0.09886761 2.76940683
5060 503 0.04743207 2.95321489
5070 503 0.30382433 3.21990012
5080 503 0.55994109 3.48562404
5090 503 0.83636243 3.72056284
5100 503 1.16025102 3.88156342
5110 503 1.48510090 4.04228850
5120 503 1.89586427 4.11077544
