2310 657 0.00000000 0.00000000
2320 657 0.00000000 0.35671978
2330 657 0.00054104 0.71259856
2340 657 0.00054104 1.06931834
2350 657 -0.01205708 1.36799255
2360 657 -0.02381421 1.66720781
2370 657 0.03931097 1.91471581
2380 657 0.12052598 2.14889122
2390 657 0.14543068 2.41699522
2400 657 0.13325586 2.70761830
2410 657 0.12108104 2.99824138
2420 657 0.22558043 3.31636223
2430 657 0.32977986 3.63310105
2440 657 0.42636268 3.90807879
2450 657 0.52096915 4.16394910
2460 657 0.61985630 4.37619974
2470 657 0.72537610 4.51899530
2480 657 0.83035486 4.66263185
2490 657 0.93382823 4.81600154
2500 657 1.02477637 5.05168233
2140 654 1.15960489 1.12889171
2150 654 1.12022384 1.38417613
2160 654 1.08084279 1.63946054
2170 654 1.02302430 1.86980381
2180 654 0.96550576 2.10152912
2190 654 0.92974099 2.32346803
2200 654 0.97774506 2.51130735
2210 654 1.02544917 2.69776463
2220 654 1.07345324 2.88560395
2230 654 1.15239756 3.08264657
2240 654 1.23080083 3.28053019
2250 654 1.30001202 3.47606742
2260 654 1.29027609 3.66124359
2270 654 1.27969916 3.84587871
2280 654 1.26912223 4.03051383
2290 654 1.25938630 4.21569000
2300 654 1.29334573 4.35882195
2310 654 1.39558284 4.43648516
2320 654 1.49781995 4.51414836
2330 654 1.60005706 4.59181156
2150 655 1.62627372 1.32209939
2160 655 1.59607915 1.59637350
2170 655 1.56672558 1.87118865
2180 655 1.55750826 2.12209708
2190 655 1.59625576 2.32062827
2200 655 1.63554430 2.51831845
2210 655 1.65825400 2.70296479
2220 655 1.65567495 2.86777483
2230 655 1.65393689 3.03312591
2240 655 1.65941458 3.18171593
2250 655 1.67860051 3.30345294
2260 655 1.69694544 3.42464891
2270 655 1.71559033 3.54722692
2280 655 1.74583255 3.66656429
2290 655 1.80623851 3.78152568
2300 655 1.86526243 3.89678702
2310 655 1.92482739 4.01120736
2320 655 1.98523335 4.12616875
2330 655 2.04425727 4.24143009
2340 655 2.10382223 4.35585043
2310 656 0.58050888 0.60770670
2320 656 0.59160162 1.03220517
2330 656 0.60269436 1.45670364
2340 656 0.62004131 1.68665164
2350 656 0.63738826 1.91659965
2360 656 0.68895255 2.23752662
2370 656 0.76230705 2.61884554
2380 656 0.83494950 2.97354693
2390 656 0.89723368 3.22051389
2400 656 0.96035886 3.46802189
2410 656 1.03159405 3.71955827
2420 656 1.11688509 3.98251537
2430 656 1.26110473 4.28695041
2440 656 1.38358743 4.55124190
2450 656 1.41984558 4.64829007
2460 656 1.45526274 4.74479719
2470 656 1.49152089 4.84184535
2480 656 1.52777904 4.93889352
2490 656 1.56319620 5.03540064
2500 656 1.59945435 5.13244881
2350 658 1.15513640 0.83826302
2360 658 1.09291950 1.10501583
2370 658 1.02877951 1.37290958
2380 658 0.96602157 1.64050338
2390 658 0.96722419 1.81606976
2400 658 0.96758582 1.99109509
2410 658 0.98555791 2.32727214
2420 658 1.01020471 2.64752912
2430 658 1.05066504 2.93396404
2440 658 1.09058433 3.22123995
2450 658 1.20911995 3.43067325
2460 658 1.33667105 3.63163772
2470 658 1.41029186 3.75747879
2480 658 1.47028013 3.86384800
2490 658 1.53056834 3.97159924
2500 658 1.57937136 4.10644458
2510 658 1.61614812 4.26922502
2520 658 1.65376589 4.43254649
2530 658 1.69054265 4.59532692
2540 658 1.72731942 4.75810736
2350 659 0.65491463 0.54380220
2360 659 0.58102469 0.86012052
2370 659 0.50629377 1.17589779
2380 659 0.46653707 1.47612505
2390 659 0.47798023 1.75221571
2400 659 0.48942338 2.02830638
2410 659 0.52272683 2.33510742
2420 659 0.56594002 2.65422906
2430 659 0.60261307 2.94655095
2440 659 0.62434722 3.17337605
2450 659 0.64638132 3.40158319
2460 659 0.70910002 3.60721238
2470 659 0.79850072 3.79909129
2480 659 0.88790143 3.99097019
2490 659 0.95765926 4.16902312
2500 659 1.02291216 4.34298880
2510 659 1.08762402 4.51779548
2520 659 1.16453313 4.69212559
2530 659 1.24949338 4.86687901
2540 659 1.32856665 5.03784514
