2360 565 0.00000000 0.00000000
2370 565 -0.00000000 0.16337074
2380 565 0.00041011 0.32582945
2390 565 0.00041011 0.48920020
2400 565 0.00082022 0.65165890
2410 565 0.00123033 0.81411761
2420 565 0.00123033 0.97748836
2430 565 0.00072840 1.13953695
2440 565 0.00205055 1.30240577
2450 565 0.00113851 1.46536641
2460 565 0.00154862 1.62782511
2470 565 0.00154862 1.79119586
2480 565 0.00195874 1.95365457
2490 565 0.00236885 2.11611327
2500 565 0.00364814 2.28883086
2510 565 0.00858171 2.48512059
2520 565 0.01392538 2.68049829
2530 565 0.00823281 2.86872048
2540 565 -0.03964602 3.02152630
2550 565 -0.08793496 3.17524415
2320 561 0.77663232 -0.18364977
2330 561 0.77450832 -0.11552864
2340 561 0.77370646 -0.04790943
2350 561 0.77199257 0.01929966
2360 561 0.76986856 0.08742079
2370 561 0.76815467 0.15462989
2380 561 0.76603067 0.22275102
2390 561 0.75885680 0.33136288
2400 561 0.75059339 0.45702797
2410 561 0.74100783 0.58319499
2420 561 0.73183238 0.70844998
2430 561 0.72315885 0.83502711
2440 561 0.71713574 0.98253210
2450 561 0.72636628 1.21803326
2460 561 0.73509490 1.45221228
2470 561 0.74432543 1.68771344
2480 561 0.70479571 1.85852737
2490 561 0.66485588 2.03025335
2500 561 0.63034542 2.21428875
2510 561 0.61531825 2.44765366
