2340 476 0.00000000 0.00000000
2350 476 0.00000000 0.45067505
2360 476 0.00098075 0.90115484
2370 476 0.01413435 1.33595592
2380 476 0.05634659 1.73234352
2390 476 0.09973483 2.12951660
2400 476 0.23759469 2.59149026
2410 476 0.44013530 3.09666577
2420 476 0.70347360 3.59993304
2430 476 1.21490640 4.09459100
2440 476 1.72653445 4.59022971
2450 476 2.15640516 5.05932158
2460 476 2.57666805 5.52624780
2470 476 2.98475809 6.00885273
2480 476 3.38460273 6.50125629
2490 476 3.70909817 7.04026994
2500 476 3.95804916 7.62491291
2510 476 4.19571486 8.10678116
2520 476 4.40652307 8.35132543
2530 476 4.60775453 8.55801094
2310 469 -0.35441944 0.04303322
2320 469 -0.34629829 0.40134461
2330 469 -0.33719639 0.75946073
2340 469 -0.32907524 1.11777211
2350 469 -0.34273031 1.48449754
2360 469 -0.35815162 1.85259424
2370 469 -0.37455368 2.22088621
2380 469 -0.23280188 2.71777193
2390 469 -0.07478559 3.22977277
2400 469 0.08440671 3.74255909
2410 469 0.13550783 4.29114060
2420 469 0.17523047 4.84402676
2430 469 0.21495310 5.39691293
2440 469 0.26180282 5.87292774
2450 469 0.31082706 6.32913671
2460 469 0.35985129 6.78534568
2470 469 0.43676259 7.19725666
2480 469 0.51760132 7.60328757
2490 469 0.59863531 8.01029923
2500 469 0.64315963 8.45414896
