1620 692 0.00000000 0.00000000
1630 692 -0.00000000 0.08508819
1640 692 0.00000000 0.17017638
1650 692 0.00049361 0.25439488
1660 692 -0.04129833 0.38475375
1670 692 -0.14540208 0.58438192
1680 692 -0.24901223 0.78314041
1690 692 -0.35882771 1.02322074
1700 692 -0.47813921 1.32460216
1710 692 -0.60022431 1.61061130
1720 692 -0.73258111 1.86204455
1730 692 -0.86444429 2.11260812
1740 692 -1.05899538 2.43107770
1750 692 -1.28100034 2.77765929
1760 692 -1.49790471 3.12943549
1770 692 -1.70959096 3.48417332
1780 692 -1.92127722 3.83891115
1790 692 -2.21685290 4.17938144
1800 692 -2.53290147 4.51743070
1810 692 -2.73257665 4.90773164
1620 690 -0.06626066 0.54421184
1630 690 -0.23201810 0.65595473
1640 690 -0.39690585 0.76819122
1650 690 -0.58351224 0.91869389
1660 690 -0.78036682 1.08522699
1670 690 -0.97585811 1.25138401
1680 690 -1.02362032 1.29096647
1690 690 -1.07088893 1.32967925
1700 690 -1.11778145 1.36975532
1710 690 -1.26231385 1.52918990
1720 690 -1.44899075 1.74059409
1730 690 -1.63430437 1.95162220
1740 690 -1.82930206 2.20199773
1750 690 -2.02526345 2.46217485
1760 690 -2.22258813 2.72272805
1770 690 -2.49783197 3.14487829
1780 690 -2.77307581 3.56702853
1790 690 -3.00840812 3.97963574
1800 690 -3.22738093 4.38772998
1810 690 -3.41039105 4.75069457
1670 694 0.67906016 0.79705539
1680 694 0.62410542 0.87969906
1690 694 0.56915067 0.96234272
1700 694 0.51419592 1.04498639
1710 694 0.36961651 1.14575243
1720 694 0.21648128 1.24741166
1730 694 -0.03464641 1.34749606
1740 694 -0.35151764 1.44591160
1750 694 -0.61902833 1.71262311
1760 694 -0.85570043 2.09112453
1770 694 -1.09100923 2.46924986
1780 694 -1.21706668 2.83924245
1790 694 -1.34399381 3.20874144
1800 694 -1.49607132 3.58811254
1810 694 -1.65769187 3.97011620
1820 694 -1.82650496 4.35263698
1830 694 -2.02136161 4.73647403
1840 694 -2.21572466 5.11944140
1850 694 -2.52037329 5.41106824
1860 694 -2.85151208 5.67846140
1730 697 -0.28734893 -1.30488145
1740 697 -0.30540079 -1.24268715
1750 697 -0.32432233 -1.18098646
1760 697 -0.34324388 -1.11928577
1770 697 -0.36129574 -1.05709148
1780 697 -0.34944920 -0.95033166
1790 697 -0.29040458 -0.77883899
1800 697 -0.23135996 -0.60734633
1810 697 -0.23488571 -0.32763654
1820 697 -0.28025041 0.02376358
1830 697 -0.32883530 0.37678555
1840 697 -0.40454498 0.74315837
1850 697 -0.48025467 1.10953119
1860 697 -0.56576595 1.47494030
1870 697 -0.69544317 1.83712923
1880 697 -0.82425070 2.19981176
1890 697 -0.91676648 2.67277987
1900 697 -0.99475615 3.19308710
1910 697 -1.07455571 3.68822044
1920 697 -1.15799855 4.12494380
1730 699 0.63181506 0.03549259
1740 699 0.41925913 0.21956044
1750 699 0.21450686 0.40000851
1760 699 0.07486350 0.53462179
1770 699 -0.06477985 0.66923506
1780 699 -0.18117673 0.86418574
1790 699 -0.27296385 1.11909773
1800 699 -0.36475097 1.37400973
1810 699 -0.52084784 1.73615164
1820 699 -0.68472488 2.10997556
1830 699 -0.83393477 2.49442374
1840 699 -0.85823897 2.96471227
1850 699 -0.88204956 3.43413112
1860 699 -0.96168458 3.81552366
1870 699 -1.09566322 4.10628081
1880 699 -1.23100516 4.39741405
1890 699 -1.54164756 4.67529045
1900 699 -1.89596231 4.94907698
1910 699 -2.25077065 5.22373319
1920 699 -2.59044177 5.37244948
1760 114 1.73619865 0.70714867
1770 114 1.75218207 0.82890470
1780 114 1.62685328 0.98084118
1790 114 1.48615220 1.13555125
1800 114 1.34408783 1.29063740
1810 114 1.20479705 1.46109584
1820 114 1.06809183 1.66751697
1830 114 0.93225629 1.87443170
1840 114 0.78697173 2.07368380
1850 114 0.62739612 2.26367491
1860 114 0.46831411 2.45279634
1870 114 0.31430919 2.63905016
1880 114 0.17725139 2.80962612
1890 114 0.03883030 2.98057817
1900 114 -0.09872110 3.15202382
1910 114 -0.24005682 3.38686252
1920 114 -0.38221521 3.63733206
1930 114 -0.52437360 3.88780161
1940 114 -0.66653199 4.13827115
1950 114 -0.80445947 4.43598579
1760 190 1.25982232 -2.63905016
1770 190 1.28071828 -2.19370045
1780 190 1.30248394 -1.74785714
1790 190 1.33017285 -1.31245007
1800 190 1.35946012 -0.88188502
1810 190 1.33992744 -0.47672891
1820 190 1.20263459 -0.13151061
1830 190 1.06534174 0.21370768
1840 190 0.90489644 0.53083748
1850 190 0.72266199 0.81950269
1860 190 0.54042753 1.10816790
1870 190 0.32053802 1.37201180
1880 190 0.07777813 1.61942569
1890 190 -0.16634506 1.86721566
1900 190 -0.41979974 2.10511002
1910 190 -0.68768651 2.32791414
1920 190 -0.95693657 2.55109435
1930 190 -1.21603245 2.81108343
1940 190 -1.46584386 3.10738778
1950 190 -1.71565526 3.40369212
1760 192 1.88162424 -2.37927262
1770 192 1.89466953 -1.90388350
1780 192 1.90858450 -1.42800077
1790 192 1.91180469 -0.96163757
1800 192 1.81780810 -0.57114860
1810 192 1.72468119 -0.18016601
1820 192 1.62410319 0.20773741
1830 192 1.46739519 0.57298199
1840 192 1.30932390 0.93860265
1850 192 1.15261590 1.30384723
1860 192 0.99343987 1.58835205
1870 192 0.83395828 1.85313615
1880 192 0.67447668 2.11792025
1890 192 0.42515889 2.32826672
1900 192 0.15459255 2.52540336
1910 192 -0.11733708 2.72291609
1920 192 -0.40468601 2.94962205
1930 192 -0.69981510 3.18801001
1940 192 -0.99407451 3.42689158
1950 192 -1.23283855 3.72601652
