890 397 0.00000000 0.00000000
900 397 -0.00000000 0.18940433
910 397 -0.00087115 0.37929967
920 397 -0.09866195 0.74550038
930 397 -0.20662146 1.13235532
940 397 -0.29614423 1.48471263
950 397 -0.33981272 1.75956907
960 397 -0.38397222 2.03355436
970 397 -0.44246613 2.29840047
980 397 -0.52330905 2.54599777
990 397 -0.60453212 2.79495723
1000 397 -0.74991950 3.05023651
1010 397 -1.04721999 3.32111733
1020 397 -1.34452048 3.59199815
1030 397 -1.67571671 3.84754669
1040 397 -2.03906638 4.08678092
1050 397 -2.40328720 4.32650617
1060 397 -2.77477818 4.60017468
1070 397 -3.14908852 4.88920714
1080 397 -3.53561084 5.16675624
880 396 0.15625303 0.65806838
890 396 0.01539564 1.04969089
900 396 -0.12682392 1.44093327
910 396 -0.27290823 1.77236709
920 396 -0.42528067 2.01321692
930 396 -0.57678196 2.25357573
940 396 -0.72915440 2.49442556
950 396 -0.95590740 2.83344632
960 396 -1.25840312 3.27025788
970 396 -1.56002770 3.70657842
980 396 -1.94225761 4.03451179
990 396 -2.37826137 4.28944260
1000 396 -2.81426513 4.54437342
1010 396 -3.20066073 4.77937861
1020 396 -3.58841850 5.01400366
1030 396 -3.97273918 5.25472677
1040 396 -4.33206571 5.54794076
1050 396 -4.69226339 5.84164577
1060 396 -5.18129656 6.00249215
1070 396 -5.72556078 6.10608006
