3780 517 0.00000000 0.00000000
3790 517 -0.00000000 0.33049206
3800 517 0.00067778 0.66024885
3810 517 0.03571644 0.98223843
3820 517 0.20649815 1.26615146
3830 517 0.37660209 1.55079975
3840 517 0.54302969 1.83205916
3850 517 0.70510318 2.11066494
3860 517 0.86717666 2.38927073
3870 517 1.04116269 2.64757649
3880 517 1.23310376 2.87755176
3890 517 1.42498735 3.10611398
3900 517 1.61704340 3.33891534
3910 517 1.80900868 3.60427421
3920 517 2.00029618 3.87036835
3930 517 2.17602809 4.11940308
3940 517 2.28326516 4.30257844
3950 517 2.39123750 4.48643157
3960 517 2.49847457 4.66960693
3970 517 2.62666827 4.91562191
3720 672 1.64158559 1.45474903
3730 672 1.42657286 1.78832739
3740 672 1.22403547 2.09804437
3750 672 1.13727998 2.19215858
3760 672 1.05963515 2.30147135
3770 672 1.00665657 2.44304207
3780 672 0.97668913 2.59358427
3790 672 1.04079960 2.77780654
3800 672 1.10423229 2.96276409
3810 672 1.13981862 3.17645455
3820 672 1.16314747 3.40196678
3830 672 1.18653381 3.62889205
3840 672 1.25708921 3.81497519
3850 672 1.33244654 3.99732451
3860 672 1.40977972 4.17605497
3870 672 1.50874428 4.32984384
3880 672 1.60703106 4.48436798
3890 672 1.71363574 4.65199985
3900 672 1.83099408 4.84042495
3910 672 1.94903020 5.02811478
3770 519 -0.31160204 -0.89246018
3780 519 -0.29385578 -0.64761314
3790 519 -0.27678729 -0.40203084
3800 519 -0.22530950 -0.09344854
3810 519 -0.16002200 0.24146420
3820 519 -0.07942097 0.57009237
3830 519 0.14318347 0.84057391
3840 519 0.36573042 1.10964240
3850 519 0.58833487 1.38012394
3860 519 0.77694454 1.61518859
3870 519 0.96555422 1.85025324
3880 519 1.15987356 2.08650098
3890 519 1.37471080 2.32262163
3900 519 1.58954803 2.55874228
3910 519 1.79013984 2.79261174
3920 519 1.93442773 3.01674118
3930 519 2.07871561 3.24087062
3940 519 2.23120642 3.47528170
3950 519 2.38952187 3.71370196
3960 519 2.54642428 3.95217970
3790 518 0.74248986 0.57699117
3800 518 0.76535879 0.79119904
3810 518 0.78754994 1.00614218
3820 518 0.80968360 1.21967228
3830 518 0.91539568 1.48712500
3840 518 1.07703345 1.78981003
3850 518 1.23934900 2.09175980
3860 518 1.40127119 2.31446409
3870 518 1.56306631 2.51665050
3880 518 1.72859525 2.72363883
3890 518 1.92320204 2.96695179
3900 518 2.11713106 3.21100001
3910 518 2.31106008 3.45504824
3920 518 2.46507891 3.69222792
3930 518 2.61909774 3.92940759
3940 518 2.78149196 4.18110805
3950 518 2.96086692 4.46750222
3960 518 3.09873408 4.72515440
3970 518 3.17190981 4.94085399
3980 518 3.24576333 5.15581831
