760 535 0.00000000 0.00000000
770 535 -0.00000000 0.25355276
780 535 0.00653907 0.51473706
790 535 0.01225780 0.77649324
800 535 0.00751323 1.06870461
810 535 -0.00851499 1.39194306
820 535 0.01085770 1.71000705
830 535 0.16716048 2.00941220
840 535 0.32264291 2.30938922
850 535 0.43662314 2.50786468
860 535 0.55060336 2.70634014
870 535 0.65967731 2.81559156
880 535 0.76419599 2.86584935
890 535 0.87679583 2.93119670
900 535 1.05695558 3.13717355
910 535 1.23572311 3.34290194
920 535 1.46421599 3.59198226
930 535 1.71192775 3.85813988
940 535 1.96021139 4.12511785
950 535 2.22405786 4.39343677
700 546 0.85053305 1.30750699
710 546 0.80093391 1.28357114
720 546 0.83211874 1.38251307
730 546 0.86330357 1.48145501
740 546 0.89530875 1.57982507
750 546 0.92649358 1.67876700
760 546 0.95825028 1.77852928
770 546 0.99025546 1.87689934
780 546 1.02144029 1.97584127
790 546 1.06113617 2.16393231
800 546 1.09837102 2.35373896
810 546 1.11109421 2.55210005
820 546 1.12520962 2.75070960
830 546 1.09849329 2.84003618
840 546 1.07234883 2.93018310
850 546 1.04563249 3.01950968
860 546 0.92312939 3.11831752
870 546 0.65583984 3.23150895
880 546 0.38871989 3.29947903
890 546 0.12467228 3.26169202
720 65 -5.69667640 -0.30990000
730 65 -4.82046427 -0.28927708
740 65 -3.94564436 -0.26890262
750 65 -3.25163888 -0.03227336
760 65 -2.57766869 0.22807482
770 65 -1.95043039 0.54903761
780 65 -1.43037688 1.01176577
790 65 -0.91089525 1.47367359
800 65 -0.43263975 1.86070547
810 65 0.00545843 2.17089733
820 65 0.44273626 2.48166106
830 65 0.76251193 2.42452502
840 65 1.09882458 2.41559197
850 65 1.47072351 2.51716057
860 65 1.84344279 2.61815731
870 65 2.18143951 2.79699583
880 65 2.49689260 3.02568196
890 65 2.81234569 3.25436810
900 65 3.11189282 3.53193164
910 65 3.40666776 3.82013596
730 549 1.65510329 1.89858713
740 549 1.63924466 1.92305147
750 549 1.62477824 1.94776428
760 549 1.60973995 1.97165674
770 549 1.67076472 2.14487907
780 549 1.76394060 2.38345664
790 549 1.85654460 2.62121387
800 549 1.94521254 2.77638473
810 549 2.03340720 2.92213349
820 549 1.98306265 3.15592705
830 549 1.89736845 3.41070637
840 549 1.76741128 3.55128067
850 549 1.62034524 3.64283163
860 549 1.43854875 3.73177565
870 549 1.22202182 3.81811271
880 549 0.87251665 3.91303970
890 549 0.39142544 4.01680509
900 549 -0.04683443 4.08583609
910 549 -0.41822460 4.10215616
920 549 -0.82355642 4.04705520
740 532 0.54680139 -0.31901448
750 532 0.55045349 -0.08994972
760 532 0.53650373 0.13310051
770 532 0.52958998 0.36099785
780 532 0.53199974 0.59702368
790 532 0.53522984 0.83247764
800 532 0.54666730 1.10243724
810 532 0.56061706 1.38649252
820 532 0.57595903 1.67079628
830 532 0.70017776 1.82800222
840 532 0.82439648 1.98520816
850 532 0.88752733 2.08626011
860 532 0.95008630 2.18649172
870 532 1.01321715 2.28754366
880 532 1.08509962 2.39590376
890 532 1.24524381 2.57316864
900 532 1.40538800 2.75043352
910 532 1.54087065 2.92904330
920 532 1.66611086 3.10869822
930 532 1.80345900 3.29697856
