2650 257 0.00000000 0.00000000
2660 257 0.00000000 0.44537175
2670 257 -0.00022453 0.89171798
2680 257 -0.10118289 1.34769211
2690 257 -0.35151758 1.81953164
2700 257 -0.60282673 2.29114664
2710 257 -0.84378948 2.77130282
2720 257 -1.06158506 3.27116389
2730 257 -1.27960517 3.77199942
2740 257 -1.51426756 4.26489552
2750 257 -1.81587178 4.73210521
2760 257 -2.11822593 5.19811590
2770 257 -2.41218710 5.65887705
2780 257 -2.68704063 6.10351683
2790 257 -2.96286863 6.54793208
2800 257 -3.23772216 6.99257186
2810 257 -3.43408845 7.24800342
2820 257 -3.62064272 7.48311936
2830 257 -3.80817145 7.71801077
2840 257 -3.91252921 7.87252438
2670 491 0.37127186 -0.13713937
2680 491 0.26889447 0.11121496
2690 491 0.16629254 0.36054374
2700 491 0.06369061 0.60987253
2710 491 -0.04782971 0.86227740
2720 491 -0.19742159 1.12848647
2730 491 -0.34678894 1.39372107
2740 491 -0.49713076 1.65873114
2750 491 -0.64462552 1.92029241
2760 491 -0.79167122 2.17990474
2770 491 -0.93969138 2.43929254
2780 491 -1.10634317 2.79290275
2790 491 -1.27740925 3.17012470
2800 491 -1.44869986 3.54832111
2810 491 -1.64291065 3.97254649
2820 491 -1.84041756 4.40216960
2830 491 -2.03695001 4.83201725
2840 491 -2.21934595 5.17379015
2850 491 -2.39927204 5.50484393
2860 491 -2.57942267 5.83687217
