620 537 0.00000000 0.00000000
630 537 0.00000000 0.14855302
640 537 -0.00064623 0.29496539
650 537 -0.00133286 0.44279140
660 537 0.02972676 0.64316430
670 537 0.06349248 0.84785889
680 537 0.09794483 1.05328050
690 537 0.13772860 1.34444927
700 537 0.17678536 1.63630466
710 537 0.21349953 1.88635679
720 537 0.24375135 2.04072592
730 537 0.27396279 2.19650868
740 537 0.26560214 2.24154311
750 537 0.24742681 2.25870870
760 537 0.22852447 2.27656091
770 537 0.10517457 2.31052858
780 537 -0.12266327 2.36202534
790 537 -0.36237567 2.40823107
800 537 -0.63072430 2.44159289
810 537 -0.89911332 2.47636836
450 131 -0.26128045 2.45992978
460 131 -0.16430497 2.53202525
470 131 -0.06664287 2.60484774
480 131 0.02621286 2.59830462
490 131 0.11652405 2.55702643
500 131 0.20820849 2.51720226
510 131 0.29920630 2.47665108
520 131 0.39020411 2.43609991
530 131 0.48120193 2.39554873
540 131 0.58665922 2.34409235
550 131 0.75346835 2.24982298
560 131 0.92027748 2.15555361
570 131 1.00432828 2.11055957
580 131 1.03369153 2.09795801
590 131 1.06232777 2.08604307
600 131 1.09096401 2.07412813
610 131 1.11960025 2.06221320
620 131 1.14896351 2.04961164
630 131 1.17828637 2.03842371
640 131 1.20692261 2.02650877
710 381 0.19136602 2.83434155
720 381 0.01712520 2.69354334
730 381 -0.15642900 2.55347214
740 381 -0.31580644 2.41239120
750 381 -0.34153462 2.27300662
760 381 -0.36726281 2.13362204
770 381 -0.39016373 1.99431825
780 381 -0.38992139 1.86204224
790 381 -0.38899243 1.73049325
800 381 -0.38842697 1.61166699
810 381 -0.39194087 1.61085920
820 381 -0.39476814 1.61077842
830 381 -0.39900905 1.61065725
840 381 -0.40252295 1.60984946
850 381 -0.40535022 1.60976868
860 381 -0.40886412 1.60896089
870 381 -0.41241841 1.60956673
880 381 -0.41593230 1.60875894
890 381 -0.41875958 1.60867816
900 381 -0.42227347 1.60787037
