2720 254 0.00000000 0.00000000
2730 254 0.00000000 0.31353628
2740 254 -0.02348692 0.63342590
2750 254 -0.08220420 0.96284551
2760 254 -0.14191659 1.29236399
2770 254 -0.20063388 1.62178360
2780 254 -0.17798897 2.00140474
2790 254 -0.15633916 2.38112475
2800 254 -0.13369426 2.76074589
2810 254 -0.04250864 3.01095616
2820 254 0.05714490 3.24525122
2830 254 0.15590221 3.48064024
2840 254 0.26242258 3.71324809
2850 254 0.43711688 3.92400839
2860 254 0.61171230 4.13377359
2870 254 0.78640660 4.34453388
2880 254 0.92965955 4.55238862
2890 254 0.94943398 4.75140865
2900 254 0.96920841 4.95042867
2910 254 0.98888396 5.14845360
2650 249 -0.92326157 -0.52327915
2660 249 -0.94786797 -0.16408627
2670 249 -0.97147928 0.19500773
2680 249 -1.00345325 0.56096219
2690 249 -1.03920987 0.92930234
2700 249 -1.07496650 1.29764249
2710 249 -1.10972803 1.66588376
2720 249 -1.10067326 1.97952529
2730 249 -1.07170372 2.27108964
2740 249 -1.04283306 2.56165888
2750 249 -1.01754093 2.84655414
2760 249 -1.03261415 3.07918431
2770 249 -1.04778623 3.31081939
2780 249 -1.06285945 3.54344956
2790 249 -1.07793267 3.77607974
2800 249 -1.08809098 3.94692121
2810 249 -1.09584447 4.09139572
2820 249 -1.10250398 4.23676645
2830 249 -1.11025747 4.38124096
2840 249 -1.11285047 4.54731105
2650 251 -0.22233790 -1.02403460
2660 251 -0.30098271 -0.65243805
2670 251 -0.40490689 -0.27230022
2680 251 -0.50982616 0.10793647
2690 251 -0.54569442 0.49538127
2700 251 -0.53499710 0.88623874
2710 251 -0.52429977 1.27709622
2720 251 -0.51031415 1.66059251
2730 251 -0.48287873 2.01762934
2740 251 -0.45544330 2.37466617
2750 251 -0.43107930 2.71090476
2760 251 -0.41780811 2.96584177
2770 251 -0.40563089 3.21988254
2780 251 -0.39235970 3.47481954
2790 251 -0.37886524 3.69154725
2800 251 -0.36294683 3.85175838
2810 251 -0.34702842 4.01196950
2820 251 -0.33120888 4.17118552
2830 251 -0.34844452 4.36182375
2840 251 -0.38987194 4.57194935
2730 256 -0.65843098 0.17998236
2740 256 -0.70963398 0.58502958
2750 256 -0.75984189 0.98997793
2760 256 -0.81004979 1.39492628
2770 256 -0.80887608 1.74050351
2780 256 -0.77155664 2.04530715
2790 256 -0.73523229 2.35020967
2800 256 -0.69791285 2.65501331
2810 256 -0.65015761 2.82211039
2820 256 -0.60099903 2.97298927
2830 256 -0.55184044 3.12386814
2840 256 -0.50258298 3.27574211
2850 256 -0.35511999 3.43494218
2860 256 -0.16497293 3.59894553
2870 256 0.02408015 3.76205265
2880 256 0.19909658 3.93559875
2890 256 0.24052081 4.20080251
2900 256 0.28204391 4.46700137
2910 256 0.32356702 4.73320023
2920 256 0.36598635 4.99830511
