4770 347 0.00000000 0.00000000
4780 347 -0.00000000 0.34688327
4790 347 0.03860088 0.69549045
4800 347 0.07697690 1.04507203
4810 347 0.14840727 1.38483475
4820 347 0.25364152 1.71597785
4830 347 0.35887577 2.04712095
4840 347 0.47865094 2.33748953
4850 347 0.61821374 2.56879500
4860 347 0.75875093 2.80032534
4870 347 0.89831373 3.03163082
4880 347 1.11665231 3.19285509
4890 347 1.38678353 3.30753344
4900 347 1.65788914 3.42243665
4910 347 1.87817651 3.57076897
4920 347 1.98341076 3.79517875
4930 347 2.08961940 4.01981340
4940 347 2.19462879 4.24519758
4950 347 2.29656510 4.47500400
4960 347 2.36199921 4.75180605
4650 338 -2.65708984 -1.20944433
4660 338 -2.56474753 -0.81354170
4670 338 -2.33891364 -0.48022495
4680 338 -2.11382927 -0.14810746
4690 338 -1.87525333 0.17891321
4700 338 -1.51547812 0.44769528
4710 338 -1.15472852 0.71670220
4720 338 -0.80492208 0.97086840
4730 338 -0.49386643 1.16169916
4740 338 -0.18378517 1.35230507
4750 338 0.09841351 1.57034384
4760 338 0.31188014 1.85051879
4770 338 0.52632115 2.13091859
4780 338 0.77006886 2.40884494
4790 338 1.05743931 2.68452270
4800 338 1.34503462 2.95922606
4810 338 1.63952562 3.22628420
4820 338 1.94473492 3.48247413
4830 338 2.24919469 3.73746481
4840 338 2.55462886 3.99268035
4690 340 -1.08247367 -0.19232983
4700 340 -0.96112448 0.13124300
4710 340 -0.82028748 0.35257971
4720 340 -0.67075591 0.53179273
4730 340 -0.52197387 0.70980651
4740 340 -0.24682079 0.95392898
4750 340 0.02810744 1.19902584
4760 340 0.30228613 1.44292345
4770 340 0.52182396 1.68344817
4780 340 0.61454103 1.91317964
4790 340 0.70703324 2.14388549
4800 340 0.82508448 2.37946330
4810 340 1.17863858 2.65296741
4820 340 1.53316707 2.92669639
4830 340 1.83387918 3.18903248
4840 340 2.05326711 3.43465401
4850 340 2.27362943 3.68050041
4860 340 2.51940087 3.94965724
4870 340 2.82700867 4.27105642
4880 340 3.13559087 4.59268047
4690 631 -0.77816380 2.45591553
4700 631 -0.78670846 2.46625907
4710 631 -0.79427873 2.47682747
4720 631 -0.80282339 2.48717100
4730 631 -0.81039366 2.49773940
4740 631 -0.67547796 2.59352955
4750 631 -0.50503445 2.70880752
4760 631 -0.33384141 2.82528475
4770 631 -0.16984388 2.93291750
4780 631 -0.00831980 3.03792689
4790 631 0.15342914 3.14196189
4800 631 0.32941918 3.22875766
4810 631 0.50945669 3.31135605
4820 631 0.68874467 3.39275519
4830 631 0.87133059 3.46875770
4840 631 1.08164918 3.48239918
4850 631 1.29196777 3.49604066
4860 631 1.50228636 3.50968213
4870 631 1.73449128 3.63305505
4880 631 1.96669620 3.75642797
4700 636 -0.63005634 1.90306096
4710 636 -0.61356664 1.90276115
4720 636 -0.57226744 1.91947570
4730 636 -0.42948166 2.00784549
4740 636 -0.28692073 2.09718967
4750 636 -0.09848846 2.21456633
4760 636 0.13484075 2.35975062
4770 636 0.36914436 2.50515976
4780 636 0.58455976 2.65236779
4790 636 0.73071844 2.80617169
4800 636 0.87687712 2.95997559
4810 636 1.00999395 3.05021921
4820 636 1.12984407 3.07787693
4830 636 1.24969419 3.10553465
4840 636 1.39540315 3.14121236
4850 636 1.64837009 3.20574703
4860 636 1.90036264 3.27005685
4870 636 2.15213034 3.33534106
4880 636 2.34221157 3.49004440
4890 636 2.52397301 3.65411689
