500 155 0.00000000 0.00000000
510 155 0.00000000 0.06120457
520 155 -0.00000000 0.12240915
530 155 -0.00000000 0.18361372
540 155 -0.00000000 0.24481830
550 155 -0.01838098 0.40786167
560 155 -0.04079760 0.59565809
570 155 -0.06321423 0.78345450
580 155 -0.12618338 1.01307786
590 155 -0.19255097 1.24743943
600 155 -0.25983352 1.48072264
610 155 -0.35224491 1.73903667
620 155 -0.45104471 2.00184382
630 155 -0.55084117 2.26456927
640 155 -0.58155783 2.45569878
650 155 -0.59560907 2.62712387
660 155 -0.60966031 2.79854897
670 155 -0.62820467 2.96358565
680 155 -0.66463986 3.10207203
690 155 -0.69999669 3.23964344
330 149 -0.36351858 -1.30606250
340 149 -0.36343688 -1.12344543
350 149 -0.36435185 -0.94091005
360 149 -0.36526681 -0.75837468
370 149 -0.36618178 -0.57583931
380 149 -0.36610008 -0.39322224
390 149 -0.36701505 -0.21068686
400 149 -0.35396047 -0.07617078
410 149 -0.33512201 0.03674562
420 149 -0.31628355 0.14966201
430 149 -0.28653087 0.22735229
440 149 -0.25256282 0.29033777
450 149 -0.21759811 0.35340495
460 149 -0.18354837 0.41539378
470 149 -0.14858366 0.47846096
480 149 -0.11845520 0.52708478
490 149 -0.08916000 0.57363359
500 149 -0.05978311 0.61918574
510 149 -0.03596136 0.67130603
520 149 -0.06589377 0.76718121
450 151 -0.69418013 -0.00171556
460 151 -0.70360753 0.21122604
470 151 -0.71403159 0.42408594
480 151 -0.78347084 0.59799451
490 151 -0.89289077 0.74554884
500 151 -1.00231069 0.89310317
510 151 -1.09258172 1.19875026
520 151 -1.18285275 1.50439734
530 151 -1.27549289 1.83894750
540 151 -1.37439072 2.21311887
550 151 -1.47237359 2.58836860
560 151 -1.55645228 3.05104643
570 151 -1.63927288 3.52285756
580 151 -1.72117852 3.99574705
590 151 -1.39349060 4.23331099
600 151 -1.03412204 4.43935768
610 151 -0.60418686 4.56791016
620 151 -0.17425168 4.69646264
630 151 0.21810461 4.97745471
640 151 0.60954594 5.25736842
490 154 -0.36783198 -0.07831114
500 154 -0.35498980 0.02207351
510 154 -0.34314428 0.12237647
520 154 -0.33030211 0.22276113
530 154 -0.32608673 0.33046549
540 154 -0.35355200 0.46968711
550 154 -0.38093558 0.60791207
560 154 -0.40939750 0.74705200
570 154 -0.46341307 0.90416444
580 154 -0.57815939 1.10445992
590 154 -0.69390238 1.30467371
600 154 -0.80482546 1.50728928
610 154 -0.87560448 1.73426578
620 154 -0.94729847 1.96016393
630 154 -1.01899245 2.18606207
640 154 -1.02874663 2.46419487
650 154 -1.03193266 2.74788282
660 154 -1.03619705 3.03248573
670 154 -1.05825422 3.24037868
680 154 -1.08874214 3.41647663
530 150 -0.09482951 0.86313809
540 150 -0.12476192 0.95901328
550 150 -0.16952981 1.07674957
560 150 -0.27595976 1.28575356
570 150 -0.38338637 1.49467585
580 150 -0.48981633 1.70367983
590 150 -0.53167594 1.94506702
600 150 -0.56572568 2.18910106
610 150 -0.59985712 2.43413176
620 150 -0.61988830 2.66627127
630 150 -0.63884113 2.89749582
640 150 -0.65779396 3.12872036
650 150 -0.66197666 3.35112204
660 150 -0.64400415 3.56028941
670 150 -0.62603163 3.76945678
680 150 -0.63594919 3.92717375
690 150 -0.68690943 4.01028845
700 150 -0.73886633 4.09332146
710 150 -0.79637838 4.18292260
720 150 -0.90803670 4.33330352
540 531 -1.29145575 -0.31656130
550 531 -1.35633652 -0.02689341
560 531 -1.42022063 0.26285617
570 531 -1.43667365 0.50030574
580 531 -1.42136433 0.70524140
590 531 -1.40597333 0.90918040
600 531 -1.39076205 1.10307113
610 531 -1.37525667 1.26889207
620 531 -1.35983299 1.43570967
630 531 -1.31534285 1.60290305
640 531 -1.22691809 1.77269428
650 531 -1.13849332 1.94248551
660 531 -1.04260180 2.10686865
670 531 -0.92870508 2.25968402
680 531 -0.81480837 2.41249939
690 531 -0.67650172 2.56129546
700 531 -0.48323185 2.70054975
710 531 -0.29104033 2.84071902
720 531 -0.08906197 2.97165694
730 531 0.14958032 3.07148608
560 534 -1.89172133 0.53123480
570 534 -1.86917400 0.68458935
580 534 -1.84662666 0.83794390
590 534 -1.82007636 1.00366680
600 534 -1.78684355 1.19803136
610 534 -1.75361074 1.39239591
620 534 -1.72310648 1.59556700
630 534 -1.69946446 1.82125274
640 534 -1.67582244 2.04693848
650 534 -1.62847304 2.24045343
660 534 -1.52599704 2.36122872
670 534 -1.42352104 2.48200400
680 534 -1.31447690 2.60833443
690 534 -1.14033959 2.78515127
700 534 -0.96620228 2.96196812
710 534 -0.77548124 3.12007722
720 534 -0.54819431 3.23603260
730 534 -0.31991073 3.35206968
740 534 -0.09602223 3.47276327
750 534 0.09545038 3.63394403
