940 551 0.00000000 0.00000000
950 551 -0.00000000 0.21832315
960 551 -0.00000000 0.43664631
970 551 0.00115425 0.71003005
980 551 0.00260165 1.03898279
990 551 0.01702980 1.39975533
1000 551 0.08612005 1.88851247
1010 551 0.15521029 2.37726960
1020 551 0.24519616 2.86994753
1030 551 0.34015174 3.36317511
1040 551 0.43970141 3.81304493
1050 551 0.54588804 4.19744759
1060 551 0.65903683 4.59167513
1070 551 0.83487709 5.09404969
1080 551 1.01071735 5.59642426
1090 551 1.19727108 6.01466665
1100 551 1.38551497 6.41216915
1110 551 1.51549202 6.80342862
1120 551 1.55808943 7.18240811
1130 551 1.60033415 7.56275714
770 58 -2.69375917 2.39640179
780 58 -2.45656948 2.71158595
790 58 -2.17426777 3.05007043
800 58 -1.89110495 3.38804649
810 58 -1.66746399 3.72748827
820 58 -1.53285161 4.06955918
830 58 -1.39737812 4.41112167
840 58 -1.16593680 4.71460299
850 58 -0.83751080 4.98172537
860 58 -0.50959322 5.24798664
870 58 -0.18609570 5.50872856
880 58 0.09292189 5.72953886
890 58 0.37280059 5.94984073
900 58 0.62210534 6.20096847
910 58 0.84118883 6.48155254
920 58 1.06113344 6.76162819
930 58 1.22098364 7.00286234
940 58 1.29206176 7.18618692
950 58 1.36400099 7.36900307
960 58 1.43594022 7.55181923
940 552 0.48320573 -0.08439325
950 552 0.43744329 0.17836862
960 552 0.39218928 0.44199160
970 552 0.40147826 0.72915308
980 552 0.49179850 1.05324605
990 552 0.58516010 1.40805953
1000 552 0.69327049 1.88422982
1010 552 0.80138087 2.36040011
1020 552 0.94529598 2.84214013
1030 552 1.09828937 3.32548785
1040 552 1.21583989 3.77634246
1050 552 1.29880864 4.19419553
1060 552 1.37805356 4.62934406
1070 552 1.44894846 5.10542274
1080 552 1.51898226 5.58200984
1090 552 1.69124984 6.00752586
1100 552 1.88864530 6.42052832
1110 552 2.03757590 6.77504867
1120 552 2.11081596 7.04070991
1130 552 2.18542555 7.30672383
