2220 220 0.00000000 0.00000000
2230 220 -0.00000000 0.59514368
2240 220 -0.00035958 1.19165510
2250 220 -0.00035958 1.78679878
2260 220 0.16809386 2.45035619
2270 220 0.33654730 3.11391360
2280 220 0.55832568 3.72203230
2290 220 0.81709345 4.29235172
2300 220 1.07586121 4.86267114
2310 220 1.50124756 5.35542610
2320 220 1.92699349 5.84681333
2330 220 2.28256141 6.35484527
2340 220 2.53304210 6.88716042
2350 220 2.78862744 7.39449674
2360 220 3.09872063 7.67781319
2370 220 3.40881382 7.96112965
2380 220 3.81350265 7.99587084
2390 220 4.15225446 8.02278199
2400 220 4.23035325 8.01772439
2410 220 4.30758838 8.01317087
2190 214 -0.59438756 0.74522509
2200 214 -0.48038148 1.28772266
2210 214 -0.36637539 1.83022022
2220 214 -0.23495167 2.36486759
2230 214 -0.03867974 2.86977088
2240 214 0.15881543 3.37280235
2250 214 0.35595102 3.87720155
2260 214 0.68761211 4.34824075
2270 214 1.15466235 4.78541585
2280 214 1.62034485 5.22223138
2290 214 2.08084542 5.66207138
2300 214 2.48945263 6.12409427
2310 214 2.89770027 6.58748489
2320 214 3.21072384 7.08213855
2330 214 3.48380075 7.58968658
2340 214 3.87059810 8.05401815
2350 214 4.42783161 8.45129364
2360 214 4.98456104 8.84770548
2370 214 5.42598049 9.26278844
2380 214 5.79110241 9.68998276
2190 215 -1.08374838 0.62095929
2200 215 -0.97687335 1.14330375
2210 215 -0.86913466 1.66514412
2220 215 -0.76225963 2.18748857
2230 215 -0.62579510 2.73077251
2240 215 -0.42287940 3.32442747
2250 215 -0.21996369 3.91808244
2260 215 0.13840019 4.37932568
2270 215 0.53728202 4.80881524
2280 215 0.93565977 5.23744115
2290 215 1.34138701 5.69651349
2300 215 1.74761832 6.15644948
2310 215 2.14636573 6.62538498
2320 215 2.51395428 7.13219033
2330 215 2.88204690 7.63985933
2340 215 3.16322606 8.01647091
2350 215 3.35849992 8.26375237
2360 215 3.55377377 8.51103384
2370 215 3.74777062 8.53790802
2380 215 3.94053080 8.51108425
2210 218 -2.37903560 1.60158972
2220 218 -2.15319097 2.05797027
2230 218 -1.92785043 2.51348716
2240 218 -1.70200581 2.96986771
2250 218 -1.41946899 3.30516154
2260 218 -1.11110312 3.58948615
2270 218 -0.80187359 3.87330669
2280 218 -0.50725230 4.17375851
2290 218 -0.21997041 4.48544123
2300 218 0.06594374 4.79676437
2310 218 0.31363855 5.11997372
2320 218 0.54240347 5.44844230
2330 218 0.77203206 5.77640680
2340 218 1.07659717 6.11968525
2350 218 1.39894286 6.46763820
2360 218 1.72215220 6.81508707
2370 218 2.00865109 7.16312068
2380 218 2.28658397 7.51036455
2390 218 2.60473908 7.79360708
2400 218 2.95016491 8.03430190
2240 223 -1.71686272 1.06574265
2250 223 -1.47964942 1.50390911
2260 223 -1.24243611 1.94207557
2270 223 -1.00522281 2.38024203
2280 223 -0.74325245 2.79932738
2290 223 -0.47523650 3.21488418
2300 223 -0.20686097 3.62907323
2310 223 0.06121883 4.01101462
2320 223 0.33008500 4.37049756
2330 223 0.59859159 4.73134823
2340 223 0.88127291 5.06887345
2350 223 1.19647746 5.35499596
2360 223 1.51168202 5.64111846
2370 223 1.87754997 5.87914501
2380 223 2.29580864 6.06806746
2390 223 2.71320364 6.25749399
2400 223 3.07474995 6.48414850
2410 223 3.42211817 6.72023603
2420 223 3.79294627 6.93105235
2430 223 4.21781846 7.08369448
2280 227 -1.39479932 1.13944586
2290 227 -1.13421687 1.47481697
2300 227 -0.87413849 1.80932443
2310 227 -0.61355604 2.14469555
2320 227 -0.42703974 2.49203352
2330 227 -0.27384984 2.84377043
2340 227 -0.11929220 3.19586692
2350 227 0.06146751 3.55119624
2360 227 0.27015661 3.90875024
2370 227 0.47934979 4.26716789
2380 227 0.69379549 4.61673053
2390 227 0.95033186 4.88962262
2400 227 1.20686823 5.16251470
2410 227 1.46390868 5.43627045
2420 227 1.73619923 5.66870508
2430 227 2.01366836 5.88422278
2440 227 2.29250523 6.10010006
2450 227 2.56672809 6.28625007
2460 227 2.84087701 6.46433816
2470 227 3.11416228 6.64293032
2290 229 -2.00227280 1.64799868
2300 229 -1.76140659 2.01108747
2310 229 -1.52003630 2.37503992
2320 229 -1.30133954 2.74180514
2330 229 -1.09603113 3.10943737
2340 229 -0.89072272 3.47706960
2350 229 -0.63596071 3.85404748
2360 229 -0.36032307 4.23505127
2370 229 -0.08418135 4.61691872
2380 229 0.13307039 4.96137000
2390 229 0.30979074 5.28200518
2400 229 0.48701517 5.60350401
2410 229 0.76902102 5.82679463
2420 229 1.06333314 6.03942900
2430 229 1.36578112 6.26005135
2440 229 1.68702119 6.50096797
2450 229 2.00876535 6.74274824
2460 229 2.30567180 6.96776281
2470 229 2.56650965 7.16867228
2480 229 2.82698793 7.37094948
2310 235 -1.22553599 0.98507641
2320 235 -0.88427722 1.25830791
2330 235 -0.54388211 1.53204349
2340 235 -0.19952829 1.80462641
2350 235 0.15806939 2.07411091
2360 235 0.51617115 2.34445907
2370 235 0.82856631 2.62180050
2380 235 1.03594480 2.91759462
2390 235 1.24332329 3.21338874
2400 235 1.24319559 3.57819140
2410 235 1.22082788 3.95250102
2420 235 1.39446327 4.31546211
2430 235 1.69766400 4.67227342
2440 235 2.00223247 5.02944432
2450 235 2.21305215 5.26765234
2460 235 2.42300817 5.50636445
2470 235 2.63433193 5.74543613
2480 235 2.89652408 5.89113540
2490 235 3.16569605 6.02697150
2500 235 3.43436395 6.16194395
2310 238 -3.54166577 1.96638566
2320 238 -3.10525687 2.49786404
2330 238 -2.66920754 3.03071016
2340 238 -2.27224122 3.57594657
2350 238 -1.90233726 4.13234666
2360 238 -1.50560618 4.59782754
2370 238 -1.10362593 5.04056096
2380 238 -0.62427278 5.45318737
2390 238 -0.06927403 5.83671492
2400 238 0.45893792 6.18029918
2410 238 0.96014798 6.48753928
2420 238 1.45977187 6.78412648
2430 238 1.94289218 6.99887462
2440 238 2.42601249 7.21362277
2450 238 2.91538003 7.36567344
2460 238 3.41444271 7.42522545
2470 238 3.91350539 7.48477746
2480 238 4.32940160 7.42961095
2490 238 4.73586479 7.36026635
2500 238 5.13896073 7.35656976
2310 239 -1.81725193 1.16949238
2320 239 -1.43864083 1.41744931
2330 239 -1.06002974 1.66540624
2340 239 -0.70624626 1.93827480
2350 239 -0.45278142 2.30906258
2360 239 -0.19967615 2.68121809
2370 239 0.04817324 3.04833616
2380 239 0.27240817 3.39681671
2390 239 0.49613902 3.74443361
2400 239 0.75125052 4.07836642
2410 239 1.03947000 4.39760698
2420 239 1.32632174 4.71648796
2430 239 1.53946691 5.04596806
2440 239 1.67652961 5.38396039
2450 239 1.81409639 5.72281638
2460 239 2.00016574 6.00789040
2470 239 2.30094353 6.16812061
2480 239 2.60121724 6.32748717
2490 239 2.88572669 6.48563385
2500 239 3.03339523 6.62754580
2320 242 -0.95563142 0.57860314
2330 242 -0.48069065 0.90233337
2340 242 -0.00574987 1.22606359
2350 242 0.45817844 1.55274773
2360 242 0.81788653 1.91710345
2370 242 1.17845828 2.28095508
2380 242 1.45682132 2.62100070
2390 242 1.54204444 2.90588316
2400 242 1.62863529 3.19112521
2410 242 1.45344062 3.52379446
2420 242 1.25039049 3.86230095
2430 242 1.34375282 4.16906385
2440 242 1.47044156 4.47142781
2450 242 1.68529724 4.73043753
2460 242 1.93880241 4.97036279
2470 242 2.23721102 5.15629100
2480 242 2.58066758 5.29045356
2490 242 2.92448371 5.42324838
2500 242 3.30761473 5.60951601
2510 242 3.70053833 5.80859398
2400 247 0.23215234 0.34617523
2410 247 0.31869951 0.74838735
2420 247 0.40524668 1.15059947
2430 247 0.45710306 1.57074339
2440 247 0.48736803 2.00348931
2450 247 0.51626525 2.43587565
2460 247 0.54711494 2.90533204
2470 247 0.57796464 3.37478842
2480 247 0.67323239 3.82169899
2490 247 0.83155046 4.24570416
2500 247 0.99073219 4.66920526
2510 247 1.22426907 5.08520228
2520 247 1.45780595 5.50119931
2530 247 1.69134284 5.91719633
2540 247 1.93078082 6.32743340
2550 247 2.17072287 6.73853413
2560 247 2.41016085 7.14877120
2570 247 2.58770453 7.59976481
2580 247 2.75934712 8.05651838
2590 247 2.93048563 8.51240830
