2210 218 0.00000000 0.00000000
2220 218 -0.00000000 0.50920428
2230 218 -0.00006873 1.01741093
2240 218 -0.00006873 1.52661521
2250 218 0.10444728 1.95243842
2260 218 0.25471899 2.34403567
2270 218 0.40598834 2.73556420
2280 218 0.53678850 3.13551959
2290 218 0.65602944 3.54228561
2300 218 0.77420402 3.94812274
2310 218 0.85285222 4.34766180
2320 218 0.91220168 4.74351864
2330 218 0.97254878 5.13930675
2340 218 1.09326653 5.58205637
2350 218 1.22784710 6.03688169
2360 218 1.36342530 6.49163827
2370 218 1.46584196 6.93063694
2380 218 1.56093150 7.36512857
2390 218 1.72045686 7.76009776
2400 218 1.92329491 8.12902828
2030 210 -0.30465965 0.05908041
2040 210 -0.21652214 0.53815533
2050 210 -0.12731825 1.01815915
2060 210 -0.03911200 1.49823171
2070 210 0.04775294 1.97338482
2080 210 0.11625000 2.41472047
2090 210 0.18474707 2.85605611
2100 210 0.25324414 3.29739176
2110 210 0.32174121 3.73872740
2120 210 0.34998920 4.17782426
2130 210 0.36014230 4.61616307
2140 210 0.37129303 5.05443315
2150 210 0.38244376 5.49270323
2160 210 0.40361994 5.71276815
2170 210 0.42479611 5.93283307
2180 210 0.44597229 6.15289799
2190 210 0.46835231 6.37588708
2200 210 0.50101700 6.61721263
2210 210 0.53368169 6.85853817
2220 210 0.56634638 7.09986372
2190 215 1.59585068 -0.30441025
2200 215 1.45996612 0.21114905
2210 215 1.32507920 0.72663961
2220 215 1.18919464 1.24219890
2230 215 1.07054285 1.78964913
2240 215 0.98910794 2.41171774
2250 215 0.90767304 3.03378635
2260 215 1.02428832 3.60612443
2270 215 1.19130185 4.16797360
2280 215 1.35824663 4.72882513
2290 215 1.51827474 5.32022432
2300 215 1.67837159 5.91262114
2310 215 1.82776939 6.50976459
2320 215 1.93244448 7.12702963
2330 215 2.03718829 7.74529230
2340 215 2.12216205 8.20754490
2350 215 2.18750321 8.51578268
2360 215 2.25284437 8.82402047
2370 215 2.41479706 8.93414916
2380 215 2.59945772 8.99560190
2220 220 2.84258411 -0.38028353
2230 220 2.57862325 0.15312126
2240 220 2.31373349 0.68759241
2250 220 2.04977263 1.22099720
2260 220 1.90644705 1.89043187
2270 220 1.76312147 2.55986654
2280 220 1.69217745 3.20326451
2290 220 1.67115052 3.82919011
2300 220 1.65012360 4.45511572
2310 220 1.81283236 5.08542268
2320 220 1.97647003 5.71466326
2330 220 2.06982745 6.32769621
2340 220 2.05822896 6.91588451
2350 220 2.06228431 7.48394925
2360 220 2.21455129 7.87540904
2370 220 2.36681828 8.26686883
2380 220 2.71411701 8.47749550
2390 220 3.00579170 8.65185970
2400 220 3.07803186 8.68196550
2410 220 3.14927439 8.71214003
2240 223 0.83114187 -0.18656952
2250 223 0.84940959 0.31135245
2260 223 0.86767731 0.80927442
2270 223 0.88594503 1.30719639
2280 223 0.93486449 1.79899705
2290 223 0.99076740 2.29031656
2300 223 1.04759920 2.78056971
2310 223 1.11846860 3.24178932
2320 223 1.20000366 3.68322905
2330 223 1.28060981 4.12573515
2340 223 1.38426566 4.55362236
2350 223 1.53986922 4.94986412
2360 223 1.69547278 5.34610588
2370 223 1.91781577 5.72171152
2380 223 2.20889345 6.07654357
2390 223 2.49897349 6.43144436
2400 223 2.72248693 6.79494091
2410 223 2.92910931 7.16060358
2420 223 3.16796629 7.51402166
2430 223 3.48106264 7.83927030
2260 225 -0.53848722 0.11328067
2270 225 -0.55861667 0.69403776
2280 225 -0.57867738 1.27579249
2290 225 -0.60224553 1.83573673
2300 225 -0.64483158 2.30878263
2310 225 -0.68741763 2.78182854
2320 225 -0.73100132 3.25494318
2330 225 -0.79463590 3.65526385
2340 225 -0.86845106 4.02421008
2350 225 -0.94233497 4.39215867
2360 225 -0.92580133 4.58848656
2370 225 -0.88721367 4.74119541
2380 225 -0.84869475 4.89290662
2390 225 -0.84013433 4.97350885
2400 225 -0.87611596 4.94591678
2410 225 -0.91316396 4.91739581
2420 225 -0.94914559 4.88980374
2430 225 -0.98619359 4.86128277
2440 225 -1.02217522 4.83369070
2450 225 -1.05915449 4.80616737
2280 227 1.08710594 0.02233092
2290 227 1.17191081 0.43848610
2300 227 1.25664694 0.85364365
2310 227 1.34145180 1.26979883
2320 227 1.35456638 1.66382929
2330 227 1.33586072 2.04702128
2340 227 1.31822144 2.43114217
2350 227 1.32263224 2.82978179
2360 227 1.35108840 3.24280266
2370 227 1.37961330 3.65682118
2380 227 1.41677324 4.06523291
2390 227 1.52566274 4.42359596
2400 227 1.63455224 4.78195901
2410 227 1.74351048 5.14131970
2420 227 1.88446373 5.47040962
2430 227 2.03756142 5.78663438
2440 227 2.19172548 6.10378804
2450 227 2.35493896 6.39225183
2460 227 2.52166183 6.67345725
2470 227 2.68738707 6.95473139
2290 229 0.31709474 0.20869817
2300 229 0.37193521 0.64095101
2310 229 0.42684441 1.07420149
2320 229 0.46018466 1.49991669
2330 229 0.48114089 1.92047089
2340 229 0.50209711 2.34102509
2350 229 0.56323171 2.79188933
2360 229 0.64129076 3.25562070
2370 229 0.71941854 3.72034971
2380 229 0.76136045 4.12542486
2390 229 0.77753863 4.49117787
2400 229 0.79378555 4.85792852
2410 229 0.94750185 5.18313199
2420 229 1.11697411 5.50424280
2430 229 1.29019536 5.83612140
2440 229 1.47125825 6.19452372
2450 229 1.65238988 6.55392369
2460 229 1.81869641 6.88728106
2470 229 1.96336723 7.18303662
2480 229 2.10710915 7.47985856
2310 232 -0.28076158 0.21681082
2320 232 -0.15757134 0.72454418
2330 232 -0.03345219 1.23121117
2340 232 0.09194542 1.65459332
2350 232 0.21779275 2.04085676
2360 232 0.35127945 2.39251327
2370 232 0.50001151 2.65992265
2380 232 0.64771058 2.94143638
2390 232 0.78084968 3.34624249
2400 232 0.91392005 3.75005095
2410 232 0.98864644 4.15086259
2420 232 1.02405266 4.54836906
2430 232 1.05945888 4.94587554
2440 232 1.13542840 5.27743795
2450 232 1.22743076 5.57982936
2460 232 1.32049950 5.88314967
2470 232 1.47084388 6.21760680
2480 232 1.64509614 6.56444991
2490 232 1.81941715 6.91229067
2500 232 1.93808661 7.12162905
2310 235 1.30727691 -0.04095213
2320 235 1.49194936 0.35529159
2330 235 1.67562417 0.75160405
2340 235 1.86335825 1.14863920
2350 235 2.06433653 1.54877135
2360 235 2.26538355 1.94990112
2370 235 2.42236377 2.33702670
2380 235 2.47703730 2.69411325
2390 235 2.53171084 3.05119980
2400 235 2.36979744 3.37810200
2410 235 2.18373459 3.70366093
2420 235 2.17837524 4.10598080
2430 235 2.29186800 4.56025427
2440 235 2.40642714 5.01545665
2450 235 2.48972573 5.32245721
2460 235 2.57202669 5.62952651
2470 235 2.65539401 5.93752471
2480 235 2.82576572 6.18439812
2490 235 3.00676773 6.42552728
2500 235 3.18770101 6.66565880
2310 238 -1.20381745 -0.18870226
2320 238 -1.04840438 0.48119980
2330 238 -0.89392021 1.15216824
2340 238 -0.77996006 1.81690735
2350 238 -0.69520625 2.47964922
2360 238 -0.54608339 3.07280213
2370 238 -0.38216686 3.64789549
2380 238 -0.13555071 4.23032186
2390 238 0.19176979 4.82021870
2400 238 0.51279812 5.36243528
2410 238 0.82574522 5.86010195
2420 238 1.14199550 6.34751733
2430 238 1.47975189 6.75426371
2440 238 1.81750829 7.16101010
2450 238 2.18867170 7.51433392
2460 238 2.60954994 7.78905470
2470 238 3.03042817 8.06377549
2480 238 3.42764793 8.19879203
2490 238 3.82270156 8.31691751
2500 238 4.18562074 8.49238736
2310 239 0.69515126 -0.13810764
2320 239 0.92451108 0.25205012
2330 239 1.15387090 0.64220788
2340 239 1.34992973 1.04368133
2350 239 1.41264720 1.48842229
2360 239 1.47443576 1.93422961
2370 239 1.53374791 2.37319097
2380 239 1.58016150 2.78497462
2390 239 1.62650636 3.19576064
2400 239 1.70704574 3.60820022
2410 239 1.82377493 4.02215589
2420 239 1.93943774 4.43518266
2430 239 1.98433917 4.82501835
2440 239 1.95727537 5.18873878
2450 239 1.93028031 5.55345684
2460 239 1.97060990 5.89148424
2470 239 2.16911963 6.16849488
2480 239 2.36756061 6.44450787
2490 239 2.55241373 6.71243571
2500 239 2.62182203 6.90512066
2340 244 -0.05874263 -0.21246483
2350 244 -0.02671227 0.25243307
2360 244 0.00538684 0.71832860
2370 244 0.06996210 1.16093682
2380 244 0.21011999 1.55122616
2390 244 0.34501085 1.99600639
2400 244 0.47349759 2.52241988
2410 244 0.60205307 3.04983100
2420 244 0.71313815 3.49825613
2430 244 0.81892674 3.92800115
2440 244 0.92571296 4.35767742
2450 244 1.07203733 4.61923846
2460 244 1.21829298 4.87980186
2470 244 1.37531640 5.13661628
2480 244 1.57527348 5.37643948
2490 244 1.77516182 5.61526504
2500 244 1.97105963 5.85436555
2510 244 2.15464214 6.08930269
2520 244 2.33829338 6.32523747
2530 244 2.52287353 6.56010588
2350 246 -0.95738197 0.01283571
2360 246 -0.96567923 0.61984161
2370 246 -0.97397649 1.22684750
2380 246 -0.93128832 1.78824105
2390 246 -0.86682303 2.33109391
2400 246 -0.80335538 2.87401551
2410 246 -0.49367220 3.30976008
2420 246 -0.18498666 3.74557338
2430 246 0.10632668 4.17656936
2440 246 0.38453329 4.60646363
2450 246 0.61564486 5.03659552
2460 246 0.65579574 5.47386992
2470 246 0.69701299 5.91207323
2480 246 0.71562438 6.41498338
2490 246 0.73272165 6.92501444
2500 246 0.80059421 7.44457802
2510 246 0.98924738 7.98589122
2520 246 1.17690291 8.52727316
2530 246 1.38926169 9.01984168
2540 246 1.61638075 9.47931739
2400 247 2.89711625 0.03294552
2410 247 2.79629424 0.43181884
2420 247 2.69547223 0.83069215
2430 247 2.55560499 1.23025085
2440 247 2.39079687 1.63152792
2450 247 2.22492238 2.03187608
2460 247 2.04435634 2.46631469
2470 247 1.86379030 2.90075330
2480 247 1.75095936 3.34355594
2490 247 1.70479714 3.79379371
2500 247 1.65963255 4.24396275
2510 247 1.68443792 4.72038451
2520 247 1.70924329 5.19680627
2530 247 1.73404866 5.67322803
2540 247 1.76669764 6.14710464
2550 247 1.79941535 6.62197889
2560 247 1.83206433 7.09585550
2570 247 1.79116326 7.57880902
2580 247 1.74241858 8.06430769
2590 247 1.69360516 8.54880872
