200 13 0.00000000 0.00000000
210 13 0.00000000 0.30137850
220 13 0.01251251 0.70072351
230 13 0.02957743 1.09671062
240 13 0.07748396 1.45589019
250 13 0.12539050 1.81506976
260 13 0.19456597 2.16734771
270 13 0.28515969 2.51173525
280 13 0.37659289 2.85726089
290 13 0.36202317 3.14126921
300 13 0.32126048 3.41120883
310 13 0.27549742 3.68747273
320 13 0.18577636 4.01373357
330 13 0.09689477 4.34113250
340 13 0.01801389 4.65588289
350 13 0.04040766 4.86254329
360 13 0.06280143 5.06920368
370 13 0.08519519 5.27586408
380 13 0.10743965 5.48351326
390 13 0.10639777 5.73821292
200 11 -0.36667845 0.93472826
210 11 -0.35928907 1.21396185
220 11 -0.33555811 1.51892388
230 11 -0.30397324 1.83215127
240 11 -0.25470297 2.16220799
250 11 -0.20657081 2.49310419
260 11 -0.19330841 2.83390488
270 11 -0.20245306 3.18244666
280 11 -0.21258650 3.53083913
290 11 -0.22449179 3.87087334
300 11 -0.23624778 4.20991876
310 11 -0.25846900 4.53120246
320 11 -0.30117278 4.81399636
330 11 -0.34387655 5.09679026
340 11 -0.40536402 5.32314681
350 11 -0.48662396 5.49291672
360 11 -0.56704443 5.66382473
370 11 -0.64830438 5.83359464
380 11 -0.75221358 6.00601238
390 11 -0.85597347 6.17744133
200 41 2.24645753 0.91569239
210 41 2.20936464 1.27518387
220 41 2.17227175 1.63467534
230 41 2.14758518 1.99907426
240 41 2.14207716 2.37041461
250 41 2.13656913 2.74175497
260 41 2.06382008 3.15654236
270 41 1.99107103 3.57132975
280 41 1.87395916 3.94503258
290 41 1.71233516 4.27863966
300 41 1.54987168 4.61110863
310 41 1.40729681 4.93242219
320 41 1.27466624 5.24815805
330 41 1.14089758 5.56473339
340 41 0.97127035 5.89106390
350 41 0.77824729 6.22498620
360 41 0.58438475 6.55777039
370 41 0.43537280 6.88822528
380 41 0.29145410 7.21843795
390 41 0.17235470 7.75264328
250 133 1.07908162 3.86444289
260 133 0.98647714 3.75438195
270 133 0.93198752 3.65311063
280 133 0.93439977 3.56346588
290 133 0.93666270 3.47480992
300 133 0.93892564 3.38615396
310 133 0.93352047 3.30139675
320 133 0.86557601 3.25573988
330 133 0.79664276 3.20993369
340 133 0.72770951 3.16412751
350 133 0.65976505 3.11847063
360 133 0.61174570 3.07481125
370 133 0.61247568 3.03649066
380 133 0.61221686 2.99802077
390 133 0.61309616 2.95871139
400 133 0.61283735 2.92024149
410 133 0.65017909 2.76002104
420 133 0.69143950 2.58724495
430 133 0.73284923 2.41348006
440 133 0.72046281 2.38834887
380 49 -1.41762601 0.68804178
390 49 -1.38233484 1.10397391
400 49 -1.41646800 1.57111407
410 49 -1.45173926 2.03909370
420 49 -1.50512396 2.47298663
430 49 -1.60441770 2.82915338
440 49 -1.70257334 3.18448065
450 49 -1.76626734 3.49242232
460 49 -1.80777660 3.76730590
470 49 -1.84928587 4.04218948
480 49 -1.81771427 4.26843986
490 49 -1.76709354 4.48239673
500 49 -1.71647281 4.69635360
510 49 -1.70128261 4.93732301
520 49 -1.70999259 5.19592142
530 49 -1.71885188 5.45550861
540 49 -1.72771117 5.71509581
550 49 -1.76110771 6.03671464
560 49 -1.80997318 6.40049640
570 49 -1.85883864 6.76427815
