1960 439 0.00000000 0.00000000
1970 439 0.00000000 0.02140093
1980 439 0.00509324 0.05275471
1990 439 0.01752260 0.09864055
2000 439 0.03074632 0.14391895
2010 439 0.04378313 0.19059915
2020 439 0.05621250 0.23648500
2030 439 0.06943622 0.28176340
2040 439 0.08186558 0.32764924
2050 439 0.09429495 0.37353509
2060 439 0.11742478 0.43012140
2070 439 0.16279663 0.51250098
2080 439 0.20816848 0.59488056
2090 439 0.25354033 0.67726014
2100 439 0.53399537 0.78884406
2110 439 0.83968296 0.90379231
2120 439 1.10798900 1.10649373
2130 439 1.36045461 1.34774488
2140 439 1.58287480 1.56287567
2150 439 1.77445522 1.75249356
1800 188 1.54666143 0.42736451
1810 188 1.64020874 0.59249749
1820 188 1.73455042 0.75702301
1830 188 1.73936329 0.80117996
1840 188 1.70688808 0.79328311
1850 188 1.67301105 0.78519935
1860 188 1.64053583 0.77730250
1870 188 1.60806062 0.76940565
1880 188 1.57184724 0.74674309
1890 188 1.51362549 0.59488056
1900 188 1.45619809 0.44241059
1910 188 1.39797633 0.29054806
1920 188 1.26545875 0.06457662
1930 188 1.13354863 -0.16060046
1940 188 1.00023669 -0.38596445
1950 188 0.87813922 -0.67403598
1960 188 0.75463994 -0.96229442
1970 188 0.63174811 -1.24975851
1980 188 0.49764182 -1.49591598
1990 188 0.35638631 -1.71520547
1830 410 -0.40203852 -0.02364383
1840 410 -0.41147736 -0.02775580
1850 410 -0.42072929 -0.03326958
1860 410 -0.42998122 -0.03878335
1870 410 -0.43942006 -0.04289532
1880 410 -0.44867199 -0.04840910
1890 410 -0.45731648 -0.05312852
1900 410 -0.46736277 -0.05803485
1910 410 -0.47661470 -0.06354863
1920 410 -0.48525918 -0.06826805
1930 410 -0.49530547 -0.07317437
1940 410 -0.50455740 -0.07868815
1950 410 -0.49128696 -0.07121184
1960 410 -0.46194244 -0.05588541
1970 410 -0.43339229 -0.03995153
1980 410 -0.40465523 -0.02541945
1990 410 -0.37610507 -0.00948557
2000 410 -0.34755492 0.00644832
2010 410 -0.31881785 0.02098039
2020 410 -0.27073584 0.02953142
1840 424 0.07766016 -0.52894886
1850 424 0.06247391 -0.52740687
1860 424 0.04789510 -0.52507053
1870 424 0.03191449 -0.52292109
1880 424 0.01654133 -0.51997729
1890 424 0.00135508 -0.51843530
1900 424 -0.01401808 -0.51549151
1910 424 -0.02920433 -0.51394952
1920 424 -0.04457749 -0.51100572
1930 424 -0.05915630 -0.50866937
1940 424 -0.07513691 -0.50651994
1950 424 -0.08971571 -0.50418359
1960 424 -0.10569632 -0.50203415
1970 424 -0.12027512 -0.49969780
1980 424 -0.13625573 -0.49754837
1990 424 -0.09107079 -0.47796978
2000 424 -0.04588585 -0.45839120
2010 424 -0.00051400 -0.44021442
2020 424 0.04467095 -0.42063584
2030 424 0.08985589 -0.40105725
2030 411 -0.20391633 0.03130704
2040 411 -0.13630246 0.03247522
2050 411 -0.06948295 0.03425084
2060 411 -0.00186908 0.03541901
2070 411 0.17887069 0.09233242
2080 411 0.47212891 0.20419669
2090 411 0.76538714 0.31606096
2100 411 1.03602952 0.44773746
2110 411 1.30368138 0.58044194
2120 411 1.57114634 0.71454823
2130 411 1.74609197 0.94332329
2140 411 1.92164505 1.17289270
2150 411 2.10060920 1.36082842
2160 411 2.28690947 1.45629154
2170 411 2.47339666 1.55035286
2180 411 2.62927770 1.66530111
2190 411 2.73861872 1.80828552
2200 411 2.84856719 1.95206428
2210 411 2.95790821 2.09504869
2220 411 2.97150575 2.11612254
2040 425 0.13443338 -0.38227303
2050 425 0.17961832 -0.36269444
2060 425 0.25223198 -0.34017206
2070 425 0.57460107 -0.28078213
2080 425 0.89697017 -0.22139220
2090 425 1.23139482 -0.04911000
2100 425 1.57708066 0.23667191
2110 425 1.92276650 0.52245382
2120 425 2.17018560 0.80155378
2130 425 2.40559588 1.07976593
2140 425 2.59596140 1.31059697
2150 425 2.67950915 1.43302153
2160 425 2.76244945 1.55465173
2170 425 2.88071532 1.66815145
2180 425 3.08439801 1.76165204
2190 425 3.28667890 1.85496572
2200 425 3.47414735 1.94701778
2210 425 3.52872440 2.02991135
2220 425 3.58250710 2.11341238
2230 425 3.63647671 2.19551160
