1530 102 0.00000000 0.00000000
1540 102 -0.00000000 0.38722732
1550 102 0.01710623 0.74288921
1560 102 0.04155698 1.08710304
1570 102 0.06723957 1.43062219
1580 102 0.09195890 1.77387276
1590 102 0.14941611 1.97364430
1600 102 0.20810515 2.17272116
1610 102 0.26583093 2.37152945
1620 102 0.33482916 2.59320544
1630 102 0.42572409 2.86666496
1640 102 0.51661902 3.14012449
1650 102 0.60847721 3.41385259
1660 102 0.68375599 3.67257658
1670 102 0.74881854 3.92326137
1680 102 0.81414968 4.17298290
1690 102 0.82547377 4.41906574
1700 102 0.70871290 4.65538946
1710 102 0.59195203 4.89171318
1720 102 0.47519116 5.12803689
1410 98 2.01382742 0.03411949
1420 98 1.88088225 0.51093244
1430 98 1.74793709 0.98774538
1440 98 1.65840312 1.46524268
1450 98 1.63315696 1.94301630
1460 98 1.60791081 2.42078992
1470 98 1.58400754 2.89374724
1480 98 1.56397538 3.34909734
1490 98 1.54324854 3.80321561
1500 98 1.51046159 4.21867441
1510 98 1.45915840 4.57394893
1520 98 1.40785520 4.92922344
1530 98 1.36034822 5.23364927
1540 98 1.31440621 5.52501559
1550 98 1.26846421 5.81638191
1560 98 1.21219493 6.10383064
1570 98 1.15592566 6.39127936
1580 98 1.09965639 6.67872808
1590 98 1.04420317 7.00793006
1600 98 0.98837034 7.34221690
1480 681 -1.23718284 -1.02493542
1490 681 -1.28289501 -0.80513688
1500 681 -1.32860717 -0.58533834
1510 681 -1.37405077 -0.36650306
1520 681 -1.35357442 -0.06388495
1530 681 -1.28824070 0.29380416
1540 681 -1.22317556 0.65245654
1550 681 -1.18563689 1.02419684
1560 681 -1.15275698 1.39775260
1570 681 -1.10818884 1.75172814
1580 681 -1.02318451 2.02769782
1590 681 -0.93914344 2.30339892
1600 681 -0.90198955 2.46428891
1610 681 -0.89719908 2.54763789
1620 681 -0.89267719 2.63195012
1630 681 -0.88788672 2.71529909
1640 681 -0.88309626 2.79864807
1650 681 -0.87142353 2.90571696
1660 681 -0.84305001 3.06831137
1670 681 -0.81440792 3.22994253
1520 100 -0.73955525 0.00142552
1530 100 -0.70979754 0.33777575
1540 100 -0.68003982 0.67412598
1550 100 -0.64715216 0.98435719
1560 100 -0.61332965 1.26889548
1570 100 -0.57923857 1.55247051
1580 100 -0.54541606 1.83700880
1590 100 -0.46219104 2.07095665
1600 100 -0.37896603 2.30490450
1610 100 -0.29504633 2.54008418
1620 100 -0.15746048 2.85459195
1630 100 -0.01891137 3.16936829
1640 100 0.11840590 3.48483931
1650 100 0.19061930 3.75828076
1660 100 0.21719800 4.00550247
1670 100 0.24377670 4.25272418
1680 100 0.17871673 4.49723430
1690 100 0.02228665 4.73806958
1700 100 -0.13510668 4.97863628
1710 100 -0.28132054 5.22751076
