1800 188 0.00000000 0.00000000
1810 188 0.00000000 0.18978936
1820 188 0.00099057 0.37944172
1830 188 -0.01658681 0.42023431
1840 188 -0.04095066 0.39735632
1850 188 -0.06644208 0.37362474
1860 188 -0.09080593 0.35074675
1870 188 -0.11516979 0.32786875
1880 188 -0.13550813 0.29030079
1890 188 -0.11131288 0.12946985
1900 188 -0.08612706 -0.03149808
1910 188 -0.06193182 -0.19232901
1920 188 -0.06585195 -0.45426151
1930 188 -0.06963510 -0.71520344
1940 188 -0.07454580 -0.97699894
1950 188 -0.03879037 -1.28782775
1960 188 -0.00416251 -1.59951014
1970 188 0.03060235 -1.91020195
1980 188 0.03524961 -2.19048110
1990 188 0.02043318 -2.45090667
1630 409 -1.36061370 -1.17366961
1640 409 -1.36594593 -1.18302735
1650 409 -1.37213174 -1.19125753
1660 409 -1.37746396 -1.20061527
1670 409 -1.38279619 -1.20997301
1680 409 -1.38898200 -1.21820319
1690 409 -1.39431422 -1.22756093
1700 409 -1.39964645 -1.23691868
1710 409 -1.40583226 -1.24514885
1720 409 -1.41116448 -1.25450660
1730 409 -1.41735029 -1.26273677
1740 409 -1.42268252 -1.27209452
1750 409 -1.42801474 -1.28145226
1760 409 -1.43420055 -1.28968244
1770 409 -1.43953278 -1.29904018
1780 409 -1.44486500 -1.30839792
1790 409 -1.45105081 -1.31662810
1800 409 -1.45638304 -1.32598584
1810 409 -1.46157827 -1.33435301
1820 409 -1.46790107 -1.34357376
1640 423 -1.06346322 0.33989261
1650 423 -1.13013713 0.25926638
1660 423 -1.19681105 0.17864015
1670 423 -1.26348497 0.09801393
1680 423 -1.25004902 0.03457517
1690 423 -1.21683325 -0.02453246
1700 423 -1.18262691 -0.08377709
1710 423 -1.14941113 -0.14288472
1720 423 -1.11520479 -0.20212935
1730 423 -1.08198902 -0.26123699
1740 423 -1.04877325 -0.32034462
1750 423 -1.01456690 -0.37958925
1760 423 -0.98135113 -0.43869689
1770 423 -0.94714479 -0.49794152
1780 423 -0.91379202 -0.55605858
1790 423 -0.87958568 -0.61530321
1800 423 -0.78190897 -0.76307756
1810 423 -0.65507361 -0.94819859
1820 423 -0.68158722 -1.15451153
1830 423 -0.74612192 -1.36566141
1830 410 -1.47323330 -1.35293150
1840 410 -1.47941910 -1.36116168
1850 410 -1.48475133 -1.37051942
1860 410 -1.49008356 -1.37987717
1870 410 -1.49626936 -1.38810734
1880 410 -1.50160159 -1.39746509
1890 410 -1.50679682 -1.40583226
1900 410 -1.51311962 -1.41505301
1910 410 -1.51845185 -1.42441075
1920 410 -1.52364708 -1.43277792
1930 410 -1.52996988 -1.44199867
1940 410 -1.53530211 -1.45135641
1950 410 -1.52744076 -1.43831037
1960 410 -1.50946294 -1.41051113
1970 410 -1.49247568 -1.38257489
1980 410 -1.47463485 -1.35576623
1990 410 -1.45764760 -1.32782999
2000 410 -1.44066034 -1.29989376
2010 410 -1.42281951 -1.27308509
2020 410 -1.38519886 -1.24194530
1840 424 -0.80678918 -1.55614627
1850 424 -0.82076257 -1.56228992
1860 424 -0.83459896 -1.56744301
1870 424 -0.84956292 -1.57344966
1880 424 -0.86438988 -1.57846575
1890 424 -0.87836327 -1.58460941
1900 424 -0.89319023 -1.58962549
1910 424 -0.90716362 -1.59576915
1920 424 -0.92199058 -1.60078523
1930 424 -0.93582698 -1.60593831
1940 424 -0.95079093 -1.61194497
1950 424 -0.96462733 -1.61709806
1960 424 -0.97959128 -1.62310471
1970 424 -0.99342768 -1.62825780
1980 424 -1.00839164 -1.63426446
1990 424 -0.97872717 -1.59495772
2000 424 -0.94906270 -1.55565098
2010 424 -0.91854466 -1.51747182
2020 424 -0.88888019 -1.47816508
2030 424 -0.85921573 -1.43885835
1960 439 -1.13507946 -1.13419426
1970 439 -1.14562799 -1.11557362
1980 439 -1.15665074 -1.08578270
1990 439 -1.16845330 -1.03973164
2000 439 -1.17926528 -0.99381758
2010 439 -1.19093085 -0.94677596
2020 439 -1.20273341 -0.90072490
2030 439 -1.21354539 -0.85481084
2040 439 -1.22534795 -0.80875979
2050 439 -1.23715051 -0.76270873
2060 439 -1.24491702 -0.70207309
2070 439 -1.24604458 -0.60803199
2080 439 -1.24717215 -0.51399089
2090 439 -1.24829971 -0.41994979
2100 439 -1.05927963 -0.18462574
2110 439 -0.84996336 0.06606271
2120 439 -0.71642584 0.37467854
2130 439 -0.61567204 0.70902817
2140 439 -0.52818557 1.00584144
2150 439 -0.45495702 1.26525535
1970 197 -0.11783590 0.70276860
1980 197 -0.22811606 0.37983163
1990 197 -0.28072175 0.09434670
2000 197 -0.33233687 -0.19127521
2010 197 -0.38494256 -0.47676014
2020 197 -0.43894980 -0.76507978
2030 197 -0.49224046 -1.05551757
2040 197 -0.54638470 -1.34482778
2050 197 -0.60432261 -1.63967045
2060 197 -0.69489671 -1.97340887
2070 197 -0.78560780 -2.30813786
2080 197 -0.87618190 -2.64187628
2090 197 -0.97477542 -2.95330575
2100 197 -1.09312768 -3.21051723
2110 197 -1.21062637 -3.46885627
2120 197 -1.32897863 -3.72606774
2130 197 -1.42266144 -3.96549107
2140 197 -1.49239138 -4.18500812
2150 197 -1.56126774 -4.40565274
2160 197 -1.63099768 -4.62516979
