1230 407 0.00000000 0.00000000
1240 407 -0.00000000 0.49124841
1250 407 -0.03977010 0.97591359
1260 407 -0.07869949 1.46112025
1270 407 -0.14354856 1.90346469
1280 407 -0.21577882 2.33510781
1290 407 -0.28803757 2.72985922
1300 407 -0.36123679 3.10021563
1310 407 -0.42062833 3.41404464
1320 407 -0.42869350 3.50043881
1330 407 -0.43759938 3.58629151
1340 407 -0.44361263 3.66211262
1350 407 -0.43895307 3.69366081
1360 407 -0.43513423 3.72466753
1370 407 -0.43131539 3.75567424
1380 407 -0.42803803 3.78752168
1390 407 -0.42421919 3.81852839
1400 407 -0.41955963 3.85007659
1410 407 -0.41574079 3.88108330
1420 407 -0.41246342 3.91293073
1240 421 -0.17441278 -0.85574832
1250 421 -0.16968197 -0.55652496
1260 421 -0.14692567 -0.11722990
1270 421 -0.12362788 0.32122445
1280 421 -0.12969813 0.74433218
1290 421 -0.16513641 1.15209330
1300 421 -0.20141541 1.55931294
1310 421 -0.26694845 2.02857451
1320 421 -0.33194001 2.49699536
1330 421 -0.46235061 2.88046123
1340 421 -0.63723362 3.20554727
1350 421 -0.78423053 3.52242565
1360 421 -0.82088001 3.80094462
1370 421 -0.85837021 4.07892211
1380 421 -0.85227146 4.18395451
1390 421 -0.83465919 4.24525547
1400 421 -0.81788764 4.30601496
1410 421 -0.80630286 4.31942365
1420 421 -0.79686976 4.31955190
1430 421 -0.78659593 4.32022162
