920 159 0.00000000 0.00000000
930 159 0.00000000 0.44384344
940 159 0.04753703 0.83950773
950 159 0.10778350 1.22348997
960 159 0.16749149 1.60662958
970 159 0.26935624 1.97588365
980 159 0.37543418 2.34244534
990 159 0.48205061 2.70984967
1000 159 0.65102235 3.03740661
1010 159 0.83546577 3.35388982
1020 159 1.02044766 3.67121568
1030 159 1.11682849 3.97988984
1040 159 1.17500666 4.28449499
1050 159 1.23372331 4.58994279
1060 159 1.19826036 4.81672546
1070 159 1.16279740 5.04350812
1080 159 1.02391059 5.21058731
1090 159 0.85868792 5.36245392
1100 159 0.70030099 5.51944622
1110 159 0.60336591 5.72617452
800 8 0.30550863 -0.14776156
810 8 0.53628369 0.01094530
820 8 0.75021048 0.22314175
830 8 0.94675050 0.48798513
840 8 1.14244788 0.75336700
850 8 1.28805103 1.01278505
860 8 1.31628396 1.25938777
870 8 1.34535952 1.50545201
880 8 1.37443509 1.75151625
890 8 1.41566134 2.01473744
900 8 1.45688759 2.27795864
910 8 1.49811384 2.54117983
920 8 1.55989238 2.80313481
930 8 1.70212496 3.06470677
940 8 1.84435755 3.32627874
950 8 1.98659013 3.58785070
960 8 2.07269482 3.89715796
970 8 2.14470895 4.21784311
980 8 2.21672308 4.53852826
990 8 2.29512911 4.87292996
850 136 0.85324230 1.44848147
860 136 0.90658544 1.63038120
870 136 0.91997529 1.85561377
880 136 0.92938627 2.08576249
890 136 0.93879725 2.31591121
900 136 0.94830285 2.55549344
910 136 0.95603305 2.82943913
920 136 0.96460590 3.10284635
930 136 0.97317874 3.37625357
940 136 1.02106049 3.71117346
950 136 1.07917332 4.06210351
960 136 1.13728615 4.41303356
970 136 1.29780221 4.69021688
980 136 1.46957675 4.95901887
990 136 1.64135128 5.22782086
1000 136 1.79718551 5.50324906
1010 136 1.95301974 5.77867726
1020 136 2.08968279 6.05567584
1030 136 2.15488146 6.34155367
1040 136 2.22092276 6.62689302
900 547 0.74990406 0.86892801
910 547 0.80675294 0.99874406
920 547 0.86329765 1.12994122
930 547 0.80279434 1.41782201
940 547 0.74282950 1.70654544
950 547 0.82233952 1.85510909
960 547 0.93775409 1.96886091
970 547 1.19321353 2.24233572
980 547 1.48311080 2.55670107
990 547 1.72887313 2.77228835
1000 547 1.97070165 2.97614852
1010 547 2.16213627 3.21814601
1020 547 2.32033394 3.48613015
1030 547 2.56345796 3.76630101
1040 547 3.00052198 4.07325384
1050 547 3.44134634 4.30066511
1060 547 3.89001581 4.33793050
1070 547 4.36606880 4.33633534
1080 547 4.90383951 4.24189664
1090 547 5.42794774 4.22264661
1050 163 -1.25404579 0.69694845
1060 163 -1.16318493 1.04712598
1070 163 -0.99924424 1.39095218
1080 163 -0.76283205 1.73118926
1090 163 -0.52641986 2.07142635
1100 163 -0.28633745 2.36540839
1110 163 -0.04089956 2.61205843
1120 163 0.20369570 2.85924694
1130 163 0.44829096 3.10643545
1140 163 0.62552011 3.38005896
1150 163 0.75637932 3.67026039
1160 163 0.88861964 3.96076598
1170 163 1.07598977 4.28368615
1180 163 1.26474101 4.60691048
1190 163 1.45211113 4.92983065
1200 163 1.52330966 5.06353095
1210 163 1.58158471 5.17700790
1220 163 1.57141220 5.27251455
1230 163 1.55433411 5.36650039
1240 163 1.53779449 5.46132888
1060 165 -1.14896595 0.25597314
1070 165 -1.08379207 0.52881259
1080 165 -1.01861818 0.80165204
1090 165 -0.90596810 1.11535725
1100 165 -0.74553766 1.46854710
1110 165 -0.58372610 1.82204112
1120 165 -0.42275718 2.17607361
1130 165 -0.21946703 2.52204921
1140 165 -0.01563840 2.86886745
1150 165 0.18765175 3.21484305
1160 165 0.32310717 3.58280613
1170 165 0.44124117 3.95709126
1180 165 0.55853253 4.33191487
1190 165 0.65597004 4.67195594
1200 165 0.70363324 4.93225043
1210 165 0.75267756 5.19284907
1220 165 0.83598171 5.36034958
1230 165 0.92333459 5.51932906
1240 165 0.99121212 5.68126003
1250 165 1.05349535 5.84557923
