200 11 0.00000000 0.00000000
210 11 0.00000000 0.27933134
220 11 0.01565524 0.58481443
230 11 0.03894300 0.89876774
240 11 0.07946477 1.23001234
250 11 0.11882662 1.56206601
260 11 0.12306890 1.90309828
270 11 0.10470719 2.25127617
280 11 0.08536099 2.59927865
290 11 0.06446466 2.93887892
300 11 0.04374375 3.27749470
310 11 0.01303112 3.59807812
320 11 -0.03713869 3.87964338
330 11 -0.08730850 4.16120863
340 11 -0.15476244 4.38585939
350 11 -0.24048501 4.55342025
360 11 -0.32539850 4.72214102
370 11 -0.41112107 4.88970188
380 11 -0.51955501 5.05931049
390 11 -0.62781354 5.22793460
200 13 0.39127725 -0.92470109
210 13 0.38330464 -0.62342807
220 13 0.38524857 -0.22389181
230 13 0.39183215 0.17240815
240 13 0.43022025 0.53272933
250 13 0.46860835 0.89305051
260 13 0.52844052 1.24703513
270 13 0.60989217 1.59369870
280 13 0.69215290 1.94152218
290 13 0.67007518 2.22504568
300 13 0.62218581 2.49381251
310 13 0.56913054 2.76876912
320 13 0.47081003 3.09254231
330 13 0.37329860 3.41747541
340 13 0.28611898 3.73002894
350 13 0.30303796 3.93720942
360 13 0.31995693 4.14438989
370 13 0.33687591 4.35157036
380 13 0.35361946 4.55973533
390 13 0.34584017 4.81431829
200 41 2.61272505 0.05009821
210 41 2.56613522 0.40848262
220 41 2.51954539 0.76686704
230 41 2.48522772 1.13048538
240 41 2.46989825 1.50155007
250 41 2.45456879 1.87261477
260 41 2.37087249 2.28533250
270 41 2.28717619 2.69805024
280 41 2.16021944 3.06852423
290 41 1.98982682 3.39773899
300 41 1.81862512 3.72579383
310 41 1.66760018 4.04322330
320 41 1.52666361 4.35534008
330 41 1.38456714 4.66826594
340 41 1.20636658 4.98999496
350 41 1.00457756 5.31869419
360 41 0.80197946 5.64623352
370 41 0.64427786 5.97263083
380 41 0.49167415 6.29892074
390 41 0.35848465 6.82978849
370 44 -1.74474154 -0.70296085
380 44 -1.71869004 -0.23919979
390 44 -1.72406359 0.24130840
400 44 -1.72827722 0.72100752
410 44 -1.76572379 1.08508410
420 44 -1.80201044 1.44835160
430 44 -1.86942142 1.78677406
440 44 -1.98374801 2.08636450
450 44 -2.09825002 2.38693943
460 44 -2.14620741 2.66178864
470 44 -2.15039956 2.91904226
480 44 -2.15459171 3.17629589
490 44 -2.11352579 3.45888143
500 44 -2.05515783 3.75267588
510 44 -1.99580538 4.04664576
520 44 -1.93726200 4.33945572
530 44 -2.01517306 4.61709373
540 44 -2.09406861 4.89455633
550 44 -2.17296416 5.17201893
560 44 -2.21249785 5.50220385
380 49 -1.04405397 -0.27440172
390 49 -1.01977814 0.14231844
400 49 -1.06625700 0.60839216
410 49 -1.11389576 1.07527496
420 49 -1.17873990 1.50760381
430 49 -1.28742086 1.86101922
440 49 -1.39494191 2.21362555
450 49 -1.46675985 2.51977450
460 49 -1.51552630 2.79346380
470 49 -1.56429276 3.06715310
480 49 -1.53871740 3.29415949
490 49 -1.49377436 3.50938060
500 49 -1.44883132 3.72460170
510 49 -1.44002099 3.96588862
520 49 -1.45556884 4.22416611
530 49 -1.47129210 4.48342810
540 49 -1.48701536 4.74269009
550 49 -1.52890826 5.06331290
560 49 -1.58738004 5.42567467
570 49 -1.64585181 5.78803644
