1540 107 0.00000000 0.00000000
1550 107 -0.00000000 0.23296352
1560 107 -0.00000000 0.46592703
1570 107 -0.01469758 0.71029148
1580 107 -0.06277378 0.98047971
1590 107 -0.11057525 1.24970641
1600 107 -0.15865145 1.51989464
1610 107 -0.24601277 1.68005706
1620 107 -0.33859379 1.82936799
1630 107 -0.43090009 1.97771740
1640 107 -0.43886700 2.10024302
1650 107 -0.43749340 2.21919727
1660 107 -0.43611979 2.33815152
1670 107 -0.43666923 2.46383644
1680 107 -0.44188893 2.59858715
1690 107 -0.44710864 2.73333786
1700 107 -0.45232834 2.86808858
1710 107 -0.45232834 2.99185044
1720 107 -0.45095473 3.11080469
1730 107 -0.44958113 3.22975894
1430 598 2.48897342 2.75476611
1440 598 2.39076062 2.78910625
1450 598 2.29254781 2.82344639
1460 598 2.19433501 2.85778653
1470 598 2.06425456 2.85078114
1480 598 1.92071277 2.82536944
1490 598 1.77717098 2.79995774
1500 598 1.56288850 2.82193543
1510 598 1.34160063 2.85023170
1520 598 1.11962596 2.87729173
1530 598 0.90987638 2.91616477
1540 598 0.72910987 2.98099896
1550 598 0.54738185 3.04555842
1560 598 0.38103820 3.11451343
1570 598 0.34862111 3.22797325
1580 598 0.31620402 3.34143308
1590 598 0.33461033 3.46629383
1600 598 0.38502166 3.59925886
1610 598 0.43666923 3.73153708
1620 598 0.48831680 3.86381530
1430 602 2.04433727 2.44364443
1440 602 1.88115292 2.48334164
1450 602 1.70121058 2.58897191
1460 602 1.52058144 2.69336594
1470 602 1.31028242 2.80696312
1480 602 1.07058824 2.92880194
1490 602 0.84531691 3.03292125
1500 602 0.68268200 3.07069541
1510 602 0.51908557 3.10819484
1520 602 0.36414286 3.21368775
1530 602 0.21565609 3.36574590
1540 602 0.06744404 3.51684252
1550 602 0.06085073 3.53991909
1560 602 0.05425742 3.56299567
1570 602 0.04738939 3.58703377
1580 602 0.04079609 3.61011034
1590 602 0.03420278 3.63318692
1600 602 0.02760947 3.65626349
1610 602 0.02074145 3.68030159
1620 602 0.04024665 3.69211460
1500 105 -0.54106326 -0.06826820
1510 105 -0.55740917 0.18186539
1520 105 -0.57911214 0.44710864
1530 105 -0.61372700 0.74298329
1540 105 -0.64957811 1.03954475
1550 105 -0.68446769 1.33638093
1560 105 -0.67320412 1.58088273
1570 105 -0.64957811 1.81123640
1580 105 -0.62622681 2.04255159
1590 105 -0.60383704 2.27359205
1600 105 -0.62966083 2.48045706
1610 105 -0.66194056 2.68443750
1620 105 -0.69422029 2.88841794
1630 105 -0.72787363 3.08264578
1640 105 -0.77540038 3.19074854
1650 105 -0.82292714 3.29885130
1660 105 -0.87045389 3.40695407
1670 105 -0.91798065 3.51505683
1680 105 -0.94819997 3.58442392
1690 105 -0.96811725 3.62865402
1520 106 0.14065722 0.63611677
1530 106 0.19051910 0.97484792
1540 106 0.24161723 1.31289227
1550 106 0.25315552 1.60011321
1560 106 0.23969418 1.85107096
1570 106 0.22499660 2.10271551
1580 106 0.19134327 2.30422346
1590 106 0.14326707 2.47249015
1600 106 0.09491615 2.64171837
1610 106 0.03626319 2.79240290
1620 106 -0.02980724 2.93264804
1630 106 -0.09560295 3.07193165
1640 106 -0.15508008 3.19638032
1650 106 -0.21263415 3.31409833
1660 106 -0.27018823 3.43181633
1670 106 -0.30356685 3.56684176
1680 106 -0.31936331 3.71313076
1690 106 -0.33515978 3.85941977
1700 106 -0.43282314 3.89911697
1710 106 -0.56633761 3.89321046
1560 113 -0.41208169 -0.21029902
1570 113 -0.48543223 0.09738864
1580 113 -0.55974430 0.40480158
1590 113 -0.63982551 0.69600598
1600 113 -0.72224185 0.98446316
1610 113 -0.79833960 1.27264562
1620 113 -0.84875092 1.56192697
1630 113 -0.90012378 1.85093360
1640 113 -0.94641429 2.11851198
1650 113 -0.95850202 2.18993947
1660 113 -0.97086447 2.26232849
1670 113 -0.98116651 2.33114613
1680 113 -0.98487524 2.39144742
1690 113 -0.98927078 2.45051246
1700 113 -0.99366632 2.50957750
1710 113 -0.99710033 2.56891727
1720 113 -1.00149587 2.62798231
1730 113 -0.98624885 2.70929976
1740 113 -0.94105722 2.82413319
1750 113 -0.89682712 2.93869191
1570 110 0.49449803 0.65713294
1580 110 0.47306978 0.84861356
1590 110 0.45095473 1.03885795
1600 110 0.41743875 1.22168486
1610 110 0.33461033 1.36962218
1620 110 0.25301816 1.51687271
1630 110 0.17018974 1.66481004
1640 110 0.06950445 1.77332488
1650 110 -0.04876300 1.84145572
1660 110 -0.16826669 1.91027336
1670 110 -0.25246872 1.99749732
1680 110 -0.30260532 2.10381440
1690 110 -0.35274193 2.21013147
1700 110 -0.40219173 2.31768480
1710 110 -0.40466422 2.42097994
1720 110 -0.38529638 2.52427508
1730 110 -0.36661535 2.62633398
1740 110 -0.34147836 2.73127745
1750 110 -0.26469381 2.85201739
1760 110 -0.18694773 2.97303205
1630 603 0.16208547 3.65516461
1640 603 0.28461109 3.61945086
1650 603 0.40644991 3.58250087
1660 603 0.53076122 3.52233694
1670 603 0.66276472 3.36244924
1680 603 0.77292789 3.18072122
1690 603 0.79257045 2.90448912
1700 603 0.80534499 2.65229513
1710 603 0.75685671 2.60724086
1720 603 0.70836843 2.56218660
1730 603 0.65988015 2.51713233
1740 603 0.61111715 2.47303959
1750 603 0.56262887 2.42798533
1760 603 0.51414059 2.38293106
1770 603 0.46537759 2.33883832
1780 603 0.41688931 2.29378406
1790 603 0.32691814 2.17551661
1800 603 0.20947486 2.00779936
1810 603 0.22197467 1.75656689
1820 603 0.26771574 1.48363145
1710 386 0.20370572 3.85529895
1720 386 0.19271687 3.70447705
1730 386 0.18983230 3.53621036
1740 386 0.18598620 3.36766895
1750 386 0.18310163 3.19940226
1760 386 0.13543752 3.04226177
1770 386 0.08681188 2.88484656
1780 386 0.03914776 2.72770608
1790 386 0.00631859 2.61328473
1800 386 -0.02156561 2.51067639
1810 386 -0.05041133 2.40779333
1820 386 -0.08694924 2.28815227
1830 386 -0.12554756 2.16480249
1840 386 -0.16414587 2.04145270
1850 386 -0.19999698 1.92304790
1860 386 -0.21112319 1.85642802
1870 386 -0.22321092 1.78953343
1880 386 -0.23502392 1.72167731
1890 386 -0.24711165 1.65478271
1900 386 -0.29779770 1.55917976
