400 372 0.00000000 0.00000000
410 372 -0.00000000 0.01389244
420 372 0.00050387 0.02692111
430 372 -0.00035991 0.04030968
440 372 -0.00035991 0.05420213
450 372 -0.01677171 0.05852102
460 372 -0.05600167 0.04837162
470 372 -0.09573549 0.03908600
480 372 -0.13496545 0.02893659
490 372 -0.17469928 0.01965097
500 372 -0.21392924 0.00950157
510 372 -0.32420501 -0.18448878
520 372 -0.44160696 -0.40000161
530 372 -0.60198191 -0.67878625
540 372 -0.82786009 -1.05366630
550 372 -1.04524445 -1.43516864
560 372 -1.18863175 -1.86612233
570 372 -1.33151518 -2.29793980
580 372 -1.49793658 -2.71917598
590 372 -1.71913596 -3.11795391
400 368 -1.58179511 -3.85749261
410 368 -1.39010818 -3.39026020
420 368 -1.19705359 -2.92338771
430 368 -0.80684148 -2.53252776
440 368 -0.36573838 -2.15944725
450 368 -0.08680978 -1.91917275
460 368 0.12402425 -1.73482794
470 368 0.12791126 -1.68393697
480 368 0.04261309 -1.68854379
490 368 -0.04218120 -1.69401439
500 368 -0.12697550 -1.69948499
510 368 -0.25459883 -1.74267393
520 368 -0.48350024 -1.87619975
530 368 -0.71153787 -2.00922171
540 368 -0.96599274 -2.30931289
550 368 -1.24499332 -2.77769700
560 368 -1.52449778 -3.24521733
570 368 -1.77045882 -3.71864015
580 368 -2.00151968 -4.19379053
590 368 -2.17362762 -4.67275593
400 376 -0.79834765 -1.67781853
410 376 -0.68936754 -1.53320755
420 376 -0.58038744 -1.38859656
430 376 -0.49904826 -1.24621701
440 376 -0.52726504 -1.11449073
450 376 -0.55548181 -0.98276444
460 376 -0.64401915 -0.97189523
470 376 -0.73889087 -0.97398269
480 376 -0.83894526 -1.00687827
490 376 -0.94180693 -1.05877699
500 376 -1.04553238 -1.11117957
510 376 -1.20453968 -1.30696946
520 376 -1.42106026 -1.64629060
530 376 -1.64168378 -1.99842447
540 376 -1.89282750 -2.46097807
550 376 -2.14483499 -2.92403554
560 376 -2.35898018 -3.39047615
570 376 -2.51575605 -3.86397095
580 376 -2.65993514 -4.34516778
590 376 -2.69376648 -4.90439264
