2310 656 0.00000000 0.00000000
2320 656 0.00000000 0.42464338
2330 656 -0.00000000 0.84928676
2340 656 0.01133422 1.07960944
2350 656 0.02266843 1.30993211
2360 656 0.06583171 1.63209656
2370 656 0.12920018 2.01520156
2380 656 0.19255216 2.37167950
2390 656 0.24836370 2.62018921
2400 656 0.30500181 2.86926173
2410 656 0.36964193 3.12257311
2420 656 0.44803477 3.38766850
2430 656 0.58425260 3.69576702
2440 656 0.69978955 3.96316787
2450 656 0.73350019 4.06113007
2460 656 0.76638425 4.15852945
2470 656 0.80009489 4.25649165
2480 656 0.83380553 4.35445385
2490 656 0.86668960 4.45185323
2500 656 0.90040024 4.54981543
2140 654 0.56528374 0.53613458
2150 654 0.51924747 0.79030315
2160 654 0.47321119 1.04447172
2170 654 0.40939529 1.27322602
2180 654 0.34584314 1.50336972
2190 654 0.30429298 1.72429863
2200 654 0.34737384 1.91332784
2210 654 0.39019094 2.10096764
2220 654 0.43327180 2.28999685
2230 654 0.50704193 2.48903445
2240 654 0.58024924 2.68889862
2250 654 0.64432890 2.88617710
2260 654 0.62975902 3.07103575
2270 654 0.61436257 3.25533157
2280 654 0.59896613 3.43962739
2290 654 0.58439625 3.62448604
2300 654 0.61460513 3.76845625
2310 654 0.71477860 3.84876364
2320 654 0.81495207 3.92907103
2330 654 0.91512553 4.00937841
2150 655 1.02674626 0.74146688
2160 655 0.98939727 1.01485863
2170 655 0.95287486 1.28881322
2180 655 0.93710633 1.53939525
2190 655 0.97065448 1.73887086
2200 655 1.00476546 1.93751990
2210 655 1.02264399 2.12269646
2220 655 1.01576057 2.28738289
2230 655 1.00970372 2.45263214
2240 655 1.01129800 2.60131454
2250 655 1.02729731 2.72351120
2260 655 1.04247004 2.84514503
2270 655 1.05790652 2.96816826
2280 655 1.08502104 3.08825490
2290 655 1.14240330 3.20475501
2300 655 1.19839617 3.32151887
2310 655 1.25495186 3.43745616
2320 655 1.31233413 3.55395627
2330 655 1.36832700 3.67072012
2340 655 1.42488269 3.78665741
2310 657 -0.56443597 -0.62266366
2320 657 -0.57375438 -0.26606561
2330 657 -0.58250996 0.08970586
2340 657 -0.59182837 0.44630391
2350 657 -0.61222431 0.74454711
2360 657 -0.63179367 1.04335313
2370 657 -0.57515556 1.29242566
2380 657 -0.50008551 1.52864269
2390 657 -0.48219285 1.79730578
2400 657 -0.50195531 2.08751164
2410 657 -0.52171778 2.37771751
2420 657 -0.42556415 2.69845959
2430 657 -0.32967428 3.01781227
2440 657 -0.24030753 3.29521916
2450 657 -0.15241731 3.55347351
2460 657 -0.05910842 3.76823489
2470 657 0.04264520 3.91373816
2480 657 0.14383599 4.06006801
2490 657 0.24326766 4.21608833
2500 657 0.32802819 4.45406449
2350 658 0.56840872 0.24548834
2360 658 0.49924480 0.51052486
2370 658 0.42812866 0.77665169
2380 658 0.35840191 1.04251478
2390 658 0.35501790 1.21805266
2400 658 0.35080731 1.39302772
2410 658 0.35999148 1.72955952
2420 658 0.37626396 2.05035105
2430 658 0.40922809 2.33774515
2440 658 0.44162940 2.62596582
2450 658 0.55465365 2.83842409
2460 658 0.67691153 3.04265193
2470 658 0.74721994 3.17037322
2480 658 0.80440910 3.27827317
2490 658 0.86186202 3.38756253
2500 658 0.90712588 3.52363671
2510 658 0.93963787 3.68732229
2520 658 0.97297643 3.85157070
2530 658 1.00548842 4.01525629
2540 658 1.03800040 4.17894187
2350 659 0.07604970 -0.06193903
2360 659 -0.00607804 0.25234115
2370 659 -0.08903235 0.56605851
2380 659 -0.13661817 0.86514477
2390 659 -0.13239109 1.14144014
2400 659 -0.12816401 1.41773551
2410 659 -0.10288633 1.72530183
2420 659 -0.06802414 2.04544340
2430 659 -0.03899978 2.33862353
2440 659 -0.02319829 2.56593898
2450 659 -0.00713304 2.79464383
2460 659 0.05019271 3.00184122
2470 659 0.13455055 3.19599001
2480 659 0.21890839 3.39013880
2490 659 0.28399124 3.56995322
2500 659 0.34467746 3.74556410
2510 659 0.40480085 3.92200156
2520 659 0.47712977 4.09828125
2530 659 0.55749603 4.27519440
2540 659 0.63207626 4.44816778
