4650 338 0.00000000 0.00000000
4660 338 0.00000000 0.40652921
4670 338 0.14421842 0.78243086
4680 338 0.28797931 1.15699435
4690 338 0.44603683 1.52965883
4700 338 0.73535429 1.87313723
4710 338 1.02556960 2.21705593
4720 338 1.30849884 2.54403612
4730 338 1.56807674 2.80053430
4740 338 1.82675680 3.05659216
4750 338 2.05205180 3.33303232
4760 338 2.19629728 3.65437208
4770 338 2.34144060 3.97615215
4780 338 2.51568638 4.30218038
4790 338 2.73292538 4.63592762
4800 338 2.95060469 4.96877701
4810 338 3.17673604 5.29574736
4820 338 3.41577422 5.61456824
4830 338 3.65435486 5.93205096
4840 338 3.89383334 6.24997399
4690 340 1.30242055 1.34819832
4700 340 1.34709877 1.69087726
4710 340 1.43397813 1.93841913
4720 340 1.53889310 2.14691337
4730 340 1.64335054 2.35406946
4740 340 1.85585925 2.65431110
4750 340 2.06792766 2.95545059
4760 340 2.27953853 3.25525193
4770 340 2.43870298 3.53935697
4780 340 2.47681340 3.78414381
4790 340 2.51448351 4.02982849
4800 340 2.57593789 4.28606346
4810 340 2.85812425 4.63272736
4820 340 3.14120846 4.97983156
4830 340 3.37447091 5.30361641
4840 340 3.53233165 5.59265099
4850 340 3.69109023 5.88212589
4860 340 3.86929882 6.20007352
4870 340 4.09586065 6.58294391
4880 340 4.32332032 6.96625462
4690 631 0.99723215 3.99634258
4700 631 0.98656133 4.00447484
4710 631 0.97678836 4.01304741
4720 631 0.96611754 4.02117967
4730 631 0.95634456 4.02975224
4740 631 1.06597506 4.15368429
4750 631 1.20577805 4.30466483
4760 631 1.34603857 4.45698353
4770 631 1.48130069 4.59905450
4780 631 1.61474989 4.73800884
4790 631 1.74863941 4.87606534
4800 631 1.90031362 5.00056808
4810 631 2.05688294 5.12190253
4820 631 2.21299472 5.24189883
4830 631 2.37354407 5.35738869
4840 631 2.57526635 5.41844703
4850 631 2.77698863 5.47950537
4860 631 2.97871091 5.54056372
4870 631 3.17682214 5.71345658
4880 631 3.37493336 5.88634945
4700 636 1.26704794 3.49158181
4710 636 1.28317470 3.49503543
4720 636 1.31959767 3.52069411
4730 636 1.43857805 3.63918744
4740 636 1.55711812 3.75857861
4750 636 1.71396293 3.91568909
4760 636 1.90821466 4.11007857
4770 636 2.10336422 4.30490835
4780 636 2.27971072 4.49719958
4790 636 2.38711259 4.68018274
4800 636 2.49451447 4.86316590
4810 636 2.60365300 4.98128779
4820 636 2.71408786 5.03544626
4830 636 2.82452273 5.08960473
4840 636 2.95831878 5.15744734
4850 636 3.19001430 5.27775603
4860 636 3.42081199 5.39762442
4870 636 3.65116936 5.51839065
4880 636 3.80114136 5.71222666
4890 636 3.94088285 5.91329708
4770 347 2.31291128 1.78138244
4780 347 2.23411744 2.11919826
4790 347 2.19252387 2.46746106
4800 347 2.15048999 2.81662170
4810 347 2.14287676 3.16372837
4820 347 2.17014171 3.51011922
4830 347 2.19740667 3.85651007
4840 347 2.24809429 4.16649518
4850 347 2.33146837 4.42345580
4860 347 2.41574030 4.68085674
4870 347 2.49911438 4.93781736
4880 347 2.67512387 5.14442244
4890 347 2.91214497 5.31746290
4900 347 3.15006391 5.49094367
4910 347 3.33089963 5.68543645
4920 347 3.38240884 5.92788398
4930 347 3.43481590 6.17077181
4940 347 3.48588480 6.41411718
4950 347 3.53295645 6.66107114
4960 347 3.53380510 6.94550089
