2980 662 0.00000000 0.00000000
2990 662 -0.00000000 0.41740388
3000 662 0.00139912 0.83460173
3010 662 0.04428564 1.17921999
3020 662 0.12925611 1.45045609
3030 662 0.21502915 1.72228873
3040 662 0.23960966 1.99598527
3050 662 0.22499312 2.27045086
3060 662 0.21821790 2.55448272
3070 662 0.22570466 2.85285320
3080 662 0.23378796 3.15042111
3090 662 0.29322679 3.43756746
3100 662 0.36725341 3.72185087
3110 662 0.44475149 3.97631904
3120 662 0.52625289 4.18516952
3130 662 0.60796033 4.39541912
3140 662 0.71012277 4.61838063
3150 662 0.84317376 4.86180913
3160 662 0.97542217 5.10464108
3170 662 1.10707404 5.34827562
3000 663 -0.22728107 -0.20382178
3010 663 -0.11093572 0.15427983
3020 663 0.00540963 0.51238144
3030 663 0.12235152 0.86968046
3040 663 0.23605195 1.17099294
3050 663 0.35012133 1.46510377
3060 663 0.46368040 1.78001699
3070 663 0.57537318 2.12593855
3080 663 0.68766251 2.47105752
3090 663 0.72678768 2.73189122
3100 663 0.75866808 2.98235607
3110 663 0.79054847 3.23282092
3120 663 0.86087844 3.44831964
3130 663 0.93639283 3.66019596
3140 663 1.01110464 3.87147574
3150 663 1.14876747 4.02488351
3160 663 1.31331793 4.15217510
3170 663 1.47727184 4.28026926
3180 663 1.64262488 4.40815738
3190 663 1.80657879 4.53625154
3040 664 0.22279860 0.32384222
3050 664 0.05791273 0.58255568
3060 664 -0.10229900 0.85844913
3070 664 -0.25093921 1.17409306
3080 664 -0.39877684 1.49033353
3090 664 -0.41116053 1.81878999
3100 664 -0.40833832 2.14858088
3110 664 -0.39374814 2.47092096
3120 664 -0.36738997 2.78581022
3130 664 -0.32644402 3.09783655
3140 664 -0.14937092 3.39267569
3150 664 0.02790822 3.68891395
3160 664 0.07589532 3.91770914
3170 664 0.06955613 4.11733833
3180 664 0.08917023 4.35245594
3190 664 0.15060473 4.63859367
3200 664 0.21144269 4.92553398
3210 664 0.34605811 5.06795479
3220 664 0.48960014 5.19333695
3230 664 0.63254563 5.31952169
