600 377 0.00000000 0.00000000
610 377 -0.00000000 0.43882685
620 377 -0.01364547 0.84782416
630 377 -0.06198800 1.16836745
640 377 -0.16009048 1.35404433
650 377 -0.25866011 1.54060538
660 377 -0.36720634 1.73320527
670 377 -0.48074087 1.92882457
680 377 -0.59339123 2.12491102
690 377 -0.69366996 2.50736256
700 377 -0.79259736 2.88939707
710 377 -0.90275243 3.27341642
720 377 -1.10267867 3.67107896
730 377 -1.30260490 4.06874151
740 377 -1.49110294 4.45547719
750 377 -1.66765550 4.82816633
760 377 -1.84379103 5.20220681
770 377 -2.05951165 5.48634166
780 377 -2.27991977 5.76008288
790 377 -2.50790263 6.05244194
600 369 -0.63167056 -0.27719362
610 369 -0.67488123 0.21344866
620 369 -0.77135892 0.66576829
630 369 -0.89025775 1.10058672
640 369 -0.99554074 1.46682229
650 369 -1.08590667 1.76629349
660 369 -1.16134190 2.07817733
670 369 -1.09210730 2.50155844
680 369 -1.02287270 2.92493956
690 369 -0.95825952 3.35492693
700 369 -0.89593197 3.78709967
710 369 -0.87167411 4.20142027
720 369 -1.00229739 4.54069532
730 369 -1.13380484 4.87950321
740 369 -1.25998901 5.18040777
750 369 -1.37998166 5.42464078
760 369 -1.50039134 5.66752246
770 369 -1.62110183 5.92381717
780 369 -1.74423240 6.20823915
790 369 -1.86689581 6.49177695
600 373 -0.86873901 -1.91346088
610 373 -0.69366996 -1.44207905
620 373 -0.58128167 -0.88845294
630 373 -0.46889337 -0.33482683
640 373 -0.55925020 0.16370466
650 373 -0.67227883 0.65591247
660 373 -0.81726996 1.09730297
670 373 -0.97652412 1.51645463
680 373 -1.14009889 1.92879950
690 373 -1.34365982 2.26912280
700 373 -1.54722075 2.60944610
710 373 -1.75166585 2.94930225
720 373 -1.91347227 3.36258143
730 373 -2.05716220 3.80579041
740 373 -2.20173631 4.24853224
750 373 -2.35286426 4.62447551
760 373 -2.51338088 4.90045453
770 373 -2.67431451 5.17508221
780 373 -2.83571530 5.45059407
790 373 -3.05270522 5.77138119
770 58 2.18068245 -0.29777349
780 58 2.03646156 0.06937816
790 58 1.89602575 0.48716254
800 58 1.75647413 0.90541407
810 58 1.58449285 1.27373247
820 58 1.36363353 1.56759325
830 58 1.14365838 1.86192119
840 58 1.00639467 2.21804571
850 58 0.95090810 2.63773516
860 58 0.89588867 3.05654044
870 58 0.84325516 3.46868934
880 58 0.80133429 3.82203144
890 58 0.76029761 4.17584070
900 58 0.67698684 4.51975539
910 58 0.55275333 4.85335850
920 58 0.42940399 5.18742877
930 58 0.30765894 5.44996284
940 58 0.18873731 5.60654396
950 58 0.07069987 5.76359224
960 58 -0.04733758 5.92064052
