3820 304 0.00000000 0.00000000
3830 304 -0.00000000 0.36530809
3840 304 -0.08291905 0.73181243
3850 304 -0.22058915 1.07164613
3860 304 -0.38004633 1.40097637
3870 304 -0.47559034 1.71912153
3880 304 -0.52766694 2.03164677
3890 304 -0.57855823 2.34942512
3900 304 -0.61769779 2.73194060
3910 304 -0.65683736 3.11445608
3920 304 -0.56723080 3.42299565
3930 304 -0.44682832 3.71278392
3940 304 -0.34929147 4.01344247
3950 304 -0.35047951 4.35408097
3960 304 -0.35192487 4.69611008
3970 304 -0.36300319 5.02413183
3980 304 -0.38397179 5.33953684
3990 304 -0.40494039 5.65494185
4000 304 -0.48745978 5.93378867
4010 304 -0.59712338 6.19610698
3720 300 -2.04357095 -1.81564279
3730 300 -1.77509072 -1.47112811
3740 300 -1.53668374 -1.09622265
3750 300 -1.34421058 -0.67516435
3760 300 -1.15173743 -0.25410606
3770 300 -0.96760792 0.16540833
3780 300 -0.79542723 0.58343083
3790 300 -0.62324653 1.00145332
3800 300 -0.48747894 1.41417619
3810 300 -0.40563569 1.81907825
3820 300 -0.32322580 2.22480428
3830 300 -0.28711929 2.61261392
3840 300 -0.35670166 2.96145098
3850 300 -0.42710798 3.31085469
3860 300 -0.35696445 3.65462479
3870 300 -0.14740435 3.99111337
3880 300 0.06189844 4.32899256
3890 300 0.34953510 4.65547862
3900 300 0.64603004 4.98072738
3910 300 0.93886779 5.30242296
3790 302 -0.70152840 -0.07947264
3800 302 -0.50771118 0.37707076
3810 302 -0.39136281 0.77037987
3820 302 -0.30952504 1.13644897
3830 302 -0.22712062 1.50334202
3840 302 -0.24556259 1.84006875
3850 302 -0.28908749 2.16855860
3860 302 -0.33204575 2.49787242
3870 302 -0.36382715 2.83284994
3880 302 -0.39365129 3.16890875
3890 302 -0.42265147 3.50440091
3900 302 -0.24466472 3.82497963
3910 302 -0.04200838 4.14437031
3920 302 0.16064796 4.46376100
3930 302 0.32714852 4.77646144
3940 302 0.45805994 5.08329559
3950 302 0.58953800 5.39095371
3960 302 0.71962546 5.69835452
3970 302 0.92902679 6.00461108
3980 302 1.14728639 6.30963033
3840 700 -1.98143984 2.70251886
3850 700 -1.90149909 2.76405322
3860 700 -1.82294896 2.82533026
3870 700 -1.74357486 2.88604066
3880 700 -1.59595152 3.00540293
3890 700 -1.44807086 3.12337458
3900 700 -1.30792888 3.14714903
3910 700 -1.16897494 3.14625390
3920 700 -1.02904100 3.15560765
3930 700 -0.88693081 3.25812933
3940 700 -0.74399666 3.36008437
3950 700 -0.60456094 3.48871826
3960 700 -0.47536588 3.67658160
3970 700 -0.34560417 3.86526891
3980 700 -0.04874789 4.19633741
3990 700 0.24728442 4.52797255
4000 700 0.54486885 4.90951351
4010 700 0.84142402 5.29661690
4020 700 1.29932792 5.62009181
4030 700 1.75779847 5.94439068
