96 67 0.00000000 0.00000000
98 67 0.00000000 0.33000000
100 67 -0.01000000 0.66000000
102 67 -0.01000000 1.01000000
104 67 0.04000000 1.26000000
106 67 0.01000000 1.60000000
108 67 0.08000000 1.87000000
110 67 0.08000000 2.24000000
112 67 0.12000000 2.51000000
114 67 0.17000000 2.78000000
116 67 0.22000000 3.05000000
118 67 0.27000000 3.33000000
120 67 0.27000000 3.73000000
122 67 0.32000000 4.02000000
124 67 0.37000000 4.31000000
126 67 0.42000000 4.61000000
128 67 0.47000000 4.91000000
130 67 0.47000000 5.33000000
132 67 0.58000000 5.52000000
134 67 0.58000000 5.96000000
102 75 0.68000000 1.07000000
104 75 0.71000000 1.43000000
106 75 0.80000000 1.58000000
108 75 0.85000000 1.84000000
110 75 0.95000000 2.00000000
112 75 0.95000000 2.36000000
114 75 1.00000000 2.63000000
116 75 1.01000000 3.01000000
118 75 1.04000000 3.27000000
120 75 1.05000000 3.66000000
122 75 1.15000000 3.83000000
124 75 1.16000000 4.23000000
126 75 1.21000000 4.53000000
128 75 1.24000000 4.81000000
130 75 1.32000000 4.98000000
132 75 1.31000000 5.40000000
134 75 1.39000000 5.57000000
136 75 1.42000000 5.87000000
138 75 1.45000000 6.17000000
140 75 1.46000000 6.47000000
