262 79 0.00000000 0.00000000
264 79 -0.00000000 0.26019224
266 79 0.01498892 0.38971186
268 79 -0.07148561 0.74329658
270 79 -0.08685886 0.86397658
272 79 -0.10761274 1.10495226
274 79 -0.15911313 1.32709571
276 79 -0.20062090 1.54885482
278 79 -0.21599415 1.66953482
280 79 -0.29362905 1.99275738
282 79 -0.27902447 2.11228439
284 79 -0.28478943 2.22258745
286 79 -0.36280867 2.53581740
288 79 -0.37895058 2.63651218
290 79 -0.42699199 2.94858913
292 79 -0.44274957 3.05927652
294 79 -0.50539556 3.25182646
296 79 -0.56842588 3.43438379
298 79 -0.67796027 3.70879628
300 79 -0.82439047 4.06468699
256 71 0.57265352 -0.72254270
258 71 0.57803416 -0.58264613
260 71 0.61377696 -0.43390995
262 71 0.63453085 -0.15450115
264 71 0.63453085 0.10569109
266 71 0.65490040 0.37510727
268 71 0.67526996 0.64452346
270 71 0.69525518 0.90394703
272 71 0.70025148 1.03385098
274 71 0.63376218 1.38666705
276 71 0.62838155 1.50696272
278 71 0.56688855 1.72949049
280 71 0.58149314 1.84901750
282 71 0.49386562 2.17262439
284 71 0.47810804 2.28331178
286 71 0.42622332 2.49546262
288 71 0.42045836 2.60576568
290 71 0.33244651 2.91937995
292 71 0.31630459 3.02007473
294 71 0.29439772 3.23107258
