120 96 0.00000000 0.00000000
122 96 -0.00000000 0.08062258
124 96 -0.00000000 0.08062258
126 96 -0.00000000 0.08062258
128 96 -0.00000000 0.08062258
130 96 -0.00000000 0.08062258
132 96 -0.00000000 0.16124515
134 96 -0.00000000 0.16124515
136 96 -0.00000000 0.16124515
138 96 -0.02232625 0.24310808
140 96 -0.06697876 0.24558877
142 96 -0.08930501 0.32745170
144 96 -0.15628377 0.41179532
146 96 -0.20093627 0.49489859
148 96 -0.25923260 0.81614855
150 96 -0.34481656 1.04933385
152 96 -0.45272678 1.28375950
154 96 -0.52962832 1.59260599
156 96 -0.67350861 1.74392837
158 96 -0.82979237 1.83323338
120 52 0.93522190 -0.25799225
122 52 0.91289565 -0.17612932
124 52 0.85956071 -0.08806466
126 52 0.83723446 -0.00620174
128 52 0.81490821 0.07566119
130 52 0.80622577 0.16124515
132 52 0.78389952 0.32373066
134 52 0.76157327 0.40559358
136 52 0.73056459 0.57304047
138 52 0.72560320 0.64498062
140 52 0.70327695 0.72684354
142 52 0.69831556 0.87940627
144 52 0.67598930 0.96126919
146 52 0.67598930 1.04189177
148 52 0.63505784 1.19197380
150 52 0.49613894 1.35197861
152 52 0.34729726 1.65586371
154 52 0.19845558 1.87912623
156 52 0.03721042 2.04037138
158 52 -0.10791022 2.33061266
