102 75 0.00000000 0.00000000
104 75 0.00000000 0.36124784
106 75 0.07723230 0.51820379
108 75 0.10546776 0.78145797
110 75 0.19183506 0.94920983
112 75 0.16193869 1.30796631
114 75 0.18934369 1.58118594
116 75 0.16775187 1.96070378
118 75 0.17605642 2.22229704
120 75 0.15363414 2.61178034
122 75 0.23917098 2.78949767
124 75 0.21591825 3.18894643
126 75 0.24083189 3.49206243
128 75 0.24747553 3.77358660
130 75 0.31308146 3.94964302
132 75 0.26823690 4.36736179
134 75 0.33384283 4.54341820
136 75 0.33882556 4.84487329
138 75 0.34380829 5.14632839
140 75 0.32886010 5.44612257
96 67 -0.58879245 -1.12277489
98 67 -0.61619746 -0.79391479
100 67 -0.65356793 -0.46588514
102 67 -0.68263384 -0.11709413
104 67 -0.65356793 0.13619459
106 67 -0.71169976 0.47252878
108 67 -0.66436384 0.74740932
110 67 -0.69509067 1.11613125
112 67 -0.67765112 1.38852042
114 67 -0.65024611 1.66174005
116 67 -0.62284110 1.93495968
118 67 -0.59626655 2.21814477
120 67 -0.62948474 2.61676307
122 67 -0.60374064 2.90991361
124 67 -0.57799654 3.20306416
126 67 -0.55308290 3.50618016
128 67 -0.52816925 3.80929616
130 67 -0.56304835 4.22784538
132 67 -0.46920696 4.42632408
134 67 -0.50574697 4.86480421
