344 4 0.00000000 0.00000000
346 4 0.00000000 0.36221541
348 4 -0.16012571 0.62614675
350 4 -0.29816512 0.87240906
352 4 -0.38319740 1.18493027
354 4 -0.53227996 1.44002710
356 4 -0.68136252 1.69512393
358 4 -0.83154939 1.96015959
360 4 -0.98063195 2.21525641
362 4 -1.11756704 2.45157988
364 4 -1.31634379 2.61060128
366 4 -1.58137945 2.73207596
368 4 -1.77905189 2.88115852
370 4 -1.95463801 3.01257203
372 4 -2.19317011 3.07662232
374 4 -2.44384967 3.15944596
376 4 -2.76741404 3.17380206
378 4 -3.12521219 3.22460056
380 4 -3.47196718 3.26656454
382 4 -3.91258897 3.24779118
322 88 0.34675499 -0.40417939
324 88 0.40086644 0.01435610
326 88 0.34012910 0.28933060
328 88 0.31914711 0.65927621
330 88 0.32246006 0.99167510
332 88 0.31472985 1.33290852
334 88 0.32025143 1.64542974
336 88 0.24847093 1.92923876
338 88 0.25509683 2.23182114
340 88 0.18442065 2.50569133
342 88 0.24405367 2.87453262
344 88 0.18662928 3.11969061
346 88 0.17006455 3.44988087
348 88 0.16785592 3.74142010
350 88 0.15349982 4.05173269
352 88 0.12589194 4.39075748
354 88 0.08834522 4.72867795
356 88 -0.00441726 5.02021718
358 88 -0.00552158 5.30181757
360 88 -0.01877336 5.60219132
