302 80 0.00000000 0.00000000
304 80 -0.00000000 0.27730849
306 80 -0.00432731 0.54560175
308 80 0.00468792 0.81858294
310 80 0.00504853 1.07353366
312 80 0.00540914 1.32848438
314 80 -0.01983351 1.50698594
316 80 -0.01622742 1.83802521
318 80 -0.03353666 2.07927278
320 80 -0.02848813 2.32088096
322 80 -0.04002762 2.48171267
324 80 -0.02704569 2.78606686
326 80 -0.07104002 3.01793859
328 80 -0.14496491 3.16434593
330 80 -0.19328654 3.38720243
332 80 -0.27730849 3.60501040
334 80 -0.35231521 3.81849106
336 80 -0.40604599 4.09940565
338 80 -0.47311930 4.37563231
340 80 -0.53550470 4.63851644
296 72 0.75114901 -1.09264595
298 72 0.79406151 -0.70282738
300 72 0.83120426 -0.50990144
302 72 0.82940121 -0.12080409
304 72 0.82038598 0.16083171
306 72 0.81894355 0.52757129
308 72 0.81461623 0.79586456
310 72 0.81353441 1.14024636
312 72 0.78252201 1.39916379
314 72 0.76809764 1.73885767
316 72 0.75655815 1.89968939
318 72 0.75259145 2.14562488
320 72 0.74754292 2.45863368
322 72 0.71689114 2.69519333
324 72 0.67614229 3.00315361
326 72 0.59536583 3.29705013
328 72 0.53370165 3.51521871
330 72 0.44967970 3.73302668
332 72 0.36457592 4.01790796
334 72 0.31084515 4.29882255
