120 52 0.00000000 0.00000000
122 52 -0.00000000 0.08485281
124 52 -0.02828427 0.18384776
126 52 -0.02828427 0.26870058
128 52 -0.02828427 0.35355339
130 52 -0.01414214 0.43840620
132 52 0.00707107 0.60104076
134 52 0.00707107 0.68589358
136 52 0.02121320 0.85559921
138 52 0.03535534 0.92630988
140 52 0.03535534 1.01116270
142 52 0.07071068 1.15965512
144 52 0.07071068 1.24450793
146 52 0.09192388 1.32228968
148 52 0.09192388 1.47785317
150 52 0.00000000 1.66877200
152 52 -0.06363961 2.00111219
154 52 -0.14849242 2.25567063
156 52 -0.26162951 2.45366053
158 52 -0.32526912 2.77185858
120 96 -0.83438600 0.49497475
122 96 -0.81317280 0.57275649
124 96 -0.81317280 0.57275649
126 96 -0.81317280 0.57275649
128 96 -0.81317280 0.57275649
130 96 -0.81317280 0.57275649
132 96 -0.79195959 0.65053824
134 96 -0.79195959 0.65053824
136 96 -0.79195959 0.65053824
138 96 -0.79195959 0.73539105
140 96 -0.83438600 0.74953319
142 96 -0.83438600 0.83438600
144 96 -0.87681241 0.93338095
146 96 -0.89802561 1.02530483
148 96 -0.86974134 1.35057395
150 96 -0.89095454 1.59806133
152 96 -0.93338095 1.85261977
154 96 -0.92630988 2.17081782
156 96 -1.02530483 2.35466558
158 96 -1.15258405 2.48194480
