624 11 0.00000000 0.00000000
626 11 0.00000000 0.33600595
628 11 0.00803557 0.67796418
630 11 -0.00982125 1.03807685
632 11 -0.01755921 1.41812964
634 11 -0.05952276 1.76038548
636 11 -0.07946288 2.10651030
638 11 -0.12559301 2.42079045
640 11 -0.13749756 2.77286754
642 11 -0.18154440 3.10113554
644 11 -0.19761555 3.42523694
646 11 -0.19969884 3.74725504
648 11 -0.16785417 4.05707099
650 11 -0.10565289 4.42670729
652 11 -0.03779695 4.73830892
654 11 0.05803469 5.04574395
656 11 0.19821077 5.41091605
658 11 0.31011355 5.73025563
660 11 0.45594430 6.03739305
662 11 0.59344187 6.28857907
660 45 0.70415419 -1.32021471
662 45 0.57588266 -1.02944605
664 45 0.42618293 -0.64254814
666 45 0.29880423 -0.20178214
668 45 0.15148541 0.24910273
670 45 -0.01190455 0.68808305
672 45 -0.16934224 1.11902780
674 45 -0.35058903 1.58211483
676 45 -0.55832344 1.96335808
678 45 -0.74373682 2.39846942
680 45 -0.96337579 2.79578381
682 45 -1.18063385 3.25708516
684 45 -1.37348757 3.78624245
686 45 -1.60086450 4.22760368
688 45 -1.84222927 4.67104820
690 45 -2.04758277 5.11627841
692 45 -2.23299616 5.55138975
694 45 -2.42674272 5.93054970
696 45 -2.60203724 6.38560116
698 45 -2.82554518 6.80493897
