660 45 0.00000000 0.00000000
662 45 -0.00000000 0.31780497
664 45 0.01919416 0.73221007
666 45 0.08055255 1.18689144
668 45 0.12775131 1.65887902
670 45 0.15544124 2.12646138
672 45 0.18533379 2.58428934
674 45 0.20641590 3.08113493
676 45 0.17023019 3.51379022
678 45 0.17620870 3.98672177
680 45 0.13561777 4.43888588
682 45 0.12303143 4.94863246
684 45 0.16016112 5.51061234
686 45 0.13026857 6.00619931
688 45 0.08841901 6.50933807
690 45 0.08023789 6.99957584
692 45 0.08621640 7.47250739
694 45 0.06198770 7.89761087
696 45 0.08527242 8.38470206
698 45 0.05003068 8.85857759
624 11 -0.11138907 1.49211007
626 11 0.02422870 1.79953132
628 11 0.16960087 2.10915517
630 11 0.29861081 2.44583965
632 11 0.44492696 2.79668375
634 11 0.54467367 3.12676040
636 11 0.66613181 3.45148786
638 11 0.75077491 3.75765047
640 11 0.88198746 4.08458053
642 11 0.97418237 4.40270016
644 11 1.09029131 4.70571619
646 11 1.21835728 5.00118042
648 11 1.37253989 5.27178663
650 11 1.57864113 5.58487172
652 11 1.76649219 5.84257694
654 11 1.97825728 6.08517856
656 11 2.25389803 6.36270726
658 11 2.48517195 6.60971409
660 11 2.74256251 6.83186292
662 11 2.96974586 7.00618366
