222 78 0.00000000 0.00000000
224 78 0.00000000 0.31256999
226 78 0.02175513 0.48117223
228 78 0.05214832 0.63857697
230 78 0.05150846 0.78990308
232 78 0.08190166 0.94730783
234 78 0.05758710 1.38401002
236 78 0.07806252 1.54269448
238 78 0.10845571 1.70009922
240 78 0.10653614 1.84150755
242 78 0.08158173 2.11696585
244 78 0.07966216 2.25837418
246 78 0.07774259 2.39978251
248 78 0.08574080 2.53991112
250 78 0.04958889 2.80673136
252 78 0.10973542 2.96029697
254 78 0.11133506 3.36340668
256 78 0.16028410 3.50833422
258 78 0.20603385 3.78475231
260 78 0.26490067 3.92840014
216 70 0.68720608 -0.61298271
218 70 0.71887899 -0.44566018
220 70 0.71024092 -0.12189270
222 70 0.67920787 0.18459865
224 70 0.71024092 0.19067729
226 70 0.70032315 0.50452700
228 70 0.70032315 0.81709699
230 70 0.72079856 0.97578145
232 70 0.71823913 1.26851588
234 70 0.68592637 1.56508946
236 70 0.71503985 1.71257643
238 70 0.70320250 1.85526447
240 70 0.70064307 2.14799890
242 70 0.67568866 2.42345721
244 70 0.69488436 2.57222389
246 70 0.72271813 2.70979307
248 70 0.74191383 2.85855975
250 70 0.73999426 2.99996808
252 70 0.76782803 3.13753727
254 70 0.78574401 3.27638617
