22 73 0.00000000 0.00000000
24 73 0.00000000 0.21633308
26 73 -0.04992302 0.47149517
28 73 -0.07211103 0.75716577
30 73 -0.09152553 1.05670387
32 73 -0.12758105 1.30909246
34 73 -0.14422205 1.62249807
36 73 -0.19691857 1.89984817
38 73 -0.21910658 2.22157429
40 73 -0.23852108 2.55716790
42 73 -0.28289710 2.84006500
44 73 -0.31340561 3.19229963
46 73 -0.33559362 3.55008126
48 73 -0.41325165 3.81079035
50 73 -0.43266615 4.11032845
52 73 -0.46317466 4.42650757
54 73 -0.49368317 4.74268668
56 73 -0.53528569 5.07550680
58 73 -0.56302070 5.40555341
60 73 -0.58243521 5.74114703
16 65 -0.74607176 -0.91802882
18 65 -0.79322128 -0.79322128
20 65 -0.80708879 -0.53805919
22 65 -0.85423830 -0.26902960
24 65 -0.85146480 0.03328201
26 65 -0.87642631 0.30508511
28 65 -0.90693482 0.58520871
30 65 -0.96795184 0.89306732
32 65 -0.99568685 1.18705842
34 65 -1.02064836 1.49491703
36 65 -0.99291335 1.88598067
38 65 -1.04283637 2.21325378
40 65 -1.07889188 2.53775340
42 65 -1.11217389 2.87612052
44 65 -1.15654991 3.23112864
46 65 -1.20647293 3.59445727
48 65 -1.21756693 4.00770892
50 65 -1.27026345 4.32111453
52 65 -1.30077196 4.63729364
54 65 -1.33960097 4.87581472
42 81 -0.59630271 -0.99846035
44 81 -0.59352921 -0.76825977
46 81 -0.56302070 -0.43543965
48 81 -0.59352921 -0.11926054
50 81 -0.56579420 0.23574758
52 81 -0.61017022 0.51864468
54 81 -0.66286673 0.83205029
56 81 -0.69060174 1.12604140
58 81 -0.70446925 1.41725900
60 81 -0.64345223 1.79445513
62 81 -0.59075571 2.13004875
64 81 -0.47981567 2.50447139
66 81 -0.39106364 2.84006500
68 81 -0.30508511 3.12573561
70 81 -0.15531605 3.51402574
72 81 -0.03328201 3.79969634
74 81 0.08320503 4.09368745
76 81 0.19414507 4.39599906
78 81 0.40215764 4.82311821
80 81 0.52419169 5.14484432
