16 65 0.00000000 0.00000000
18 65 0.00000000 0.13341664
20 65 0.07720176 0.37701444
22 65 0.12816992 0.64534678
24 65 0.23760155 0.92717070
26 65 0.31030612 1.19025632
28 65 0.38076210 1.46308586
30 65 0.43247978 1.77264244
32 65 0.51043108 2.05746449
34 65 0.59587769 2.35427904
36 65 0.76002513 2.71030659
38 65 0.82898205 3.03410428
40 65 0.90993147 3.35040665
42 65 0.99837621 3.67870153
44 65 1.08232376 4.02648423
46 65 1.16402271 4.38401085
48 65 1.29968795 4.77451686
50 65 1.36114955 5.08632204
52 65 1.44434756 5.39288050
54 65 1.49231759 5.62973252
22 73 1.02236122 0.59512816
24 73 1.09881346 0.79750172
26 73 1.14228629 1.05384155
28 73 1.22248618 1.32891968
30 73 1.31018139 1.61599032
32 73 1.36564674 1.86483484
34 73 1.46083726 2.16389799
36 73 1.50955682 2.44197424
38 73 1.60249875 2.75078130
40 73 1.70293600 3.07158086
42 73 1.76139947 3.35190571
44 73 1.85733953 3.69219310
46 73 1.96302349 4.03472908
48 73 1.98251132 4.30605955
50 73 2.07020653 4.59313019
52 73 2.15340454 4.89968865
54 73 2.23660256 5.20624711
56 73 2.31530339 5.53229340
58 73 2.40599672 5.85084436
60 73 2.50643397 6.17164393
42 81 0.11168022 -0.12816992
44 81 0.19562777 0.08619614
46 81 0.34178645 0.38675835
48 81 0.42498447 0.69331681
50 81 0.57638987 1.01561544
52 81 0.63485334 1.29594029
54 81 0.69631494 1.60774547
56 81 0.77426623 1.89256751
58 81 0.86421004 2.16989424
60 81 1.05459109 2.50118725
62 81 1.22248618 2.79650273
64 81 1.45858867 3.10755838
66 81 1.66021269 3.39013183
68 81 1.84159936 3.62698384
70 81 2.11892608 3.93728996
72 81 2.33404168 4.16139994
74 81 2.54690868 4.39525382
76 81 2.75752708 4.63885162
78 81 3.10306119 4.96489791
80 81 3.33091883 5.22273681
