240 55 0.00000000 0.00000000
242 55 -0.00000000 0.33615473
244 55 0.01755144 0.73388824
246 55 0.04819209 1.12626707
248 55 0.03748274 1.43624338
250 55 0.04819209 1.79857653
252 55 -0.00029748 2.14692802
254 55 0.01576655 2.52235038
256 55 0.05473670 2.97244073
258 55 0.02855828 3.31930481
260 55 0.03064065 3.75392610
262 55 0.00981691 4.11387939
264 55 0.03807770 4.53779132
266 55 0.03183058 4.91470109
268 55 0.09549174 5.33177094
270 55 0.15855794 5.67268538
272 55 0.18176154 5.95350844
274 55 0.24096047 6.30364482
276 55 0.35846588 6.72160712
278 55 0.41706985 6.99558809
272 90 0.94093575 0.93677100
274 90 0.86121056 1.15274298
276 90 0.81212602 1.42493906
278 90 0.72853356 1.65013298
280 90 0.67171449 1.94077295
282 90 0.60121124 2.16061219
284 90 0.54439217 2.45125216
286 90 0.47388892 2.67109140
288 90 0.31354609 2.82072488
290 90 0.23917558 3.04978607
292 90 0.17402700 3.28271452
294 90 0.11274570 3.50642103
296 90 0.09519426 3.78099697
298 90 0.08151008 4.04635096
300 90 0.02558346 4.28314668
302 90 -0.00356978 4.58538845
304 90 -0.05562914 4.81296223
306 90 -0.08478239 5.11520400
308 90 -0.09162447 5.41595836
310 90 -0.16450758 5.66733070
