322 88 0.00000000 0.00000000
324 88 0.00000000 0.42201896
326 88 -0.09549334 0.68693597
328 88 -0.16373672 1.05113762
330 88 -0.20307145 1.38121757
332 88 -0.25449094 1.71864317
334 88 -0.28908654 2.02929273
336 88 -0.39666465 2.30155538
338 88 -0.42889069 2.60248973
340 88 -0.53409923 2.86503717
342 88 -0.52225142 3.23848011
344 88 -0.61063608 3.47425151
346 88 -0.66940121 3.79959235
348 88 -0.70897289 4.08844193
350 88 -0.76299890 4.39435236
352 88 -0.83384880 4.72703884
354 88 -0.91441390 5.05735575
356 88 -1.04379197 5.33459448
358 88 -1.08099409 5.61372886
360 88 -1.13265054 5.90992409
344 4 -0.39571682 0.35638210
346 4 -0.44216023 0.71560766
348 4 -0.63480561 0.95682906
350 4 -0.80328145 1.18335916
352 4 -0.92768345 1.48239786
354 4 -1.10824405 1.71627361
356 4 -1.28880466 1.95014936
358 4 -1.47173484 2.19374032
360 4 -1.65229544 2.42761607
362 4 -1.81840173 2.64443097
364 4 -2.03592750 2.77665252
366 4 -2.31435101 2.86314153
368 4 -2.52950722 2.98564787
370 4 -2.72049390 3.09346293
372 4 -2.96526964 3.12639984
374 4 -3.22449970 3.17639760
376 4 -3.54723402 3.14914763
378 4 -3.90859219 3.15364980
380 4 -4.25786560 3.15080633
382 4 -4.69244324 3.07569122
