62 74 0.00000000 0.00000000
64 74 0.00000000 0.31890437
66 74 -0.03292523 0.56913613
68 74 -0.06490974 0.83347869
70 74 -0.06302830 1.07430323
72 74 0.02069586 1.37345247
74 74 0.10630146 1.59452187
76 74 0.18438129 1.91530769
78 74 0.29632707 2.31887694
80 74 0.35559249 2.57004941
82 74 0.47036043 2.80334819
84 74 0.60582424 3.02818048
86 74 0.78267976 3.34238125
88 74 0.93319510 3.47408217
90 74 1.12510216 3.69515157
92 74 1.30289840 3.81086024
94 74 1.52302709 4.03004820
96 74 1.74315577 4.24923616
98 74 2.01220194 4.56437765
100 74 2.32263982 4.86258617
56 66 -0.69142984 -1.01691926
58 66 -0.75351742 -0.77891688
60 66 -0.82877509 -0.52586297
62 66 -0.87016680 -0.29632707
64 66 -0.85229311 0.07807983
66 66 -0.88804050 0.39228060
68 66 -0.89462555 0.71871074
70 66 -0.88804050 1.03008935
72 66 -0.84570806 1.34617156
74 66 -0.75539886 1.63779503
76 66 -0.61711289 2.01126122
78 66 -0.48353053 2.31417334
80 66 -0.34994816 2.61708546
82 66 -0.16744831 2.90964965
84 66 0.00846649 3.20973960
86 66 0.23988382 3.59825732
88 66 0.38381411 3.73748401
90 66 0.62275721 4.02628532
92 66 0.85605599 4.23042175
94 66 1.08371044 4.56249621
