1820 45 0.00000000 0.00000000
1830 45 0.00000000 0.01581139
1840 45 -0.00000000 0.03162278
1850 45 -0.00082219 0.04800337
1860 45 -0.00082219 0.06381476
1870 45 -0.00082219 0.07962615
1880 45 0.00031623 0.09708192
1890 45 0.01783525 0.13117128
1900 45 0.03453207 0.16582984
1910 45 0.05148188 0.19909700
1920 45 0.06900090 0.23318635
1930 45 0.08651992 0.26727571
1940 45 0.10403894 0.30136506
1950 45 0.12155795 0.33545441
1960 45 0.13907697 0.36954377
1970 45 0.34102002 0.57515506
1980 45 0.56326490 0.79955028
1990 45 0.88195924 0.97176792
2000 45 1.26604948 1.10844157
2010 45 1.64931754 1.24568442
1650 46 0.00746298 -1.17156063
1660 46 0.02434954 -0.99959597
1670 46 0.04180531 -0.82680912
1680 46 0.05451767 -0.67141479
1690 46 0.02637340 -0.66287664
1700 46 -0.00037947 -0.65408551
1710 46 -0.02713234 -0.64529438
1720 46 -0.05445442 -0.63732544
1730 46 -0.08202948 -0.62796510
1740 46 -0.10935156 -0.61999616
1750 46 -0.13610443 -0.61120503
1760 46 -0.16342651 -0.60323609
1770 46 -0.18423430 -0.58761443
1780 46 -0.20023542 -0.56680665
1790 46 -0.21541435 -0.54656807
1800 46 -0.23198469 -0.52658248
1810 46 -0.24716362 -0.50634390
1820 46 -0.26316475 -0.48553611
1830 46 -0.27973508 -0.46555052
1840 46 -0.29491401 -0.44531194
1760 43 -0.59684829 -0.31047242
1770 43 -0.60209767 -0.29345937
1780 43 -0.60791626 -0.27726851
1790 43 -0.61398783 -0.25968624
1800 43 -0.61923721 -0.24267319
1810 43 -0.62448659 -0.22566013
1820 43 -0.63055817 -0.20807787
1830 43 -0.63580755 -0.19106482
1840 43 -0.64162614 -0.17487395
1850 43 -0.64769771 -0.15729169
1860 43 -0.65294709 -0.14027864
1870 43 -0.65819647 -0.12326558
1880 43 -0.66426805 -0.10568332
1890 43 -0.66951743 -0.08867027
1900 43 -0.67476681 -0.07165721
1910 43 -0.68140759 -0.05489714
1920 43 -0.67286944 0.02068130
1930 43 -0.63169659 0.23299662
1940 43 -0.59109294 0.44448975
1950 43 -0.46567701 0.66780980
