1560 42 0.00000000 0.00000000
1570 42 -0.00000000 0.12961867
1580 42 -0.00130382 0.25868958
1590 42 -0.00168186 0.38738246
1600 42 0.00954338 0.52861983
1610 42 0.04843438 0.69528563
1620 42 0.08732538 0.86195144
1630 42 0.12714218 1.02823921
1640 42 0.16641121 1.19583080
1650 42 0.20530221 1.36249661
1660 42 0.21125043 1.46700315
1670 42 0.20854249 1.55560150
1680 42 0.20583454 1.64419985
1690 42 0.20443042 1.73334596
1700 42 0.19633745 1.82198288
1710 42 0.14571203 1.90962457
1720 42 0.09546464 1.99819206
1730 42 0.04483922 2.08583375
1740 42 -0.00540817 2.17440124
1750 42 -0.01880130 2.19715259
1620 44 0.86237576 1.78657131
1630 44 0.80915040 1.92604196
1640 44 0.75554701 2.06458681
1650 44 0.70232166 2.20405746
1660 44 0.64113448 2.29493171
1670 44 0.57856634 2.37448815
1680 44 0.53995307 2.42806068
1690 44 0.53653536 2.44349827
1700 44 0.53219185 2.45931390
1710 44 0.52877413 2.47475149
1720 44 0.52497838 2.48926328
1730 44 0.52101290 2.50600470
1740 44 0.51721715 2.52051650
1750 44 0.51379943 2.53595409
1760 44 0.50945592 2.55176971
1770 44 0.50603821 2.56720730
1780 44 0.50262049 2.58264489
1790 44 0.49827698 2.59846052
1800 44 0.49485926 2.61389811
1810 44 0.49144154 2.62933570
1650 46 0.74762377 1.50290076
1660 46 0.72694002 1.67445012
1670 46 0.70663431 1.84692527
1680 46 0.68545680 2.00139376
1690 46 0.65613232 2.00364652
1700 46 0.62811167 2.00644704
1710 46 0.60009101 2.00924756
1720 46 0.57169233 2.01112229
1730 46 0.54274588 2.01430085
1740 46 0.51434719 2.01617558
1750 46 0.48632654 2.01897610
1760 46 0.45792785 2.02085083
1770 46 0.43423528 2.03160545
1780 46 0.41411472 2.04846259
1790 46 0.39491996 2.06494170
1800 46 0.37442137 2.08087305
1810 46 0.35522660 2.09735216
1820 46 0.33510604 2.11420929
1830 46 0.31460745 2.13014064
1840 46 0.29541269 2.14661975
