9080 346 0.00000000 0.00000000
9090 346 0.00000000 0.29654679
9100 346 -0.00099816 0.59303289
9110 346 -0.02879141 0.86885445
9120 346 -0.06039519 1.14143875
9130 346 -0.09100082 1.41408375
9140 346 -0.12298228 1.61050469
9150 346 -0.15592143 1.75677503
9160 346 -0.18879988 1.90204721
9170 346 -0.21347053 1.99472062
9180 346 -0.23196339 2.05170319
9190 346 -0.25045626 2.10868577
9200 346 -0.26900982 2.16666650
9210 346 -0.28850084 2.22358838
9220 346 -0.28850759 2.25664893
9230 346 -0.28639662 2.28783456
9240 346 -0.28528381 2.31895950
9250 346 -0.28317285 2.35014513
9260 346 -0.28206004 2.38127007
9270 346 -0.27994907 2.41245570
8910 121 -0.71265650 0.41751252
8920 121 -0.71265650 0.41751252
8930 121 -0.71271720 0.41851068
8940 121 -0.71271720 0.41851068
8950 121 -0.71277790 0.41950884
8960 121 -0.71277790 0.41950884
8970 121 -0.71184044 0.42056769
8980 121 -0.71184044 0.42056769
8990 121 -0.71190114 0.42156585
9000 121 -0.71190114 0.42156585
9010 121 -0.71196184 0.42256400
9020 121 -0.71196184 0.42256400
9030 121 -0.71202254 0.42356216
9040 121 -0.71208324 0.42456032
9050 121 -0.71208324 0.42456032
9060 121 -0.71114578 0.42561917
9070 121 -0.71114578 0.42561917
9080 121 -0.71120648 0.42661733
9090 121 -0.71120648 0.42661733
9100 121 -0.71126718 0.42761548
8920 150 -0.84674664 -0.01342115
8930 150 -0.84674664 -0.01342115
8940 150 -0.84680734 -0.01242300
8950 150 -0.84680734 -0.01242300
8960 150 -0.84686804 -0.01142484
8970 150 -0.84692874 -0.01042669
8980 150 -0.84692874 -0.01042669
8990 150 -0.84698943 -0.00942853
9000 150 -0.84698943 -0.00942853
9010 150 -0.84705013 -0.00843037
9020 150 -0.84705013 -0.00843037
9030 150 -0.84711083 -0.00743222
9040 150 -0.84717153 -0.00643406
9050 150 -0.84717153 -0.00643406
9060 150 -0.84723223 -0.00543590
9070 150 -0.84723223 -0.00543590
9080 150 -0.84729293 -0.00443775
9090 150 -0.84729293 -0.00443775
9100 150 -0.84735363 -0.00343959
9110 150 -0.84741433 -0.00244144
9100 350 0.64622517 0.51016569
9110 350 0.55550087 0.86531369
9120 350 0.49764153 1.14131061
9130 350 0.45388453 1.38310044
9140 350 0.40692398 1.61167145
9150 350 0.34215848 1.78706367
9160 350 0.27932860 1.96357545
9170 350 0.24404243 2.04959223
9180 350 0.23917305 2.04729242
9190 350 0.23430366 2.04499261
9200 350 0.22949498 2.04169465
9210 350 0.22362744 2.03933415
9220 350 0.21875806 2.03703434
9230 350 0.21394937 2.03373638
9240 350 0.20907999 2.03143658
9250 350 0.20421061 2.02913677
9260 350 0.19840376 2.02577811
9270 350 0.19353438 2.02347830
9280 350 0.18866500 2.02117850
9290 350 0.18385631 2.01788054
9110 122 -0.71126718 0.42761548
9120 122 -0.71132788 0.42861364
9130 122 -0.71132788 0.42861364
9140 122 -0.71138858 0.42961180
9150 122 -0.71039042 0.42967249
9160 122 -0.71045112 0.43067065
9170 122 -0.71045112 0.43067065
9180 122 -0.71051182 0.43166881
9190 122 -0.71057252 0.43266696
9200 122 -0.71057252 0.43266696
9210 122 -0.71063321 0.43366512
9220 122 -0.71063321 0.43366512
9230 122 -0.71069391 0.43466328
9240 122 -0.71069391 0.43466328
9250 122 -0.70975645 0.43572213
9260 122 -0.70975645 0.43572213
9270 122 -0.70981715 0.43672029
9280 122 -0.70981715 0.43672029
9290 122 -0.70987785 0.43771844
9300 122 -0.70993855 0.43871660
9120 151 -0.84741433 -0.00244144
9130 151 -0.84747502 -0.00144328
9140 151 -0.84747502 -0.00144328
9150 151 -0.84753572 -0.00044512
9160 151 -0.84753572 -0.00044512
9170 151 -0.84759642 0.00055303
9180 151 -0.84765712 0.00155119
9190 151 -0.84765712 0.00155119
9200 151 -0.84771782 0.00254934
9210 151 -0.84771782 0.00254934
9220 151 -0.84777852 0.00354750
9230 151 -0.84777852 0.00354750
9240 151 -0.84783922 0.00454566
9250 151 -0.84789992 0.00554381
9260 151 -0.84789992 0.00554381
9270 151 -0.84796061 0.00654197
9280 151 -0.84796061 0.00654197
9290 151 -0.84802131 0.00754013
9300 151 -0.84802131 0.00754013
9310 151 -0.84808201 0.00853828
