2460 872 0.00000000 0.00000000
2470 872 -0.00000000 0.11798729
2480 872 -0.00000000 0.23597457
2490 872 -0.00127980 0.35336010
2500 872 -0.00127980 0.47134739
2510 872 -0.00127980 0.58933468
2520 872 -0.00161882 0.70638119
2530 872 -0.00161882 0.82436847
2540 872 -0.00161882 0.94235576
2550 872 -0.00289862 1.05974129
2560 872 -0.00289862 1.17772858
2570 872 -0.00289862 1.29571586
2580 872 0.01088253 1.43424774
2590 872 0.02466367 1.57277961
2600 872 0.03878384 1.71225226
2610 872 0.07164331 1.84178317
2620 872 0.15071115 1.94615882
2630 872 0.23011801 2.05147525
2640 872 0.30918585 2.15585090
2650 872 0.38776211 2.25296306
2430 237 0.47522916 1.31581125
2440 237 0.70880518 1.22951382
2450 237 0.84984579 1.05751223
2460 237 0.99028465 0.88679045
2470 237 0.99453935 0.89269787
2480 237 0.99845502 0.89766451
2490 237 1.00270972 0.90357192
2500 237 1.00662540 0.90853856
2510 237 1.01088009 0.91444597
2520 237 1.01513479 0.92035339
2530 237 1.01905046 0.92532003
2540 237 1.02330516 0.93122744
2550 237 1.02755986 0.93713486
2560 237 1.03147553 0.94210150
2570 237 1.02956007 0.95448419
2580 237 1.00262497 0.99182719
2590 237 0.97474908 1.02950922
2600 237 0.94781398 1.06685222
2610 237 0.92087887 1.10419523
2620 237 0.89394377 1.14153824
2520 877 -0.54419422 0.40125509
2530 877 -0.49353622 0.40319598
2540 877 -0.44193744 0.40479785
2550 877 -0.39222022 0.40707775
2560 877 -0.34062144 0.40867962
2570 877 -0.28996344 0.41062051
2580 877 -0.23964446 0.41162062
2590 877 -0.18898646 0.41356150
2600 877 -0.16252598 0.42209632
2610 877 -0.15932225 0.43688605
2620 877 -0.15672027 0.45295558
2630 877 -0.15351654 0.46774531
2640 877 -0.15031280 0.48253504
2650 877 -0.14710907 0.49732476
2660 877 -0.14450709 0.51339429
2670 877 -0.14130336 0.52818402
2680 877 -0.13809962 0.54297375
2690 877 -0.13583667 0.55810250
2700 877 -0.13229391 0.57383301
2710 877 -0.13003096 0.58896176
2540 249 0.77304091 2.50210007
2550 249 0.78900026 2.39005410
2560 249 0.80435784 2.27928793
2570 249 0.80122191 2.24108890
2580 249 0.78936470 2.23473228
2590 249 0.77750749 2.22837566
2600 249 0.76693008 2.22262081
2610 249 0.75507287 2.21626419
2620 249 0.74321566 2.20990757
2630 249 0.73229923 2.20321194
2640 249 0.72044202 2.19685532
2650 249 0.70858481 2.19049870
2660 249 0.69672760 2.18414208
2670 249 0.68581117 2.17744645
2680 249 0.67395396 2.17108983
2690 249 0.66243577 2.16567399
2700 249 0.65023954 2.15837660
2710 249 0.63966213 2.15262174
2720 249 0.62780492 2.14626512
2730 249 0.61594771 2.13990851
