1440 538 0.00000000 0.00000000
1450 538 -0.00000000 0.29178074
1460 538 -0.02038517 0.54163959
1470 538 -0.04419757 0.78734464
1480 538 -0.06753016 1.03217231
1490 538 -0.09134256 1.27787736
1500 538 -0.10963027 1.36133729
1510 538 -0.12743816 1.44391984
1520 538 -0.14572586 1.52737977
1530 538 -0.13333300 1.57974786
1540 538 -0.09065711 1.59966693
1550 538 -0.04710386 1.62006581
1560 538 -0.00442798 1.63998488
1570 538 0.03824790 1.65990394
1580 538 0.08180115 1.68030282
1590 538 0.12447703 1.70022189
1600 538 0.16803028 1.72062077
1610 538 0.23148889 1.78381891
1620 538 0.31485286 1.88981631
1630 538 0.39909420 1.99629352
1310 521 -0.08143101 2.21220907
1320 521 0.05724847 2.09200923
1330 521 0.19287085 1.99407268
1340 521 0.32849324 1.89613612
1350 521 0.46363581 1.79907694
1360 521 0.57761181 1.71779673
1370 521 0.69158780 1.63651652
1380 521 0.80508398 1.55611368
1390 521 0.91953979 1.47395610
1400 521 1.04038396 1.38845354
1410 521 1.15987094 1.30334854
1420 521 1.27983773 1.21736617
1430 521 1.35130235 1.18464296
1440 521 1.38968734 1.18739846
1450 521 1.42719496 1.18967414
1460 521 1.46605976 1.19155226
1470 521 1.50444474 1.19430775
1480 521 1.54195236 1.19658344
1490 521 1.58033735 1.19933893
1500 521 1.61872233 1.20209442
