1000 530 0.00000000 0.00000000
1010 530 0.00000000 0.28994655
1020 530 -0.00000000 0.57989309
1030 530 -0.00000000 0.86983964
1040 530 0.02603238 1.10703853
1050 530 0.05833489 1.33061078
1060 530 0.08620899 1.54179798
1070 530 0.07517937 1.64327875
1080 530 0.06455328 1.74340411
1090 530 0.05352366 1.84488488
1100 530 0.04308380 1.93695012
1110 530 0.04242161 1.94413076
1120 530 0.04311484 1.95171492
1130 530 0.04333212 1.95841960
1140 530 0.04314588 1.96647971
1150 530 0.04295964 1.97453981
1160 530 0.04317692 1.98124450
1170 530 0.04299068 1.98930460
1180 530 0.04320796 1.99600929
1190 530 0.04302172 2.00406939
1060 533 0.42658553 0.91642064
1070 533 0.44524069 1.09166329
1080 533 0.46525127 1.26730945
1090 533 0.48526186 1.44295562
1100 533 0.48656555 1.48318373
1110 533 0.48407198 1.48908137
1120 533 0.48069895 1.49545495
1130 533 0.47732591 1.50182854
1140 533 0.47483235 1.50772618
1150 533 0.47145931 1.51409977
1160 533 0.46808628 1.52047336
1170 533 0.46559272 1.52637100
1180 533 0.46221968 1.53274459
1190 533 0.45884664 1.53911818
1200 533 0.45635308 1.54501581
1210 533 0.45298005 1.55138940
1220 533 0.45008296 1.55864246
1230 533 0.44758940 1.56454010
1240 533 0.44421636 1.57091369
1250 533 0.44084333 1.57728728
