1490 868 0.00000000 0.00000000
1500 868 0.00000000 0.18912959
1510 868 -0.11351476 0.31981776
1520 868 -0.27592193 0.42507892
1530 868 -0.43818105 0.53174653
1540 868 -0.62053750 0.60284593
1550 868 -0.82362048 0.63915437
1560 868 -1.02733266 0.67624005
1570 868 -1.23026760 0.71395493
1580 868 -1.44319568 0.72428118
1590 868 -1.66289690 0.71754506
1600 868 -1.88322731 0.71158618
1610 868 -2.05059404 0.64814820
1620 868 -2.18353992 0.54695832
1630 868 -2.31570856 0.44639764
1640 868 -2.44865445 0.34520776
1650 868 -2.58437621 0.26492947
1660 868 -2.72709317 0.23302541
1670 868 -2.87058738 0.20049216
1680 868 -3.01408159 0.16795892
1470 864 0.37722284 1.07089539
1480 864 0.36793292 1.08396050
1490 864 0.35942024 1.09765482
1500 864 0.35090755 1.11134913
1510 864 0.34176567 1.12582069
1520 864 0.33325299 1.13951500
1530 864 0.32411111 1.15398656
1540 864 0.31559843 1.16768088
1550 864 0.30708575 1.18137519
1560 864 0.29779582 1.19444031
1570 864 0.28865394 1.20891187
1580 864 0.28014126 1.22260618
1590 864 0.27162858 1.23630050
1600 864 0.26248670 1.25077206
1610 864 0.25319677 1.26383717
1620 864 0.24468409 1.27753149
1630 864 0.23554221 1.29200305
1640 864 0.22702953 1.30569736
1650 864 0.21851684 1.31939167
1660 864 0.21000416 1.33308599
1610 342 0.51394392 0.84319965
1620 342 0.37007959 0.76662252
1630 342 0.21052232 0.70307350
1640 342 0.05018781 0.63889528
1650 342 -0.00462646 0.66528460
1660 342 -0.05958877 0.69026747
1670 342 -0.11440304 0.71665678
1680 342 -0.16936536 0.74163965
1690 342 -0.22495687 0.76739977
1700 342 -0.25686092 0.77502417
1710 342 -0.27292398 0.77102691
1720 342 -0.28976429 0.76640045
1730 342 -0.30660460 0.76177400
1740 342 -0.32344490 0.75714754
1750 342 -0.34028521 0.75252108
1760 342 -0.35712551 0.74789462
1770 342 -0.37396582 0.74326817
1780 342 -0.39002888 0.73927091
1790 342 -0.40686918 0.73464445
1800 342 -0.42370949 0.73001799
