1760 184 0.00000000 0.00000000
1770 184 -0.00000000 0.35456452
1780 184 0.03910149 0.71952489
1790 184 0.07844552 1.08309201
1800 184 0.11754701 1.44805238
1810 184 0.15052831 1.82343117
1820 184 0.18269171 2.19938531
1830 184 0.21567302 2.57476410
1840 184 0.25895428 2.76316986
1850 184 0.30305345 2.95100027
1860 184 0.34715261 3.13883068
1870 184 0.35059909 3.17675326
1880 184 0.34420816 3.17635841
1890 184 0.33781722 3.17596356
1900 184 0.33200163 3.17638661
1910 184 0.32561069 3.17599176
1920 184 0.31921976 3.17559691
1930 184 0.31282882 3.17520206
1940 184 0.30643788 3.17480721
1950 184 0.30004694 3.17441236
1860 126 -0.46776818 3.26826834
1870 126 -0.42936614 3.47233275
1880 126 -0.42449256 3.48968925
1890 126 -0.42318955 3.48632738
1900 126 -0.42246190 3.48214761
1910 126 -0.42115889 3.47878574
1920 126 -0.41985588 3.47542386
1930 126 -0.41855288 3.47206199
1940 126 -0.41782522 3.46788222
1950 126 -0.41652222 3.46452035
1960 126 -0.41521921 3.46115848
1970 126 -0.41449156 3.45697870
1980 126 -0.41318855 3.45361683
1990 126 -0.41188554 3.45025496
2000 126 -0.41058253 3.44689309
2010 126 -0.40903698 3.44213796
2020 126 -0.40855187 3.43935145
2030 126 -0.40724887 3.43598958
2040 126 -0.40570331 3.43123445
2050 126 -0.40440030 3.42787258
